10.012981 	-2.251228 	-3.753794 	-16.182098 	-19.735219 	-28.423960 	-31.805816 	-48.275888 	-52.801929 	-56.385488 	-55.709268 	-56.758731 	-56.106521 	-56.895352 	-58.460757 	-57.992116 	
10.170860 	-4.640611 	-4.906064 	-11.501223 	-25.005838 	-40.696231 	-54.213712 	-57.888034 	-59.155663 	-58.395430 	-58.627191 	-57.861050 	-60.167812 	-58.613478 	-57.139959 	
10.444400 	1.296135 	-39.954317 	-51.897840 	-58.822588 	-61.277286 	-59.245203 	-58.039509 	-57.379399 	-59.037956 	-56.834811 	-59.520695 	-61.765800 	
9.592717 	8.438631 	-23.335939 	-44.886542 	-48.402674 	-50.569379 	-57.098683 	-59.936066 	-62.692635 	-58.821081 	-58.419480 	-60.222190 	-61.127924 	-58.186604 	-59.692360 	-59.065924 	-61.472026 	-58.777148 	
10.310777 	-11.984437 	-23.152710 	-40.313432 	-57.793803 	-59.151356 	-58.819816 	-59.986093 	-58.931045 	-58.880204 	-59.694945 	-57.927446 	-59.386747 	-59.037639 	-58.950273 	-61.203885 	-57.952290 	-59.074867 	-58.058300 	-58.765317 	-60.148868 	-60.022189 	
10.072046 	-4.210966 	-15.480796 	-30.281313 	-28.483075 	-33.459569 	-34.460414 	-46.573669 	-46.270755 	-58.641077 	-57.020169 	-58.183792 	-59.295994 	-60.578690 	-57.167803 	-59.308447 	
10.376434 	-11.758970 	-20.493014 	-37.650487 	-59.294168 	-63.956364 	-58.309733 	-61.624997 	-58.646884 	-59.907466 	-57.773552 	-58.786123 	-58.148726 	-58.827969 	-59.650779 	-60.386302 	-58.053089 	-57.849959 	-60.431835 	-59.465728 	
9.844759 	-19.255363 	-39.280770 	-57.755118 	-57.756448 	-60.010599 	-57.486828 	-58.102257 	-59.356799 	-58.464170 	-57.941724 	-59.323444 	
9.779557 	3.826469 	-7.327771 	-9.208812 	-16.948819 	-23.723842 	-27.235157 	-28.901089 	-46.297000 	-58.673232 	-58.985487 	-58.768229 	-59.190255 	-63.251942 	-60.847184 	-59.150396 	-60.419511 	-58.092942 	-59.791667 	-59.076589 	-58.102735 	
10.213382 	-9.570610 	-15.788651 	-17.465088 	-22.834337 	-22.935801 	-57.002789 	-59.464908 	-57.321849 	-60.823048 	-57.187170 	-58.223366 	-58.112124 	-61.440246 	-58.587293 	-57.995317 	-58.617320 	
9.190204 	9.370859 	-1.524172 	-13.863342 	-14.042904 	-16.246678 	-19.221682 	-26.583356 	-39.379510 	-60.116863 	-61.510237 	-60.920293 	-58.704983 	-56.846531 	-59.307563 	-59.230280 	-59.732418 	-56.734553 	-60.004427 	-58.293689 	
9.756959 	6.954852 	-5.478974 	-16.722300 	-17.865127 	-20.222075 	-24.863324 	-29.900847 	-33.717432 	-53.290058 	-57.440105 	-59.466020 	-59.151247 	-57.784291 	-58.441455 	-58.870350 	-59.230501 	-58.048303 	-58.437519 	-60.274196 	-57.603524 	-59.158492 	
9.849976 	3.803164 	-10.489401 	-10.956694 	-17.776993 	-22.216216 	-28.897428 	-35.004177 	-56.771301 	-58.221357 	-60.143855 	-58.679228 	-58.138868 	-58.436182 	-58.234897 	-59.032410 	-60.725824 	-60.594821 	-61.799584 	
9.775279 	5.335930 	-0.212974 	-16.339935 	-16.427585 	-20.623688 	-24.636590 	-40.983320 	-45.076188 	-48.903115 	-49.231826 	-48.658969 	-49.020816 	-51.567061 	-55.889975 	-55.769350 	-56.556766 	
10.127758 	-57.162571 	-61.375855 	-58.283338 	-59.042629 	-61.198398 	-57.017951 	-59.414441 	-58.378419 	-60.228169 	-58.675950 	-59.230394 	-59.507849 	-60.121307 	
10.224891 	-29.079517 	-33.557954 	-57.897534 	-58.229448 	-57.924893 	-59.683461 	-59.830627 	-57.924617 	-57.894338 	-58.958494 	-58.238192 	
10.365676 	4.621766 	-16.145160 	-27.125762 	-30.740520 	-31.625430 	-40.079485 	-55.837666 	-58.283005 	-57.333107 	-59.874761 	-58.901003 	-58.277549 	-60.266767 	-59.743696 	-58.081674 	-60.838011 	-58.764379 	-57.521209 	-59.502946 	-61.176980 	-61.189353 	-58.819805 	-60.504335 	-60.188713 	-60.632275 	
9.937415 	2.695682 	-9.000731 	-16.244081 	-16.208814 	-20.488126 	-23.652266 	-29.357903 	-28.943542 	-33.592939 	-34.057632 	-39.035849 	-44.041187 	-51.547103 	-54.415712 	-53.451909 	-61.784842 	-55.790157 	-57.132803 	-57.034452 	-59.636130 	-58.868538 	-57.566684 	-56.669657 	-58.230280 	-57.107389 	-57.365967 	-60.470539 	
10.020849 	0.756237 	-1.820883 	-18.285048 	-16.038061 	-19.886346 	-24.278306 	-22.794211 	-36.807128 	-44.701441 	-45.614502 	-55.917534 	-60.338936 	-57.393038 	-58.823526 	-60.138843 	-59.170506 	-58.494926 	-59.316925 	-59.892429 	-60.402043 	-58.103934 	-61.575236 	-59.421364 	-57.669837 	-58.248707 	-58.063443 	
10.059730 	-9.319855 	-24.739025 	-28.853393 	-31.236536 	-35.760334 	-34.673560 	-43.504144 	-48.989837 	-53.652636 	-59.143572 	-59.302382 	-58.066898 	-58.517571 	-57.920028 	-59.063640 	-58.352362 	
