9.983242 	-30.773296 	-31.570456 	-57.291300 	-57.429095 	-58.796553 	-59.732027 	-59.056544 	-58.064454 	-58.698016 	-60.326732 	-57.335004 	-57.492301 	-57.880568 	
10.108361 	-14.075515 	-25.734106 	-48.523290 	-57.606709 	-58.222114 	-58.673071 	-60.774646 	-58.379800 	-58.389156 	-63.495331 	-60.406577 	-59.604863 	-57.695661 	-57.712143 	-60.563995 	-59.902669 	-60.997155 	
10.292921 	-32.234204 	-41.019353 	-60.207652 	-60.555355 	-61.431283 	-57.758359 	-60.954617 	-58.975637 	-58.813850 	-58.009746 	-57.435384 	-58.461903 	-57.411313 	-60.560460 	-59.312207 	-60.447878 	
10.660203 	-26.843166 	-33.683915 	-39.540200 	-48.402120 	-58.171447 	-58.548525 	-57.718049 	-58.486116 	
10.398128 	-35.141837 	-55.716717 	-55.855006 	-59.127595 	-58.772724 	-57.707476 	-57.884117 	-60.374336 	-59.215904 	-60.162161 	-57.921380 	-56.961591 	-57.667630 	-59.766117 	-59.095146 	
10.562661 	3.873008 	1.180506 	-7.796191 	-14.597949 	-20.883164 	-49.170454 	-52.691002 	-51.330728 	-52.641223 	-60.955366 	-57.474848 	-58.248971 	-59.053075 	-58.740363 	-58.383968 	-60.664738 	-58.374707 	-57.572817 	-59.134942 	-59.588648 	-58.107916 	-60.203925 	-58.333301 	-59.319269 	
10.157025 	-0.615238 	-30.436639 	-43.471656 	-50.452783 	-57.569030 	-58.291553 	-57.933885 	-59.404564 	-59.753111 	-58.739363 	-57.480061 	-58.528581 	-59.804659 	-58.056600 	
10.307439 	-21.889071 	-34.783822 	-61.564534 	-59.046617 	-58.400450 	-60.354154 	-59.667505 	-57.832952 	-60.549625 	-58.335364 	-59.607128 	-57.894556 	-60.332121 	-58.806680 	-59.469275 	-57.845894 	-58.634810 	-58.313843 	
9.939702 	0.594872 	-7.905608 	-32.758607 	-30.169573 	-38.161487 	-37.916057 	-58.311048 	-58.424473 	-59.194058 	-58.660754 	-58.590850 	-59.217410 	-57.765107 	-59.362374 	-60.171708 	-59.904826 	-60.299180 	-57.798622 	-59.360619 	
10.496505 	-0.776102 	-17.906431 	-27.749498 	-46.382122 	-57.111246 	-57.746189 	-60.263370 	-57.745471 	-58.230529 	-59.934201 	-60.412798 	-58.333091 	-60.106671 	-58.240747 	-59.232288 	-58.723953 	-60.669327 	-58.302326 	-56.790986 	
10.340369 	2.228069 	-3.039467 	-10.221443 	-59.295725 	-58.379159 	-59.289032 	-58.860881 	-57.942542 	-61.708750 	-58.247080 	-61.772430 	-59.167158 	-58.752219 	-59.626728 	-58.759623 	-58.452417 	-58.221130 	-61.250745 	-60.982180 	-61.693351 	-58.369438 	-60.546642 	-59.893487 	-59.334289 	-59.809668 	-58.441219 	
9.158923 	9.403994 	-15.328714 	-16.042261 	-27.506782 	-33.786032 	-56.087562 	-58.620855 	-58.868152 	-60.439209 	-64.958009 	-59.154299 	-58.001301 	-60.072716 	-60.004386 	-60.483306 	-58.408943 	-57.996749 	-61.483243 	-58.938747 	-58.293600 	
10.163030 	-4.359469 	-8.689170 	-22.408845 	-27.106520 	-28.188151 	-37.255017 	-40.234949 	-53.494284 	-55.146640 	-58.353979 	-57.761903 	-58.987890 	-58.342831 	-58.407030 	-58.550433 	-58.322453 	-57.863229 	-59.139661 	-59.472862 	-57.269912 	
10.567809 	-2.534816 	-17.920999 	-27.907845 	-39.339971 	-48.151280 	-58.095763 	-57.195095 	-58.676426 	-58.571399 	-59.155866 	-60.230958 	-56.876494 	-60.684684 	-59.552557 	-60.799244 	-61.055005 	-60.066916 	-61.803864 	-58.578973 	-57.677896 	-60.152557 	-58.444608 	
10.269291 	-7.171153 	-24.112071 	-33.959624 	-41.690751 	-46.851854 	-54.115304 	-59.497059 	-60.387553 	-59.674418 	-58.833891 	-57.699337 	-58.554902 	-57.616028 	-57.945912 	-61.343109 	-60.493325 	-62.162278 	-59.542482 	-58.751184 	-58.980303 	-59.585407 	-59.025528 	-58.477497 	-59.229180 	-60.454217 	-61.738012 	-57.916085 	
10.092533 	-1.890053 	-27.769791 	-36.474050 	-61.208678 	-58.277599 	-59.162523 	-60.591236 	-62.270079 	-59.884757 	-58.760316 	-58.160517 	-58.203902 	-59.099125 	-60.023340 	-59.913426 	-58.883121 	-60.465617 	-58.640318 	-60.191744 	-59.461338 	-58.884934 	
10.287072 	-3.400662 	-4.953288 	-19.970316 	-21.059797 	-28.451451 	-28.663425 	-33.003794 	-37.450869 	-57.606266 	-57.671484 	-60.416757 	-61.109030 	-60.125513 	-57.492750 	-59.984019 	-58.013926 	-59.316994 	-57.787208 	-58.562773 	-58.639508 	
10.387267 	2.086981 	-7.013748 	-13.991276 	-14.022509 	-29.874885 	-44.638704 	-52.385884 	-58.273007 	-59.452257 	-59.912147 	-58.904694 	-58.130339 	-57.110406 	-57.817239 	-56.988218 	
10.393944 	-28.737768 	-32.978187 	-45.568312 	-45.712956 	-57.561603 	-58.061935 	-58.217154 	-57.860149 	-57.689678 	-58.437689 	-58.803513 	-57.338289 	-59.970317 	-58.398543 	-58.547031 	-58.736784 	-59.948454 	-58.582036 	-60.364362 	-58.566799 	-63.218893 	-57.462404 	
10.296411 	-10.653172 	-33.647986 	-35.272641 	-43.355441 	-55.823047 	-56.563023 	-59.048955 	-58.996469 	-57.157199 	-58.938021 	-59.825208 	-58.861965 	-57.365616 	
