9.934193 	4.322464 	5.145263 	-8.607295 	-12.007092 	-15.386583 	-19.399448 	-22.425520 	-26.032028 	-32.962345 	-43.233253 	-40.288043 	-45.064556 	-59.487206 	-61.009832 	-58.154013 	-58.099110 	-59.416908 	-60.878751 	-58.873865 	-60.808087 	-58.372979 	-60.631396 	-58.941388 	-58.475003 	-59.467565 	
9.639279 	-2.582561 	-10.160219 	-18.874370 	-28.434904 	-31.214891 	-47.764218 	-53.199522 	-58.745620 	-58.513478 	-59.184243 	-58.601311 	-59.574259 	-58.259934 	-58.094270 	-58.023608 	-58.257912 	-60.663461 	-58.572137 	
10.535790 	-31.395659 	-36.051156 	-39.160404 	-48.531323 	-52.480051 	-53.891508 	-55.667032 	-58.421918 	-56.601888 	-61.825027 	-57.412133 	-56.658690 	-58.005265 	-59.040944 	-57.760236 	-57.661697 	-58.066319 	
9.845257 	8.420425 	0.723255 	-27.586221 	-52.226686 	-57.655355 	-57.948298 	-57.652441 	-58.539119 	-59.684888 	-58.715180 	-57.839818 	-59.801559 	-59.160008 	-61.074036 	-58.275058 	-62.537641 	-58.660741 	-57.650981 	-58.324860 	-64.793439 	
10.191651 	-21.427844 	-28.391987 	-35.763996 	-48.502926 	-59.989227 	-57.957284 	-61.035413 	-61.662788 	-58.822292 	-59.912775 	-57.196493 	-56.932379 	-60.349340 	
9.905639 	-13.105344 	-15.798483 	-31.278212 	-59.488126 	-59.410980 	-60.884103 	-57.597764 	-60.106392 	-59.190574 	-60.269134 	-59.849092 	-59.340479 	-60.039145 	-61.025298 	-57.747715 	-58.049365 	-58.306059 	-58.823735 	-58.292324 	-60.214580 	
9.933108 	-9.280228 	-10.370276 	-22.747045 	-47.222222 	-50.981715 	-56.731685 	-58.438202 	-60.516443 	-59.263080 	-57.924577 	-62.951879 	-57.886694 	-59.389116 	-60.273255 	-60.413594 	-59.239423 	-59.384323 	-57.811505 	-58.455948 	-58.329517 	-58.323757 	
10.646392 	-0.529950 	-45.148592 	-50.389268 	-55.861711 	-60.316997 	-57.999673 	-58.937578 	-59.359297 	-57.328490 	-58.759876 	-57.821088 	-58.978149 	-58.595440 	-58.034963 	-57.479171 	-58.250390 	-58.744169 	-61.449032 	-57.876544 	
10.239333 	2.219127 	-23.403722 	-32.401581 	-56.036545 	-57.260171 	-57.738057 	-59.143773 	-59.111109 	-60.767767 	-59.385284 	-58.383935 	-61.168226 	-60.526341 	-57.241739 	
10.281691 	7.083430 	-1.060992 	-4.902177 	-10.242813 	-13.836510 	-20.386158 	-17.175983 	-19.933667 	-47.818221 	-58.905344 	-58.164450 	-59.503828 	-58.775099 	-60.651645 	-60.974057 	-58.237058 	-59.203424 	-58.440399 	-59.405587 	-57.664460 	-57.152223 	-59.948568 	-61.233770 	-58.521808 	
9.597669 	-32.540372 	-46.624044 	-60.638401 	-58.790808 	-58.053554 	-57.860937 	-59.253623 	-59.825898 	
10.129014 	-3.455579 	-5.923126 	-15.877637 	-23.323718 	-29.993931 	-29.658976 	-47.349990 	-49.293377 	-53.660592 	-57.201240 	-60.132464 	-58.841719 	-57.259650 	-58.132292 	-58.646163 	-59.472259 	-59.369117 	-57.127409 	-57.842326 	-58.192361 	-59.282383 	-58.640636 	
10.203750 	-3.577093 	-6.924588 	-56.802158 	-56.852082 	-58.051309 	-59.261841 	-58.631298 	-60.262672 	-58.281401 	-57.839751 	-59.233903 	-57.281073 	-57.442128 	
9.964153 	2.811147 	-5.378952 	-11.941120 	-10.017863 	-14.997094 	-21.504373 	-34.183989 	-31.357552 	-35.408791 	-34.344354 	-36.242892 	-37.026144 	-40.461175 	-43.918688 	-44.486990 	
10.243218 	5.103932 	2.589161 	0.196718 	-20.492956 	-49.551736 	-54.047417 	-57.810611 	-59.194385 	-57.977031 	-57.641472 	-58.333139 	-59.442127 	-58.610784 	-58.322430 	-59.036996 	-57.547710 	-60.170382 	
10.211527 	-10.189348 	-14.305158 	-16.345691 	-31.674841 	-35.665381 	-51.977693 	-57.978869 	-60.247281 	-60.328129 	-57.942538 	-58.308138 	-59.496642 	-57.944360 	-61.169135 	-59.422464 	-58.029700 	-58.745449 	-58.143682 	-58.599540 	-62.406104 	
9.918958 	3.002781 	-10.389691 	-21.775877 	-33.064523 	-37.254054 	-35.663454 	-37.430381 	-56.853905 	-58.813508 	-58.514963 	-61.040266 	-58.893457 	-58.659673 	-57.842952 	-58.907118 	-57.833883 	-58.541868 	-58.999355 	
10.235242 	-0.100073 	-12.616264 	-18.038327 	-36.528205 	-37.474410 	-55.996198 	-58.435529 	-57.173776 	-57.978290 	-60.505394 	-58.637064 	-58.011388 	-58.803277 	-57.723824 	-59.091600 	-58.785219 	-57.769816 	-58.566576 	
10.216496 	-6.503475 	-36.637363 	-33.237150 	-44.793465 	-59.152389 	-57.359546 	-57.692328 	-58.513586 	-58.790008 	-57.884434 	-58.647769 	-60.975574 	
10.378037 	7.127561 	-4.102834 	-12.373354 	-15.462962 	-19.795517 	-19.777577 	-23.192720 	-42.483202 	-46.214756 	-44.605538 	-49.426443 	-50.754915 	-55.970958 	-58.682306 	-57.038480 	-57.868639 	-58.347524 	
