10.440297 	4.541936 	-21.332472 	-48.651104 	-58.246189 	-59.056527 	-60.733612 	-60.774740 	-59.046133 	-58.757288 	-57.608430 	-56.780041 	
10.427577 	-9.979323 	-37.280621 	-41.907257 	-56.979877 	-58.048081 	-60.002590 	-57.268799 	-59.141170 	-58.189727 	-58.684995 	-59.638650 	-58.458070 	-58.991688 	
10.178360 	-4.724497 	-15.566965 	-36.001793 	-49.870067 	-62.640946 	-57.533657 	-59.903499 	-61.732074 	-58.954051 	-59.861553 	-58.242396 	-58.309578 	-59.475065 	-59.305598 	-59.411034 	-59.137965 	-60.228287 	-60.412233 	-61.332039 	-58.058815 	
10.287725 	-2.914540 	-12.722520 	-12.768633 	-25.370054 	-44.624001 	-61.181758 	-60.009931 	-58.450689 	-58.766779 	-61.398087 	-62.013220 	-59.354699 	-57.350562 	-57.521466 	-59.346902 	-57.959067 	-58.706593 	-59.114382 	-60.253911 	
10.145816 	-15.953954 	-46.138721 	-59.794074 	-58.090551 	-60.235064 	-58.802818 	-60.430558 	-58.430963 	-59.218654 	-59.910429 	-60.861346 	-60.118970 	-59.689470 	-58.100761 	-58.306508 	-58.438604 	-60.618340 	
10.307894 	0.996389 	-19.149585 	-19.804420 	-26.013886 	-33.518036 	-46.927276 	-59.858657 	-58.067398 	-61.310905 	-59.104609 	-59.330162 	-59.084587 	-57.765837 	-59.841431 	-57.805024 	-58.758390 	-60.605786 	-61.020473 	
10.108178 	-17.736123 	-21.524632 	-34.466680 	-43.846034 	-39.491911 	-51.844865 	-58.808534 	-57.743354 	-57.805715 	-59.840801 	-57.598262 	-59.304363 	-59.568584 	-59.078995 	
10.426303 	2.140007 	-2.557343 	-18.516736 	-20.790644 	-20.154158 	-20.515854 	-21.896869 	-40.484379 	-47.387365 	-47.965801 	-47.902628 	-49.147643 	-56.020163 	-55.617975 	-57.342826 	-57.932925 	-59.725798 	-59.623339 	-58.458532 	-58.701819 	-59.103390 	-58.191021 	-56.992504 	-57.665753 	-59.216461 	-58.473006 	-57.527919 	-58.820083 	-58.804194 	
10.797232 	2.657203 	2.690769 	-0.318787 	-29.624732 	-32.431803 	-45.949464 	-59.310000 	-56.275077 	-57.286017 	-59.920714 	-58.784590 	-58.052583 	-57.276514 	
9.809136 	0.328327 	0.099394 	-3.221859 	-10.280775 	-20.932128 	-19.697079 	-60.295199 	-59.025267 	-59.337525 	-58.618206 	-58.234340 	-60.880971 	-59.005295 	-59.560777 	-58.617801 	-59.169197 	-58.642072 	
10.440529 	-6.722242 	-8.996773 	-41.217640 	-50.502896 	-58.361597 	-58.889301 	-61.252098 	-59.430307 	-59.487118 	-57.986866 	-58.410674 	-57.577558 	-59.347342 	-58.768406 	-58.841844 	-58.773489 	-60.530155 	-61.478564 	-63.930366 	
10.341103 	2.988846 	-1.107414 	-11.597317 	-16.270155 	-16.409603 	-18.143979 	-18.396287 	-27.841055 	-39.453191 	-41.298622 	-46.844766 	-46.731640 	-49.755559 	-46.888456 	-50.723113 	-48.840998 	
10.720262 	5.252440 	-41.171872 	-46.385767 	-49.381822 	-57.373506 	-60.816039 	-56.512943 	-59.422751 	-57.409061 	
10.206683 	-4.285080 	-12.615976 	-13.988243 	-17.571458 	-23.281031 	-38.900225 	-53.554638 	-56.352817 	-56.805068 	-58.404346 	-58.725603 	-57.659021 	-60.549158 	-57.275281 	-57.273578 	-59.225933 	-58.565635 	
10.324806 	1.953941 	-8.194745 	-8.723594 	-17.019281 	-15.995002 	-26.679060 	-31.316013 	-41.119385 	-40.416963 	-47.306726 	-52.237409 	-58.927091 	-59.637925 	-59.409865 	-59.955801 	-58.186744 	-58.220197 	-62.891471 	-56.369243 	-58.085915 	-57.962889 	
9.677358 	4.613282 	1.270713 	-8.415600 	-13.317448 	-14.578191 	-14.008665 	-17.720752 	-38.344064 	-43.992731 	-44.216067 	-63.075143 	-58.719386 	-58.317613 	-58.286506 	-58.134286 	-57.841104 	-58.998579 	-58.557124 	-58.286773 	-57.239903 	-57.430213 	
9.841592 	8.877146 	-12.775548 	-22.664163 	-26.734571 	-49.707786 	-56.021578 	
10.208163 	0.144421 	0.353052 	-6.560873 	-13.558945 	-32.505450 	-31.873060 	-60.192062 	-57.836847 	-59.100747 	-59.264842 	-60.471913 	-57.385957 	-59.194822 	-59.479105 	-59.905830 	-58.934280 	-58.301563 	-61.178694 	-57.584628 	-60.960062 	-57.679433 	-58.587750 	-62.426783 	-60.307654 	
10.171777 	-24.043498 	-34.440739 	-46.706230 	-57.833159 	-57.620279 	-59.024781 	-58.271755 	-58.153364 	-58.347409 	-57.151814 	-57.561683 	-59.464883 	-58.372426 	-58.451421 	
10.104457 	-25.707619 	-31.842247 	-53.342884 	-59.627672 	-57.875910 	-58.522421 	-60.227772 	-58.005961 	-58.453076 	-59.333815 	-58.082845 	-58.653691 	-60.198724 	
