10.135701 	-8.459926 	-11.203588 	-21.820574 	-27.965185 	-30.381565 	-30.333179 	-56.772648 	-58.460944 	-55.922922 	
10.760837 	-6.287476 	-15.574237 	-17.921368 	-18.243355 	-20.080603 	-36.078324 	-38.279441 	-42.730879 	-52.026451 	-52.031372 	-55.005405 	-56.813559 	-56.135607 	-56.411556 	-55.868608 	
10.368882 	-0.225346 	-15.517175 	-38.693337 	-41.338078 	-46.796040 	-46.710297 	-49.769799 	-58.844144 	-60.299496 	-58.769658 	-57.804959 	-57.456396 	-58.617458 	-58.480879 	-57.673800 	-57.440234 	-58.394343 	-59.854619 	
9.925587 	0.307161 	-2.897135 	-4.917771 	-3.612452 	-3.116700 	-17.691240 	-23.212730 	-21.256585 	-25.320586 	-24.408883 	-24.139248 	-27.176060 	-29.489738 	-49.925474 	-57.703744 	-57.788582 	-60.847276 	-58.914163 	-57.212600 	-60.425931 	-60.640203 	-58.346627 	-58.503403 	-57.986450 	-57.582724 	-60.810866 	-59.117096 	-58.759127 	-59.052549 	
10.225174 	3.021478 	-24.293164 	-53.036466 	-51.777808 	-58.155653 	-60.137592 	-57.216055 	-57.871209 	-58.118560 	-58.656981 	-57.388390 	
10.499560 	-19.882581 	-27.804210 	-35.138739 	-34.563832 	-45.981037 	-49.973320 	-51.510838 	-56.279378 	-58.785883 	-58.156842 	-59.277386 	-59.153421 	-59.464249 	-57.496693 	-57.769231 	-59.216243 	-57.164375 	-59.048436 	-57.135082 	-58.208300 	
9.963014 	-3.202810 	-33.586344 	-40.478401 	-52.588436 	-55.166812 	-57.183356 	-58.045638 	-58.458405 	-57.997094 	-58.207747 	-56.814447 	-57.084006 	
9.533407 	7.504679 	-6.826289 	-41.541118 	-60.010115 	-58.799497 	-58.290978 	-57.799858 	-58.558867 	-58.702678 	-61.288590 	-59.889825 	-58.531451 	
10.193546 	1.107248 	-6.581618 	-52.710302 	-59.442598 	-58.765241 	-58.335934 	-56.702648 	-62.237800 	-57.115613 	
10.491394 	-7.785852 	-9.528092 	-32.422682 	-54.830031 	-56.265199 	-57.067665 	-57.212843 	-56.677239 	-61.823142 	-60.331067 	-59.883308 	-56.855715 	
10.001219 	-2.618228 	-3.323363 	-4.973878 	-10.304574 	-22.753296 	-38.686835 	-47.936459 	-51.903513 	-57.299993 	-57.716406 	-56.762141 	-59.868692 	-59.722750 	-58.046291 	
10.272572 	5.460769 	-14.306532 	-20.477743 	-20.841444 	-24.266053 	-33.594742 	-35.015847 	-48.557115 	-54.391269 	-54.358756 	-57.397178 	-56.764186 	-58.488333 	-57.506547 	-59.456609 	
9.933089 	-2.536500 	-14.018068 	-20.759599 	-26.947611 	-44.439445 	-56.802565 	-57.169317 	-55.926666 	-57.365669 	-58.257581 	-58.461022 	-59.856616 	-57.817650 	-59.111104 	-56.854060 	
10.381354 	-12.130615 	-18.239395 	-23.555562 	-26.266965 	-30.357698 	-47.651598 	-44.313271 	-44.658816 	-59.344513 	-57.976478 	-57.971638 	-57.382532 	-58.192756 	-59.352904 	-59.285115 	-57.373595 	-58.434640 	-56.939926 	
9.777953 	6.748677 	-22.002970 	-21.694112 	-34.920068 	-36.824835 	-59.939375 	-60.840957 	-58.048923 	-58.015300 	-58.070995 	-60.823895 	-57.987215 	-59.286396 	
9.848716 	0.387737 	-2.742376 	-2.976592 	-19.556427 	-24.325540 	-34.170209 	-30.520836 	-46.012433 	-52.105343 	-52.410334 	-54.063210 	-56.607756 	-54.932908 	-59.066776 	-58.971459 	-62.843048 	-59.198770 	
9.803419 	-7.496492 	-9.316276 	-10.977934 	-20.063281 	-26.098465 	-49.604061 	-49.579155 	-56.488081 	-55.564667 	-57.064232 	-59.574275 	-58.018532 	-58.483013 	-57.453516 	-61.606013 	-56.331662 	-59.883865 	-58.569062 	-58.038477 	-58.036525 	
10.003427 	4.937226 	-13.189539 	-13.878763 	-19.417563 	-22.231712 	-27.826263 	-30.543696 	-32.384868 	-37.396545 	-41.043348 	-41.705582 	-47.708863 	-46.760206 	-52.838204 	
9.797185 	-6.654296 	-16.298137 	-34.743654 	-38.921866 	-38.224927 	-47.140170 	-52.970847 	-58.178823 	-59.017350 	-57.198044 	-57.648164 	-59.880356 	-58.287975 	-57.470184 	-58.036850 	
10.021176 	3.436498 	-10.483449 	-16.503105 	-28.700597 	-34.168572 	-59.812878 	-59.781063 	-61.268284 	-57.327783 	-58.765367 	-60.177512 	-57.871575 	-59.688277 	-60.137840 	-59.245017 	-59.385376 	-60.444527 	
