10.285081 	-1.529321 	-30.036220 	-35.781756 	-49.178123 	-57.828271 	-59.633603 	-60.706452 	-59.322404 	-59.767134 	-58.944186 	-56.856722 	-57.510601 	-60.837282 	-58.272319 	-58.053524 	-59.192825 	-60.248490 	-58.606107 	
10.107433 	-11.338121 	-29.941062 	-57.811485 	-55.638458 	-59.351925 	-60.110133 	-58.617154 	-55.534846 	-58.134790 	-57.788784 	
10.320682 	0.083303 	-11.874807 	-46.313092 	-58.979604 	-59.256457 	-61.613794 	-59.541148 	-59.000401 	-57.974568 	-58.497412 	-57.702945 	-60.255986 	-57.786132 	-57.721831 	
10.496955 	3.753441 	-5.803368 	-20.517831 	-27.729402 	-37.836762 	-47.732366 	-54.126058 	-57.342089 	-59.132376 	-58.333919 	-59.112951 	-59.131811 	-57.904968 	-58.492812 	-57.921303 	-58.479366 	-57.481767 	
10.223615 	0.455800 	-9.316676 	-14.289476 	-21.782652 	-29.792429 	-41.983690 	-57.803416 	-58.580016 	-56.991622 	-58.659770 	-58.779122 	-57.813408 	-59.555289 	-60.124242 	
10.414266 	-1.974810 	-16.938849 	-24.216528 	-58.001009 	-57.933548 	-59.863858 	-57.513093 	-58.049318 	-58.862087 	-58.562993 	-59.244807 	-59.357655 	
10.474601 	0.715573 	-15.982894 	-18.593549 	-25.575385 	-37.925045 	-36.388719 	-39.672980 	-41.755626 	-57.121720 	-57.489493 	-58.513937 	-59.198514 	-60.716991 	-59.913416 	-58.699408 	-60.339701 	-59.964790 	-58.871384 	-59.993267 	-59.066930 	-57.103649 	-57.732222 	
10.010517 	0.527682 	2.825607 	0.281174 	-0.653667 	-2.205203 	-25.973088 	-27.042232 	-25.315095 	-60.651542 	-60.099913 	-60.359966 	-58.483709 	-58.777087 	-61.534550 	-58.152247 	-58.444326 	-61.122851 	-57.842837 	-59.522860 	-60.046723 	
9.972677 	5.735800 	-5.402165 	-22.400140 	-59.421768 	-57.376552 	-59.282901 	-58.320196 	-58.432145 	-59.208428 	-60.396764 	-59.958441 	-58.831187 	-58.075881 	-58.161505 	-58.444688 	-58.901253 	-59.484390 	-58.346364 	-60.070925 	
10.132540 	-0.201716 	-4.220507 	-19.697723 	-32.787217 	-34.707122 	-46.404905 	-58.885247 	-58.715312 	-61.047651 	-57.397176 	-58.980761 	-57.963100 	-59.856059 	-60.983977 	-58.200790 	-59.206622 	
10.502316 	2.491226 	-0.776692 	-19.795028 	-24.652616 	-42.817166 	-58.504746 	-59.813724 	-57.497631 	-56.858963 	-57.399497 	-58.989578 	
10.451424 	-7.760889 	-22.346891 	-28.611820 	-61.675971 	-57.195757 	-62.570953 	-60.498416 	-57.975371 	-56.958499 	-57.620515 	-58.658943 	-57.910139 	-59.309809 	-64.797696 	-57.633333 	-59.836257 	
9.970999 	-6.434721 	-41.319990 	-44.782074 	-58.055410 	-58.118481 	-58.568202 	-60.786198 	-58.489760 	-59.706188 	-58.200430 	-58.254645 	-57.598647 	
10.482022 	-1.011925 	-15.054135 	-41.113370 	-47.460006 	-54.705022 	-57.952687 	-57.279411 	-59.813736 	-58.841737 	-58.107735 	-58.877959 	-58.308789 	-58.344062 	-59.334312 	-60.205015 	-59.094180 	-58.161842 	-61.176555 	
10.251466 	-2.654505 	-37.453003 	-59.354369 	-58.675047 	-58.729208 	-58.043833 	-58.926536 	-59.476739 	-58.153774 	-59.113408 	-57.277539 	-59.617335 	-59.911786 	-57.761345 	
10.129759 	6.534342 	-5.402808 	-21.163371 	-25.343235 	-43.590409 	-55.884341 	-58.515231 	-59.674951 	-58.376508 	-58.727600 	-57.023420 	-58.884720 	
10.122854 	5.909786 	-9.436374 	-55.678649 	-57.848736 	-58.675069 	-58.978249 	-59.913224 	-57.780722 	-57.185537 	-61.146715 	-58.829025 	-60.901314 	-58.459663 	
10.218359 	-2.211294 	-17.012108 	-23.981531 	-26.539513 	-38.768091 	-45.203221 	-47.999472 	-48.232709 	-61.367470 	-57.673424 	-58.837292 	-59.602531 	-58.221050 	-57.173421 	
10.606261 	-58.344335 	-58.515083 	-58.903262 	-59.384315 	-59.338753 	-58.081435 	-62.598634 	-57.722073 	-57.783084 	-59.097002 	-57.998150 	-58.042953 	-58.476045 	-58.508281 	-61.251527 	-58.837198 	
10.366658 	1.172889 	-29.803367 	-35.146956 	-48.839107 	-57.834528 	-60.751989 	-58.067668 	-60.312825 	-58.210459 	-58.329314 	-59.561087 	-57.327187 	-59.565922 	
