10.149392 	-24.734026 	-38.310242 	-58.479947 	-60.359561 	-58.609252 	-58.485992 	-59.182460 	-58.603605 	-57.810528 	-58.205838 	-58.218634 	-59.361844 	-59.857210 	-59.354677 	-57.922645 	-59.367364 	
10.167126 	7.167091 	-0.620686 	-11.290078 	-27.785028 	-34.162837 	-53.487592 	-59.547760 	-57.827659 	-60.327463 	-58.742994 	-62.111894 	-58.579481 	-59.362026 	-58.606070 	-61.756748 	-58.622533 	-58.190226 	-58.177604 	-60.318794 	-57.768587 	-58.155805 	-58.950531 	
10.031738 	-33.742454 	-58.338956 	-58.540573 	-59.419174 	-57.698623 	-58.540512 	-59.671941 	-61.673979 	-58.644207 	-60.013145 	-57.909526 	-61.761192 	-57.990826 	-62.581688 	-59.716610 	-61.323961 	-58.363068 	
10.282103 	8.391297 	-0.441156 	-13.504624 	-30.744170 	-57.212183 	-58.955573 	-57.823474 	-59.458865 	-63.241674 	-57.539603 	-59.166441 	-58.339019 	-60.417822 	-58.864281 	-59.849069 	-57.501256 	-59.663950 	-57.715870 	-60.486039 	
10.451852 	-4.005835 	-18.583720 	-23.505801 	-27.710679 	-30.760516 	-48.254182 	-55.609668 	-58.082465 	-59.529764 	-57.969137 	-56.894022 	-62.374178 	-58.286588 	-58.773866 	-63.563138 	-59.630430 	-60.646616 	-59.281915 	-59.636733 	-60.781768 	
9.930036 	-7.019450 	-13.251403 	-13.678185 	-13.538850 	-15.903770 	-21.030867 	-23.422250 	-29.987291 	-34.370980 	-48.628187 	-57.213829 	-57.081110 	-61.433300 	-57.924133 	
10.029344 	-9.988217 	-16.871102 	-26.174881 	-34.873662 	-45.217329 	-56.787672 	-58.820646 	-59.629394 	-57.979665 	-60.665690 	-58.922729 	-60.262072 	-58.781995 	-59.226644 	-60.156266 	-58.785494 	
10.115904 	-16.993907 	-38.368507 	-39.986469 	-39.668608 	-58.824808 	-57.591406 	-58.249221 	-60.078983 	-58.364460 	-57.946173 	-63.796262 	-57.499369 	-58.724964 	-59.302276 	-60.091255 	-57.871214 	-61.092795 	
10.043985 	-4.480722 	-16.273988 	-14.521787 	-24.281351 	-24.182249 	-44.097503 	-57.038683 	-58.449875 	-58.798616 	-58.868753 	-58.527199 	-56.967597 	-57.409927 	-58.700701 	-58.694746 	-61.382450 	-57.669818 	
10.147299 	1.445940 	-18.996089 	-20.280683 	-29.669489 	-32.948794 	-39.498899 	-52.385217 	-58.071887 	-56.989933 	-58.583261 	-62.688911 	-59.910272 	-59.636232 	-61.261734 	-58.623878 	
10.307591 	-0.362675 	-2.906281 	-10.090430 	-59.462867 	-58.891463 	-59.106572 	-57.300535 	-58.717882 	-59.086137 	-60.349734 	-59.656071 	-59.694021 	-58.156441 	-58.988653 	-58.919628 	-58.587600 	
9.658247 	9.172388 	-5.104804 	-7.484209 	-12.673477 	-13.916300 	-16.270463 	-21.009833 	-23.617746 	-25.382068 	-31.621851 	-32.953392 	-38.360526 	-43.609850 	-52.187750 	-56.198484 	-56.627110 	-55.790159 	-56.898789 	
10.045911 	-2.515842 	-34.311573 	-49.571722 	-56.050346 	-58.020128 	-58.301656 	-59.462629 	-58.993702 	-58.620009 	-59.516688 	-58.570692 	-59.172710 	-59.423863 	-58.440624 	
10.195917 	-8.916536 	-9.854236 	-11.772712 	-13.710586 	-13.237620 	-18.701360 	-22.668542 	-24.295803 	-29.647445 	-47.759011 	-59.780418 	-57.801576 	-58.321294 	-58.950448 	-59.521409 	-57.061703 	-58.310942 	-58.626043 	-61.660867 	-58.936573 	-58.957887 	
10.817192 	2.851328 	-6.623995 	-30.525832 	-30.077555 	-37.783201 	-57.865686 	-57.900069 	-57.458442 	-59.225868 	-57.160701 	-58.125259 	-58.096591 	-58.367573 	
10.287200 	-0.883232 	-2.734349 	-14.334982 	-13.745364 	-22.548168 	-32.503676 	-34.603823 	-34.803106 	-40.663909 	-46.182262 	-48.175508 	-56.451070 	-55.555358 	-59.488570 	-58.766321 	-58.044517 	-60.476741 	-59.808228 	-60.259672 	-57.986464 	-59.686131 	-59.216241 	-59.440668 	-58.575375 	
10.032031 	3.301322 	-2.255121 	-20.221691 	-23.006602 	-36.155693 	-33.359416 	-50.501528 	-52.031009 	-55.316305 	-59.161524 	-58.274702 	-56.864239 	-59.610064 	-60.434869 	-58.173147 	-58.771978 	-58.915706 	-61.086217 	
10.481669 	4.402632 	4.224089 	-8.505487 	-23.164327 	-24.794270 	-38.149351 	-39.484024 	-58.392395 	-59.297385 	-58.283657 	-58.347242 	-59.020555 	-57.454181 	-57.477375 	-58.349501 	-59.276869 	-59.463007 	-58.469665 	
10.372745 	3.868356 	-17.242332 	-20.294307 	-22.933836 	-25.667660 	-33.018813 	-31.734243 	-39.097564 	-42.889815 	-52.052079 	-58.303314 	-58.618203 	-57.103743 	-59.215537 	-59.253664 	-60.863037 	-59.385627 	-59.805812 	-58.761486 	-57.674583 	
10.217042 	2.261017 	1.059336 	-9.984327 	-36.446820 	-51.074033 	-52.833065 	-56.388752 	-56.556540 	-58.539289 	-57.877081 	-58.988170 	-56.862170 	-56.392305 	
