9.760354 	9.017581 	5.128945 	-2.576391 	-2.692791 	-7.640132 	-11.014024 	-14.147368 	-15.782423 	-15.915593 	-17.048195 	-15.483257 	-22.515634 	-23.928878 	-23.135088 	-21.791234 	-23.135210 	-26.212761 	-23.067095 	
10.253142 	-11.173304 	-18.963783 	-19.602334 	-27.356152 	-26.701679 	-30.907907 	-29.806510 	-33.315686 	-34.746126 	-34.339347 	-37.531769 	-36.630784 	-38.702450 	-43.397715 	-45.044490 	
9.998738 	3.420242 	1.254841 	-12.448305 	-28.960526 	-34.658848 	-32.833348 	-33.509112 	-44.775893 	-45.742242 	-49.782746 	-46.434570 	-51.999723 	-57.151495 	-54.642150 	-57.471911 	-55.501911 	-56.496442 	-58.273238 	-56.498977 	-57.412473 	
10.288385 	2.235124 	-4.941389 	-45.883526 	-47.980459 	-48.614201 	-54.577991 	-55.304696 	-57.120356 	-55.902950 	-56.225158 	
10.119092 	-1.461544 	-24.040155 	-20.303425 	-38.754560 	-44.947075 	-49.172349 	-53.928996 	-58.510499 	-56.008284 	-58.120215 	-59.818980 	-58.207832 	-58.261009 	-58.973202 	
10.147399 	-7.174306 	-10.160991 	-17.793853 	-20.073106 	-25.452518 	-29.178727 	-38.015316 	-45.290355 	-50.757014 	-57.263662 	-56.889231 	-56.105605 	-55.957727 	
9.864456 	5.534015 	2.898230 	-4.939343 	-6.594616 	-8.279219 	-9.543459 	-10.529476 	-13.976479 	-13.176430 	-15.570053 	-20.862211 	-17.120308 	-16.392656 	-16.726735 	-19.810552 	-18.982519 	-21.477559 	-22.608648 	
9.607693 	9.023139 	-2.726260 	-7.423167 	-35.788242 	-52.932088 	-59.141296 	-59.092722 	-59.305800 	-61.776481 	-59.513618 	-60.085915 	-57.623854 	-57.310933 	-60.186649 	-59.233828 	-61.388595 	-59.409649 	-58.351652 	-61.233084 	
9.793437 	1.059299 	-2.489908 	-3.101409 	-17.389207 	-18.921223 	-21.315565 	-25.802912 	-24.077865 	-27.484088 	-32.394755 	-38.587869 	-37.937445 	-42.475279 	-43.729673 	-46.230860 	-47.099338 	
10.001186 	-2.457854 	-12.038809 	-12.986100 	-20.117120 	-25.135746 	-47.962048 	-50.033853 	-56.296057 	
9.997346 	0.427047 	1.115183 	-1.012199 	-12.722740 	-23.102761 	-38.220155 	-40.151412 	-40.786127 	-43.765841 	-48.300763 	-61.415175 	-58.470115 	-58.202757 	-61.369583 	-58.131962 	-59.127344 	-62.245239 	-58.049243 	-61.095341 	-60.468142 	-58.693880 	
9.883131 	4.240672 	3.923426 	-8.780244 	-15.776644 	-22.475246 	-22.518763 	-37.157661 	-43.114536 	-50.469821 	-58.533873 	-56.838346 	-60.133262 	-58.603099 	-60.850909 	-62.686346 	-56.780418 	-60.382227 	
10.068170 	-4.910661 	-11.622871 	-35.268109 	-45.477680 	-48.726437 	-57.199426 	-57.049935 	-57.129201 	-57.270670 	-56.947405 	-57.897027 	-57.457908 	
10.212095 	-12.872209 	-14.346119 	-52.852077 	-59.540995 	-58.977690 	-57.675520 	-57.969311 	-59.764756 	-57.908024 	-58.917039 	
9.980950 	5.199558 	3.659007 	1.663201 	0.448368 	-1.370325 	-0.411951 	-2.279357 	-2.529089 	-3.235305 	-4.110507 	-5.934640 	-4.275263 	-5.061951 	-4.744457 	-9.296331 	-6.870528 	-5.387343 	-5.518337 	-8.544964 	-7.624947 	
10.208055 	-2.758148 	-7.843938 	-15.686937 	-18.413549 	-23.437188 	-22.886868 	-33.921879 	-48.064714 	-49.130088 	-54.976785 	-59.559271 	-61.620233 	-60.315090 	-59.035014 	-58.267220 	-58.938084 	-57.240018 	-59.347605 	-60.523705 	-60.048880 	-58.115840 	
10.073093 	-3.405532 	-2.623299 	-30.850351 	-31.577750 	-58.212415 	-59.820315 	-59.769774 	-58.384980 	-57.132193 	-57.639613 	-57.469357 	
10.187804 	-28.134064 	-59.464144 	-59.318248 	-58.995269 	-62.396935 	-60.122144 	-58.104033 	-61.227275 	-58.704306 	-60.994236 	-58.834233 	-57.292565 	-59.599868 	-58.421995 	-58.635918 	-58.020941 	
9.769192 	2.895543 	-2.631373 	-2.886180 	-8.146647 	-9.741637 	-26.133327 	-26.577045 	-27.018946 	-27.118106 	-27.856630 	-28.843048 	-31.968593 	-35.137175 	-34.625739 	-34.510999 	-35.289818 	-34.593079 	-35.956867 	
9.864105 	9.541989 	4.878255 	2.451313 	2.369012 	2.892794 	-4.096961 	-7.336995 	-10.723125 	-20.793433 	-56.881842 	-57.462782 	-58.200546 	-59.334680 	-58.025252 	-60.397005 	-58.333612 	-62.381782 	-61.057604 	-56.927283 	-58.472711 	-56.615810 	-58.112398 	-56.886979 	-60.824491 	-58.926991 	-59.877651 	
