10.287942 	-0.332841 	-45.812408 	-49.794153 	-52.564557 	-57.261488 	-58.191792 	-56.826302 	-58.376695 	-58.247845 	-58.571076 	-58.551487 	-60.032810 	-60.685679 	-58.973777 	-57.868101 	-57.647608 	-57.177549 	
10.262576 	-3.175105 	-3.969423 	-8.636732 	-15.649582 	-16.538581 	-28.979954 	-50.300603 	-48.460780 	-53.416389 	-58.932942 	-60.117032 	-58.390223 	-58.922858 	-60.528615 	-62.484688 	-58.933400 	-57.818602 	-59.221366 	-57.784802 	-57.334985 	-58.877854 	-59.749062 	-59.355488 	-58.318608 	-58.186926 	-58.900971 	-59.534145 	-58.926321 	-59.569032 	-58.821837 	-59.436878 	
10.140031 	5.739862 	3.711960 	-22.087507 	-27.459507 	-41.765600 	-42.609157 	-58.403006 	-59.969097 	-60.351170 	-56.963905 	-59.623132 	-58.644546 	-59.713729 	-59.259365 	-58.409042 	-60.809316 	-59.118782 	-58.563424 	-64.497971 	-58.188502 	-59.268796 	
10.269459 	-4.695057 	-13.591652 	-17.741121 	-35.758897 	-40.985489 	-45.480871 	-48.458630 	-48.932505 	-54.500724 	-55.186864 	-56.428727 	-56.924346 	-59.211322 	-57.555899 	-57.093007 	-57.246413 	-58.281088 	-57.882863 	-57.395200 	
10.347546 	-0.932630 	-4.039873 	-23.877132 	-32.753021 	-42.058323 	-46.062072 	-47.898191 	-47.743096 	-46.098204 	-48.858409 	-49.946436 	-51.927241 	-55.493419 	-56.605650 	-57.286109 	
9.996862 	5.537410 	-12.023667 	-16.329770 	-26.579736 	-27.392880 	-29.701801 	-39.176443 	-38.815664 	-39.245135 	-46.183849 	-47.724453 	-49.365976 	-55.779012 	-56.408286 	-58.497519 	-56.966278 	-59.943842 	-59.064320 	-56.782850 	-57.925337 	-57.232486 	-58.641183 	
10.204169 	-9.134906 	-21.522284 	-21.664159 	-27.670054 	-32.424535 	-34.578177 	-36.494338 	-52.327597 	-55.753378 	-56.397796 	-59.824677 	-56.562860 	-58.483184 	-57.786701 	-59.157047 	-57.336739 	
10.082100 	0.304820 	-2.601032 	-6.665747 	-11.368681 	-11.131120 	-13.166800 	-16.383202 	-24.093821 	-23.793213 	-29.189130 	-32.032600 	-38.754898 	-51.116374 	-51.201960 	-53.800996 	-56.647965 	-57.891195 	-57.886305 	-56.525861 	-58.023194 	-60.019020 	-56.281337 	-57.864228 	-58.185666 	-58.664012 	
9.929994 	-1.719424 	2.728646 	-5.469955 	-12.663631 	-37.231490 	-41.128302 	-58.718900 	-57.926874 	-59.667064 	-60.049262 	-59.043066 	-58.255994 	-58.597455 	-59.387475 	-58.849963 	-59.401831 	-58.698431 	-59.451120 	-59.184900 	-59.480126 	-60.039749 	-57.999708 	
10.562394 	1.958002 	-3.809754 	-30.091518 	-30.791602 	-49.377505 	-57.509645 	-62.200733 	-58.776083 	-57.219352 	-59.844044 	-57.546073 	-59.182170 	-60.387148 	-57.598688 	-59.792996 	-57.580761 	-60.373361 	-57.854204 	
9.935647 	-16.968192 	-28.746988 	-36.986714 	-36.688149 	-57.370503 	-58.156772 	-58.311520 	-57.749446 	-60.228970 	-62.158395 	-57.924730 	-57.536195 	-60.828071 	-60.557716 	-57.413670 	
10.322778 	-10.579928 	-18.776161 	-33.115473 	-40.599590 	-36.911551 	-46.836260 	-54.994644 	-58.095894 	-58.313068 	-58.993112 	-57.403181 	-59.350885 	-56.616487 	
10.201944 	-3.319201 	-24.107845 	-26.013710 	-24.491431 	-27.392062 	-32.835773 	-35.373788 	-36.377615 	-37.758783 	-38.672820 	-40.885772 	-43.267942 	-41.636301 	-43.652338 	-45.575763 	
10.530605 	-3.696634 	-6.215897 	-6.089092 	-16.966964 	-30.380147 	-53.900561 	-54.184059 	-56.928999 	-57.989381 	-58.289323 	-57.108857 	-58.701900 	-57.789392 	
10.213454 	2.519559 	-0.578762 	-0.988379 	-4.401734 	-4.631099 	-4.219595 	-10.449244 	-12.813373 	-7.818370 	-10.148941 	-17.900181 	-18.211597 	-18.113007 	-19.163388 	-19.995734 	-22.587749 	-23.431989 	-23.700505 	-22.772324 	-26.061292 	-26.266765 	-30.512669 	
10.204180 	0.433272 	-14.486254 	-20.260541 	-24.258079 	-35.149784 	-56.097048 	-57.409267 	-58.367451 	-57.427485 	-59.014977 	-57.038130 	-59.563195 	-57.630889 	-59.398713 	-58.294152 	
10.051358 	-24.011688 	-27.921038 	-30.899694 	-34.177838 	-34.356042 	-33.853898 	-58.450061 	-60.058143 	-60.489493 	-59.672068 	-60.024166 	-58.810950 	-59.053961 	-58.378845 	-56.734288 	-60.077745 	
9.882623 	8.262652 	7.164862 	-6.686136 	-16.505855 	-27.248674 	-28.305940 	-31.170138 	-43.216863 	-58.089928 	-59.107228 	-58.789288 	-58.054136 	-58.826602 	-58.157857 	-57.399889 	-58.458747 	-58.334292 	
-52.104605 	-48.666635 	-50.102496 	-54.547323 	-54.812003 	-55.879631 	-56.490917 	-59.193913 	-56.418717 	-60.108381 	-56.815101 	
10.320705 	-0.658508 	-1.288424 	-23.937452 	-31.144648 	-33.634839 	-32.634416 	-43.033881 	-58.453586 	-60.335938 	-57.063261 	-57.871185 	-59.211596 	-59.123121 	-61.497127 	-57.670824 	-58.461109 	-57.847583 	
