9.941080 	-6.043853 	-12.340080 	-32.053376 	-28.095799 	-32.471950 	-42.931435 	-49.307932 	-51.133309 	-54.172833 	-59.073540 	-59.894443 	-59.158055 	-57.252029 	-59.535073 	-58.499271 	-58.701736 	-60.178925 	
10.007416 	1.052497 	-15.312571 	-44.846426 	-57.955779 	-58.011214 	-59.010383 	-62.238777 	-58.628941 	-59.806034 	-58.349219 	-58.766493 	-58.673752 	-59.092862 	-57.973999 	
9.988543 	7.148463 	-1.550822 	-3.454663 	-16.520726 	-16.182656 	-25.217381 	-29.474371 	-58.574484 	-56.911170 	-59.323439 	-57.689011 	-61.500514 	-60.058832 	-57.769630 	-58.020102 	-60.038132 	-58.580758 	-60.585634 	
10.233896 	0.570136 	-18.446313 	-30.401202 	-57.769818 	-57.629857 	-59.006171 	-56.840392 	-58.569578 	
10.081900 	-3.950455 	-4.121503 	-11.180324 	-29.817494 	-32.951550 	-32.712953 	-33.931487 	-50.220005 	-55.177861 	-59.541143 	-58.805414 	-56.791281 	-59.342695 	-59.500751 	-57.416093 	-58.331002 	-60.488224 	
9.843228 	2.648931 	-11.294579 	-17.629386 	-23.244043 	-36.418660 	-45.238149 	-51.780405 	-60.695603 	-58.357237 	-61.260186 	-58.085400 	-58.216300 	-58.762764 	-59.483937 	-57.941780 	-59.361006 	-60.596691 	-57.457406 	
10.339030 	3.689974 	0.349212 	-24.844181 	-44.544274 	-46.929985 	-56.369352 	-59.230520 	-57.266135 	-58.079301 	-60.218070 	-57.351324 	-57.705132 	-58.127305 	-58.304801 	-58.312030 	-57.975891 	-57.364383 	-60.574631 	
10.605146 	-30.105870 	-32.744192 	-31.720432 	-57.092099 	-56.607135 	-57.082278 	-60.498374 	-56.279009 	-58.792156 	
10.017241 	-3.655568 	-6.619358 	-27.307632 	-49.597316 	-58.124876 	-58.823187 	-58.245873 	-58.523585 	-59.736467 	-58.637599 	-59.498490 	-58.367507 	-59.641368 	-58.199477 	-58.933889 	-59.764813 	
10.017497 	-0.191861 	-23.090342 	-26.255502 	-47.193643 	-58.883644 	-59.393218 	-59.795416 	-58.305928 	-59.310162 	-57.841340 	-58.043538 	-57.922875 	-59.585543 	-58.584042 	-58.541199 	
9.766231 	-3.565438 	-6.067410 	-9.169667 	-15.836594 	-17.338091 	-26.780359 	-62.097825 	-62.041105 	-58.447995 	-59.077631 	-57.918546 	-57.600889 	-60.377385 	-56.420450 	-59.132617 	-59.105735 	-58.967659 	
10.127660 	-28.192943 	-52.742460 	-58.355201 	-59.640204 	-58.601939 	-57.491380 	-58.109920 	-62.544162 	-60.541007 	-58.244187 	-58.116357 	-59.101537 	-60.092081 	-57.775480 	-60.382297 	-59.099573 	-58.910574 	-59.761425 	-59.044935 	
9.439797 	9.172329 	4.083524 	-1.860460 	-35.217695 	-44.483383 	-58.322076 	-58.524833 	-58.171852 	-58.759760 	-62.709399 	-56.829570 	-57.483627 	
10.121358 	1.962672 	2.935274 	-6.128693 	-10.283655 	-18.669779 	-32.907109 	-35.298839 	-46.644793 	-47.795661 	-53.695577 	-57.528280 	-58.602374 	-58.410415 	-58.848984 	-58.084862 	-59.603322 	-59.436972 	-57.827034 	-58.652652 	-59.833657 	-58.724673 	
10.344095 	-4.550155 	-4.610224 	-4.899507 	-14.767482 	-25.868405 	-33.205377 	-41.729370 	-45.413163 	-58.716225 	-59.823694 	-58.010032 	-60.550758 	-59.722067 	-59.168377 	-58.629055 	-59.039330 	-57.950247 	-60.374515 	-61.743204 	-62.292268 	-58.865202 	-56.981364 	-58.510023 	-59.370270 	
9.996080 	8.571660 	-4.539307 	-27.189012 	-27.765738 	-35.933539 	-37.234761 	-36.196314 	-39.918122 	-51.000301 	-58.670598 	-53.929313 	-57.900711 	-59.417058 	-58.175083 	-59.506278 	-59.524924 	-58.469175 	-60.506194 	-60.610400 	-58.519948 	-58.880953 	-60.660056 	-58.850335 	-59.284610 	-58.045038 	-58.364913 	-59.426330 	-59.660219 	-59.362553 	
10.525880 	4.702290 	2.096582 	-0.616130 	-5.740452 	-17.366068 	-18.887934 	-19.181686 	-30.371659 	-33.344089 	-34.752832 	-37.498949 	-45.201732 	-52.002489 	-53.381617 	-55.013331 	-54.994613 	-56.685677 	-58.347634 	-56.041948 	-56.623919 	-56.501943 	-56.408777 	-57.722470 	-56.781141 	-59.833131 	-58.911733 	-57.571735 	-57.735111 	
10.455542 	-5.336307 	-26.305192 	-27.942602 	-42.620479 	-54.161843 	-56.601978 	-58.542745 	-59.775890 	-57.787531 	-58.717059 	-59.493551 	-58.431304 	-58.281861 	-58.753050 	-60.888363 	-58.029392 	-59.401929 	-57.757967 	-59.834526 	
10.078689 	-14.617832 	-16.222497 	-24.087248 	-29.971475 	-59.538481 	-58.380756 	-60.292778 	-58.993811 	-57.957221 	-64.987899 	-58.286434 	-60.652302 	-58.966454 	-57.995788 	
10.190834 	3.906525 	0.164759 	-4.357911 	-4.507537 	-37.655801 	-37.076629 	-38.050481 	-39.411489 	-39.522698 	-43.016115 	-44.816541 	-47.311172 	-45.979647 	-53.530286 	-55.904120 	-58.275524 	
