10.328027 	-17.410357 	-30.660078 	-53.234945 	-57.997019 	-58.487705 	-59.051761 	-58.812172 	-58.126465 	-58.607942 	-59.164229 	-58.687829 	-58.850428 	-59.646776 	-58.411124 	-58.186857 	-58.601167 	-59.894676 	-59.398936 	-59.052252 	-58.113652 	-57.048274 	
10.476453 	-24.391081 	-57.265461 	-59.021826 	-60.551051 	-58.963140 	-57.713423 	-59.128383 	-59.010429 	-58.221969 	-60.569394 	-58.025852 	-60.473098 	-58.110202 	-59.895097 	-57.522119 	-57.072057 	-58.349710 	-58.259500 	
10.772063 	3.703440 	-1.313968 	-13.067044 	-47.879595 	-57.772404 	-60.951324 	-57.783974 	-58.642086 	-61.173246 	-59.047837 	-57.739616 	-59.660661 	-58.778035 	-58.238742 	-58.631937 	-57.473507 	-57.227229 	
10.221973 	6.914796 	1.433181 	-0.739502 	-14.764749 	-35.426682 	-44.510544 	-57.730108 	-59.551410 	-61.485117 	-58.050941 	-60.578435 	-59.699521 	-58.969229 	-57.959955 	-59.074959 	-58.284846 	-59.588355 	-58.019174 	-57.184611 	
10.225414 	-11.335045 	-25.568156 	-32.363686 	-47.185643 	-52.872389 	-59.416997 	-58.205874 	-59.358633 	-58.312403 	-59.073741 	-58.325229 	-57.641061 	-57.582331 	-59.335930 	-58.640928 	-59.559644 	-58.177531 	-59.296969 	-58.098091 	-58.123237 	-58.194885 	
10.381773 	6.752750 	3.590285 	-10.695273 	-20.234635 	-27.060538 	-23.951539 	-33.889414 	-32.356276 	-34.397353 	-36.071623 	-40.023230 	-50.382317 	-58.962512 	-59.024986 	-58.062929 	-57.161875 	-56.636616 	-59.583481 	-56.770722 	-57.057325 	
10.147116 	-44.594106 	-45.924331 	-47.233512 	-54.497274 	-58.271874 	-59.531682 	-61.412936 	-59.916414 	-58.832577 	-59.872325 	-58.759053 	-58.155154 	-59.745459 	-59.367777 	-57.483151 	
10.211894 	3.084371 	-12.274782 	-20.732813 	-33.331962 	-36.712796 	-46.725512 	-60.157333 	-59.848008 	-57.845853 	-60.411639 	-60.763252 	-59.305858 	-58.399647 	-58.861849 	-59.580795 	-58.627512 	-58.345511 	
10.356997 	-34.576452 	-36.389715 	-63.730693 	-57.352004 	-59.349368 	-57.984951 	-58.271943 	-58.866768 	-61.585282 	-60.145789 	-58.758226 	-57.916189 	-60.854148 	-57.337103 	-59.160246 	
10.136312 	-8.995211 	-25.492920 	-57.391206 	-57.792849 	-57.304148 	-58.137281 	
10.239416 	-3.202443 	-7.896285 	-16.654045 	-29.761199 	-38.654702 	-57.543020 	-59.955147 	-56.864750 	-61.617056 	-59.818515 	-58.474179 	-59.089129 	-59.749165 	
9.830625 	9.780676 	-11.921507 	-15.161040 	-21.227458 	-41.904762 	-47.083298 	-59.020488 	-59.902671 	-58.761105 	-60.739858 	-59.578629 	-58.874621 	-61.042806 	-59.225550 	-61.200856 	-59.861685 	-59.819078 	-57.690189 	-58.950704 	-59.839084 	-61.598564 	-59.729620 	-60.584470 	-60.420384 	-58.641729 	-59.598543 	-59.423012 	-58.641900 	
10.003134 	-18.881519 	-25.439133 	-51.809447 	-57.166215 	-59.767531 	-58.465995 	-58.648491 	-59.654357 	-58.943783 	-60.270779 	-59.456822 	-58.320210 	-57.760608 	-59.343654 	-59.610377 	-60.146403 	-58.870731 	-58.663564 	-59.845576 	-58.917913 	-60.101115 	
10.022721 	-27.008801 	-28.521469 	-58.088744 	-58.275002 	-61.690008 	-59.450860 	-60.081905 	-59.315843 	-58.993446 	-58.598269 	-59.895904 	-60.003615 	-59.707992 	-59.876996 	-60.150055 	-59.013740 	-58.827096 	
10.313770 	-5.433102 	-46.987743 	-48.346901 	-55.373362 	-56.029604 	-57.338764 	-56.991511 	-58.914012 	-58.026452 	-60.873517 	-59.047101 	-61.042709 	-58.771918 	-57.451321 	-57.270934 	-61.844296 	-60.622351 	-61.162106 	
10.340705 	-12.458443 	-12.829270 	-20.661584 	-21.250958 	-26.018295 	-31.881184 	-40.734932 	-46.381835 	-58.382605 	-57.909187 	-57.656451 	-58.865156 	-57.950006 	-57.450181 	-58.524339 	-59.624599 	-58.773840 	
10.511558 	-37.381400 	-39.554644 	-59.295134 	-59.914286 	-58.478576 	-60.439506 	-60.095975 	-58.493888 	-57.311331 	-58.222067 	-57.575818 	-58.551275 	-57.700648 	-60.726824 	
10.131553 	-2.603750 	-6.109368 	-37.162100 	-58.231900 	-60.284002 	-60.447779 	-60.919354 	-59.433647 	-58.155271 	-57.297193 	-57.376492 	-57.467628 	
10.543907 	-1.685356 	-31.874782 	-53.466760 	-54.427812 	-54.925071 	-58.651985 	-58.773317 	-57.669064 	-59.783678 	-57.512167 	-59.337913 	-58.714453 	-60.429640 	-60.258633 	-64.839514 	-58.593315 	-59.274995 	-61.101427 	-58.194105 	-59.070005 	-58.798160 	-58.396090 	
10.432529 	-8.927094 	-31.853989 	-41.515370 	-58.738022 	-59.126934 	-59.082252 	-58.473898 	-58.732115 	-58.542490 	-58.845320 	-59.390718 	
