10.049077 	3.928375 	-33.292027 	-46.685638 	-46.404670 	-58.226107 	-58.850623 	-57.402535 	-60.407875 	-59.125654 	-57.737189 	-59.423593 	-57.295935 	-58.170950 	-57.711322 	-59.183224 	
9.977348 	-7.402563 	-22.484978 	-60.320245 	-60.500415 	-58.137384 	-60.339881 	-59.964778 	-58.552305 	-61.047590 	-61.286706 	-58.799695 	-60.215975 	-59.485743 	-59.672213 	-58.776910 	-59.694358 	-58.804480 	-58.401812 	
10.511730 	-3.647644 	-4.843127 	-15.523432 	-21.296647 	-31.728020 	-41.281735 	-57.246521 	-58.362341 	-57.732109 	-58.639332 	-58.482960 	-59.905246 	-59.320638 	-59.658908 	-59.107828 	-58.722818 	-58.503373 	-59.295882 	-57.868643 	-59.461063 	-58.201280 	-58.481254 	-58.993948 	
10.265750 	5.317799 	-4.915221 	-10.494904 	-28.292757 	-30.495079 	-58.045500 	-58.342622 	-60.400495 	-57.716810 	-59.608713 	-57.630184 	-57.890352 	-59.021595 	-59.282409 	-58.217146 	-58.026387 	
10.169445 	-22.150099 	-30.559404 	-56.840565 	-60.201423 	-60.123533 	-58.823243 	-59.217885 	-58.370038 	-58.201160 	-57.709007 	
10.097056 	4.208129 	-12.104716 	-7.938375 	-14.606587 	-22.997874 	-32.605635 	-40.175805 	-45.093841 	-49.619083 	-59.973841 	-57.804359 	-58.438145 	-62.222713 	-61.411292 	-59.944576 	-58.396938 	-58.507436 	-59.353878 	-57.595205 	-58.841644 	
10.169532 	3.653276 	-15.797058 	-16.184766 	-21.256297 	-58.244677 	-57.479527 	-57.611245 	-59.624907 	-58.261182 	-59.223818 	-59.471824 	-61.075974 	-59.542537 	-57.419686 	-58.100119 	
9.981541 	-7.656893 	-23.424932 	-32.878084 	-58.246903 	-56.656238 	
9.592088 	3.948601 	-0.795734 	-3.583395 	-5.299524 	-4.431672 	-4.960378 	-9.074253 	-11.169659 	-15.271294 	-14.437580 	-23.568478 	-20.428689 	-25.624487 	-26.091837 	-27.291067 	-29.186591 	-30.817497 	-31.051956 	-30.308642 	
9.861817 	-7.173709 	-20.951503 	-25.011964 	-29.833732 	-31.319154 	-37.485779 	-38.857214 	-39.557211 	-37.825655 	-37.261600 	-43.000219 	-46.701277 	-50.114403 	-50.526714 	
10.315478 	-11.578856 	-11.925587 	-15.072522 	-17.365323 	-36.805997 	-38.293407 	-57.718690 	-58.561469 	-57.418613 	-58.041037 	-58.678342 	-58.644048 	-59.565544 	-58.928663 	
10.258610 	5.981281 	4.886073 	3.883587 	-12.725833 	-14.320216 	-21.012971 	-24.419277 	-37.331964 	-51.629338 	-58.789149 	-57.436122 	-59.735364 	-60.081116 	-58.371496 	-58.155473 	-57.836842 	-57.387629 	
9.988510 	-15.669501 	-46.556595 	-50.380864 	-58.188614 	-59.354031 	-60.793140 	-58.152226 	-58.027180 	-58.548311 	-61.394351 	-57.964598 	-58.140398 	
10.000067 	0.225779 	-12.156466 	-25.225633 	-22.668180 	-25.947117 	-51.414861 	-55.698484 	-57.029388 	-59.167118 	-57.195140 	-57.825692 	-56.954586 	-57.253128 	-57.684493 	
10.293517 	-4.832696 	-9.228988 	-22.460882 	-25.372091 	-35.803822 	-33.436293 	-34.648398 	-35.493370 	-38.726016 	-39.641915 	-49.554905 	-51.538925 	-58.854538 	-60.535336 	-60.167554 	-58.480911 	-58.756033 	-58.265206 	-59.767422 	-63.324935 	-59.308843 	-57.252687 	-58.091302 	-58.690126 	
10.037638 	-16.374659 	-44.999153 	-49.753748 	-55.792987 	-57.584416 	-58.527633 	-59.773775 	-59.916853 	-58.295193 	-57.003432 	-59.154073 	
9.825032 	7.187771 	-7.593885 	-9.072341 	-13.983447 	-15.556380 	-19.351225 	-27.355437 	-28.140723 	-29.090905 	-36.609638 	-47.735854 	-55.353454 	-59.306380 	-60.916934 	-60.309949 	-59.430330 	-60.577061 	-63.560559 	-59.797721 	-59.319102 	-57.684986 	-57.629396 	-57.083100 	
10.255917 	-15.934009 	-33.962101 	-39.450666 	-50.390329 	-58.186671 	-58.344274 	-58.725044 	-58.052344 	-57.570353 	-58.310073 	-57.725401 	-58.184682 	-58.458554 	-58.046796 	-57.840170 	
8.581381 	9.961537 	4.669677 	-20.539070 	-23.245987 	-24.461413 	-34.770552 	-46.520737 	-48.374388 	-55.855040 	-57.716742 	-57.984425 	-62.201754 	-59.285221 	-57.817772 	-58.613863 	-58.313509 	-58.129512 	-58.523470 	-58.231802 	-57.896998 	-57.984745 	-59.576976 	-56.974303 	
10.135085 	0.685305 	-5.771822 	-17.692249 	-21.245715 	-25.319220 	-25.597171 	-29.950813 	-37.506379 	-42.751084 	-47.088974 	-53.198096 	-59.797417 	-57.230218 	-58.657407 	-56.894236 	
