10.203440 	2.161513 	-6.143633 	-34.085997 	-41.709704 	-57.835914 	-58.387891 	-60.848621 	-58.000990 	-57.987503 	-62.123948 	-59.539057 	-58.376452 	-57.710097 	-58.344582 	-59.736905 	
9.950991 	3.381834 	-6.329160 	-16.773152 	-48.388125 	-59.479238 	-58.017250 	-58.054688 	-57.968553 	-58.856183 	-58.436606 	-58.209486 	-61.627557 	-61.264537 	-59.379823 	-59.334501 	-60.147628 	-58.555969 	-58.561728 	-59.147036 	-60.787325 	-60.683066 	-60.664073 	
10.212143 	-2.991387 	-26.103602 	-28.726015 	-35.479267 	-39.071016 	-58.740753 	-58.011687 	-58.005999 	-59.441173 	-58.165190 	-58.859832 	-60.012809 	
10.323931 	-8.126496 	-10.613521 	-58.215760 	-58.718407 	-59.693943 	-58.612509 	-59.190888 	-57.072195 	-59.258584 	-59.105426 	-58.642358 	-59.508704 	
10.253882 	3.920618 	0.488329 	-5.618122 	-14.903934 	-14.859525 	-23.228842 	-21.091632 	-24.189731 	-29.655857 	-47.422593 	-50.929241 	-50.972603 	-50.677941 	-52.698225 	-53.232373 	-56.124345 	-55.738098 	-56.798339 	-55.694230 	-57.945704 	-58.067017 	-62.056306 	-58.944017 	
10.237995 	6.592251 	1.458827 	-11.678360 	-22.382734 	-43.089116 	-48.867091 	-58.698884 	-57.036226 	-60.554823 	-58.431064 	-57.547888 	-57.958461 	-58.060835 	-58.360724 	-57.879861 	-57.844217 	-58.501310 	
10.269784 	2.465826 	-5.553303 	-11.421504 	-18.468896 	-25.643191 	-40.351068 	-40.460807 	-59.604166 	-59.310712 	-60.421068 	-59.709072 	-58.835199 	-59.103829 	-59.744791 	-59.760636 	-59.030834 	-60.263677 	-60.567106 	-59.476095 	-59.117157 	-58.088498 	-61.831553 	-58.529847 	-59.201878 	-61.805058 	-61.738725 	
10.184669 	0.099134 	-4.567480 	-5.144946 	-23.970214 	-27.654626 	-38.684139 	-54.953787 	-60.052994 	-58.328853 	-58.674872 	-60.478367 	-58.012788 	-57.659237 	-57.319634 	-57.223605 	
9.788049 	3.376827 	1.938070 	-5.219931 	-9.804971 	-23.601072 	-26.892160 	-39.493063 	-55.437237 	-57.555380 	-57.757761 	-58.862852 	-59.560437 	-59.905598 	-61.473637 	-58.037645 	-58.092562 	
10.027248 	-19.069441 	-39.176891 	-57.825943 	-57.782551 	-58.786032 	-58.567574 	-58.312212 	-59.129562 	-57.279367 	-61.879713 	-58.406753 	-59.360685 	-57.860651 	-60.144336 	-58.351761 	
10.402231 	0.389209 	-2.292344 	-10.815464 	-34.474543 	-40.353286 	-40.824881 	-47.043748 	-58.475550 	-59.458145 	-57.040037 	-59.035166 	-59.174316 	-58.292762 	-60.311427 	-59.294045 	-60.214449 	-57.838614 	-58.485325 	-58.524656 	-57.898899 	-60.468163 	-59.782463 	-58.245381 	
9.919443 	7.663482 	5.506104 	-5.551625 	-7.397520 	-7.651297 	-13.154905 	-31.981883 	-45.001702 	-46.081189 	-48.604107 	-51.105599 	-52.230476 	-50.248125 	-53.618803 	-54.654478 	-59.345846 	-57.187889 	-58.604287 	-57.874870 	-56.806256 	-57.845623 	-59.413041 	-56.955486 	-59.845908 	
9.871079 	5.162407 	-10.196887 	-26.348360 	-39.036432 	-46.430456 	-51.392292 	-58.690561 	-59.153031 	-63.318762 	-58.149109 	-58.863822 	-58.781795 	-61.913740 	-57.926226 	-60.570361 	-58.727680 	-59.336144 	-59.695509 	-59.203472 	-60.591910 	-59.329363 	-58.384590 	
9.788547 	-0.230074 	-3.319217 	-6.178483 	-16.373596 	-29.400625 	-36.113162 	-50.694252 	-55.367393 	-55.605406 	-56.350444 	
10.128418 	-17.208305 	-15.804405 	-45.364764 	-53.998748 	-59.542283 	-57.481594 	-61.493995 	-58.496954 	-58.673175 	-61.777513 	-59.582080 	-58.686557 	-57.673062 	-58.600919 	-59.121080 	-60.709108 	-58.503539 	-61.530368 	-60.655263 	
10.029320 	6.556213 	-31.806539 	-57.886475 	-59.483020 	-59.202358 	-57.179021 	-60.203799 	-59.045002 	-59.782520 	-58.712235 	-59.327993 	-58.379260 	
10.154524 	-5.459545 	-8.114937 	-16.286595 	-46.625299 	-55.041618 	-57.455363 	-58.888374 	-58.936846 	-62.021594 	-58.626730 	-58.125899 	-58.229972 	-58.755802 	-59.267813 	-59.559951 	-58.166045 	-58.871418 	-58.827973 	-57.670573 	-57.553646 	-59.599441 	
9.832058 	-4.561051 	-24.962259 	-27.246238 	-37.792606 	-37.508590 	-57.019391 	-59.065501 	-58.398832 	-60.455413 	-57.669398 	-59.907328 	
10.131379 	-1.026513 	-33.490872 	-45.474260 	-59.476673 	-59.432293 	-56.657866 	
9.698209 	4.522495 	4.390992 	0.263276 	-5.849520 	-10.028359 	-13.859300 	-16.298391 	-21.370530 	-25.086080 	-29.738606 	-39.155054 	-38.372807 	-46.477056 	-52.525734 	-55.186660 	
