10.109534 	-0.122445 	-5.048178 	-9.430809 	-14.346164 	-18.496235 	-22.519693 	-32.281347 	-30.622119 	-37.672671 	-48.357106 	-53.363149 	-56.882389 	-58.496511 	-59.067430 	-57.288868 	-58.555857 	-58.324599 	-61.329228 	-59.235386 	-59.577283 	
9.979450 	-27.137093 	-25.813139 	-27.459192 	-29.254166 	-30.251971 	-33.546612 	-46.321059 	-59.190035 	-59.580483 	-59.479840 	-58.148895 	-58.874313 	-57.877338 	-58.814462 	-61.822844 	-59.600142 	-59.731751 	-64.337553 	-58.081619 	-57.849612 	
9.968161 	-20.785027 	-29.761051 	-36.441414 	-37.521684 	-48.471138 	-51.721482 	-54.218686 	-53.924392 	-51.891628 	-55.397814 	-57.771495 	-57.378940 	-58.847791 	-56.297434 	-59.578092 	
10.131146 	0.014115 	-20.437576 	-24.377413 	-33.236716 	-43.497557 	-51.000008 	-60.090207 	-59.160852 	-57.728179 	-58.530096 	-62.481552 	-59.500258 	-60.269735 	-61.761520 	-63.421866 	-61.698581 	
10.379369 	-5.105398 	-7.669998 	-21.545087 	-19.508762 	-22.708105 	-23.701696 	-43.741217 	-60.767921 	-59.541736 	-58.068797 	-58.167896 	-61.517273 	-58.855613 	-58.376648 	-58.384279 	-57.884074 	-57.717358 	
10.205915 	6.832251 	-12.815060 	-21.851059 	-36.079274 	-46.451133 	-57.208817 	-58.209666 	-56.876998 	-57.250452 	-58.243357 	-57.769377 	-60.176795 	-61.668208 	-58.792587 	
9.898378 	-21.378955 	-22.187225 	-27.916080 	-34.158176 	-59.148068 	-59.363360 	-58.256911 	-58.848761 	-59.439665 	-62.378812 	-59.022950 	-60.391295 	-61.267719 	-59.721889 	-59.687328 	-58.804043 	-57.714491 	-58.284294 	-58.959316 	-60.245276 	-59.022259 	-59.672441 	
10.400246 	-59.297901 	-57.555678 	-59.631284 	-60.300546 	-57.173499 	-58.317214 	-60.391666 	-58.061071 	-63.136223 	-62.271047 	-60.348590 	-58.494254 	
10.153641 	2.125533 	-12.455295 	-16.752682 	-13.616361 	-23.519833 	-42.575433 	-41.845565 	-50.553372 	-58.861046 	-57.333355 	-59.832017 	-61.384259 	-57.850287 	-59.877619 	-58.839266 	-57.287641 	-57.440020 	
9.799633 	3.164803 	-9.295412 	-38.290263 	-40.748473 	-54.184397 	-60.315900 	-59.525129 	-58.858838 	-58.319945 	-58.814169 	-61.420954 	-58.443722 	-58.936690 	-59.100344 	-60.327751 	-59.817870 	
10.589296 	-5.447460 	-0.286131 	-9.921683 	-36.522855 	-38.169652 	-41.657063 	-42.895415 	-53.344653 	-58.231418 	-58.572813 	-59.549404 	-57.353129 	-58.307349 	-57.268332 	-56.867752 	
9.815603 	7.282258 	-1.395946 	-9.544443 	-14.392423 	-15.195372 	-24.674867 	-28.826958 	-27.440151 	-54.667178 	-56.960668 	-56.316883 	-56.701169 	-57.870376 	-57.766854 	-58.907979 	-57.686032 	
10.512204 	1.933440 	1.859671 	-17.378214 	-25.513369 	-31.270653 	-40.293187 	-46.569551 	-59.003915 	-58.465927 	-61.312054 	-57.539788 	-59.033772 	-58.256782 	-57.058678 	-58.429137 	-59.181530 	-61.262167 	-57.143644 	-58.436861 	-58.265941 	
10.181176 	-5.228893 	-15.546958 	-23.239290 	-30.596467 	-43.566734 	-51.082927 	-59.178958 	-61.261028 	-59.476526 	-60.059764 	-59.462347 	-60.140432 	-59.061406 	-58.816175 	-58.623866 	-59.256480 	-58.118798 	-58.005943 	-57.267493 	-61.146276 	-59.464756 	-57.881325 	-59.114537 	-58.481820 	
9.781126 	-6.642455 	-8.383362 	-10.465215 	-12.365901 	-25.087089 	-35.664516 	-41.000508 	-55.986562 	-55.045040 	-56.867381 	
9.864329 	4.196346 	-12.810748 	-33.015512 	-31.779793 	-51.421168 	-58.674186 	-58.489447 	-59.410825 	-58.406488 	-58.825455 	-58.652840 	-59.484523 	-58.111440 	-58.829087 	-57.617794 	
10.138328 	3.458050 	2.721731 	0.061332 	-6.757829 	-20.752327 	-34.558858 	-46.182219 	-52.222822 	-54.601441 	-58.888159 	-58.284812 	-57.665381 	-57.777292 	-58.041464 	-59.644970 	-58.605407 	-59.352199 	
10.411343 	-0.779510 	-21.708341 	-37.958108 	-59.955229 	-58.378998 	-57.263454 	-58.069587 	-60.492248 	-58.377351 	-61.129323 	-57.566686 	-59.240360 	
10.111878 	1.464740 	-13.641505 	-30.736437 	-32.650634 	-43.922372 	-48.778696 	-59.133695 	-57.099149 	-59.699930 	-59.532183 	-56.920080 	-58.906458 	-59.054209 	-57.881943 	-58.670082 	-58.262371 	-58.778874 	-58.120574 	
10.250634 	-1.821093 	-26.043222 	-25.613442 	-61.959077 	-57.856038 	-58.684077 	-58.524438 	-57.984691 	-57.932185 	-58.654827 	-59.814838 	-60.856362 	-58.508120 	-57.673400 	-57.559621 	
