9.816328 	4.287556 	3.804160 	-2.623207 	-18.280392 	-29.998048 	-31.248613 	-34.627322 	-35.847435 	-39.538718 	-48.479052 	-50.697230 	-51.443032 	-58.862676 	-54.439733 	-56.398226 	-58.593291 	-57.420962 	-57.764046 	
10.565444 	-5.979945 	-16.712191 	-28.101773 	-30.659664 	-33.356553 	-38.602071 	-37.528419 	-38.118505 	-38.362343 	-46.494033 	-50.331048 	-52.325297 	-57.121156 	-58.799291 	-61.639585 	-56.867382 	-58.089955 	-61.061438 	-60.282632 	-57.481756 	-58.223851 	-58.773326 	-57.237522 	-59.247891 	-59.231114 	
10.101596 	-3.823368 	-12.524723 	-22.965415 	-43.541848 	-58.203695 	-58.911139 	-58.634107 	-58.749354 	-57.664038 	-57.440902 	-58.550855 	-57.877645 	-57.859758 	-59.772034 	-59.259504 	-57.906949 	-58.618253 	-59.811553 	
9.813478 	8.328903 	3.959022 	-0.267899 	-23.701215 	-34.510614 	-39.051547 	-39.354495 	-39.018533 	-44.936336 	-47.860272 	-53.531991 	-58.964375 	-59.614141 	-59.420438 	-60.335693 	-60.018391 	-58.708127 	-61.277725 	-58.174419 	-60.003632 	-58.667844 	-58.203633 	-59.114882 	-58.513870 	-58.343903 	-58.068053 	-58.615697 	-62.271067 	
9.994588 	2.855288 	3.129091 	-7.734335 	-22.213769 	-22.524096 	-26.809142 	-49.446178 	-49.773080 	-60.533412 	-58.396068 	-57.871711 	-59.515584 	-57.850417 	-58.124473 	-58.212990 	-60.179012 	-58.539998 	-59.674036 	-57.271527 	
10.308596 	7.430910 	-15.980179 	-16.904402 	-37.182401 	-40.121377 	-53.780171 	-59.573889 	-57.670384 	-58.184720 	-60.672446 	-57.719147 	-59.491200 	-57.759188 	
9.949999 	-0.988845 	-12.416441 	-16.168250 	-23.092257 	-25.250410 	-27.536935 	-34.159473 	-33.906291 	-38.121647 	-40.023853 	-44.133032 	-48.336603 	-50.084199 	-51.336133 	-56.789053 	-55.908327 	-57.567580 	-57.395889 	-56.931793 	-57.668891 	
10.048121 	-3.070231 	-3.544079 	-5.991605 	-14.687704 	-33.039789 	-50.060283 	-49.791995 	-51.506717 	-56.436786 	-56.479509 	-56.303484 	-55.330896 	-58.010995 	-56.823310 	-59.952717 	
10.448696 	-0.862520 	-24.989672 	-41.122717 	-44.158592 	-41.583309 	-48.819432 	-51.475253 	-56.779221 	-57.665931 	-58.571105 	-59.966525 	-58.888932 	-57.294920 	-59.406666 	-58.407475 	-57.327281 	-57.911561 	-61.114057 	-59.680104 	-59.043893 	-60.081644 	
10.258950 	4.516671 	2.719295 	-9.884303 	-12.005467 	-9.769219 	-45.655848 	-58.896559 	-58.935813 	-60.470454 	-58.702987 	-58.899582 	-60.773711 	-62.364862 	-59.794583 	-58.700598 	-57.846944 	-59.328892 	-59.129899 	-58.977650 	-58.632041 	-58.122406 	-57.554086 	-58.074103 	-57.921902 	
10.123834 	8.832040 	-2.688941 	-16.603317 	-18.756987 	-31.647137 	-34.992059 	-37.502791 	-57.973960 	-56.326509 	-56.541383 	-58.379740 	-58.482130 	-58.908171 	-59.303811 	-58.253685 	-58.135540 	
10.291523 	-0.854461 	-5.744165 	-11.476583 	-16.001126 	-25.682649 	-26.756104 	-28.058809 	-29.434521 	-32.269890 	-44.141401 	-41.702103 	-47.382404 	-48.880574 	-49.695113 	-53.340026 	-56.101042 	-58.629414 	-57.170417 	-55.957667 	-56.348519 	
10.343827 	-2.243621 	-8.639616 	-29.051793 	-43.142294 	-57.813877 	-57.205000 	-60.724402 	-57.423937 	
10.509898 	3.782695 	-2.561364 	-6.311174 	-20.498345 	-26.137715 	-32.540752 	-34.955721 	-44.173136 	-47.123502 	-45.815791 	-57.512163 	-57.720313 	-59.042035 	-57.172276 	-57.874034 	-57.394430 	-57.930048 	-58.069884 	-58.179592 	
10.022948 	-10.297841 	-16.041615 	-29.628565 	-36.002405 	-37.534500 	-45.264470 	-48.697303 	-56.499436 	-59.110572 	-59.541540 	-57.542227 	-57.721994 	-57.294866 	-58.410709 	-57.628551 	-57.739443 	-61.937115 	-58.506673 	-58.350791 	
9.868113 	-8.252635 	-8.653628 	-8.514703 	-9.529572 	-12.189085 	-14.236187 	-11.774581 	-13.022497 	-12.010001 	-15.565504 	-13.688747 	-15.594237 	-17.388667 	-17.015502 	-15.508337 	-17.421389 	-19.601247 	
9.964960 	5.180674 	-1.070226 	-19.382963 	-22.767435 	-28.855311 	-30.467495 	-38.605332 	-43.691673 	-51.698263 	-51.520121 	-54.905704 	-60.214081 	-57.878306 	-60.295872 	-56.544279 	-61.278342 	-62.270276 	-58.694741 	-57.427268 	
10.019167 	4.622680 	-2.834095 	-3.151294 	-14.046300 	-16.440586 	-26.562784 	-32.054465 	-35.039820 	-37.196165 	-39.260406 	-47.761169 	-49.874398 	-49.202822 	-53.773381 	-55.480875 	-59.446714 	-58.358984 	-56.943341 	-57.312907 	
9.964306 	0.839480 	-0.085971 	0.471734 	-0.245691 	-2.152703 	-14.213789 	-22.242952 	-29.850044 	-44.833284 	-50.298179 	-53.468697 	-56.865644 	-55.933044 	-56.310391 	-57.527557 	-57.560120 	-59.121228 	-57.577397 	-58.345789 	-58.050678 	-59.023079 	-58.329070 	-58.541182 	
10.147170 	-8.551982 	-9.255410 	-15.952626 	-14.684723 	-20.276218 	-25.083415 	-39.716607 	-54.468542 	-56.218566 	-59.200355 	-57.393859 	-57.013760 	-56.275170 	-57.389336 	-60.030773 	
