10.178176 	2.241129 	-2.315964 	-7.657366 	-14.607870 	-38.738495 	-59.668706 	-57.216555 	-59.470981 	-59.902888 	-58.608941 	-59.478226 	-58.945762 	-59.144280 	-59.359625 	-59.610055 	-59.152177 	-59.551680 	
10.478399 	-2.627847 	-18.298983 	-22.070464 	-29.087431 	-39.815970 	-44.366032 	-56.993514 	-60.920092 	-57.426083 	-57.790294 	-58.448273 	-58.093998 	-58.826154 	-56.743577 	-60.121959 	-58.439514 	-57.940614 	
10.381717 	-11.969180 	-19.477330 	-25.406045 	-32.046240 	-43.987504 	-54.112707 	-57.897859 	-59.135412 	-58.910743 	-59.309013 	-58.382634 	-59.373236 	-60.417604 	-63.143768 	-56.906077 	-61.456452 	-58.883572 	-61.441577 	
10.289668 	2.161043 	-6.747018 	-11.454227 	-22.501125 	-32.349336 	-31.637737 	-38.006975 	-59.027575 	-57.406401 	-57.609717 	-56.960488 	-57.713751 	-57.846495 	-59.177994 	-57.507301 	-57.964564 	-57.951643 	-58.777605 	-58.940762 	
10.147265 	2.058074 	3.003364 	-21.483042 	-30.453734 	-33.915493 	-35.427994 	-43.650512 	-47.038926 	-44.767408 	-50.299608 	
10.270125 	7.814047 	-12.831664 	-29.733463 	-39.633065 	-56.848391 	-58.378576 	-58.149256 	-57.931579 	-58.951307 	-58.460490 	-59.142755 	-60.227197 	-58.047019 	-59.707688 	-61.718161 	-58.503643 	-59.555868 	-60.395239 	-61.591038 	-58.396659 	-60.233773 	-58.118961 	
10.284113 	-7.270840 	-14.913358 	-51.419740 	-55.298141 	-57.931683 	-58.332555 	-67.928424 	-58.792881 	-60.661892 	-58.387711 	-60.301573 	-57.983466 	-57.077751 	-60.307805 	-63.484211 	-59.713102 	-60.966737 	
9.989251 	3.162183 	-11.161065 	-25.127526 	-60.967808 	-57.629768 	-59.653588 	-56.924024 	-58.679520 	-62.020723 	-57.881613 	
10.190420 	6.913460 	-1.085946 	-9.748570 	-13.747744 	-33.085224 	-49.481274 	-60.161008 	-59.740866 	-58.208217 	-59.428830 	-61.624389 	-58.935056 	-58.897317 	-57.302167 	-60.234434 	-59.957331 	-60.421748 	-59.532424 	-59.678430 	
9.985093 	3.738904 	-17.406211 	-28.337966 	-34.674506 	-36.898887 	-45.723094 	-59.038410 	-58.265007 	-58.526797 	-57.541525 	-57.574779 	
10.231508 	-28.484875 	-51.331259 	-57.853395 	-57.898053 	-60.145753 	-58.613086 	-59.925581 	-58.073169 	-59.015380 	-60.621014 	-57.161713 	-58.269561 	
10.044476 	-7.918710 	-22.988261 	-39.580063 	-39.037438 	-52.262331 	-58.780380 	-58.668467 	-58.635729 	-59.202231 	-58.344135 	-57.974270 	
10.051651 	4.659036 	-10.601222 	-18.172348 	-58.550792 	-59.469025 	-60.377427 	-58.981025 	-60.133922 	-62.838948 	-59.683816 	-57.326062 	-58.871824 	
10.603832 	3.992632 	-0.099563 	-2.450250 	-5.706489 	-17.236760 	-24.143489 	-42.338996 	-57.694358 	-56.459865 	-59.193559 	-58.579032 	-59.594805 	-57.836993 	-58.252468 	-57.350746 	-56.882787 	-58.457228 	-58.053009 	
10.015082 	-30.644308 	-47.070212 	-57.738782 	-60.320119 	-61.704856 	-61.958972 	-61.549686 	-58.840610 	-59.403965 	-58.004542 	-60.752077 	-57.939197 	-57.829879 	-60.855989 	-58.267908 	-58.149575 	-59.718951 	
10.279556 	-24.056287 	-30.071968 	-46.350294 	-57.502620 	-60.065433 	-59.869617 	-57.305748 	-57.597637 	-66.370279 	-61.669739 	-57.904567 	-57.839711 	-58.486340 	
10.403786 	-8.425589 	-16.115364 	-24.818563 	-24.138664 	-28.819213 	-57.990495 	-59.028266 	-59.665377 	-57.733011 	-61.049729 	-61.981695 	-58.079405 	-58.859145 	-58.602995 	-60.093316 	-63.016228 	-58.640711 	-60.094120 	-58.668823 	-59.546238 	-58.143699 	-59.355346 	-59.009126 	-61.097436 	
10.161929 	2.312328 	-3.060510 	-8.445923 	-10.124735 	-24.295438 	-38.365942 	-53.432193 	-58.766668 	-63.291876 	-60.385612 	-57.627518 	-58.632894 	-60.343085 	-59.119104 	-60.110673 	-58.473715 	-58.848486 	-59.209850 	-60.490022 	-60.669976 	-58.506699 	-59.584311 	-58.039183 	-60.391617 	
9.758900 	8.008719 	3.247572 	-1.804031 	-7.736134 	-13.714872 	-24.356854 	-28.283531 	-39.120687 	-38.885613 	-37.719223 	-44.696147 	-45.690121 	-51.076274 	-55.158279 	-57.041616 	-58.236762 	-58.809963 	-59.940294 	-58.789216 	-59.556147 	
10.362513 	-4.802677 	-35.718612 	-58.437038 	-58.331904 	-57.744359 	-61.024516 	-58.093349 	-58.687862 	-59.168816 	-58.247611 	-61.087505 	-60.319460 	-59.242845 	-58.541597 	-57.079590 	-59.212933 	-60.457112 	-60.804074 	-59.134914 	-59.439451 	-60.061807 	-57.136947 	
