10.285957 	-7.782160 	-18.774546 	-32.591384 	-35.757242 	-37.993205 	-52.248249 	-58.133940 	-59.595719 	-57.841318 	-59.171296 	-58.482179 	-58.891310 	-59.599287 	-58.755160 	-58.590669 	-57.996213 	-58.983976 	-58.796482 	
10.380898 	-15.750659 	-46.270338 	-56.996968 	-64.369260 	-57.856739 	-59.193247 	-58.063075 	-59.592930 	-58.830213 	-60.052985 	-58.791561 	-58.139830 	-60.990541 	
10.024017 	-3.216194 	-17.167293 	-32.908855 	-37.546490 	-52.133891 	-58.608534 	-57.661599 	-58.843348 	-59.811303 	-58.426179 	-59.624881 	-60.981999 	-57.668730 	-59.541712 	-58.736887 	
10.064028 	-3.427336 	-15.274176 	-28.193272 	-43.210940 	-58.153034 	-60.164937 	-58.971249 	-58.001252 	-58.842355 	-58.876921 	-60.268092 	-58.785060 	-60.240983 	-60.777479 	-57.318340 	-59.074836 	-59.814575 	
10.025753 	-19.651545 	-40.185954 	-40.462436 	-57.434583 	-58.481294 	-57.136518 	-59.934070 	
9.969138 	7.550303 	3.718869 	2.707967 	-10.360016 	-19.156969 	-26.845093 	-45.104450 	-49.064827 	-55.444633 	-57.099303 	-62.297657 	-58.551141 	-59.923257 	-61.559994 	-58.537857 	-57.207864 	-60.673987 	-59.141029 	-59.039524 	-58.989491 	-59.785733 	-60.464944 	-60.022787 	-60.423126 	-58.493603 	
10.167483 	-9.296545 	-29.381268 	-40.104332 	-44.598703 	-56.741693 	-58.997914 	-58.967030 	-60.815978 	-57.054816 	-58.528602 	-58.986281 	-58.509899 	-58.356857 	-59.087610 	-58.183510 	
10.064571 	7.448808 	0.308399 	-1.258086 	-8.292243 	-9.722320 	-16.937849 	-16.598862 	-38.074990 	-59.244870 	-59.444215 	-59.758366 	-59.095987 	-61.791539 	-58.199064 	-59.282496 	-59.860337 	-57.813060 	-59.393788 	-58.365009 	-59.933422 	-59.056901 	-57.925961 	
10.086203 	7.440102 	-15.381955 	-28.546516 	-50.015390 	-57.365364 	-59.027941 	-60.181778 	-57.996221 	-58.570134 	-61.431954 	-59.320777 	-59.906401 	-58.909465 	-60.763927 	-59.717937 	-58.117594 	-57.929257 	-58.750785 	
10.040313 	-31.517082 	-41.820873 	-45.787297 	-49.488078 	-50.338752 	-58.960273 	-58.034103 	-58.796590 	-59.687491 	-59.615176 	-58.568680 	-59.040165 	-59.304262 	-59.355094 	-58.583501 	-58.028628 	-57.956874 	
9.996689 	-9.076316 	-28.327948 	-31.417691 	-35.355783 	-56.690630 	-58.793446 	-60.383598 	-60.571575 	-57.852354 	-59.848271 	-57.658009 	-57.805540 	-57.636335 	
9.912933 	-1.057615 	-9.150837 	-11.717505 	-17.704702 	-30.760061 	-60.113485 	-58.650838 	-59.004470 	-59.161715 	-58.372363 	-59.070579 	-59.454742 	-59.863794 	-58.185258 	-58.702994 	-57.892669 	-59.927636 	-59.880083 	
10.267030 	2.809233 	-22.095406 	-31.670746 	-52.815546 	-53.446095 	-57.422718 	-57.446805 	-58.022783 	-59.768976 	-58.349188 	-59.381920 	-57.329430 	-58.515618 	-57.451388 	-58.143533 	-59.085964 	-58.179482 	-57.574895 	-59.524397 	-57.386747 	
10.060734 	-4.916134 	-5.929078 	-14.894247 	-18.945737 	-27.331797 	-57.866823 	-62.030787 	-58.331466 	-58.277355 	-59.390806 	-59.322381 	-59.657208 	-58.539772 	-57.802264 	-59.147709 	-60.047401 	-60.824103 	-60.046399 	-58.804094 	-60.498752 	-58.847774 	
9.923469 	-20.400590 	-60.333728 	-59.577547 	-57.523425 	-58.231663 	-59.646242 	-59.154967 	-58.640510 	-58.427728 	-59.812788 	-60.870676 	
10.200676 	4.586103 	-17.966681 	-21.831084 	-24.787829 	-32.913299 	-45.087075 	-58.382020 	-58.702190 	-57.579557 	-58.405364 	-57.060892 	-59.010397 	-61.005826 	-58.014089 	-58.274412 	-58.226217 	
10.202230 	0.286445 	-5.658106 	-10.664965 	-40.281868 	-44.987533 	-45.081920 	-57.185342 	-57.152799 	-58.543192 	-58.533069 	-57.423619 	-59.290006 	-57.590599 	
10.083846 	-7.680666 	-34.167743 	-41.000307 	-56.591944 	-57.751133 	-58.162448 	-57.507146 	-57.888788 	-60.617485 	-57.940461 	
10.183956 	-60.720677 	-57.100154 	-58.987405 	-57.257163 	-60.708664 	-58.436319 	-58.831688 	-58.106157 	
10.301633 	-55.975433 	-57.725735 	-58.769766 	-57.394622 	-59.190661 	-60.093618 	-61.712315 	-58.833237 	-57.427457 	-58.849320 	-59.574965 	-60.822855 	-57.640892 	-62.263404 	
