10.178337 	-0.874136 	-3.911620 	-6.626957 	-9.765165 	-8.608345 	-22.316009 	-29.864197 	-57.684816 	-61.270929 	-59.961746 	-57.213504 	-60.836279 	-57.041354 	-59.219265 	-58.047896 	-56.985425 	-57.335327 	
10.714950 	3.097314 	-2.313330 	-4.692349 	-13.382674 	-15.797010 	-17.193699 	-27.310047 	-40.876320 	-46.976701 	-49.024740 	-57.186344 	-59.368792 	-56.732711 	-58.013266 	-58.707064 	-58.156231 	-58.836136 	-58.129304 	-58.815212 	-59.568920 	-57.730671 	-59.014168 	-57.299148 	-57.947160 	
10.200121 	-10.082304 	-14.742228 	-19.481461 	-24.694231 	-24.528390 	-33.264606 	-50.111947 	-49.849833 	-54.499292 	-58.195730 	-60.231908 	-59.039304 	-57.263782 	-59.875020 	-59.335843 	-59.558444 	
10.270444 	4.927124 	-43.071583 	-53.601008 	-58.348661 	-59.310053 	-58.967783 	-57.444818 	-60.981763 	-56.817333 	-58.184671 	-63.520562 	-57.916374 	
10.310297 	3.544684 	-29.102456 	-37.883521 	-37.479964 	-43.260782 	-44.216700 	-49.773108 	-58.310107 	-57.441530 	-59.325716 	-56.931818 	-58.705746 	-57.852635 	-58.721136 	
10.051050 	2.207939 	-7.720234 	-53.732878 	-60.730771 	-58.058160 	-57.712398 	-61.666619 	-61.793772 	-58.131705 	-60.472461 	-57.385550 	-57.892113 	-58.621168 	
10.076016 	5.576196 	3.486072 	-13.376565 	-41.191787 	-48.673145 	-58.300900 	-58.466592 	-57.529182 	-60.694106 	-58.773879 	-59.835667 	-58.839499 	-59.270886 	-58.192696 	-58.158806 	-58.980406 	-58.270109 	-60.769581 	-58.919296 	-58.999360 	-57.800933 	-58.537263 	-59.189424 	
10.058432 	1.917629 	-31.218064 	-40.683064 	-58.658596 	-61.358860 	-59.632412 	-59.176253 	-58.657884 	-60.428389 	-57.726578 	-58.608739 	-59.294166 	-59.384334 	-57.659823 	-57.578174 	-58.643135 	-62.563470 	
10.111553 	-3.351256 	-9.765734 	-24.280223 	-35.992297 	-40.157466 	-46.024881 	-58.574628 	-56.379179 	-58.311236 	-58.613053 	-56.308563 	-57.950635 	-59.616798 	-57.588974 	-60.101373 	-58.855040 	
10.376635 	5.193515 	0.634929 	-11.312255 	-8.410287 	-10.735052 	-16.664845 	-26.626065 	-27.674584 	-32.531343 	-38.112743 	-40.248952 	-40.869374 	-47.688904 	-56.460496 	-54.672020 	
9.218302 	9.516105 	-2.627034 	-4.854136 	-8.805857 	-39.904422 	-49.748320 	-57.993187 	-58.700074 	-62.136173 	-58.385167 	-58.565835 	-57.983499 	-56.631734 	-58.414562 	-59.006773 	
10.556701 	-12.933127 	-26.642357 	-28.292681 	-45.198944 	-48.678054 	-52.105992 	-53.932357 	-52.955117 	-58.455116 	-58.700034 	-58.513601 	-57.441501 	-59.057677 	-56.888891 	-58.801942 	-58.674327 	-60.231192 	-59.618951 	-57.567795 	-57.474008 	-58.878623 	
10.361373 	5.790847 	-9.319228 	-15.306904 	-20.683977 	-22.155578 	-27.645450 	-32.750737 	-51.478479 	-54.283279 	-57.909028 	-60.376412 	-57.018257 	-57.664857 	-56.889903 	-58.186617 	-59.309106 	-58.007675 	
9.929770 	5.103476 	-0.785480 	-4.267849 	-8.306889 	-40.296959 	-51.501968 	-54.333577 	-58.015354 	-59.134052 	-61.529322 	-59.293895 	-58.946670 	-58.773667 	-57.925595 	-59.929186 	-59.307383 	-57.603086 	
10.070486 	6.468205 	-22.080353 	-23.329771 	-26.416638 	-27.427319 	-32.898845 	-39.807974 	-45.915102 	-50.106332 	-58.070424 	-58.194579 	-59.981877 	-59.962274 	-57.821283 	-57.426971 	-59.256278 	-56.829224 	
10.421345 	-2.453475 	-5.527238 	-3.975558 	-5.683052 	-13.554249 	-17.967730 	-25.333020 	-24.673567 	-23.826630 	-34.775245 	-37.654721 	-43.131571 	-44.697887 	-44.523171 	-46.410923 	-51.006252 	-53.034054 	-55.261783 	-55.766080 	-56.893215 	-57.159309 	-58.224085 	-56.320955 	-57.262746 	-57.766771 	-56.982809 	
10.203775 	6.518901 	-17.504321 	-25.709662 	-41.479218 	-42.807702 	-52.595526 	-59.719109 	-57.678561 	-59.423022 	-58.754995 	-59.595272 	-58.729576 	-57.315468 	-57.844785 	
9.895147 	6.921280 	-14.813711 	-21.489824 	-23.380132 	-34.775242 	-38.421434 	-40.263480 	-44.107916 	-48.410301 	-51.711853 	-55.409270 	-58.303133 	-58.661309 	-58.539502 	-58.456701 	-58.533150 	-57.553281 	-58.516942 	-59.240764 	-60.426976 	-57.592714 	-62.693853 	-59.096992 	
9.929675 	-19.345855 	-57.534824 	-59.517351 	-58.412781 	-57.054129 	-57.928216 	-57.446187 	
10.069721 	-1.051003 	-16.951758 	-17.141237 	-21.217277 	-33.201585 	-42.127668 	-45.952817 	-46.213696 	-58.269376 	-57.518475 	-57.865577 	-57.471729 	-58.238330 	-59.125018 	
