10.219214 	-4.836582 	-22.943774 	-22.815220 	-37.668429 	-48.295515 	-50.888135 	-55.791622 	-55.770915 	-58.010904 	-58.125622 	-58.120537 	-58.727325 	-57.542719 	-58.959547 	-57.667480 	-59.757852 	-58.557154 	-56.774074 	-57.960517 	
9.747304 	-6.299664 	-4.345751 	-5.059665 	-17.655180 	-18.369784 	-21.098728 	-24.259712 	-24.864507 	-43.941379 	-49.013366 	-52.570567 	-57.117422 	-56.988666 	-58.395542 	
10.200780 	6.349652 	-9.780679 	-20.817780 	-28.324010 	-34.325737 	-44.125386 	-49.599484 	-52.177675 	-54.909703 	-57.023808 	-55.250460 	-55.258628 	-57.699719 	-57.881023 	-60.082275 	
10.188623 	-23.825070 	-28.452071 	-43.682550 	-42.327852 	-47.340439 	-50.212827 	-50.174730 	-53.268234 	-59.250637 	-57.239114 	-56.997488 	-56.737939 	
10.386255 	-23.830653 	-25.460723 	-30.315094 	-39.104445 	-41.456853 	-59.559131 	-58.185126 	-57.792912 	-57.347196 	-58.853410 	-59.045293 	-57.479972 	-60.771346 	-59.389953 	-58.458386 	-59.738641 	-57.575796 	
9.747362 	-13.307162 	-14.752221 	-17.844409 	-21.393108 	-24.695102 	-30.441515 	-43.078153 	-58.330230 	-60.725023 	-59.986747 	-62.734859 	-58.282905 	-60.627721 	-60.462159 	-61.500314 	-59.927214 	-59.221224 	-60.931570 	-59.248178 	-58.261467 	-60.287178 	-61.004128 	-59.695965 	-59.704224 	-58.618813 	-58.603171 	
9.605396 	9.663115 	-5.940191 	-24.300037 	-28.470450 	-31.707847 	-56.332016 	-58.674239 	-59.894963 	-59.469505 	-59.361778 	-59.677563 	-60.855421 	-59.958794 	-58.164883 	-59.229009 	-59.001598 	-59.209000 	-60.104731 	-58.712998 	-58.729024 	-58.669602 	-58.385595 	-59.295607 	-62.544986 	-58.350667 	
10.137685 	-0.135589 	-3.614271 	-18.951667 	-44.401412 	-59.566190 	-58.161023 	-58.327505 	-60.184238 	-58.776700 	-59.205241 	-58.111768 	-59.243532 	-59.654219 	-58.538456 	-57.428877 	-62.009488 	-59.266197 	
10.168118 	6.091035 	-10.692022 	-19.973494 	-19.064418 	-21.211977 	-22.405117 	-25.500826 	-23.557109 	-27.265637 	-22.011289 	-25.917725 	-24.127326 	-24.283119 	-23.593632 	-26.401479 	-28.158090 	-29.396945 	
9.891626 	-30.692201 	-33.052451 	-41.375278 	-50.100189 	-57.862741 	-59.257340 	-58.060772 	-58.796320 	-58.324869 	-59.924386 	-59.474730 	
9.967064 	3.354379 	-6.447920 	-9.997763 	-8.377651 	-12.648123 	-12.414347 	-14.291616 	-15.981389 	-18.756457 	-18.995770 	-24.085708 	-30.942013 	-30.815411 	-32.823382 	-37.223994 	-35.244311 	-36.104704 	-38.628987 	-36.537434 	-41.612176 	-40.234767 	-40.834526 	-41.982970 	-41.841149 	-43.111704 	-45.422646 	
10.118612 	-7.696431 	-12.523152 	-31.124305 	-39.883068 	-46.048391 	-58.522033 	-57.762258 	-57.621412 	-63.180033 	-58.072962 	-57.997150 	-59.382565 	-58.674974 	-59.020907 	-58.414388 	-58.001053 	-59.249087 	
10.324338 	-24.661750 	-26.593094 	-35.316114 	-35.067448 	-36.024163 	-40.732634 	-43.494713 	-48.565874 	-48.506742 	-51.843446 	-51.659401 	-58.296692 	-54.474071 	-55.046494 	-55.044023 	-56.433521 	-57.113763 	-56.992558 	-57.302988 	-57.715491 	-56.651608 	
10.130223 	-5.946632 	-13.633379 	-33.139234 	-38.695175 	-48.796727 	-58.665224 	-58.606478 	-58.775716 	-57.998683 	-56.937353 	-58.774263 	-59.078418 	
9.970945 	-5.912469 	-16.214851 	-31.696251 	-44.417819 	-52.430310 	-56.236740 	-57.313345 	-56.867480 	-56.064225 	-57.805370 	-57.559069 	
10.382603 	8.427369 	-12.831752 	-17.102769 	-20.332971 	-25.029149 	-25.995378 	-32.192064 	-53.643396 	-59.414272 	-57.800683 	-57.290347 	-59.743110 	-60.177044 	-61.694963 	-58.270276 	-58.049756 	-58.605307 	-59.158674 	
10.139706 	-7.495413 	-21.733303 	-33.396664 	-33.909111 	-41.019817 	-50.928218 	-62.729085 	-57.250220 	-57.965243 	-58.876869 	-57.686656 	
10.167991 	-1.536114 	-38.541762 	-41.923880 	-58.097487 	-57.563474 	-58.961221 	-58.938821 	-58.270551 	-58.691776 	-62.006761 	-60.117704 	-58.321445 	-58.691320 	
10.077368 	0.176752 	-13.146652 	-20.629580 	-21.940957 	-30.521919 	-34.201302 	-35.846455 	-38.148415 	-40.191987 	-55.218792 	-57.615894 	-58.419918 	-57.990740 	-57.527693 	-57.356553 	-58.237763 	-58.380166 	-60.005262 	-58.074288 	-58.391365 	-59.242411 	
10.117418 	4.506456 	-5.913566 	-6.845438 	-25.553840 	-28.533810 	-35.871619 	-46.668329 	-57.833313 	-58.467677 	-57.852620 	-57.874733 	-60.013158 	-56.925162 	-58.255280 	-59.265636 	-60.834429 	-58.487209 	-61.339777 	-57.909133 	-58.138040 	-58.813204 	
