9.858502 	-8.948779 	-8.992771 	-13.325985 	-17.548088 	-27.343460 	-29.556295 	-45.591070 	-49.123600 	-50.606140 	-51.788109 	-52.060783 	-53.426034 	-57.000772 	-59.305300 	-57.421429 	-59.223752 	-57.688312 	-56.852168 	-57.124652 	
9.931206 	4.928316 	2.126954 	-4.597033 	-13.675920 	-15.857108 	-26.549550 	-26.112051 	-30.797169 	-53.035560 	-60.972704 	-57.841790 	-60.695430 	-58.525626 	-57.001320 	-58.398779 	-59.725707 	-57.560323 	-58.724753 	
10.256469 	7.382361 	-41.338881 	-57.353736 	-59.393195 	-57.640273 	-61.517908 	-57.830593 	-56.991909 	-58.075148 	-57.604261 	
10.132530 	-6.552868 	-19.675430 	-27.977028 	-31.645894 	-39.091341 	-40.107613 	-58.740532 	-60.377281 	-57.678407 	-61.436828 	-59.157569 	-60.603699 	-58.317931 	-60.444310 	-58.309256 	-58.769072 	-57.821224 	-58.873484 	-58.618281 	
9.865250 	3.533985 	0.053851 	0.632022 	-1.913630 	-15.448463 	-19.072892 	-25.650118 	-59.679260 	-58.495467 	-59.470624 	-64.242184 	-59.222453 	-60.707238 	-58.683333 	-61.080878 	-58.041944 	-57.662064 	-58.723102 	-58.836357 	-59.146471 	
10.304345 	-18.178232 	-20.197709 	-32.451400 	-33.390347 	-34.585919 	-36.282401 	-58.299397 	-57.693460 	-62.708400 	-58.477814 	-57.590139 	-60.533731 	-58.201796 	-60.232362 	-59.445763 	-60.371702 	-59.376682 	-57.784669 	
10.133007 	5.461834 	-9.941625 	-20.355160 	-26.578323 	-36.147714 	-37.710231 	-39.416943 	-42.607315 	-42.912091 	-45.872178 	-47.950654 	-59.087564 	-58.337395 	-59.277796 	-57.725615 	-56.520249 	-57.498305 	-57.900185 	-57.375512 	-57.791352 	
10.175725 	2.762105 	-6.173721 	-8.202729 	-14.015968 	-20.224929 	-35.321572 	-57.881321 	-58.043766 	-59.512005 	-58.617085 	-64.157820 	-59.867831 	-58.499797 	-59.912702 	-59.919216 	-60.002663 	
9.865081 	-3.261634 	-15.635010 	-16.908513 	-33.207207 	-30.412835 	-31.892533 	-44.304240 	-58.428839 	-56.962541 	-59.462373 	-57.998217 	-57.972160 	-58.096683 	-59.194122 	
10.172953 	3.202802 	-5.002264 	-8.445558 	-19.137314 	-23.505636 	-24.392623 	-43.618173 	-46.373140 	-47.264966 	-51.853920 	-57.586842 	-57.469112 	-58.294417 	-58.113578 	-57.550197 	-57.158128 	-58.395762 	-57.490767 	
10.142400 	-6.002012 	-3.588514 	-16.778941 	-46.858807 	-51.664444 	-57.443095 	-59.119099 	-58.189892 	-57.769884 	-57.936793 	-57.402601 	-63.204083 	-58.766097 	-59.321376 	-60.442075 	
9.863230 	-14.807133 	-39.598828 	-42.248638 	-58.419770 	-58.364291 	-60.523844 	-59.001763 	-58.060381 	-59.885294 	-58.127001 	-59.056415 	-57.705658 	-60.095673 	
10.267673 	0.400704 	-5.588777 	-19.220412 	-30.466695 	-37.136947 	-39.059520 	-58.196542 	-58.493077 	-58.959642 	-58.435023 	-59.348989 	-58.660491 	-59.991190 	-59.602527 	-59.269998 	-58.782493 	-59.743254 	-58.757247 	-57.798039 	
10.314871 	-14.389404 	-16.420916 	-23.751750 	-39.837768 	-57.957203 	-63.605482 	-60.919992 	-57.851628 	-58.021705 	-59.174776 	-57.434274 	-60.228901 	-58.751435 	-59.648011 	-57.376720 	-59.901327 	-58.863062 	-57.911173 	
10.181796 	-10.734371 	-14.787974 	-21.442202 	-20.987289 	-27.911654 	-56.104534 	-56.350161 	-58.175565 	-57.399317 	-58.896815 	-59.658805 	-59.122637 	-58.350859 	-57.128908 	-60.839365 	-58.784783 	-57.695327 	
9.843582 	-9.972619 	-17.648992 	-16.375831 	-21.357955 	-28.207268 	-43.890507 	-58.017529 	-60.395896 	-58.794618 	-59.370069 	-58.199329 	-58.908107 	-58.764485 	-58.815017 	-62.088895 	-61.185534 	-58.923372 	-63.424283 	
10.489583 	0.845962 	-2.567995 	-6.489289 	-14.345905 	-15.122852 	-19.430899 	-18.562423 	-18.847024 	-20.561080 	-43.618135 	-52.831349 	-50.219246 	-49.058512 	-52.189399 	-53.678894 	-52.790938 	-54.485609 	-57.662216 	-54.165246 	-59.261226 	-55.200480 	
9.856102 	-4.035676 	-22.974319 	-26.685395 	-24.628229 	-25.406979 	-55.182543 	-57.899764 	-58.535710 	-60.798098 	-59.258813 	-59.724145 	-58.665041 	-59.651140 	-59.666600 	-60.591520 	-60.174172 	-59.321656 	-58.687876 	-59.150911 	-58.125925 	-61.597928 	
9.965309 	0.719365 	-3.707523 	-6.019967 	-8.664051 	-11.597887 	-23.166566 	-35.308321 	-56.173146 	-58.977444 	-58.434468 	-60.146317 	-59.455780 	-58.082220 	-61.147730 	-60.119667 	-60.135357 	-60.537605 	-59.657230 	-57.298641 	-57.627144 	
10.101085 	-1.704406 	-6.265148 	-9.040696 	-13.418113 	-18.240961 	-19.985917 	-40.690610 	-48.990974 	-53.694277 	-53.355831 	-59.416011 	-57.293006 	-59.023694 	-57.611148 	-57.306692 	-59.720524 	-60.328803 	-60.821517 	-61.725999 	-58.397421 	
