10.214486 	-6.860148 	-14.848938 	-17.694011 	-21.468960 	-19.462179 	-22.174237 	-27.489644 	-26.913153 	-32.037841 	-46.372187 	-54.623947 	-56.917828 	-58.053690 	-58.455470 	-57.921313 	-56.731956 	-59.494958 	-58.978440 	
9.512441 	7.851025 	-3.483085 	-8.101692 	-14.101568 	-20.797301 	-24.798321 	-30.927489 	-41.145132 	-52.442694 	-58.572561 	-58.572367 	-58.128279 	-58.742132 	-59.644424 	-61.614656 	-62.670013 	-60.242103 	-60.420800 	-58.628313 	-57.457584 	-59.843870 	-60.193549 	-62.026057 	-57.920366 	-58.899620 	-61.035346 	
10.444565 	-9.974250 	-13.867346 	-22.174001 	-42.640088 	-44.686108 	-58.398736 	-57.750020 	-57.760322 	-58.601462 	-57.929067 	-59.294676 	-58.224765 	-58.626267 	-59.176324 	-60.000764 	-60.501682 	-59.557858 	
10.149363 	2.560434 	-0.486962 	-11.933207 	-28.440306 	-24.228070 	-56.815947 	-58.462195 	-57.584663 	-58.477228 	-58.532458 	-58.660405 	-58.313966 	
10.534669 	-2.652959 	-19.319290 	-28.236004 	-34.403027 	-36.944457 	-59.505799 	-57.852706 	-58.709567 	-57.655987 	-58.472360 	-57.878770 	-58.123933 	-58.886182 	-56.677944 	-58.444842 	-60.155926 	
10.159261 	6.230867 	-1.342229 	-2.576016 	-10.128225 	-14.422041 	-25.478031 	-36.821481 	-59.303947 	-58.931789 	-59.306149 	-57.481994 	-58.092748 	-59.314833 	-58.931953 	-58.123411 	-57.783474 	-59.284414 	
10.442413 	2.233140 	-9.509081 	-6.118253 	-5.283999 	-7.775508 	-9.391100 	-13.610365 	-16.736792 	-20.506606 	-20.990679 	-25.825478 	-29.381384 	-29.342806 	-33.718908 	-36.994121 	-38.820458 	-41.259520 	-43.348598 	-48.903652 	-49.001523 	-48.631618 	-51.110114 	-51.283691 	-57.369017 	-57.216569 	-57.391684 	
10.053135 	3.866664 	-10.999941 	-30.959851 	-32.650591 	-36.627217 	-37.766800 	-38.356277 	-57.964293 	-57.860184 	-59.838526 	-58.676580 	-61.992290 	-60.626796 	-61.030762 	-57.442955 	-57.014642 	-58.902549 	-57.391316 	-57.836878 	-59.247573 	
9.989755 	-10.702421 	-13.275004 	-15.543373 	-39.135801 	-46.757803 	-45.898102 	-47.814590 	-47.507136 	-58.260267 	-60.218772 	-59.862439 	-58.369307 	-58.445015 	-59.546066 	-59.503738 	-57.758394 	-56.773957 	-57.139113 	-58.414394 	-59.720888 	-61.617824 	
10.161983 	5.648954 	-6.132983 	-12.815020 	-14.259056 	-45.986244 	-45.761186 	-53.538875 	-57.161709 	-56.195393 	-56.642923 	-57.149125 	-56.655209 	-58.600763 	-58.836807 	-57.792520 	-59.943451 	-59.394312 	
10.189286 	-25.438257 	-55.863837 	-61.190188 	-61.785077 	-59.827096 	-57.750621 	-58.783502 	-57.656693 	-57.224739 	
10.016190 	5.611471 	3.088754 	-34.682325 	-37.582135 	-45.637595 	-49.175675 	-50.690218 	-57.589533 	-58.509894 	-61.316335 	-59.021104 	-58.754602 	-61.014375 	-57.653031 	-57.211549 	
9.927603 	-3.439522 	-21.636342 	-25.764247 	-24.802848 	-30.081907 	-36.589359 	-40.804989 	-40.803128 	-44.350602 	-44.884051 	-48.873223 	-49.406542 	-52.778471 	-56.576708 	-56.738119 	-55.980795 	-55.078701 	-55.710404 	
10.130996 	4.160912 	-11.812273 	-23.268461 	-58.814085 	-59.309418 	-57.911474 	-59.246042 	-59.193887 	-58.021761 	-58.111621 	-59.796577 	-58.712755 	-58.339553 	-57.292720 	
10.436879 	5.080845 	-27.589511 	-31.699989 	-34.435076 	-43.044885 	-54.274133 	-55.755356 	-57.592294 	-58.817662 	-56.629362 	-57.403085 	-56.906529 	
10.309226 	-4.486384 	-19.017054 	-19.728541 	-29.348547 	-36.216587 	-42.218165 	-43.140062 	-43.114768 	-46.991187 	-56.975570 	-56.310507 	-56.153304 	-56.173131 	-59.458299 	-58.592829 	
10.383328 	-0.889490 	-14.468472 	-19.575073 	-27.967462 	-38.164246 	-37.614773 	-47.534958 	-46.151151 	-53.545199 	-55.634545 	-57.501042 	-56.727220 	-55.685919 	
10.095209 	5.986615 	-4.773009 	-4.130728 	-6.776863 	-21.381284 	-27.300597 	-39.440374 	-42.421263 	-42.801841 	-47.828535 	-51.244078 	-56.113663 	-59.890467 	-55.511284 	-59.019883 	
10.134268 	-27.907745 	-29.351402 	-37.283190 	-57.996747 	-58.715801 	-57.837547 	-57.493025 	-60.250412 	-58.150865 	-58.003831 	-58.699852 	-57.902582 	-58.391358 	-60.730503 	
9.922625 	9.204711 	-0.600571 	-31.116609 	-35.157333 	-57.745791 	-57.953205 	-59.236314 	-59.665476 	-59.286997 	-57.905889 	-60.808542 	-59.831876 	-58.009483 	-61.807277 	-58.417839 	-58.794200 	-61.393001 	-58.878810 	-60.721490 	-60.147554 	-59.832877 	-57.826148 	
