10.490439 	3.813951 	-1.773078 	-6.996295 	-12.502459 	-16.497750 	-24.237031 	-28.522857 	-35.504551 	-36.481043 	-42.656033 	-40.259015 	-46.790274 	-54.437951 	-55.083502 	-55.837370 	-60.086096 	-58.969764 	-56.457856 	
9.999890 	-2.380011 	-2.584286 	-5.507366 	-5.423912 	-4.685469 	-14.065367 	-17.698051 	-23.202362 	-20.955401 	-25.519797 	-23.404481 	-28.321908 	-35.977193 	-36.117437 	-40.015852 	-37.708332 	-38.653392 	-40.740485 	-41.392007 	-47.164897 	-49.551200 	-50.245081 	-51.702557 	-52.696453 	-51.912640 	
10.012361 	-0.814234 	2.169533 	1.455765 	1.931746 	-3.976737 	-6.590817 	-7.572281 	-11.784078 	-16.193757 	-16.956213 	-17.577673 	-20.002628 	-19.758203 	-21.931434 	-22.518625 	-20.861516 	-21.273754 	
9.972804 	-11.247225 	-13.925725 	-14.099364 	-36.667482 	-39.728522 	-41.047991 	-40.270334 	-47.456225 	-45.634583 	-45.264945 	-46.279125 	-47.708668 	-48.219702 	
10.326387 	-6.881662 	-9.879277 	-9.759019 	-15.036741 	-23.021015 	-26.628409 	-40.093127 	-40.846216 	-46.110630 	-50.272444 	-48.458921 	-55.779515 	-56.061209 	-56.087828 	-56.509441 	
10.037726 	6.832083 	-0.848558 	-1.290676 	-5.182125 	-22.599154 	-25.550039 	-34.709992 	-40.517595 	-39.738269 	-43.035556 	-45.682390 	-48.270188 	-47.433589 	-48.757306 	-58.990504 	-57.583427 	-56.755829 	
9.767745 	4.360813 	-3.413005 	2.569741 	-0.013249 	-0.449659 	-2.491897 	-2.073925 	-7.590453 	-10.815845 	-8.079833 	-8.462158 	-9.691213 	-12.412010 	-9.689300 	-11.035062 	-12.612987 	-12.997849 	-17.584360 	-14.206381 	
10.111420 	1.329637 	-2.005073 	-2.631916 	-2.679950 	-11.120722 	-15.317669 	-15.716671 	-25.007977 	-25.106567 	-28.436638 	-57.391065 	-56.263739 	-56.326684 	-57.903753 	-56.983659 	-57.636158 	-58.209282 	-58.043067 	-56.758746 	
10.128549 	4.526549 	2.480683 	-0.612136 	0.970494 	-1.889697 	-10.711284 	-11.544813 	-13.580176 	-28.783061 	-32.088413 	-34.482615 	-40.818938 	-41.037267 	
10.601732 	1.944173 	-3.556121 	-4.362219 	-9.831231 	-11.595804 	-20.874102 	-27.928536 	-39.352627 	-45.560706 	-46.675922 	-58.004599 	-54.953255 	-59.369598 	-56.300699 	-57.136777 	
10.353708 	-14.189563 	-17.130708 	-26.777693 	-31.246670 	-58.618641 	-56.137826 	-61.008210 	-60.608492 	-55.991809 	-57.999128 	-58.480484 	
10.455360 	3.687037 	-6.273430 	-15.667718 	-16.586022 	-23.882032 	-28.684699 	-27.041402 	-29.112982 	-27.130093 	-30.513317 	-33.364103 	-32.509489 	-35.910871 	-35.507473 	-36.158439 	-38.338814 	
9.993038 	-4.268523 	-18.043745 	-21.163684 	-27.089108 	-39.495513 	-44.154905 	-59.676337 	-59.232888 	-57.545491 	-62.225084 	-57.902100 	-60.695645 	-57.486184 	-57.004464 	-58.720645 	
10.050581 	4.097581 	-1.103825 	-3.563760 	-10.045431 	-23.076106 	-32.679684 	-34.497004 	-37.151570 	-39.711808 	-40.399757 	-42.714111 	-45.364133 	-47.327288 	-49.481379 	
10.333092 	-12.023866 	-13.676847 	-15.024736 	-22.010772 	-26.853163 	-51.183885 	-58.189312 	-58.608719 	-58.543569 	-60.533832 	-57.890273 	-60.717813 	-58.238667 	-58.625045 	-64.523847 	-58.802378 	-59.671430 	-58.130710 	-57.293832 	
10.035133 	1.894063 	-2.454966 	-8.974931 	-10.301267 	-11.468667 	-17.034992 	-23.807531 	-28.118408 	-31.420226 	-31.106381 	-36.163005 	-41.565332 	-42.118998 	-47.592348 	-54.002529 	-54.867660 	-54.581726 	-56.092702 	-56.648669 	-57.803132 	-57.654667 	-57.406529 	-59.272037 	-57.397458 	-58.781368 	
9.944973 	4.360950 	-6.386187 	-7.332758 	-11.420562 	-9.957246 	-13.157961 	-13.385160 	-20.085534 	-20.244946 	-23.003660 	-22.772323 	-23.696773 	-24.815330 	-23.500399 	-26.787243 	-29.296791 	-26.506496 	-30.515933 	-27.993467 	-28.409488 	-30.446952 	-29.756653 	-32.277197 	-34.834629 	
9.857594 	-13.729818 	-11.627747 	-16.009280 	-19.065753 	-22.036059 	-23.403372 	-27.573505 	-32.803309 	-32.588630 	-38.099408 	-43.419430 	-42.690265 	-43.309036 	-43.603987 	-44.416066 	-46.203655 	-50.024818 	-57.663842 	
9.871816 	1.784619 	1.474607 	-1.427499 	-12.766647 	-18.299019 	-17.112304 	-30.569586 	-35.214399 	-33.678756 	-37.943794 	-40.329194 	-37.989625 	-39.820619 	-41.009806 	-44.585473 	-45.306873 	-49.793192 	
10.453409 	2.554461 	2.434354 	0.158135 	0.812841 	-3.808376 	-5.152463 	-6.053248 	-19.198132 	-20.784777 	-22.195519 	-24.677057 	-27.536188 	-27.604979 	-30.513737 	
