10.212556 	-30.153274 	-45.624174 	-47.174983 	-50.899787 	-57.123942 	-59.282968 	-59.655753 	-59.009832 	-60.172924 	-58.228840 	-59.321460 	-61.154176 	-59.093646 	-57.967540 	-58.913767 	-57.535163 	
10.176212 	-1.590793 	-8.306080 	-8.481577 	-11.935304 	-38.774885 	-58.098603 	-58.437143 	-61.149630 	-59.233251 	-57.160262 	-61.286920 	-58.709126 	-60.759286 	-58.557674 	-57.873757 	-59.832408 	-62.964569 	-58.797309 	-58.328934 	-58.289860 	
10.557237 	1.085050 	-10.216965 	-58.879520 	-58.985113 	-57.617848 	-58.486908 	-58.821494 	-58.825711 	-58.608477 	-58.024721 	-60.684584 	-58.500180 	-57.050931 	-60.576544 	-57.846338 	
10.171998 	-3.939161 	-20.449972 	-47.294966 	-55.294396 	-56.397665 	-60.273042 	-57.241547 	-58.694076 	-57.247336 	-58.048364 	-58.074816 	-58.963493 	-59.293260 	
10.345621 	0.860011 	-8.255475 	-19.448609 	-28.054717 	-39.707633 	-39.464451 	-58.294957 	-59.932564 	-58.099920 	-59.715343 	-58.494605 	-58.138742 	-57.991155 	-58.877091 	-57.917150 	-59.896004 	-57.830677 	-59.105244 	-59.023906 	-58.235264 	-59.164843 	
10.369225 	5.579669 	-12.127411 	-12.979808 	-14.593450 	-20.078217 	-23.262998 	-31.025097 	-59.724376 	-57.397895 	-59.646977 	-60.304722 	-59.650157 	-59.315302 	-58.404656 	-58.143650 	-58.033436 	-58.865515 	-61.269484 	-58.078969 	-58.460968 	-59.997586 	
10.429788 	-0.806791 	-57.526826 	-58.842628 	-57.750050 	-58.533590 	-59.111660 	-60.584136 	-60.980723 	-57.649238 	-58.364838 	-59.001685 	-59.095416 	-58.337630 	-57.546707 	-57.159589 	-59.644534 	-58.070373 	-59.645421 	
10.381028 	-11.728329 	-61.549043 	-59.233522 	-57.424965 	-62.922278 	-57.239844 	-61.468421 	-60.486915 	-57.898952 	-58.508963 	-58.890136 	-58.539354 	-61.234015 	-60.161562 	-59.171510 	
10.292371 	-0.802800 	-2.065992 	-18.096051 	-55.456806 	-58.774367 	-59.152764 	-60.564141 	-59.780183 	-58.170763 	-59.015292 	-59.613393 	-61.429470 	-61.078155 	-59.142429 	-57.334699 	
10.266651 	-4.303517 	-9.561223 	-16.149864 	-21.294356 	-22.463607 	-31.901886 	-34.518346 	-53.519421 	-57.654946 	-57.471812 	-58.773082 	-58.402396 	-57.902228 	-59.474440 	-58.178998 	-61.035393 	-58.158339 	
9.979740 	0.516845 	-18.934012 	-30.649477 	-33.771454 	-42.096118 	-44.441918 	-49.760072 	-58.897192 	-58.280557 	-59.246041 	-58.034667 	-59.953812 	-57.341162 	-58.351656 	-59.346951 	-60.169145 	
10.267035 	3.461110 	2.797521 	-1.343122 	-5.360042 	-10.546208 	-15.183480 	-20.614591 	-24.128056 	-34.282998 	-40.754293 	-44.789173 	-57.004532 	-59.530130 	-57.390009 	-57.940602 	-58.066008 	-57.593621 	-59.048861 	-59.042385 	-59.110936 	-61.252679 	-57.415306 	-58.661056 	-60.698543 	-57.532730 	-62.421474 	
10.347611 	-1.325428 	-2.087910 	-28.006855 	-30.701364 	-37.720701 	-53.648474 	-56.688095 	-59.292865 	-58.116446 	-58.535705 	-57.610231 	-57.195311 	-61.135374 	
10.061228 	-13.043948 	-24.195220 	-47.702733 	-58.508160 	-58.870727 	-59.239652 	-58.441209 	-58.796071 	-57.823518 	-58.370884 	-60.474794 	
10.211251 	-17.957353 	-32.266719 	-42.961188 	-43.494947 	-58.985978 	-57.862281 	-61.804963 	-57.879462 	-57.379986 	-57.813040 	-57.634835 	-59.676421 	-58.147211 	-58.043043 	-58.843560 	-58.021507 	
10.468486 	-2.814303 	-8.623489 	-13.810645 	-12.810400 	-17.782315 	-47.440636 	-57.479250 	-56.630016 	-58.728912 	-59.032128 	-58.074030 	-61.380641 	-59.635344 	-60.340085 	-59.203313 	-57.083373 	-59.717457 	-57.056554 	
10.583500 	-16.092017 	-37.985623 	-58.795628 	-56.887838 	-59.191420 	-57.082555 	-58.225290 	-60.569185 	-59.358783 	-58.721865 	-57.031116 	-57.170566 	-57.293311 	-59.579772 	-59.654714 	-57.458973 	
10.070809 	6.529769 	-3.567486 	-4.588628 	-7.982046 	-20.016869 	-40.921841 	-59.639580 	-58.784563 	-58.283413 	-57.762705 	-57.891635 	-57.804199 	-60.033281 	-59.281579 	-57.638584 	-59.753471 	
10.019738 	0.578764 	-9.708484 	-10.990249 	-23.851762 	-31.367601 	-51.990723 	-56.768158 	-58.998028 	-58.042937 	-62.676641 	-58.236237 	-57.883592 	-56.850275 	-58.537246 	
10.420608 	5.366564 	-36.759275 	-57.776715 	-60.801025 	-58.856387 	-56.846290 	-58.013932 	-58.307072 	-60.485672 	-59.295090 	-58.685624 	-60.903716 	-57.295948 	
