10.084730 	-3.665596 	-16.693721 	-58.211160 	-59.319511 	-59.147512 	-57.325633 	-58.930947 	-58.620610 	-58.049467 	-59.539750 	-59.335851 	-59.013026 	
10.558477 	-4.862698 	-6.438768 	-11.406138 	-11.993173 	-16.849789 	-14.830063 	-18.624871 	-18.905505 	-54.347503 	-57.677566 	-54.694504 	-55.867251 	-57.502914 	-56.065956 	
9.931412 	-0.904280 	-5.707286 	-28.311601 	-27.314961 	-50.696683 	-58.203075 	-57.606936 	-59.736593 	-59.674967 	-57.906902 	-58.249441 	-59.310009 	-59.069832 	-58.985761 	-60.753345 	-59.904497 	-59.016035 	-60.177527 	
10.329471 	3.508900 	-2.567726 	-5.025811 	-12.918912 	-12.086166 	-19.467928 	-21.718986 	-24.569860 	-31.810711 	-32.493652 	-32.050287 	-33.579949 	-37.208604 	-39.369889 	-47.824659 	-46.175157 	-47.236197 	-55.536675 	-57.070582 	-56.272733 	-58.321504 	-58.745586 	-60.601285 	-56.652263 	
10.089916 	1.653105 	1.825652 	-37.630870 	-56.621650 	-58.502611 	-59.574269 	-58.663296 	-61.453256 	-57.478924 	-58.822043 	-58.379461 	-59.889659 	-57.031792 	-60.179605 	-59.571619 	-58.470528 	-58.320097 	-62.493065 	-58.947005 	-60.712017 	
10.024478 	-9.637043 	-27.357933 	-26.982147 	-34.008626 	-38.405263 	-42.403099 	-42.574541 	-47.393686 	-57.695371 	-59.218943 	-58.990027 	-65.151693 	-59.024262 	-57.320236 	-57.648925 	
10.388569 	-4.000432 	-13.077726 	-21.192758 	-30.522807 	-38.940941 	-41.985549 	-50.780146 	-49.546580 	-49.852416 	-60.635453 	-62.125303 	-57.711958 	-57.364486 	-58.802966 	-57.148081 	-57.561671 	-61.142355 	-58.840799 	-58.207689 	
10.485756 	5.050475 	-4.612177 	-30.737396 	-44.619125 	-61.260076 	-60.034420 	-57.437692 	-59.549146 	-58.223064 	-57.061071 	-58.438793 	-59.319634 	
10.496541 	-2.182433 	-7.797521 	-10.319977 	-11.467483 	-20.084161 	-32.895630 	-50.940931 	-52.473089 	-51.271304 	-54.624112 	-55.725508 	-58.509296 	-58.033701 	-57.887068 	-57.481462 	-56.906623 	-58.436086 	-56.825771 	-57.377200 	
10.371397 	-21.819287 	-29.937895 	-42.775600 	-56.631267 	-57.011423 	-57.232995 	-62.059535 	-56.343199 	-59.015570 	
10.011861 	-6.382806 	-9.630317 	-15.421581 	-16.257265 	-39.873558 	-41.527497 	-43.244168 	-59.277598 	-60.278078 	-58.038219 	-60.552106 	-59.896664 	-57.176993 	-60.406132 	-58.068455 	-58.865709 	-60.244371 	-58.810081 	-60.104596 	-58.266782 	-59.047180 	
9.994913 	0.055966 	-7.916481 	-26.471365 	-59.522704 	-60.296912 	-58.179108 	-57.454686 	-60.490411 	-59.707573 	-59.385444 	-59.091558 	-57.311181 	-60.563185 	
10.423562 	-6.503641 	-6.005948 	-11.711513 	-41.499356 	-60.039966 	-58.248934 	-58.341658 	-59.365383 	-58.511481 	-59.367689 	-59.935920 	-58.003700 	-58.340934 	-60.286359 	-58.418936 	-57.931396 	-60.525484 	-59.291572 	-58.588976 	
9.930691 	8.143970 	2.587069 	-21.044548 	-29.726506 	-47.641917 	-62.569059 	-60.938522 	-59.514709 	-59.781859 	-58.347142 	-58.178908 	-58.683330 	-58.368276 	-60.271637 	-57.744268 	
10.180460 	-1.428426 	0.055837 	-16.239350 	-57.911327 	-59.940489 	-59.939655 	-58.194929 	-58.786246 	-58.712897 	-57.599185 	
10.138087 	1.293545 	1.170214 	-8.328452 	-15.143789 	-27.134873 	-33.692952 	-35.460811 	-36.318707 	-36.653131 	-39.280413 	-38.815567 	-44.857049 	-50.869099 	-56.352573 	-58.773820 	-56.880469 	-57.125664 	-56.138821 	-57.823306 	-58.396386 	-58.324634 	-59.527200 	-57.343107 	
10.372928 	-12.235461 	-25.887579 	-29.233958 	-32.538934 	-37.606544 	-57.929830 	-58.609317 	-57.662680 	-59.321288 	-63.221819 	-58.058903 	-61.595928 	-56.699096 	-59.546516 	-58.257684 	-59.237843 	
9.798107 	2.873198 	-8.612727 	-8.628834 	-9.669159 	-8.982603 	-27.033145 	-26.753603 	-31.044146 	-50.356543 	-58.991146 	-58.527509 	-59.308037 	-59.799805 	-59.453583 	-58.523243 	-57.805385 	-59.532972 	
10.271573 	-6.659428 	-7.527480 	-25.841606 	-27.895904 	-35.664312 	-41.264455 	-41.964749 	-50.646468 	-57.572755 	-56.779021 	-58.439525 	-57.508901 	-58.714708 	-57.900358 	-56.615663 	-57.218905 	-58.414074 	-57.096068 	-57.218035 	-56.997843 	-58.907122 	
9.972818 	-20.238918 	-33.585411 	-33.318612 	-32.064640 	-44.765126 	-59.225389 	-59.276649 	-58.740714 	-58.707905 	-58.028328 	-58.032270 	-58.888833 	
