10.194087 	-20.783174 	-34.834515 	-43.754492 	-53.831348 	-59.214485 	-61.234094 	-57.083511 	-59.108157 	-60.657909 	-59.464953 	-57.511532 	-58.796942 	-57.232449 	-59.267166 	-58.240711 	-58.826224 	
10.182290 	-6.611805 	-16.243655 	-31.714801 	-37.253012 	-34.843574 	-41.239993 	-52.365199 	-58.198722 	-57.541020 	-58.904930 	-58.138442 	-58.049077 	-57.693438 	-59.298155 	
10.360574 	1.324037 	0.204378 	1.097487 	-2.175537 	0.143649 	-23.253936 	-29.940269 	-37.154884 	-36.582716 	-57.130755 	-58.502075 	-57.617814 	-60.786232 	-58.630089 	-59.592957 	-57.029388 	-60.571383 	-59.145050 	-62.475827 	-65.731199 	
10.337748 	-30.407345 	-35.506638 	-58.828234 	-58.379007 	-59.509990 	-59.543546 	-58.262985 	-59.013149 	-63.478629 	-59.205291 	-57.777827 	-58.289678 	-57.702094 	-58.463473 	
10.351035 	-45.215238 	-62.534224 	-58.452856 	-60.175877 	-60.330466 	-59.082122 	-57.185489 	-59.465314 	-58.223534 	-59.382845 	-57.277349 	-59.381805 	-58.250574 	-57.654467 	-60.045610 	-58.073201 	
9.221213 	9.333818 	-11.711602 	-44.472884 	-52.179889 	-55.377267 	-58.898917 	-58.292759 	-60.088694 	-60.082990 	-59.992056 	-63.711029 	-59.702653 	-59.406430 	-59.296453 	-59.374683 	-65.870701 	-60.280012 	-57.630877 	
10.216386 	-10.402457 	-18.525453 	-31.642954 	-38.186973 	-58.153308 	-60.065851 	-59.172985 	-57.906377 	-60.024051 	-58.973530 	-60.328627 	
9.979695 	8.659657 	-1.667667 	-2.857001 	-14.235069 	-14.479340 	-32.841258 	-35.395993 	-37.267754 	-39.920515 	-59.342358 	-58.233170 	-58.841964 	-58.539477 	-63.690983 	-59.768000 	-59.805950 	-59.643412 	-58.750341 	-58.762504 	-58.372848 	-58.678516 	-59.657816 	-58.532057 	-58.831721 	-60.973730 	-58.414644 	
9.969811 	-18.876006 	-30.639426 	-57.809367 	-58.661628 	-58.892459 	-59.032649 	-59.435071 	-58.887635 	-60.897320 	-59.658949 	-57.937328 	-60.021702 	-63.026366 	-59.973655 	-59.410284 	-58.366609 	-59.720352 	-58.887034 	-58.268551 	
9.801935 	7.636101 	-3.924234 	-57.745789 	-59.464191 	-58.513156 	-58.980984 	-58.992871 	-58.396216 	-58.369311 	-60.232739 	-58.612918 	-60.192140 	-58.873154 	-60.572849 	
10.224784 	-58.046834 	-58.878873 	-58.763296 	-58.419817 	-57.692069 	-59.401583 	-59.839862 	-60.601154 	-57.225617 	-58.652872 	-58.651495 	-58.710499 	-57.677752 	-58.203741 	
10.526629 	3.369865 	-2.310688 	-51.870843 	-61.014193 	-60.612517 	-57.758493 	-58.764430 	-59.823246 	-58.742192 	-57.818361 	-57.563454 	-62.810056 	-59.431488 	-61.485523 	-58.118617 	-58.788213 	-57.665975 	
9.920297 	-23.808473 	-53.512905 	-55.248110 	-58.515692 	-57.811551 	-58.834874 	-59.296432 	-57.911962 	-57.351208 	
9.619940 	5.004351 	-42.506424 	-58.521668 	-60.681639 	-60.572898 	-59.338764 	-59.234420 	-59.200504 	-59.722170 	-59.146521 	-61.039588 	-60.330142 	-59.118189 	-59.051593 	-59.796026 	-60.227605 	-59.682269 	-59.203611 	
10.178704 	-5.453650 	-6.127867 	-15.159516 	-32.677647 	-58.738718 	-59.071471 	-57.875249 	-57.358285 	-60.731433 	-57.833968 	-58.974654 	-59.109285 	-59.133553 	-58.733923 	-59.068899 	-59.898210 	
10.106597 	-2.896366 	-4.920530 	-17.960589 	-35.198930 	-38.325011 	-58.334508 	-58.450832 	-57.978858 	-57.551745 	-59.549577 	-58.429933 	-58.780444 	-57.700430 	-57.571183 	-59.305608 	-62.488902 	-58.050661 	-61.180255 	
10.275826 	1.233738 	-19.434535 	-19.815011 	-29.045540 	-57.074944 	-57.894018 	-57.621388 	-57.758672 	-59.497001 	-59.243800 	-59.194110 	-59.070745 	-58.641989 	-59.100996 	-58.548405 	-58.309910 	-59.644622 	-57.998865 	-59.886914 	
10.571541 	4.479044 	-0.461408 	-6.586811 	-20.447133 	-26.277491 	-57.318641 	-56.892117 	-59.572949 	-57.849785 	-57.655777 	-56.754568 	-56.958999 	-57.228012 	
10.338333 	-4.675782 	-44.124025 	-60.364087 	-58.880817 	-60.504776 	-60.920678 	-61.411514 	-58.423549 	-59.696167 	-60.820698 	-58.506247 	-58.103113 	-61.243712 	-59.147802 	-60.300588 	-65.437998 	-58.308370 	-60.109759 	-59.061498 	-59.328916 	-59.344948 	-57.809115 	-59.482710 	-58.567924 	-59.309836 	-60.019219 	-59.036298 	
10.106787 	-0.523807 	-14.072951 	-23.895242 	-27.218779 	-29.165045 	-29.614097 	-31.610823 	-41.201323 	-40.944786 	-43.817186 	-56.632172 	-58.258811 	-59.498275 	-59.137253 	-60.329115 	-57.418835 	-59.313323 	-58.910399 	-58.982582 	
