10.350526 	3.056232 	-4.636134 	-4.870508 	-14.745071 	-33.430983 	-43.128114 	-48.941873 	-48.489892 	-48.086859 	-49.900711 	-58.034658 	-59.417355 	-58.467693 	-58.457649 	-58.194664 	-59.732242 	-61.057168 	-59.289127 	-59.014245 	-61.868370 	
10.268034 	-6.611782 	-20.789566 	-22.441127 	-58.726685 	-57.140405 	-59.622943 	-57.723729 	-58.350646 	-59.250253 	-58.205617 	-59.335744 	-57.255981 	
10.258649 	-8.483550 	-6.656651 	-7.425732 	-12.125589 	-35.445822 	-42.456862 	-53.593736 	-57.837917 	-57.449816 	-58.293517 	-61.114812 	-58.648667 	-58.312201 	-58.906418 	-59.201840 	-59.538682 	-62.124372 	-58.194268 	
10.131506 	-16.070102 	-17.834063 	-34.647584 	-59.036564 	-58.076618 	-60.919822 	-59.480267 	-59.938796 	-60.584967 	-58.280964 	-58.342480 	-59.509325 	-57.446438 	-59.814993 	-62.058947 	-58.324221 	-60.426125 	
10.285891 	-31.711329 	-60.785843 	-56.978503 	-56.661058 	-63.028225 	-56.729412 	-58.246998 	-61.445860 	-63.679259 	-61.156486 	-58.551368 	-59.978069 	-59.132558 	-57.741778 	-59.910386 	-58.810658 	
10.055519 	4.776320 	-26.039993 	-26.731157 	-60.253977 	-57.965889 	-59.235913 	-58.527765 	-58.900567 	-58.212340 	-63.024858 	-61.881209 	-57.957944 	-58.672490 	-58.990822 	-57.618669 	
10.447526 	1.080496 	-10.502494 	-12.289261 	-18.271914 	-40.488103 	-47.329731 	-62.236558 	-57.151137 	-58.823227 	-57.756928 	-57.044228 	-57.551324 	-58.663090 	-59.064022 	-61.710259 	
10.011921 	2.298178 	-8.925790 	-15.595689 	-25.171481 	-40.158567 	-44.754573 	-44.068823 	-52.832162 	-58.637099 	-59.305328 	-59.200711 	-57.404348 	-56.890151 	
10.241782 	-2.034739 	-15.535811 	-23.244294 	-42.726694 	-54.191479 	-58.270840 	-58.255402 	-57.070492 	-60.752345 	-58.241792 	-61.029802 	-57.930713 	-58.232933 	-58.337680 	-57.832632 	
10.330939 	-4.868611 	-22.599797 	-34.476972 	-41.873988 	-43.186213 	-51.929918 	-55.835975 	-59.260918 	-58.244542 	-58.658551 	-57.952014 	-58.454871 	-60.692512 	-59.820033 	-59.808863 	-58.843675 	-57.018186 	-58.352953 	-60.666105 	-59.658113 	-58.422562 	-58.991888 	
9.950900 	-0.811850 	-2.601741 	-15.522991 	-27.047843 	-43.678227 	-45.853223 	-58.274436 	-61.588347 	-59.058686 	-58.417434 	-58.958484 	-61.067558 	-60.924074 	-62.349693 	-58.261263 	-58.816004 	-59.020062 	-60.209727 	-58.383017 	
10.038017 	-6.151681 	-23.794899 	-25.510662 	-27.062653 	-27.781091 	-33.538310 	-35.083801 	-52.559680 	-54.312334 	-58.883739 	-59.555897 	-58.149503 	-60.705427 	-57.878683 	-59.900895 	-57.289926 	-60.564085 	-59.084913 	-59.904096 	-58.032334 	-58.568098 	
10.309298 	1.441958 	-7.589711 	-10.115445 	-11.655021 	-17.633539 	-57.817275 	-57.703242 	-57.651761 	-63.409867 	-58.754070 	-57.291427 	-58.055675 	-57.466684 	-58.081194 	
9.870644 	-12.731204 	-17.514208 	-20.824367 	-58.900371 	-60.217507 	-58.591278 	-59.747874 	-58.409303 	-59.828502 	-58.553652 	-57.420323 	-58.392003 	
10.375609 	-1.730769 	-39.992964 	-45.291614 	-55.115424 	-57.243909 	-59.138158 	-58.918851 	-60.104256 	-57.617102 	-57.952010 	-57.694024 	-59.785241 	-57.847537 	-59.448325 	-60.300994 	-60.498457 	-58.118495 	
10.694485 	-12.195577 	-32.634600 	-44.583743 	-49.687003 	-50.850900 	-53.097154 	-59.518932 	-57.542421 	-56.758129 	-57.891129 	-56.887402 	-57.723747 	-57.178935 	-61.227169 	-58.826828 	-57.749628 	-58.269995 	-59.539620 	-60.778699 	-59.272592 	
10.249787 	-17.249367 	-34.147296 	-54.285143 	-56.642442 	-59.383485 	-60.634951 	-59.172290 	-58.774441 	-58.566370 	-57.054624 	-60.646001 	
10.285537 	6.345275 	-56.593919 	-58.440549 	-58.200446 	-57.546192 	-58.401690 	-58.936268 	-59.929913 	-59.289820 	-59.463030 	-58.763072 	-60.239850 	-57.213987 	-60.023203 	-59.362935 	-57.627237 	
10.166922 	5.022387 	0.563090 	-13.642817 	-18.521326 	-43.689170 	-59.556819 	-58.088659 	-58.849467 	-58.413874 	-59.395081 	-58.829405 	-57.868792 	-59.440369 	
10.109792 	-0.609589 	-10.821294 	-25.342794 	-48.281021 	-47.384541 	-59.205541 	-57.749318 	-60.458438 	-59.273483 	-58.799506 	-57.780961 	-58.881324 	-58.651043 	-59.523895 	-58.785633 	-57.816823 	
