9.838440 	-3.112862 	-9.820434 	-14.558959 	-19.972250 	-21.233414 	-34.215480 	-49.849634 	-51.990614 	-55.975752 	-52.410632 	-57.080509 	-54.714532 	-59.889280 	-56.528999 	
10.261903 	0.530175 	-0.603489 	-5.271743 	-11.999056 	-18.998729 	-50.953640 	-52.948249 	-54.780910 	-57.435386 	-55.063962 	-57.697662 	-57.844184 	-58.234640 	-57.554367 	
10.012871 	0.073709 	-13.600639 	-20.621175 	-38.230144 	-42.174722 	-57.436595 	-62.584092 	-58.686579 	-57.487392 	-57.994617 	-58.614194 	
9.919412 	1.772867 	-6.483311 	-18.242589 	-24.499302 	-48.689054 	-54.343294 	-56.716290 	-57.161398 	-58.057118 	-58.151565 	-60.640529 	-58.516478 	-57.816775 	-59.818753 	-59.513876 	-58.960119 	-58.905484 	-59.584176 	-57.682456 	-58.969196 	-58.775381 	
10.405591 	2.128199 	-11.618208 	-12.462601 	-15.777366 	-42.980118 	-44.658936 	-58.548696 	-57.477773 	-60.906573 	-58.328832 	-57.425632 	-59.487347 	-57.965887 	-58.011268 	-59.828172 	-59.103413 	-58.726619 	-57.938889 	-57.418149 	-59.012200 	
10.243316 	-10.692790 	-59.809478 	-58.931878 	-57.709986 	-59.594336 	-58.934088 	-59.738950 	-57.433884 	-57.666077 	
9.827542 	1.982671 	-4.351386 	-30.378231 	-59.971488 	-59.166479 	-59.930034 	-59.744812 	-60.595756 	-59.156374 	-61.083061 	-58.437920 	-58.331981 	-57.340242 	
10.220378 	0.877096 	-18.665337 	-45.223074 	-59.662908 	-58.989985 	-62.213261 	-58.745395 	-56.877234 	-60.485634 	-59.539549 	-59.970918 	-58.685726 	-57.162343 	
10.248191 	-7.191404 	-7.727564 	-11.547892 	-29.693881 	-42.125186 	-44.547189 	-49.992172 	-49.471207 	-52.642059 	-56.404649 	-58.629721 	-58.796373 	-59.155804 	-58.939454 	-62.393306 	-58.580449 	-58.571035 	-57.286549 	-61.917520 	-58.779296 	-57.978149 	-57.927512 	-58.509759 	
9.834169 	-7.984184 	-13.765998 	-26.645547 	-51.290568 	-57.084018 	-58.186655 	-59.013104 	-60.271508 	-59.931894 	-59.644695 	-58.771529 	-58.429628 	-57.336658 	-59.772772 	-60.925607 	-58.608568 	-60.401148 	-58.855398 	-60.983473 	-61.079951 	-65.378002 	-58.462032 	-61.289879 	-59.163060 	
10.088144 	-2.004562 	-13.627954 	-21.693832 	-25.238739 	-37.901593 	-55.580326 	-56.999383 	-58.273326 	-57.998551 	-59.977055 	-58.116813 	-62.471151 	-57.642637 	-59.699678 	-58.639520 	-57.797588 	-58.618542 	-57.623674 	-59.979774 	-62.919039 	-59.727236 	
10.127586 	7.241780 	1.891286 	-3.936483 	-14.997251 	-20.211939 	-28.923057 	-31.646702 	-36.385309 	-41.251793 	-46.359334 	-49.533296 	-56.397318 	-59.733519 	-57.240976 	-58.564257 	-57.159382 	-57.157498 	-58.972207 	-58.704442 	-58.740846 	-59.374639 	
10.102451 	-33.090308 	-46.646427 	-53.944323 	-53.008038 	-55.991714 	-59.103287 	-60.633192 	-59.934026 	-58.629583 	-57.798829 	-58.503245 	-58.888613 	-58.172669 	-57.959505 	
10.237363 	6.188662 	-16.864117 	-20.916684 	-23.850742 	-30.121124 	-45.075343 	-48.233614 	-52.656483 	-57.186517 	-57.940922 	-56.783066 	-56.178233 	-58.628273 	
10.309011 	-9.614605 	-17.080388 	-26.563475 	-45.706493 	-51.273731 	-56.482765 	-58.506929 	-57.206671 	-57.428555 	-57.128893 	-59.302262 	-59.183094 	-58.042048 	-61.746452 	-61.136246 	
9.903485 	-9.424647 	-24.667506 	-48.532008 	-51.247422 	-56.907205 	-58.786654 	-59.915070 	-61.041551 	-57.550334 	-58.615299 	-59.198725 	-60.318801 	-58.803470 	-58.990619 	-58.215497 	-60.255140 	-59.397908 	-60.470554 	-63.035786 	
10.041024 	2.931099 	-9.208309 	-20.783764 	-32.725370 	-34.393560 	-44.319140 	-60.671614 	-60.028127 	-58.520184 	-59.238915 	-58.106675 	-60.228134 	-58.006179 	-57.835179 	-59.230554 	-58.022724 	-58.073504 	-59.808309 	
10.039997 	-7.936045 	-25.224533 	-43.487949 	-57.823417 	-59.208160 	-58.173812 	-58.094590 	-57.291794 	-58.864576 	-59.488134 	-59.230671 	-58.806939 	-59.220864 	-58.838506 	
9.792542 	-10.729160 	-10.273503 	-15.840007 	-16.411782 	-22.189053 	-40.604990 	-49.235790 	-56.386477 	-58.298895 	-59.842227 	-59.282551 	-57.756788 	-59.646967 	-59.580344 	-60.744163 	-61.353060 	-59.544301 	-59.452575 	-57.894483 	-63.315278 	-58.344038 	-58.973993 	-60.412316 	
10.448811 	3.285149 	2.296251 	-7.139439 	-20.658898 	-20.037245 	-27.097952 	-31.987231 	-44.150121 	-44.374046 	-46.818836 	-58.272081 	-58.786831 	-60.456047 	-58.759839 	-59.739986 	-57.687724 	-56.965368 	-57.620896 	-57.139289 	-58.435529 	-61.711896 	
