10.270056 	1.332933 	-13.037341 	-15.125849 	-29.781517 	-33.695159 	-42.435673 	-41.786750 	-60.904065 	-58.308151 	-60.093965 	-58.898079 	-57.488778 	-59.256572 	-59.653253 	-58.815090 	-59.412095 	-56.981529 	-58.173514 	-59.551360 	
10.306445 	0.024042 	-0.256325 	-9.983630 	-13.399838 	-34.276941 	-38.241554 	-39.670805 	-40.150526 	-40.599757 	-51.184707 	-49.649058 	-56.307955 	-57.896239 	-56.811077 	-56.163722 	-58.394891 	-58.268138 	-57.959393 	-56.292989 	-58.766410 	
10.438706 	3.675635 	-19.716018 	-27.571273 	-49.561820 	-49.636313 	-57.240897 	-60.298040 	-58.873879 	-59.906916 	-58.648600 	-57.104465 	-58.341879 	-58.612096 	-60.287110 	-58.739297 	
10.087888 	-21.025921 	-32.988735 	-52.700129 	-60.226278 	-61.831219 	-59.605423 	-58.447044 	-58.846650 	-59.320856 	-58.935574 	-60.746427 	-58.751328 	-58.118869 	-59.101426 	-59.948355 	-58.421254 	-59.319285 	-57.426539 	
9.560307 	9.088953 	-1.951308 	-17.171491 	-36.601034 	-51.167050 	-61.510824 	-58.617414 	-57.997477 	-58.934551 	-57.713398 	-58.308638 	-60.080166 	-60.127974 	-57.556115 	-58.390165 	-60.743431 	-58.995111 	
10.186475 	6.213767 	1.762852 	-6.703054 	-17.222721 	-41.368849 	-44.137773 	-46.468259 	-58.759659 	-59.035158 	-57.319372 	-59.040647 	-59.718687 	-58.301804 	-59.088530 	-60.163262 	-57.459012 	-61.814776 	-57.833783 	-58.501331 	
10.472191 	-1.425413 	-35.780684 	-37.852182 	-52.254201 	-56.957543 	-61.860459 	-60.917048 	-58.812114 	-57.472971 	-61.778512 	-58.045686 	-57.995194 	-58.078570 	-57.481154 	
10.593059 	-0.709247 	-25.427125 	-39.129865 	-55.128754 	-57.392214 	-57.197370 	-59.103309 	-60.692115 	-58.482023 	-59.886039 	-58.659396 	-57.095349 	-59.220686 	-57.226287 	-57.539388 	-57.821538 	
10.117607 	-10.900931 	-12.311742 	-36.594583 	-48.273786 	-57.935946 	-58.341508 	-58.016352 	-58.793015 	-61.194752 	-61.115711 	-58.822379 	-60.664829 	-59.067351 	-60.944666 	-59.220820 	-59.145349 	-59.174142 	-59.151975 	-58.961666 	-58.226648 	-58.245005 	-60.566953 	-58.587031 	-59.705596 	
10.047159 	0.030439 	-9.894670 	-21.153410 	-59.226197 	-60.627273 	-61.062890 	-59.706658 	-58.486166 	-58.544847 	-59.847000 	-59.366017 	-58.996239 	-58.309396 	-58.142298 	-57.485105 	
10.230515 	3.874195 	-0.957001 	-0.058777 	-3.245880 	-9.559814 	-57.910209 	-59.230195 	-59.633277 	-58.726872 	-59.008377 	-59.419434 	-60.189567 	-59.450664 	-57.930210 	-57.914090 	-58.245607 	-58.100193 	
10.401653 	-18.869129 	-36.046400 	-39.959975 	-56.559108 	-57.573358 	-58.123195 	-58.651849 	-58.149578 	-59.140533 	-58.624746 	-58.127136 	-59.971494 	-60.627592 	-59.864504 	-58.231131 	-59.485039 	-57.902824 	-59.717992 	
9.995105 	3.307807 	-15.367273 	-29.548311 	-36.591905 	-58.759446 	-58.874685 	-59.021296 	-57.927680 	-59.528920 	-59.383956 	-59.865748 	-61.107689 	-59.269133 	-59.443817 	-58.115005 	-59.654921 	-60.833256 	-58.363313 	-58.725926 	-59.215224 	-58.012385 	-59.986875 	
10.324294 	5.356090 	-28.516889 	-57.588528 	-59.128267 	-57.845614 	-58.872932 	-56.746377 	-57.887320 	-57.393909 	
9.700833 	-1.477440 	-17.020942 	-22.566219 	-26.937034 	-34.080864 	-37.698252 	-45.983831 	-48.503966 	-57.928077 	-58.483333 	-59.330676 	-58.982885 	-59.762967 	-60.000065 	-57.856394 	-58.095383 	-59.811201 	-58.068599 	
9.940949 	-30.309703 	-52.873257 	-58.598955 	-58.714909 	-58.911764 	-58.607101 	-62.656727 	-58.544841 	-58.500924 	-65.358379 	-60.587696 	-59.703750 	-59.418719 	-57.328086 	-58.049289 	
9.924785 	-15.373959 	-26.788514 	-27.275131 	-41.930180 	-48.600299 	-58.372907 	-61.529325 	-60.269849 	-59.925870 	-62.854374 	-59.140220 	-58.836115 	-58.523737 	-58.938288 	-58.200785 	
10.117394 	-15.221853 	-37.986797 	-36.438983 	-40.251891 	-57.529911 	-58.018368 	-62.001808 	-58.641434 	-59.177896 	-61.192876 	-58.232096 	-59.532112 	-57.908864 	
9.517591 	9.514752 	-28.348717 	-48.714045 	-50.329717 	-52.713596 	-55.395717 	-60.994224 	-60.315907 	-58.161863 	-58.166618 	-60.608248 	-58.405349 	-58.198030 	-62.233732 	-60.623645 	-58.499957 	-60.858224 	-57.180479 	-58.505687 	
10.677514 	0.777348 	-5.541206 	-16.416795 	-34.809533 	-47.856809 	-52.101817 	-57.167793 	-59.095749 	-57.239445 	-58.855946 	-59.212118 	-56.998450 	
