10.496009 	-3.619950 	-8.974232 	-14.120622 	-20.192396 	-22.442709 	-32.957521 	-33.837526 	-53.204551 	-53.235366 	-57.970871 	-56.532878 	-56.752969 	-57.173161 	-58.285681 	
10.388283 	-4.076641 	-14.970535 	-22.249416 	-40.629299 	-46.036865 	-57.814933 	-58.432942 	-57.681531 	-59.250804 	-58.052173 	-58.228616 	-57.661972 	-59.857831 	-57.447722 	-58.407889 	-59.333075 	-60.280019 	-57.764731 	
10.114275 	-2.759770 	-45.090000 	-49.446415 	-50.873574 	-51.536622 	-58.321785 	-56.258472 	-59.513927 	-56.839302 	-57.411960 	-56.138781 	-57.950961 	-59.505091 	
10.255855 	-11.615854 	-26.975505 	-32.564157 	-54.599448 	-63.443305 	-56.839550 	-58.026519 	-57.819007 	-58.095079 	-58.638756 	-57.268309 	-58.672313 	-58.630217 	-60.862975 	
10.193306 	1.683591 	-20.569877 	-21.452679 	-23.763414 	-23.814922 	-28.924990 	-34.510955 	-36.425590 	-34.818499 	-45.483551 	-48.699186 	-54.726207 	-55.499662 	-57.068441 	-57.611450 	-56.247854 	-57.402056 	
10.384078 	-0.831107 	-17.075521 	-16.453708 	-46.537664 	-54.316923 	-53.108088 	-56.249332 	-58.309939 	-59.655297 	-58.334811 	-59.987034 	-60.839933 	-59.197221 	-59.511846 	-59.786324 	-59.710281 	-57.695069 	-58.566819 	-58.342544 	-57.657326 	-57.457601 	
10.161318 	-17.389621 	-28.587155 	-29.231632 	-37.398275 	-44.230264 	-47.209480 	-58.084349 	-58.374457 	-57.698572 	-57.843969 	-60.099583 	-62.324404 	-57.445608 	-58.613730 	-56.606338 	-58.298885 	-57.873331 	-57.641127 	-59.548215 	
10.410669 	4.951879 	-8.856359 	-8.919051 	-13.886038 	-22.142742 	-46.322287 	-48.786217 	-58.695106 	-59.437033 	-57.798807 	-59.570836 	-57.687085 	-57.427001 	
10.263793 	-7.259616 	-11.740653 	-30.378993 	-29.390066 	-49.734295 	-53.267801 	-56.577388 	-57.322228 	-59.942517 	-58.240176 	-58.752372 	-58.883650 	-58.128820 	-58.749972 	
9.869381 	-13.874873 	-14.394969 	-18.918198 	-18.722386 	-40.543681 	-44.989046 	-52.215352 	-58.100991 	-59.376805 	-59.170032 	-59.435382 	-58.445872 	-58.608729 	-59.232765 	-58.693477 	-62.762338 	-57.070414 	-58.343605 	
10.411902 	-15.283771 	-13.712697 	-17.526280 	-18.741003 	-22.382507 	-24.521789 	-29.689470 	-41.403911 	-46.624448 	-43.921663 	-49.726310 	-58.041966 	-58.209938 	-58.294755 	-58.489817 	-58.119629 	-56.876436 	
9.997468 	-5.847877 	-3.813511 	-5.781231 	-5.282964 	-11.263833 	-14.721029 	-19.031433 	-27.922258 	-28.837565 	-55.914017 	-57.213607 	-57.674267 	-56.506428 	-59.266192 	-58.100637 	-58.105998 	-57.252308 	
10.086012 	1.707871 	-2.707186 	-18.379272 	-32.444742 	-38.147130 	-47.060764 	-59.408206 	-57.638304 	-59.149922 	-58.415951 	-57.481651 	-61.163858 	-58.534064 	-58.680479 	-58.972135 	-58.741881 	-59.433279 	-58.314518 	-59.071679 	-59.021156 	-60.362190 	-59.556464 	
9.998431 	-5.430535 	-25.125188 	-26.247408 	-36.493223 	-59.376718 	-57.440337 	-57.889932 	-59.341279 	-57.111006 	-59.172040 	-58.095863 	-62.442460 	-59.227657 	
10.039883 	2.630168 	-8.456924 	-29.018792 	-30.926375 	-31.493030 	-36.436631 	-45.628450 	-58.146645 	-57.526660 	-56.807087 	-58.572221 	-59.117870 	-60.046182 	-57.347632 	-60.790182 	
9.935671 	-14.155631 	-19.393364 	-24.901720 	-36.426027 	-48.845633 	-59.390740 	-57.805296 	-59.898806 	-59.559369 	-59.198850 	-58.652688 	-59.512462 	-59.435686 	-59.908357 	-60.392430 	-59.348640 	-59.482416 	-59.434650 	-59.857926 	-61.216727 	-58.434491 	-59.647712 	-61.547206 	-60.478793 	
10.621394 	7.378861 	2.748148 	-4.068341 	-58.061634 	-57.657443 	-58.306006 	-60.659196 	-58.477037 	-59.949403 	-58.504286 	-58.254162 	-58.204465 	-59.557811 	-57.628360 	-57.888821 	-56.833107 	
10.227048 	6.729738 	-2.149100 	-15.199142 	-18.833842 	-20.170365 	-37.815023 	-48.300728 	-57.916750 	-58.496169 	-61.570424 	-57.651913 	-58.033272 	-57.336287 	-57.367218 	-59.454372 	
10.490203 	-17.163120 	-22.300032 	-30.872290 	-29.813661 	-39.637942 	-46.882724 	-57.203087 	-58.233348 	-58.379915 	-57.353531 	-58.301621 	-58.956083 	-59.765102 	-59.725293 	-59.188941 	-61.313735 	-58.718606 	-57.697421 	-59.148168 	-58.301479 	-58.700683 	
10.000914 	-0.288368 	-1.137865 	-12.933399 	-21.084382 	-23.373737 	-26.538424 	-41.352654 	-47.533186 	-55.106702 	-56.012130 	-57.875082 	-60.004614 	-57.528630 	-57.478022 	-61.595033 	-56.180951 	
