9.847899 	3.576004 	4.998311 	2.266433 	-1.951754 	-4.293215 	-13.159542 	-36.841916 	-42.803620 	
10.638821 	-9.468241 	-59.294303 	-58.772525 	-58.000712 	-59.024755 	-56.961475 	-56.387150 	-58.225953 	-60.972381 	-56.909648 	
10.268176 	-2.652555 	-5.401714 	-11.863865 	-11.396326 	-47.222190 	-57.122885 	-59.592749 	-60.383214 	-57.680487 	-57.949841 	-58.034385 	-59.486317 	-57.973180 	-59.486247 	-57.554229 	
10.038327 	-1.260273 	-4.583954 	-26.575506 	-27.559887 	-57.015454 	-57.959290 	-59.181724 	-58.278477 	
10.033249 	1.420578 	-0.869608 	-8.325652 	-14.856130 	-16.661065 	-19.018684 	-25.431178 	-26.606910 	-31.741945 	-57.126105 	-57.763057 	-58.935432 	-57.535735 	-57.242406 	-57.287002 	-57.096673 	-56.804046 	-57.421368 	-60.165932 	-58.954733 	-59.035552 	
10.288804 	7.704817 	-4.572700 	-5.047205 	-5.880904 	-8.733365 	-8.503255 	-10.374685 	-16.274160 	-21.730033 	-26.518761 	-31.342710 	-34.536460 	-57.973266 	-58.438611 	-62.210253 	-57.823264 	-61.453246 	-61.849009 	-59.456238 	-58.006396 	-59.160880 	-57.078999 	-59.319773 	
10.532498 	2.755525 	0.682782 	-5.499622 	-7.003012 	-8.216988 	-11.392609 	-12.658201 	-20.962361 	-27.375106 	-32.044575 	-34.978003 	-39.300276 	-36.691816 	-36.747193 	-37.471225 	-39.286878 	-43.307920 	-43.942107 	-45.747075 	-47.879712 	-48.804859 	
10.307914 	3.141389 	-7.204569 	-11.925576 	-14.491762 	-17.859896 	-15.819124 	-23.121489 	-48.942838 	-55.329603 	-57.920383 	-62.864445 	-63.087410 	-58.418111 	-59.333746 	-60.257406 	-58.137216 	-57.530962 	-57.343945 	-59.571549 	
10.227272 	-12.659000 	-37.181455 	-53.303511 	-56.320913 	-58.751218 	-59.150244 	-60.919650 	-59.392177 	-57.824074 	-58.680130 	-59.069304 	-57.230901 	-58.846258 	-58.684586 	-59.249498 	-59.503388 	-57.985890 	
10.432003 	0.346836 	-4.318799 	-17.763436 	-21.204432 	-28.382326 	-31.452330 	-26.865886 	-32.906824 	-51.153803 	-59.210390 	-58.947126 	-57.809220 	-58.902537 	-59.331463 	-58.416351 	-58.858969 	-56.827504 	
10.025452 	5.339152 	-8.606981 	-18.763395 	-19.560455 	-31.079151 	-65.563744 	-59.403623 	-58.112911 	-57.161584 	-59.614206 	-58.880271 	-58.409930 	-57.940255 	
10.156058 	-5.687392 	-24.684618 	-25.854216 	-44.358995 	-57.381768 	-58.859508 	-59.006037 	-59.089286 	-58.864759 	-59.709695 	-58.419959 	-58.225374 	-58.554762 	-58.519593 	-57.169373 	
10.177720 	2.413884 	-2.390871 	-12.372923 	-20.261569 	-20.591285 	-24.354228 	-30.415456 	-34.240676 	-34.724709 	-40.857453 	-58.507718 	-59.085737 	-58.675082 	-59.246179 	-58.625640 	-59.102142 	-57.796644 	-59.513330 	-59.361105 	-58.742378 	-60.472542 	-59.430496 	-58.147683 	
10.103860 	-5.238146 	-10.010291 	-35.306357 	-37.163617 	-50.078861 	-58.333442 	-60.235189 	-62.432665 	-59.979744 	-59.580305 	-58.334827 	-58.664160 	-60.814568 	-57.795676 	-59.515810 	-59.969530 	-57.964137 	-59.165804 	-60.338165 	-60.357113 	
10.405795 	-2.619954 	-3.876486 	-8.993496 	-11.637778 	-16.380860 	-22.343852 	-27.098484 	-30.879362 	-32.177302 	-35.907555 	-36.154343 	-36.212756 	-50.765415 	-58.650111 	-58.997715 	-58.193620 	-58.320856 	-60.468223 	-59.237373 	-57.650154 	-61.625047 	-59.312869 	-57.701576 	-57.075962 	-58.204185 	-61.055596 	-60.732074 	-59.107551 	
10.230178 	-25.819677 	-51.555533 	-57.108622 	-60.485137 	-60.145870 	-58.485601 	-59.398057 	-58.668348 	-59.098168 	-59.213874 	-60.010311 	-59.274636 	-57.060892 	-58.686878 	-59.908438 	-60.973203 	-57.591946 	-58.840481 	-58.795685 	-59.584514 	
10.052417 	0.644527 	-3.569490 	-4.973723 	-5.875220 	-15.981137 	-18.363265 	-21.144145 	-33.990112 	-37.736704 	-38.314689 	-41.600656 	-47.192178 	-48.519397 	-48.183450 	-48.590635 	-50.343934 	-52.988599 	-53.106764 	-52.465883 	-55.197485 	-58.857059 	
10.250266 	2.818699 	-3.902115 	-31.113035 	-54.783092 	-57.738363 	-58.129975 	-58.200088 	-58.834738 	-59.366129 	-58.161044 	-59.117675 	-58.301531 	-59.195418 	-58.094753 	-58.888584 	-59.918109 	-58.451525 	
10.010877 	4.775582 	-0.490697 	-5.999203 	-12.759599 	-14.195078 	-34.902895 	-43.982459 	-44.733436 	-45.656985 	-57.227534 	-57.181809 	-58.111115 	-57.991297 	-58.849442 	-58.871186 	-59.565572 	-57.450570 	-57.833082 	-58.530447 	-59.158619 	
10.150355 	-2.011838 	-24.740457 	-28.085843 	-27.091763 	-27.312088 	-36.462932 	-47.651913 	-51.638644 	-53.249532 	-58.100122 	-59.126038 	-58.120681 	-58.662883 	-60.354994 	-59.176119 	-58.992831 	-58.275618 	-59.297027 	-59.153117 	-57.782198 	-58.025465 	
