10.119262 	6.540060 	-0.754514 	-4.822543 	-10.854796 	-11.960973 	-16.422311 	-35.675731 	-33.790363 	-36.674248 	-41.263541 	-41.421433 	-42.534840 	-43.501789 	-43.350044 	-44.730970 	-49.431823 	-46.708339 	-49.366440 	-50.660531 	
10.115066 	-2.399132 	-7.941189 	-15.190292 	-20.845614 	-26.183737 	-26.871568 	-26.675531 	-31.156710 	-39.527596 	-43.387745 	-54.097485 	-55.521488 	-55.259165 	-56.760531 	-58.149395 	-57.182684 	
10.379566 	5.128084 	-10.506882 	-21.104215 	-28.088610 	-33.132852 	-58.949324 	-59.188116 	-59.183490 	-60.806720 	-59.873572 	-58.034329 	-57.692071 	-58.396864 	-60.895477 	-58.403771 	-59.539936 	-58.622078 	-58.438679 	
9.992109 	6.809089 	-1.968529 	-2.637343 	-7.197936 	-14.913058 	-23.835968 	-23.424906 	-27.179312 	-36.325120 	-41.333281 	-57.982977 	-58.323284 	-57.762091 	-58.196901 	-62.638146 	-57.229506 	-59.137231 	
10.046045 	-8.731418 	-18.327647 	-58.155499 	-58.065953 	-57.894396 	-57.732047 	-60.614784 	-62.430647 	
10.115597 	-2.390206 	-13.023882 	-23.413248 	-28.591228 	-43.690532 	-47.881818 	-57.453401 	-59.158843 	-58.365761 	-59.329932 	-58.729302 	-57.394531 	-60.711150 	-58.470191 	-59.252819 	-59.588226 	
10.132200 	9.758473 	-6.947564 	-24.555812 	-30.394727 	-28.372690 	-43.573226 	-49.863438 	-53.285915 	-59.772552 	-58.791143 	-58.216961 	-60.645789 	-58.706317 	-59.744102 	-61.380020 	-60.561946 	-57.144321 	-56.379208 	
10.194610 	-15.516906 	-19.370273 	-22.203468 	-27.172188 	-33.668845 	-42.484999 	-46.143212 	-45.157254 	-58.428841 	-59.147817 	-58.648089 	-58.919358 	-57.901871 	-61.349406 	
9.908000 	0.944432 	-25.848576 	-48.209043 	-57.415819 	-62.798155 	-57.769200 	-58.209860 	-61.225047 	-61.382233 	-59.563726 	-58.093952 	-59.921011 	-58.903669 	-60.679233 	-58.424537 	-60.271108 	-59.923072 	-59.841793 	-57.291002 	
9.790634 	-3.870091 	-17.922060 	-23.702767 	-22.225901 	-24.587383 	-38.777964 	-44.523739 	-59.328438 	-60.737342 	-57.751554 	-58.596040 	-61.184190 	-59.021050 	-59.293161 	-58.671256 	-57.695164 	-57.990288 	-58.196903 	-60.336099 	-57.762173 	-60.981107 	
10.100588 	-17.887346 	-53.547214 	-58.529769 	-58.896110 	-57.135359 	-59.488525 	
10.092115 	-9.410609 	-34.695775 	-41.438140 	-41.990500 	-47.899416 	-58.084133 	-58.097103 	-58.735851 	-61.178776 	-58.111446 	-59.334917 	-58.986715 	-58.222399 	-59.944361 	-59.056401 	-58.295627 	-59.214620 	-57.884857 	
10.209420 	-9.149214 	-18.627864 	-20.621777 	-24.387702 	-27.296042 	-32.022691 	-45.022684 	-54.733401 	-58.463256 	-59.404875 	-57.043745 	-58.280398 	-62.589009 	-57.170134 	-57.043590 	-58.593084 	-59.783096 	
10.424212 	-5.082332 	-22.339344 	-31.900140 	-38.973767 	-56.641885 	-58.743125 	-57.743035 	-57.955366 	-58.628121 	-56.575461 	-58.677591 	-59.966224 	-57.616145 	-62.652224 	
9.960805 	-14.907840 	-26.450862 	-30.779286 	-37.660224 	-60.117491 	-57.771338 	-57.046857 	-57.639258 	-59.403278 	-58.619269 	-58.527095 	
10.053238 	-26.836640 	-47.372215 	-48.680091 	-57.620536 	-59.570048 	-58.815922 	-58.114680 	-57.403952 	-59.582462 	-59.157288 	-59.635063 	-61.408119 	-60.104427 	-59.093369 	-58.587162 	
9.873782 	-11.979119 	-9.599237 	-11.914345 	-14.715557 	-32.740281 	-39.573977 	-46.752475 	-61.003393 	-58.664497 	-57.986139 	-57.878885 	-58.503075 	-58.920426 	-57.569797 	-58.898689 	-60.509288 	-60.943553 	-58.996100 	-60.709493 	-58.799697 	
10.135377 	-6.366038 	-16.944682 	-27.537713 	-29.096611 	-31.609953 	-52.288827 	-55.546373 	-60.303888 	-59.609809 	-60.342788 	-58.278226 	-58.365303 	-56.989326 	-57.368036 	-59.215302 	
10.569863 	-4.686292 	-23.634142 	-31.224286 	-31.614325 	-43.274853 	-46.999433 	-51.522222 	-57.474069 	-57.315676 	-56.983215 	-60.473394 	-57.089713 	-57.783947 	-59.217176 	-57.964147 	-58.704216 	-57.291488 	-58.081868 	-58.003658 	-58.227641 	-57.968037 	-60.529750 	-59.716207 	
9.931144 	-12.175682 	-15.738377 	-29.823566 	-38.702853 	-43.681711 	-44.300241 	-48.205978 	-47.648717 	-44.975008 	-56.250299 	-55.919732 	
