10.739866 	2.756356 	-33.148706 	-41.455815 	-47.195193 	-54.036351 	-54.814520 	-56.904133 	-59.736543 	-60.155896 	-61.976836 	-57.701963 	-59.279112 	-59.181061 	-59.648804 	-58.952860 	-61.159495 	-59.317966 	-59.789372 	-57.569112 	-57.300959 	-61.177811 	-58.314492 	-57.985580 	-61.341460 	-58.625593 	-57.760715 	-58.278083 	
10.222351 	-2.533470 	-5.967723 	-16.664389 	-24.881735 	-36.689307 	-37.283797 	-45.079125 	-58.471031 	-58.606449 	-60.764823 	-60.011097 	-58.303629 	-59.069228 	-58.704281 	-59.106052 	-60.510779 	-58.945296 	-57.949302 	-58.097406 	
10.414814 	-9.976782 	-7.855257 	-13.352860 	-31.840447 	-35.620342 	-35.731689 	-53.074249 	-57.141657 	-57.229565 	-58.598383 	-59.265703 	-58.968637 	-56.835368 	-58.516574 	-57.375261 	-58.070615 	-58.522315 	
10.309776 	-34.226691 	-50.780325 	-57.336624 	-57.877719 	-59.849272 	-58.526436 	-59.612703 	-59.743040 	-58.131616 	-58.569008 	-60.143609 	-58.171800 	-60.626441 	-62.114596 	-57.720864 	-59.355858 	-57.543163 	-58.314369 	-57.747971 	
10.218308 	9.055475 	-7.168634 	-39.440862 	-60.101256 	-61.397893 	-59.323592 	-56.727227 	-57.594674 	-58.024920 	-57.727888 	-58.236549 	-58.602769 	-57.918181 	-58.326817 	-60.085485 	-60.536854 	
10.155422 	-4.242092 	-16.517801 	-22.452429 	-42.136995 	-47.210098 	-58.591983 	-60.220638 	-62.598691 	-59.356904 	-57.799786 	-58.604693 	-57.793738 	-58.943673 	-58.956131 	-57.470310 	
10.512670 	-0.472654 	-5.995973 	-14.703111 	-24.515512 	-38.743779 	-39.391565 	-57.429456 	-60.928612 	-58.167061 	-58.439715 	-56.929369 	-61.450334 	-57.981125 	-61.764704 	-57.527509 	-58.431805 	
10.494985 	-5.348808 	-10.947850 	-18.604905 	-23.343697 	-21.916409 	-27.529926 	-38.034101 	-58.644076 	-58.179425 	-57.978435 	-57.535016 	-58.179545 	-58.177334 	-59.960835 	-60.260130 	
10.453095 	-2.276651 	-21.574447 	-29.745570 	-28.627426 	-35.324043 	-35.408364 	-52.450955 	-57.840473 	-58.501267 	-60.818019 	-58.570001 	-62.224544 	-57.879402 	-59.287156 	-58.205488 	-58.518390 	-58.179696 	-58.756793 	
10.192977 	5.826385 	-3.931277 	-13.939596 	-12.996902 	-14.429610 	-20.434675 	-19.997061 	-22.222150 	-57.392578 	-62.191568 	-58.162540 	-59.128243 	-58.116346 	-61.765584 	-59.462054 	-57.552268 	-58.634631 	
10.553638 	0.532912 	1.009506 	-19.456916 	-44.920528 	-60.777394 	-59.869804 	-59.831671 	-57.897027 	-60.577683 	-58.966035 	-57.943340 	-60.398973 	-57.896759 	-57.630304 	-58.399105 	-58.484274 	-58.304079 	-59.577374 	
10.354996 	3.211308 	0.735052 	-21.590861 	-34.113060 	-45.406736 	-54.215004 	-59.669617 	-58.370082 	-58.926731 	-58.332513 	-59.051811 	-59.479683 	-57.675326 	-59.573142 	-57.549189 	-60.447254 	-59.849660 	
10.083528 	1.001078 	-19.300295 	-30.361222 	-50.518812 	-51.710240 	-60.149551 	-62.023253 	-63.517901 	-61.314751 	-57.900654 	-59.577765 	-65.198734 	-59.547627 	-58.445207 	-58.365607 	-61.039050 	-57.297078 	-58.336140 	-58.013281 	
10.507789 	0.737653 	-6.924676 	-13.813661 	-53.573518 	-57.843994 	-59.415234 	-58.446135 	-60.034227 	-59.865074 	-61.098719 	-58.431734 	-58.220905 	-60.796098 	-57.718520 	-57.923410 	-59.179178 	-58.299127 	-58.870108 	-58.904093 	-60.137054 	
10.193954 	-21.855156 	-31.394966 	-26.776513 	-31.495754 	-58.011572 	-57.014528 	-57.733360 	-59.474934 	-59.472278 	-59.325670 	-61.571713 	-58.128624 	-56.966193 	-58.493434 	-57.476156 	
10.241344 	-3.047500 	-11.280770 	-36.763845 	-40.993527 	-51.279470 	-58.099513 	-57.496128 	-58.170616 	-58.126995 	-59.340269 	-60.848786 	-58.058946 	-57.746218 	-58.375819 	-58.632568 	
10.132558 	3.668458 	2.259556 	-5.925099 	-25.471615 	-27.555773 	-28.633605 	-35.164114 	-38.919933 	-43.609602 	-53.544151 	-55.319106 	-58.716458 	-58.373747 	-58.803917 	-59.624295 	-58.218197 	-58.507079 	-60.182119 	-57.444510 	-60.143874 	-58.090339 	-57.485587 	-57.134998 	
10.128650 	-3.534820 	-15.596592 	-20.821063 	-27.664686 	-43.602554 	-53.195425 	-54.600423 	-57.181404 	-55.593827 	-58.974055 	-56.356380 	-57.300174 	-59.199025 	-60.905737 	-56.979672 	-56.366885 	
10.609274 	-8.085990 	-57.676445 	-57.966394 	-58.018808 	-58.182141 	-57.994768 	-59.028072 	-59.727561 	-58.413773 	-58.106249 	-60.305322 	-60.710044 	-57.945005 	-58.439668 	-58.555643 	-61.113324 	-57.731812 	-59.421306 	-59.641429 	-59.602642 	
10.359345 	5.112014 	-28.181056 	-34.625766 	-34.020065 	-41.016044 	-43.788089 	-50.831387 	-51.508097 	-58.145660 	-57.123286 	-61.639984 	-58.656824 	-58.038614 	-57.939381 	-59.313004 	-59.417133 	-59.075218 	-59.664881 	-58.497301 	-60.835055 	
