10.300656 	0.564776 	-2.135748 	-3.476983 	-8.944778 	-16.055148 	-21.125479 	-29.914177 	-35.285529 	-41.668374 	-44.077329 	-48.941595 	-50.290451 	-50.923976 	
10.209722 	-4.741241 	-9.283830 	-28.489115 	-29.601591 	-30.936961 	-37.212717 	-38.554898 	-39.160960 	-40.705596 	-47.966473 	-48.454130 	-49.626682 	-57.196925 	-57.618016 	-58.597798 	-59.714591 	-59.448953 	-60.699337 	-58.579717 	-59.634751 	-57.653517 	-57.550767 	
10.066515 	4.235490 	2.345277 	-10.575994 	-15.927632 	-35.028967 	-47.576355 	-43.779180 	-48.642782 	-56.011116 	-56.257927 	-56.222261 	-56.586311 	-57.589080 	
9.858325 	-2.390455 	-5.774277 	-19.808849 	-23.867153 	-33.109092 	-36.918770 	-42.769795 	-44.660845 	-45.791785 	-47.786972 	-51.660903 	-57.552272 	-57.252384 	
9.719068 	6.730277 	-3.920472 	-5.039044 	-7.007411 	-9.743848 	-9.618999 	-14.724748 	-17.233451 	-22.857936 	-25.274563 	-25.812722 	-27.056816 	-28.733236 	-30.640877 	-30.140868 	-33.913466 	-32.268736 	-36.880309 	-37.496228 	-34.437851 	-36.427593 	
9.885253 	3.779947 	-1.459439 	-4.288796 	-5.355424 	-7.171420 	-11.820609 	-17.558690 	-27.939539 	-30.579285 	-36.782962 	-39.799357 	-44.808253 	-47.687292 	-49.546498 	-55.641915 	-54.705203 	-54.187425 	
10.253303 	6.440777 	4.477164 	-8.348245 	-9.001949 	-12.352719 	-13.121543 	-14.804190 	-24.111954 	-20.818704 	-21.608713 	-24.715588 	-31.323841 	-32.073349 	-31.364853 	
10.258770 	0.782427 	-0.578428 	-5.255325 	-0.780027 	-10.814892 	-10.536466 	-13.161014 	-11.479651 	-24.754480 	-24.133900 	-26.055485 	-28.487253 	-33.556569 	-33.273451 	-33.122609 	-33.071625 	
9.983229 	6.527137 	2.608756 	3.789637 	0.913867 	-0.108642 	-1.831531 	-1.831164 	-1.515417 	-3.465906 	-5.204188 	-6.808890 	-9.957615 	-9.921396 	-13.630368 	-11.895948 	-11.119851 	-10.836636 	-12.681392 	-13.955299 	-12.612762 	-13.526050 	-17.174739 	-16.943121 	-17.043908 	-16.718722 	-18.561648 	
10.180061 	-0.337781 	-2.016776 	-4.241543 	-14.039336 	-15.352217 	-17.372046 	-26.571653 	-35.046457 	-47.107519 	-50.913833 	-53.805913 	-57.778018 	
10.220866 	2.906027 	-4.877940 	-5.337478 	-5.599001 	-6.950546 	-9.000180 	-9.321942 	-10.997082 	-14.758003 	-16.235486 	-20.526828 	-27.297585 	-27.731537 	-32.767187 	-31.556839 	-35.104246 	-36.489347 	-40.563625 	-42.938543 	-42.504812 	-43.576421 	-50.908458 	-50.483167 	-53.371233 	-56.508183 	
10.270981 	-10.982153 	-15.750702 	-18.203075 	-32.856425 	-45.702309 	-46.964686 	-54.367473 	-57.997693 	-58.026349 	-58.005419 	-56.332612 	
9.731771 	-0.367489 	-0.395441 	-8.111313 	-1.350915 	-3.651786 	-6.668661 	-15.386526 	-27.912010 	-29.285435 	-33.240678 	-33.987426 	-35.767990 	-45.015451 	-50.092645 	-55.832830 	
9.928977 	0.004473 	-14.179114 	-19.824661 	-21.246632 	-27.623742 	-27.986204 	-28.278110 	-29.919243 	-30.016080 	-30.167854 	-31.603385 	-33.333612 	-32.291311 	-36.240251 	-37.995527 	
10.141648 	0.355112 	-4.372957 	-8.412139 	-21.539361 	-26.711984 	-32.034145 	-38.041265 	-34.809970 	-42.019750 	-48.291909 	-54.100116 	-59.078746 	-56.454793 	-58.664533 	-55.891543 	-56.183656 	-57.966217 	
10.224478 	7.345803 	-12.270142 	-16.661969 	-20.882028 	-33.669298 	-48.983136 	-51.208128 	-53.815680 	-59.149042 	-59.373002 	-59.579135 	-57.396909 	-58.515711 	-60.050311 	-58.975981 	-59.810649 	-57.251301 	-58.072804 	
10.125148 	3.719043 	4.113895 	4.100081 	-1.813469 	-1.736089 	-7.632778 	-7.487057 	-9.171171 	-10.236540 	-10.699402 	-11.187489 	-13.142802 	-13.069836 	-12.132778 	-16.208637 	-16.075083 	-16.308660 	-16.610687 	-21.012762 	-19.457265 	
10.518507 	-8.830911 	-21.514680 	-25.473409 	-46.088236 	-52.284105 	-57.071398 	-60.272390 	-56.578975 	-58.608285 	-58.402402 	-57.104765 	-58.471572 	
10.322825 	7.171866 	1.523298 	-17.103884 	-23.898108 	-29.612028 	-28.860179 	-37.685164 	-39.665802 	-50.763203 	-51.524803 	-50.667422 	-54.275029 	-57.410396 	-56.731446 	-57.810219 	-57.099640 	-60.552477 	-60.354312 	
10.044534 	2.763062 	1.355111 	-5.623963 	-9.658760 	-11.804248 	-15.526463 	-18.252833 	-22.728184 	-27.799610 	-23.206770 	-23.463415 	-31.055949 	-39.653910 	-39.912474 	-42.281536 	-47.099328 	-49.357752 	-46.690698 	-50.193538 	-50.062879 	-52.366515 	-50.651874 	-51.326426 	-53.694733 	-53.538516 	-53.847890 	-56.344349 	-58.662967 	-55.761411 	-57.737013 	-56.607497 	
