10.378614 	-11.724455 	-15.245696 	-13.797941 	-36.649214 	-37.058855 	-38.956087 	-55.583005 	-56.254742 	-55.729640 	-58.163393 	-60.187311 	-59.468555 	-56.557290 	-58.879327 	-56.618687 	-57.753400 	
10.121363 	-2.819762 	-2.627222 	-9.678689 	-14.694076 	-16.461901 	-36.323802 	-37.944554 	-40.394829 	-52.493524 	-50.326340 	-54.632888 	-58.546484 	-56.810131 	-56.803897 	-58.237147 	-56.425560 	-58.733049 	
10.593732 	-19.525748 	-27.152988 	-34.333601 	-33.275597 	-43.406174 	-56.151495 	-57.244576 	-58.334592 	-58.183131 	-57.848043 	-60.788512 	-58.825877 	-58.756350 	-57.533402 	-59.461087 	-61.711878 	-59.927262 	-59.338410 	-58.434374 	-59.721459 	-59.011879 	-58.375347 	-58.624052 	-58.555034 	
10.170635 	3.631457 	4.407350 	2.860435 	-2.688671 	-16.756737 	-27.873312 	-36.235805 	-42.580611 	-39.723819 	-40.079127 	-42.764015 	-44.467808 	-45.303985 	-50.631491 	-51.774635 	-53.525564 	-55.575316 	
10.232427 	-1.149303 	-11.795628 	-12.860659 	-16.375290 	-24.588878 	-28.674402 	-34.528928 	-36.169076 	-49.415990 	-50.693453 	-57.152606 	-59.535087 	-57.261233 	-56.971310 	-56.823835 	-58.795628 	-56.475060 	-57.090354 	
10.106077 	2.833105 	2.608516 	-3.615769 	-11.715239 	-22.705847 	-38.910553 	-55.858262 	-55.151794 	-56.597587 	-57.378986 	-57.137010 	
9.954063 	1.106332 	0.924693 	0.704070 	-2.598733 	-4.009951 	-6.288795 	-6.536443 	-12.830414 	-22.959413 	-25.302958 	-29.132564 	-28.471848 	-29.132648 	-30.519502 	-30.605399 	-33.103696 	-32.302677 	-32.856849 	
10.064658 	4.577426 	0.816568 	-9.510595 	-18.313427 	-18.890975 	-26.982036 	-59.524107 	-58.285405 	-58.402834 	-59.786812 	-58.106543 	-59.157761 	-60.254954 	-58.254812 	-61.432356 	-60.205936 	-58.529820 	-59.269817 	-57.658886 	-59.902315 	-60.669552 	-61.136189 	-59.497448 	
10.070114 	4.507409 	-9.159535 	-15.321481 	-30.384740 	-39.116482 	-45.773182 	-58.535323 	-59.689937 	-60.621599 	-60.664706 	-59.416921 	-58.579291 	-59.186442 	-59.214455 	-62.077614 	-58.130027 	-58.102161 	-58.691530 	
10.347664 	6.055191 	-20.540207 	-24.848988 	-22.883236 	-26.228479 	-34.932399 	-54.385750 	-59.160527 	-57.744166 	-57.485915 	-57.256151 	-59.145675 	-57.779692 	-57.669763 	-58.248416 	
10.137715 	-2.298226 	-10.365429 	-25.797508 	-26.491466 	-38.482404 	-56.900845 	-59.760364 	-58.775740 	-61.067007 	-57.852869 	-60.009545 	-58.115032 	-57.946827 	-58.698691 	-56.570513 	
10.050696 	-1.870789 	-28.298298 	-34.861490 	-48.602037 	-57.728114 	-56.970500 	-60.710291 	-58.177612 	-58.467868 	-61.099787 	-59.898484 	-60.369056 	-60.724709 	-59.767707 	-58.829281 	-59.009409 	-57.399894 	-60.770981 	-58.158121 	-58.252036 	
10.024285 	-3.671846 	-8.208840 	-11.283400 	-13.179861 	-29.584465 	-42.681305 	-44.579823 	-49.956222 	-52.238428 	-54.052238 	-58.391477 	-63.364116 	-58.984758 	-58.668977 	-57.693711 	-60.102568 	-58.695953 	-57.763681 	-60.511034 	-57.942514 	-59.529310 	-59.155820 	
10.090790 	-1.825647 	-14.401189 	-16.708514 	-31.248178 	-33.872225 	-38.378855 	-39.347902 	-41.726616 	-49.618634 	-56.823283 	-57.069065 	-57.836597 	-60.639659 	-58.083615 	-58.687746 	-57.560026 	-58.747173 	-61.782931 	-58.493447 	
10.052139 	-11.443455 	-20.969411 	-22.218645 	-36.182722 	-47.308714 	-55.883099 	-58.726612 	-59.460444 	-59.681695 	-59.235228 	-58.048691 	-59.930230 	-59.105628 	-59.663053 	-57.680023 	-60.320425 	-60.611455 	-58.466115 	-58.560559 	-59.999506 	-61.587534 	-60.535417 	-60.286744 	-62.250240 	
9.677265 	1.440593 	-20.274798 	-23.166417 	-31.872663 	-37.926230 	-39.654975 	-45.591959 	-54.346456 	-53.629924 	-52.559354 	-52.717760 	-56.205483 	-55.560988 	-57.935100 	-55.894483 	
10.362682 	6.078277 	-12.523031 	-10.343445 	-14.221400 	-16.258601 	-44.333713 	-56.746776 	-59.018655 	-58.246639 	-59.868059 	-58.850940 	-58.255117 	-58.298105 	-59.810993 	-58.459042 	-57.202266 	-58.984733 	
10.415944 	-0.382028 	-11.541494 	-15.143594 	-15.732781 	-63.775172 	-57.367346 	-59.333729 	-57.683924 	-59.287168 	-57.904850 	-58.287407 	-59.764767 	-57.994018 	-57.609739 	
9.833217 	-2.327711 	-3.930361 	-17.250465 	-22.738889 	-24.721878 	-31.368315 	-34.152057 	-59.211398 	-61.781116 	-59.122969 	-57.812574 	-57.481374 	-61.287124 	-59.859552 	-58.426013 	-63.743396 	-59.713965 	
9.888470 	-2.607684 	-4.068597 	-7.716677 	-39.433840 	-58.552374 	-59.613145 	-60.755221 	-58.960781 	-60.718966 	-59.373441 	-60.557283 	-57.328031 	-57.400303 	
