10.398431 	-10.620061 	-23.602540 	-26.869171 	-56.949468 	-59.395800 	-58.985820 	-56.796201 	-58.311687 	-59.058712 	-57.891201 	-57.763855 	
10.452351 	-0.110486 	-2.113683 	-11.843741 	-22.457263 	-27.987355 	-41.701273 	-47.796882 	-58.093166 	-58.703005 	-59.259319 	-60.636290 	-59.226792 	-58.864044 	-60.022171 	-58.771086 	-57.359778 	-58.069540 	-59.511217 	-59.556952 	-58.700928 	-58.127128 	-59.443628 	-60.076500 	
10.200221 	5.036350 	-8.950450 	-18.792436 	-28.328445 	-33.119980 	-57.854273 	-59.224168 	-59.106592 	-58.125355 	-57.154202 	-60.303633 	-58.327739 	-60.500915 	
10.247825 	-10.950956 	-13.200550 	-18.948084 	-43.345333 	-39.944157 	-48.347193 	-56.023856 	-56.520648 	-57.298576 	-59.011462 	-65.289366 	-58.754001 	-60.997467 	-59.124934 	-58.293905 	-62.651865 	-58.657019 	-60.126140 	-57.586424 	-58.252728 	-60.455512 	
10.383792 	-26.702261 	-36.619012 	-50.332661 	-56.642882 	-56.936567 	-58.544561 	-60.177458 	-58.100174 	-58.434166 	-57.659628 	-57.756963 	-57.839346 	-59.884296 	
10.284149 	-5.736093 	-7.773463 	-9.746347 	-9.879635 	-16.633268 	-20.539278 	-20.913511 	-23.295314 	-24.304174 	-32.320145 	-39.107772 	-37.981027 	-53.729974 	-57.038185 	-58.936261 	-57.656999 	-56.532071 	-58.952806 	-57.294412 	-58.012859 	-57.485400 	
10.701012 	2.225322 	5.959599 	1.879309 	-10.761903 	-11.898916 	-27.567995 	-49.752972 	-56.352812 	-59.335414 	-58.567843 	-57.853278 	-58.816626 	-59.292945 	-57.054797 	-57.904668 	-56.309405 	-58.858169 	
10.232834 	2.291994 	0.236001 	-23.626122 	-25.527555 	-46.271688 	-57.947168 	-57.219413 	-57.604231 	-58.757437 	-58.614383 	-57.884047 	-58.246909 	
10.226804 	7.539809 	-16.217802 	-34.017031 	-46.379768 	-49.059977 	-50.593263 	-57.939618 	-57.847059 	-57.354453 	-58.307486 	-60.469730 	-59.016304 	-57.551080 	-57.236789 	-57.354974 	-57.720116 	
10.186680 	-21.475259 	-26.068007 	-37.245086 	-40.333847 	-50.661508 	-58.427124 	-59.694302 	-57.215713 	-59.504301 	-58.215736 	-60.762149 	-59.614517 	-57.933283 	-58.271195 	-61.029130 	-58.579502 	-57.579310 	-59.427082 	
10.027351 	3.794866 	-13.305547 	-19.931908 	-42.458719 	-52.197318 	-52.480406 	-57.744515 	-58.761866 	-59.076020 	-58.770378 	-58.112684 	-57.882208 	-59.022082 	-60.273551 	-58.976210 	-60.599877 	-59.377642 	-59.087535 	-58.226143 	-60.201282 	-59.460876 	-59.435878 	-59.484058 	
10.274545 	2.871655 	-21.240821 	-43.804798 	-46.031536 	-55.098924 	-59.432717 	-59.666834 	-58.852103 	-59.254966 	-59.225300 	-57.103915 	-57.709706 	-60.455075 	-61.159715 	
10.475611 	-23.292929 	-36.970854 	-44.056437 	-51.727324 	-57.050891 	-57.809171 	-58.874502 	-59.683720 	-58.464740 	-59.201352 	-57.536842 	-58.420656 	-61.104487 	-59.004515 	-58.849098 	-58.238051 	-58.619093 	-57.362346 	-58.623388 	-58.103096 	-60.276468 	-57.439184 	
10.181599 	-21.112230 	-40.863636 	-58.541875 	-60.494678 	-57.628636 	-58.745198 	-60.621295 	-57.222664 	-57.869536 	-59.715643 	-58.897945 	
10.627491 	-11.691914 	-20.824581 	-39.334659 	-52.136980 	-56.112560 	-57.163838 	-57.821167 	-57.787555 	-58.553730 	-58.608391 	-59.079535 	-58.131107 	-57.776883 	-59.621640 	-59.212658 	-59.658038 	-57.633828 	-59.004201 	-58.620986 	-58.194435 	-58.151882 	-58.437379 	-60.572340 	-59.672362 	-58.069725 	-58.563440 	-59.943124 	-60.931467 	
10.383068 	-49.336779 	-58.701288 	-58.450762 	-58.796279 	-58.424916 	-57.815538 	-60.991127 	-58.877599 	-58.193249 	-60.546864 	-58.903296 	-58.339741 	-58.482474 	-56.931744 	
10.200202 	-2.860418 	-29.411814 	-38.474349 	-58.805504 	-59.325175 	-58.707042 	-59.658020 	-58.252858 	-62.795340 	-58.225798 	-60.386067 	-58.058938 	-58.585905 	-59.416427 	-58.977114 	-60.689913 	-57.574363 	-60.668238 	
10.228848 	-13.196684 	-30.400362 	-33.648979 	-45.127004 	-45.640959 	-57.874781 	-58.772757 	-59.078798 	-59.454809 	-57.843197 	-58.577327 	-58.191439 	-58.372949 	-58.059345 	-59.335943 	-59.963036 	
10.711391 	3.958682 	-8.656120 	-18.763192 	-49.546338 	-57.895531 	-60.990431 	-59.912458 	-57.072277 	-57.156175 	-61.938406 	-57.578700 	-57.750248 	
9.992819 	0.369046 	-17.019809 	-44.028403 	-44.463441 	-46.161076 	-49.253717 	-50.211976 	-57.289463 	-60.056424 	-58.848949 	-59.860129 	-60.370651 	-58.527448 	-59.673585 	-59.029385 	-58.986780 	-60.312420 	-58.692736 	-57.852262 	-60.168489 	-58.610811 	-61.224153 	-59.044142 	-60.211475 	-62.173028 	-59.188559 	-60.887073 	-59.329877 	-59.070012 	
