10.171927 	-4.296978 	-14.652438 	-42.778442 	-56.414867 	-58.094211 	-58.284830 	-58.835762 	-57.415793 	-57.598149 	-57.880388 	-59.661114 	
10.043771 	8.466197 	1.689534 	-7.783490 	-19.926950 	-22.973564 	-40.846241 	-44.877932 	-54.879344 	-58.950695 	-59.059432 	-60.301292 	-58.461385 	-57.614821 	-57.860138 	-60.364754 	-57.887880 	
10.092207 	-16.001907 	-17.974226 	-24.449125 	-32.441920 	-37.464969 	-42.545534 	-53.605307 	-57.917800 	-57.694352 	-58.500468 	-65.938838 	-57.144420 	-57.486858 	-59.731801 	
9.929418 	1.271709 	-6.512650 	-13.230911 	-18.705911 	-24.914776 	-34.024676 	-40.445892 	-54.681908 	-58.267860 	-58.812986 	-59.134650 	-58.279400 	-57.654425 	-58.225658 	-57.708979 	-58.131377 	
9.945687 	-0.378701 	-6.066530 	-8.522547 	-15.175434 	-17.199305 	-20.554208 	-20.087233 	-57.972061 	-57.075793 	-57.672337 	-59.919266 	-58.187308 	-58.367521 	-57.703936 	
9.773648 	1.619553 	-14.785143 	-17.295950 	-15.046312 	-23.438151 	-26.986447 	-46.317441 	-49.971750 	-51.595150 	-57.040909 	-56.257296 	-57.220069 	-58.836065 	-59.100980 	-61.122929 	-58.766022 	-58.457834 	-56.477806 	-58.389505 	
10.030975 	1.181712 	-8.014734 	-7.989335 	-23.798017 	-25.326652 	-36.341708 	-39.348702 	-42.492858 	-43.418791 	-44.224708 	-58.227217 	-57.745819 	-57.165993 	-58.285785 	-59.531713 	-59.243750 	-58.515370 	-57.062214 	-58.854243 	-57.703547 	
9.609030 	3.066246 	-0.300370 	-10.596323 	-29.939829 	-29.513266 	-31.082625 	-37.395922 	-31.599376 	-31.934031 	-54.293269 	-54.053454 	-56.373760 	-56.284252 	
10.279626 	-3.275645 	-15.491436 	-17.273180 	-21.856312 	-30.046568 	-41.925858 	-54.780555 	-56.744938 	-56.670532 	-57.415847 	-57.844761 	-58.804377 	-59.907402 	-57.755258 	-57.646753 	
9.941334 	1.643647 	-8.930878 	-11.198011 	-20.083165 	-39.358896 	-56.718257 	-58.607968 	-57.858263 	-58.914594 	-60.607506 	-58.743037 	-58.830499 	-60.784279 	-58.666760 	-59.441675 	-58.142362 	
10.139431 	-4.839805 	-15.631668 	-21.069346 	-29.350960 	-33.466153 	-33.152651 	-40.625418 	-58.348413 	-58.212077 	-59.040363 	-57.588456 	-56.651524 	-59.322689 	-58.112207 	
10.090791 	-10.823569 	-26.511470 	-28.916097 	-29.666897 	-34.128319 	-37.502312 	-44.675765 	-49.154238 	-49.338966 	-53.824355 	-53.549102 	-55.782784 	-59.220392 	-56.847289 	-57.689491 	-56.611827 	-57.859857 	-60.051870 	
10.039322 	-8.052181 	-17.541061 	-34.661942 	-34.193906 	-35.178003 	-38.097617 	-42.091682 	-45.929259 	-44.842965 	-50.243520 	-47.994144 	-50.845990 	
10.331143 	-2.718616 	-5.062052 	-15.059202 	-40.457727 	-42.362664 	-56.521012 	-58.262630 	-59.106309 	-56.257558 	
9.975438 	-5.772030 	-5.091942 	-7.304646 	-17.107868 	-30.365594 	-34.087652 	-41.716478 	-43.927703 	-49.141975 	-51.104675 	-53.624896 	-55.452660 	-54.935822 	-56.887278 	-55.547744 	-56.111651 	-56.331130 	-57.274341 	-56.427263 	-55.792616 	
9.777691 	4.574447 	3.052880 	2.183051 	3.305250 	-2.564989 	-2.663579 	-3.091064 	-2.987887 	-4.286957 	-5.774291 	-6.788240 	-8.284026 	-8.003721 	-11.797709 	-7.819887 	-11.966382 	-8.962281 	-10.705369 	-10.790748 	-12.690049 	-12.929955 	-14.344583 	-13.449613 	-17.154884 	-17.108991 	
10.440048 	-0.286665 	-4.912933 	-2.923100 	-13.220445 	-18.685126 	-18.150339 	-33.868582 	-32.239550 	-34.090195 	-39.206068 	-43.087550 	-44.103556 	-42.728692 	-43.758885 	-45.183320 	-46.850878 	-49.028540 	-48.776982 	
10.011454 	-6.885093 	-23.317583 	-32.882064 	-47.417937 	-60.429727 	-57.256854 	-57.222850 	-61.468018 	-58.228973 	-61.595678 	-61.375192 	-60.507372 	-57.554375 	-57.881263 	-60.976666 	-59.554170 	
10.513662 	1.332210 	-0.578081 	-20.905566 	-23.566608 	-25.637820 	-30.802597 	-43.801714 	-53.672924 	-55.289909 	-56.823197 	-57.333793 	-58.897146 	-57.340035 	-59.609183 	
9.914288 	-17.467249 	-44.925676 	-57.496118 	-59.227713 	-60.943085 	-59.690741 	-58.064664 	-59.562937 	-58.768217 	-59.103399 	-57.721707 	-59.158064 	-60.026623 	-57.287611 	-60.125303 	-59.423714 	-62.453661 	-58.938426 	-60.313184 	-62.500553 	
