10.265871 	3.849326 	-11.630275 	-35.547044 	-56.983202 	-58.288304 	-59.597113 	-58.156746 	-57.836551 	-59.414233 	-58.279597 	-57.785511 	-58.841804 	-59.089205 	-59.043028 	-60.291111 	
10.272439 	-14.168767 	-27.415258 	-28.822820 	-36.258873 	-41.572567 	-46.834594 	-55.767338 	-60.841333 	-57.714361 	-59.544653 	-58.748128 	-59.008236 	-58.983019 	-61.754984 	-59.557157 	-59.865693 	-59.495851 	-59.782989 	-57.601859 	-57.443763 	
10.227924 	-2.806217 	-4.252323 	-5.197609 	-5.413479 	-7.981777 	-9.985907 	-22.700542 	-29.918536 	-31.432515 	-34.371886 	-34.469657 	-41.673378 	-43.973872 	-45.735592 	
9.862316 	-2.991640 	-8.786348 	-8.324021 	-25.068021 	-38.083053 	-38.388233 	-45.334842 	-57.703964 	-58.894387 	-58.674054 	-57.503722 	-58.669020 	-57.208672 	-58.563106 	
9.978854 	6.044368 	-45.959094 	-58.101818 	-57.843647 	-59.401646 	-59.848641 	-57.821847 	-59.210284 	-57.625460 	-58.637734 	-60.087236 	-59.596709 	-59.710213 	-58.928574 	-59.504946 	-61.148471 	
10.044374 	1.829136 	-4.319186 	-6.115425 	-7.492950 	-9.962751 	-12.899855 	-14.793058 	-17.952605 	-23.035023 	-23.247166 	-25.301646 	-27.182157 	-31.794790 	
10.390750 	5.595764 	-2.218147 	-6.795855 	-49.363046 	-48.838250 	-55.770923 	-56.099318 	-58.610265 	-57.922004 	-59.170542 	-58.187987 	-60.733875 	-58.274692 	-60.841062 	-61.067637 	-58.476102 	-59.229089 	-61.117308 	-59.196837 	-57.470368 	-59.368286 	-59.168922 	
10.199537 	-13.150273 	-18.199737 	-18.988290 	-19.124893 	-24.695361 	-58.090627 	-57.029468 	-58.355473 	-59.281814 	-58.454477 	-61.980226 	-58.711855 	-58.049307 	-58.009977 	-58.269499 	-59.086723 	-58.338498 	
10.289107 	-2.938861 	-8.626831 	-10.804991 	-13.153537 	-19.641281 	-22.381291 	-43.477852 	-52.423288 	-57.855024 	-58.463043 	-59.832195 	-57.238542 	-58.377970 	-57.891297 	
10.275823 	3.773688 	-11.872615 	-36.554969 	-50.712991 	-54.182411 	-59.410973 	-57.633487 	-56.265570 	-59.440647 	-58.390610 	-59.887546 	-59.658312 	-57.648621 	
10.124622 	-5.984566 	-7.240390 	-6.192854 	-7.006786 	-11.945112 	-17.526497 	-32.687183 	-47.270069 	-56.844634 	-60.911093 	-57.967404 	-58.452692 	-57.720188 	-59.574422 	-59.281504 	-58.526751 	-61.057590 	
10.214778 	-13.997601 	-15.649434 	-17.821218 	-58.798786 	-60.798005 	-58.762763 	-60.523009 	-58.208740 	-61.184749 	-59.874588 	-59.716832 	-59.564202 	-58.138069 	-58.563102 	-57.701709 	-60.418496 	-58.864976 	
9.857949 	-9.399648 	-19.570199 	-20.988913 	-33.276384 	-36.912285 	-47.499768 	-47.071053 	-57.627265 	-62.076569 	-60.924719 	-60.612564 	-57.232646 	-58.480378 	-63.350898 	-57.365909 	-57.686968 	-59.759938 	-59.099746 	
10.141184 	-6.053436 	-23.391710 	-23.839612 	-34.156940 	-36.696833 	-40.098334 	-47.203059 	-59.069595 	-60.872043 	-58.122180 	-58.019362 	-58.661092 	-58.546087 	-58.887652 	-59.726625 	-62.006489 	
9.893458 	8.419188 	-20.535194 	-32.152611 	-36.007487 	-58.232723 	-58.325252 	-60.246148 	-59.333836 	-58.761050 	-58.580968 	-59.478923 	-58.329905 	-59.570122 	-62.053142 	-57.806827 	-58.341715 	-57.733080 	-60.774369 	-58.669951 	-58.908583 	-62.278666 	
10.482088 	-0.640567 	-19.429404 	-34.098580 	-36.141442 	-45.918681 	-49.964055 	-58.791048 	-57.823621 	-62.284676 	-58.282852 	-57.398994 	-58.301256 	-62.753201 	-58.164272 	-59.192925 	-57.606888 	-58.742906 	-58.020928 	-63.970293 	-57.528493 	
10.415109 	4.847338 	-16.343077 	-17.042873 	-24.311150 	-26.790655 	-29.034996 	-46.623965 	-53.415066 	-58.717450 	-58.762428 	-57.608840 	-58.087158 	-57.582547 	-59.074540 	-57.452926 	-59.013993 	-59.205223 	-58.297376 	
10.493463 	1.543678 	-14.258290 	-30.968590 	-28.459811 	-34.004355 	-58.337877 	-58.449635 	-58.494611 	-60.065569 	-61.250868 	-57.310418 	-58.387968 	-58.011462 	-61.439289 	-58.191552 	
10.143480 	5.978182 	0.492857 	-10.033748 	-14.842655 	-29.262985 	-37.968113 	-61.020542 	-57.385783 	-58.178936 	-62.368824 	-59.069511 	-58.627445 	-58.167867 	-57.572809 	-58.977291 	-58.357096 	-61.599093 	-61.720817 	-59.796323 	
10.320256 	2.376141 	-0.710714 	-32.927207 	-58.962171 	-57.128179 	-57.898650 	-59.002476 	-58.932932 	-58.379677 	-61.456554 	-57.716775 	-57.504849 	-58.619244 	-58.127240 	-59.801023 	-57.982442 	-58.510189 	-59.884235 	
