10.346427 	-18.645660 	-19.315991 	-35.195139 	-58.024624 	-57.931148 	-59.723379 	-59.880064 	-59.331407 	-58.881062 	-58.114253 	-59.011889 	-59.498963 	-58.468800 	-58.606991 	-58.845887 	
10.527046 	2.872225 	-2.111582 	-8.817124 	-29.204867 	-51.245769 	-55.711310 	-58.934079 	-57.916173 	-61.168661 	-57.159735 	-58.502451 	-58.680871 	-60.871144 	-58.492329 	-56.981874 	
10.280004 	-29.735878 	-34.606768 	-58.158910 	-58.159562 	-59.431316 	-57.068061 	-59.638665 	-60.960013 	-57.244204 	
9.965744 	5.249510 	-4.907732 	-6.894683 	-12.393066 	-22.253621 	-22.872749 	-22.407291 	-25.376883 	-34.588895 	-47.329242 	-58.661654 	-56.809686 	-57.597551 	
10.155667 	-2.613651 	-7.233130 	-22.916959 	-29.241148 	-58.895460 	-59.345079 	-59.767733 	-59.491612 	-57.529552 	-60.329098 	-59.705623 	-57.431745 	-56.834801 	-59.096134 	
10.223437 	2.733500 	-4.923166 	-13.052268 	-25.376741 	-29.972032 	-59.403939 	-58.767782 	-59.054318 	-57.029486 	-58.148097 	-57.775387 	
10.200658 	-8.405264 	-23.844031 	-40.318806 	-59.288601 	-59.442519 	-58.591943 	-57.998391 	-59.108975 	-59.930442 	-58.741210 	-57.799585 	-59.534190 	-60.536402 	-59.484081 	-57.184156 	-59.163308 	-60.458919 	
10.488649 	-16.449763 	-60.515740 	-58.688383 	-58.382057 	-58.591605 	-57.767351 	-61.125911 	-58.487190 	-58.149753 	-60.479447 	-59.125021 	-59.027782 	-57.749372 	-58.072928 	-58.623278 	-57.973904 	-58.757023 	-58.984417 	
10.146097 	5.166219 	-3.434432 	-19.178282 	-33.746840 	-52.634936 	-59.312325 	-58.255471 	-60.269746 	-60.053724 	-58.732637 	-58.255950 	-59.752400 	-58.292217 	-58.421834 	-59.377755 	-58.436389 	-58.250250 	-57.903250 	
10.201604 	0.960627 	-15.279320 	-23.178103 	-24.362962 	-40.740303 	-47.682871 	-50.879875 	-59.792085 	-60.439269 	-59.051161 	-59.305848 	-58.297020 	-58.911615 	-59.629112 	-58.084043 	-58.971546 	
10.299972 	-10.835943 	-26.558560 	-27.353802 	-54.521730 	-57.511565 	-59.814530 	-59.777326 	-58.474741 	-57.936745 	-58.008911 	-58.572401 	-58.893084 	-57.641315 	
10.418102 	1.560579 	-2.273854 	-3.815753 	-13.391692 	-17.686529 	-22.940971 	-26.020402 	-28.596921 	-31.537136 	-30.511546 	-37.541334 	-47.321669 	-55.818858 	-56.508961 	-60.571864 	-60.670837 	-59.354117 	-58.659399 	-60.232219 	-57.620158 	-58.513407 	-57.430903 	-58.215255 	-58.325536 	-57.986419 	-58.682839 	-57.840931 	
10.628513 	-15.648557 	-15.972179 	-28.253978 	-31.068109 	-34.254059 	-49.617529 	-55.429968 	-57.628427 	-57.434185 	-57.297731 	-57.867494 	-57.404582 	-57.281547 	-60.192284 	-59.843844 	-57.701488 	-56.945396 	
10.171891 	5.296749 	3.007226 	-45.327965 	-58.078560 	-58.995268 	-59.261900 	-59.159939 	-61.291958 	-60.164811 	-58.752496 	-58.116990 	-61.464602 	-59.965602 	-58.270475 	-58.344599 	-59.268564 	-60.854101 	-59.652631 	-58.885438 	-57.895054 	-59.556267 	
10.223099 	-58.982756 	-59.684670 	-58.553098 	-57.441144 	-59.226869 	-59.106303 	-57.202258 	-59.840621 	-59.639502 	-58.368154 	-61.736708 	
10.358871 	-21.667086 	-31.200004 	-37.917767 	-44.822461 	-57.875480 	-57.983970 	-60.406846 	-57.384629 	-57.929710 	-58.298771 	-59.588072 	-58.336494 	-58.628323 	-58.896837 	-59.691880 	-59.772778 	-58.739831 	-59.742791 	
10.309663 	-4.987695 	-7.308405 	-37.031684 	-38.779330 	-43.552614 	-46.043287 	-51.436496 	-55.184968 	-57.652055 	-59.127161 	-58.351813 	-57.286302 	-58.857013 	-58.319673 	-58.393228 	-57.209566 	-57.032038 	-59.226922 	-59.160006 	
9.973410 	-5.766545 	-7.460406 	-17.293621 	-38.834266 	-56.139632 	-57.298752 	-58.566125 	-59.424045 	-59.063050 	-59.256531 	-59.479956 	-57.142202 	-59.051537 	-57.520968 	
10.237987 	-17.086401 	-33.235221 	-34.562749 	-42.678563 	-57.599538 	-58.887886 	-58.487090 	-58.216904 	-60.012884 	-58.601262 	-58.397263 	-58.446453 	-57.807937 	-62.209608 	-61.822646 	-58.132109 	
10.389349 	-20.608659 	-26.407818 	-38.562861 	-42.629780 	-58.686358 	-59.304079 	-57.761429 	-58.972446 	-58.682464 	-57.883387 	-57.372667 	-59.308554 	-59.547045 	-59.918239 	-61.438047 	-58.386334 	-59.228997 	-59.254393 	
