9.874680 	-4.334140 	-30.798020 	-53.547230 	-56.979785 	-57.272510 	-61.097613 	-58.212130 	-59.095589 	-62.436887 	-58.975831 	-58.193293 	-61.862869 	-57.749246 	-60.146734 	
10.052515 	-6.114625 	-6.524134 	-10.428839 	-23.462664 	-34.111996 	-57.443044 	-60.085366 	-58.335111 	-59.031030 	-58.830144 	-58.630239 	-58.032362 	-60.950256 	-60.397487 	-58.578219 	-60.166191 	-58.637698 	-61.556665 	-59.856631 	-58.809420 	-58.227541 	-58.343399 	
10.405264 	3.819009 	-36.968025 	-51.687992 	-53.686099 	-54.416076 	-56.460460 	-55.946420 	
10.340693 	-0.922358 	-21.919392 	-36.876435 	-44.332754 	-53.140871 	-50.514428 	-56.056787 	-58.400857 	-58.989906 	-59.826651 	-60.615360 	-57.625745 	-57.828980 	-59.266024 	-58.896039 	-57.930116 	-60.259435 	-58.428598 	-58.703300 	-59.969257 	
10.379020 	5.017723 	-20.721315 	-40.107883 	-57.410251 	-57.163643 	-58.609294 	-60.538848 	-57.258805 	-57.807722 	-62.136149 	-58.870813 	-59.020179 	-58.895167 	-58.472226 	
10.407842 	0.957645 	-8.485275 	-9.844690 	-17.225228 	-23.440463 	-32.464752 	-50.847603 	-57.719524 	-59.442022 	-62.315638 	-59.281919 	-59.827504 	-61.011177 	-57.877386 	-59.172342 	-58.906485 	-57.189191 	-58.238562 	
10.106913 	-7.645817 	-18.312221 	-23.460249 	-31.774124 	-38.570503 	-39.395587 	-53.870321 	-61.596178 	-58.253373 	-58.112131 	-59.860079 	-59.049542 	-59.258855 	-60.365634 	-58.097738 	-58.952581 	-60.776812 	-58.313046 	-59.690803 	-60.088068 	-57.490356 	
10.161008 	-3.367214 	-14.054894 	-15.160253 	-19.859954 	-29.713695 	-35.433323 	-34.775967 	-58.481058 	-58.689749 	-60.454407 	-61.227520 	-58.402878 	-58.035520 	-59.786783 	-59.314733 	-59.825227 	
10.077501 	4.648219 	-2.275389 	-13.885602 	-31.844405 	-38.162543 	-47.269547 	-59.336198 	-58.579401 	-59.468180 	-57.457875 	-61.476991 	-58.260093 	-57.625720 	-58.662831 	
9.996668 	7.048553 	4.347137 	-6.871589 	-8.602443 	-15.480135 	-32.683072 	-33.762854 	-58.971284 	-58.090898 	-58.555486 	-59.979186 	-58.267104 	-62.134764 	-57.394799 	-58.371348 	
10.219061 	-6.495735 	-10.613749 	-26.057854 	-57.976388 	-57.199415 	-60.404316 	-57.701799 	-58.259205 	-60.535978 	-60.245271 	-57.198851 	-58.181390 	-58.057859 	-60.791481 	-63.181727 	
10.266280 	-2.139742 	-10.796339 	-12.185389 	-21.500288 	-26.718700 	-29.249730 	-36.751026 	-56.128917 	-55.115929 	-57.174629 	-58.083648 	-56.331867 	-58.868434 	-58.600764 	-56.289739 	-57.962039 	-58.531429 	-58.559638 	
9.965635 	-27.484292 	-32.149631 	-37.553537 	-58.937725 	-58.907028 	-58.366918 	-58.093831 	-62.283129 	-58.106042 	-58.224806 	-60.145923 	-57.952056 	-59.077173 	-60.415439 	-59.395335 	-60.542963 	-58.479198 	-58.229398 	
10.095259 	-8.937468 	-14.090804 	-26.410919 	-26.464958 	-30.554376 	-34.750496 	-37.126166 	-38.486627 	-39.411870 	-39.947116 	-47.520062 	-53.270399 	-55.852775 	-57.879054 	-55.744677 	-55.676789 	-57.691657 	-57.055644 	
10.294696 	6.135222 	2.258100 	-10.641405 	-19.043131 	-50.362816 	-59.128163 	-59.649116 	-57.929646 	-57.729524 	-59.405833 	-59.332480 	-61.577039 	-59.897052 	-59.922812 	-59.388051 	-59.062190 	-58.682102 	-59.207778 	
10.189536 	2.539239 	-57.835052 	-58.653484 	-58.440240 	-58.446044 	-58.226479 	-58.750138 	-61.494354 	-58.026589 	-57.970286 	-58.551589 	
10.443665 	-0.523982 	-7.444041 	-10.404054 	-14.466415 	-14.878320 	-31.233854 	-52.208484 	-59.459614 	-58.029016 	-59.193373 	-58.871762 	-60.127701 	-57.325056 	-57.073018 	-58.838506 	-58.998295 	
10.421907 	-11.532648 	-9.196853 	-22.169121 	-22.761438 	-31.510874 	-49.097576 	-55.530400 	-60.314184 	-59.205229 	-59.973309 	-59.068154 	-58.739338 	-58.493564 	-58.341674 	-60.744600 	-58.436235 	
10.348341 	-12.218792 	-36.106418 	-35.835296 	-41.225809 	-53.215519 	-58.269627 	-59.257930 	-57.968315 	-61.497313 	-57.552752 	-57.972196 	-60.655748 	-57.370469 	-58.708894 	
10.320642 	4.826631 	-2.002421 	-26.411705 	-54.972287 	-57.635787 	-58.114046 	-60.540885 	-59.909897 	-58.515164 	-58.662962 	-60.315227 	-59.862002 	-59.045327 	-58.871954 	-58.220042 	-60.076260 	-60.838196 	-58.424562 	-58.741099 	-58.185073 	-58.047148 	
