10.200104 	-1.249894 	-2.467862 	-16.850621 	-25.109212 	-36.960996 	-42.566325 	-59.500668 	-57.999263 	-59.232852 	-59.552636 	-58.920660 	-58.345502 	-62.072725 	-58.666687 	-61.232533 	-58.341201 	-59.087576 	-57.684560 	
10.013783 	2.922428 	-1.057137 	-13.796799 	-24.040823 	-27.520487 	-25.651802 	-38.394601 	-39.419790 	-48.653282 	-58.963596 	-60.069677 	-63.186621 	-58.601870 	-62.025862 	-59.823860 	-58.464658 	-61.018588 	-61.209578 	-59.071357 	-61.275305 	-59.449996 	-58.260223 	-59.647344 	-58.954623 	-58.177452 	-61.389864 	-59.135094 	-59.803766 	-58.460736 	-59.173917 	-61.187189 	
10.173089 	-8.316216 	-31.377594 	-51.545654 	-57.547760 	-57.193547 	-58.365749 	-59.152001 	-60.980389 	-59.584043 	-59.993710 	-61.761533 	-58.398441 	-60.439999 	-58.331742 	-58.435774 	-59.730972 	-61.603230 	-58.530905 	
10.274728 	-45.196997 	-51.839438 	-58.370644 	-59.075259 	-59.706577 	-58.859183 	-58.660701 	-57.976063 	-59.346466 	-59.600876 	-60.794128 	-58.156617 	-58.627167 	-58.028323 	
10.127230 	-33.390699 	-37.828681 	-43.584419 	-44.611533 	-52.524148 	-59.430266 	-58.622316 	-59.815316 	-57.430086 	-60.827047 	-58.189128 	-57.551211 	
10.324111 	-6.976643 	-9.502098 	-15.984150 	-33.571286 	-36.592743 	-40.568281 	-46.963464 	-50.465625 	-56.363299 	-59.421207 	-57.091612 	-58.278318 	-60.975288 	-58.085781 	-56.955921 	-62.110000 	
9.955596 	-11.997706 	-28.041059 	-39.431900 	-49.791799 	-55.257255 	-57.654889 	-59.506257 	-58.475654 	-59.160839 	-59.000676 	-60.442097 	-60.778079 	-59.654309 	-58.588571 	-58.462732 	-58.551025 	-59.024979 	-61.650470 	-60.379430 	-59.367062 	-61.518692 	
10.176598 	-3.005713 	-9.413247 	-10.355774 	-21.481603 	-25.478760 	-29.438318 	-33.113874 	-42.445992 	-48.381324 	-59.332480 	-58.668044 	-57.750601 	-58.232983 	-58.093213 	-56.879842 	-58.126489 	-59.666158 	-62.186749 	-59.651976 	
10.361873 	-3.179428 	-27.127194 	-33.202591 	-34.841831 	-58.478703 	-57.972189 	-59.902602 	-58.970778 	-60.761698 	-59.477846 	-59.574840 	-58.581562 	-59.143940 	-58.228345 	-58.523196 	-59.007931 	-57.697580 	-57.039166 	
10.091472 	7.513816 	-21.540522 	-29.712142 	-47.410065 	-57.273259 	-62.640236 	-57.984696 	-59.471147 	-60.255871 	-57.890094 	-60.867987 	-57.612229 	-61.886116 	-58.021386 	-60.037392 	-59.096614 	-62.603624 	-59.967827 	-58.723903 	
10.464020 	-16.122760 	-31.279386 	-44.413520 	-45.936852 	-49.714839 	-52.316855 	-61.236103 	-59.492570 	-57.656130 	-56.555832 	-58.625405 	
9.946890 	-2.562683 	-40.811523 	-57.288173 	-59.314913 	-60.976797 	-60.598892 	-58.264311 	-58.108861 	-58.669644 	
10.487817 	-12.145298 	-38.385674 	-36.773153 	-58.018931 	-57.900005 	-57.773437 	-58.921173 	-58.168235 	-58.827974 	-58.227964 	-57.661327 	-58.497831 	-60.138282 	
10.192299 	5.426866 	-10.818832 	-11.263310 	-13.056146 	-13.442924 	-37.878222 	-40.657723 	-57.944864 	-60.313077 	-59.600914 	-58.494708 	-58.671008 	-58.985241 	-57.824935 	-58.435651 	-56.706488 	-57.397252 	-60.172348 	-57.379809 	-59.672508 	
10.723992 	-58.588393 	-57.039321 	-60.770786 	-58.749554 	-58.713439 	-61.542038 	-57.737610 	-58.442717 	-59.164865 	-60.525203 	-58.078668 	-57.507017 	-58.782909 	-61.336734 	-60.133776 	-58.056917 	
10.051103 	-5.841442 	-13.984733 	-17.646802 	-36.175316 	-46.988334 	-51.632308 	-57.873661 	-56.790079 	-59.429744 	-58.249098 	-59.631871 	-62.120927 	-59.394197 	
9.940027 	-6.913586 	-9.133524 	-12.540001 	-25.723347 	-28.976172 	-29.762563 	-36.197521 	-46.961690 	-57.621154 	-58.784519 	-60.728847 	-59.855501 	-61.301454 	-60.074054 	-60.692477 	-59.625151 	-60.692485 	-60.110707 	-58.948200 	-59.642352 	-62.239910 	-58.438239 	-59.896847 	-61.214334 	-59.698219 	-59.022844 	-60.009331 	-58.655647 	-59.314661 	-59.418366 	
10.532278 	-1.296984 	-4.225637 	-22.147256 	-40.885462 	-39.482196 	-57.545639 	-58.500878 	-57.514962 	-57.981700 	-58.021051 	-58.681760 	-58.397659 	-59.700272 	-57.624161 	-59.124969 	
10.232938 	-9.273873 	-16.372585 	-45.319927 	-52.776757 	-57.227213 	-58.834118 	-59.094952 	-60.523432 	-58.476522 	-59.778691 	-61.216002 	-58.043393 	-57.376235 	-57.738297 	-58.930731 	-59.917550 	
10.152540 	-15.651765 	-26.050276 	-28.190293 	-39.961070 	-49.701157 	-57.549252 	-59.675391 	-60.038232 	-59.172821 	-60.297631 	-60.531637 	-62.949134 	-57.371482 	-59.498527 	-59.770253 	-57.542043 	-59.996073 	-60.319052 	
