9.921025 	-18.090968 	-59.582157 	-58.757692 	-57.340803 	-60.027847 	-59.671073 	-58.442471 	-58.578944 	-60.193832 	-58.364377 	
10.213949 	-0.592213 	-2.760946 	-11.250075 	-24.578651 	-32.961246 	-36.462699 	-40.450990 	-45.811250 	-46.810341 	-58.477945 	-59.128612 	-58.574326 	-58.438411 	-58.009751 	-58.755245 	-58.595939 	-59.295607 	-57.798852 	-58.722443 	-57.509540 	
9.996302 	-5.595114 	-6.625358 	-9.033197 	-22.133637 	-17.323426 	-23.849103 	-29.169960 	-26.488139 	-30.630498 	-52.439990 	-56.001303 	-58.632557 	-57.831652 	-61.434197 	-56.931461 	-57.548106 	-57.374956 	-58.230196 	-57.379923 	-58.506550 	-56.184986 	
9.925313 	-11.125363 	-44.382584 	-44.318627 	-47.136553 	-49.156979 	-56.768081 	-60.919724 	-58.553240 	-58.488316 	-61.488300 	-59.413395 	-58.416290 	-59.335680 	-58.649251 	-61.334669 	-58.325801 	-60.591952 	-59.931824 	
10.057280 	0.170366 	-2.373743 	-11.733896 	-33.431378 	-38.026813 	-44.790592 	-58.377067 	-56.428488 	-57.685369 	-56.911607 	-61.157736 	-59.591133 	-58.863438 	
10.189232 	-3.712080 	-18.810222 	-28.080318 	-36.261510 	-42.244816 	-57.586454 	-59.728137 	-59.945302 	-61.000605 	-59.345108 	-58.870110 	-59.873146 	-57.765428 	-58.747914 	-58.477293 	-58.813828 	-58.130456 	
10.111947 	5.232072 	5.007375 	-2.720970 	-3.403290 	-4.858117 	-18.672167 	-19.269110 	-27.669484 	-29.570939 	-32.702173 	-34.185873 	-41.478228 	-46.232933 	-48.342807 	-52.570676 	-56.722597 	-58.664557 	-56.326006 	-58.892288 	-56.083107 	-57.651406 	-58.362155 	-57.585516 	-58.190129 	-57.062420 	-57.380116 	
10.121188 	-16.226454 	-58.421527 	-58.280116 	-59.074915 	-59.662278 	-61.345214 	-58.620095 	-58.519449 	-60.728085 	-59.250423 	-59.723717 	-58.581784 	-58.059499 	-57.776277 	-58.347802 	
9.841421 	0.463927 	-40.522587 	-43.159662 	-41.538033 	-47.317983 	-56.457317 	-56.042089 	-57.715615 	-60.293246 	-58.259365 	-57.616030 	-58.280649 	-57.949928 	-59.925896 	-59.960405 	-59.788895 	-57.260399 	-60.834344 	
9.640100 	3.389513 	-5.954420 	-9.779001 	-16.226834 	-25.889790 	-36.407636 	-38.222226 	-49.232278 	-57.471598 	-58.732835 	-58.612192 	-61.926441 	-58.838420 	-61.394888 	-63.712830 	-59.877475 	-58.366062 	-59.166811 	-63.861603 	-61.029659 	-58.662400 	-58.084318 	
9.304899 	9.534549 	8.749626 	-54.315896 	-56.181491 	-57.502857 	-58.019151 	-59.128140 	-57.779186 	-58.900773 	-57.038537 	-57.441556 	-59.985257 	-57.986857 	-59.515002 	-56.938989 	-60.215365 	-56.736657 	-59.070735 	
10.348546 	-1.169992 	-18.294383 	-41.060339 	-43.926592 	-43.050971 	-51.560665 	-56.499490 	-60.547820 	-59.712261 	-57.888743 	-59.470240 	-57.661857 	-58.837567 	-57.581564 	-61.478328 	-57.987788 	-60.078635 	-59.098511 	-59.061784 	-58.359221 	-60.475575 	-58.602500 	-59.010195 	
10.371619 	2.283067 	2.053983 	-2.803497 	-44.390034 	-46.056208 	-55.525411 	-56.902267 	-60.586186 	-57.398613 	-59.672952 	-59.170171 	-58.754881 	-56.430635 	-59.677608 	-57.435578 	-59.932005 	-58.214294 	
10.255231 	0.493441 	-2.594989 	-2.976012 	-15.569514 	-17.276856 	-18.663859 	-19.811628 	-25.264387 	-29.089867 	-39.939931 	-39.790150 	-38.837739 	-42.058345 	-54.989465 	-55.749445 	-58.073056 	-57.318908 	-56.848988 	-59.497842 	-56.877399 	-57.092131 	-56.253639 	
10.494627 	-0.897888 	-42.924815 	-52.005733 	-56.023273 	-56.984668 	-60.151897 	-58.838755 	-59.245193 	-59.263880 	-58.736094 	-57.753461 	-59.347036 	-59.705694 	-64.621651 	-56.713957 	-57.465107 	-60.524889 	-58.369612 	
10.012579 	-25.437207 	-43.998401 	-43.381959 	-48.205169 	-50.787513 	-50.954625 	-55.102076 	-56.142504 	-57.459463 	-56.735289 	-58.550776 	-58.065995 	-59.607787 	-56.767869 	
10.160979 	-13.975732 	-14.754916 	-24.189935 	-47.114171 	-47.229216 	-50.176084 	-52.275926 	-55.242442 	-56.795806 	-58.397233 	-61.674392 	-58.985659 	-59.272471 	-62.220483 	-58.173041 	-56.809435 	-61.835524 	-60.897742 	-57.596872 	-58.193030 	
10.276022 	-0.229299 	-24.790488 	-34.844777 	-51.671007 	-55.468172 	-58.147339 	-57.069406 	-59.378047 	-58.670763 	-64.441431 	-58.083764 	-60.248407 	-59.016239 	-58.385612 	-59.962863 	-57.684130 	-58.128678 	-59.363555 	-58.322038 	-59.396048 	
10.000434 	-13.380246 	-13.784800 	-57.708200 	-58.618905 	-58.491127 	-59.522348 	-59.421798 	-59.019536 	-58.487194 	-62.283325 	-59.187687 	
10.155741 	-8.294196 	-14.050486 	-27.497982 	-42.258281 	-58.019527 	-58.619230 	-58.805597 	-58.791131 	-59.165580 	-59.618261 	-57.599278 	-58.499421 	-59.493463 	-58.346549 	
