9.893106 	3.404639 	-16.286686 	-21.248073 	-44.746577 	-48.078942 	-51.618161 	-54.860856 	-60.606340 	-58.993211 	-59.884461 	-59.055037 	-59.495813 	-57.521072 	-60.238418 	-57.617610 	-58.737773 	
9.908936 	-7.559791 	-10.091187 	-13.048607 	-29.383856 	-48.009817 	-48.042264 	-58.146650 	-59.460936 	-57.281756 	-58.716072 	-59.836869 	-59.622498 	-64.865471 	-58.500644 	-56.825159 	-60.343266 	
9.938262 	-4.614328 	-10.257508 	-10.487840 	-12.286599 	-16.412047 	-16.690023 	-16.194289 	-21.771648 	-23.048384 	-25.370499 	-33.090925 	-57.450668 	-58.008733 	-59.504861 	-58.948454 	-59.282674 	-58.662919 	-57.835424 	-58.094059 	-57.921499 	-59.400759 	-59.799184 	-58.545471 	
9.815640 	6.877333 	-1.921103 	-5.693890 	-14.656780 	-26.879710 	-39.143378 	-39.504522 	-41.627618 	-61.528931 	-57.632477 	-59.730246 	-60.709315 	-62.476292 	-58.240388 	-58.996537 	-58.686234 	-59.207046 	-60.513436 	-59.482095 	-58.544705 	-60.851086 	-58.722750 	
10.202926 	5.339748 	5.382857 	-10.167853 	-15.961421 	-45.165612 	-57.391668 	-57.506169 	-57.840196 	-60.817198 	-57.435649 	-60.240049 	-57.081020 	-61.028707 	-58.946526 	-60.954742 	-59.318076 	-58.434444 	-57.611592 	-61.013580 	-58.357417 	
9.414849 	3.133683 	-10.610749 	-20.055697 	-20.075837 	-28.633170 	-29.261587 	-35.727947 	-37.197225 	-50.240838 	-52.690169 	-52.645826 	-58.678042 	-58.288803 	-56.786303 	-57.756122 	-59.242302 	-57.435488 	-57.042589 	
9.606986 	2.987092 	-5.794767 	-8.296129 	-10.221938 	-12.930892 	-14.246466 	-16.252518 	-17.284856 	-35.474138 	-44.390450 	-47.258781 	-52.498982 	-54.469078 	-54.522842 	-57.130627 	-56.933383 	-58.166644 	-58.157681 	-57.913340 	
10.408599 	2.113552 	-3.158732 	-4.295492 	-19.051939 	-23.250113 	-30.331157 	-40.582398 	-47.691197 	-52.214383 	-57.842791 	-58.027001 	-57.922719 	-57.405206 	-57.390754 	-57.177426 	-62.426337 	-58.888220 	
9.832670 	-19.271448 	-49.406244 	-59.900962 	-57.942931 	-59.981976 	-58.345517 	-58.926236 	-57.177687 	-59.439233 	-60.628436 	-59.994753 	
9.796774 	-16.133968 	-21.470094 	-26.804012 	-33.689845 	-39.261021 	-42.563438 	-50.079942 	-57.914736 	-57.467948 	-58.453911 	-60.077102 	-60.581978 	-59.873433 	-58.190496 	-58.095038 	-57.058367 	-60.126111 	-57.779204 	
9.284774 	3.349042 	0.174659 	-4.297056 	-17.439746 	-23.061524 	-40.793779 	-41.196692 	-44.288788 	-48.915617 	-46.697322 	-50.332454 	-55.054236 	-55.381335 	-55.773892 	-56.709356 	-56.690165 	-57.288681 	
10.261339 	0.143003 	-5.404774 	-25.067108 	-30.682699 	-49.105747 	-57.811540 	-58.004962 	-59.213059 	-58.958190 	-59.308515 	-57.566611 	-60.588972 	-60.369521 	-59.786042 	-57.323632 	-58.330654 	-59.045718 	-58.760943 	-58.565133 	
10.355363 	-6.540854 	-7.755528 	-27.149069 	-32.846223 	-50.921145 	-51.581321 	-59.718957 	-59.742211 	-56.673631 	-59.651232 	-57.495663 	-58.209979 	
9.960200 	-18.811568 	-35.942795 	-47.605015 	-55.170987 	-54.481143 	-60.994249 	-59.647066 	-58.630765 	-58.691676 	-61.623282 	-57.490663 	-58.705009 	-58.924127 	
9.791024 	-18.081435 	-20.567462 	-23.295024 	-26.943989 	-38.507721 	-36.238041 	-38.659467 	-41.431534 	-43.828821 	-48.137969 	-43.921136 	-46.458921 	-48.518302 	-52.583218 	
9.786227 	4.813292 	0.533397 	-3.066428 	-6.193705 	-6.219168 	-12.120222 	-13.497759 	-23.445126 	-32.624048 	-40.360980 	-48.277442 	-48.089188 	-57.664060 	-56.062276 	-58.611421 	-57.651098 	-57.844076 	-60.378420 	-60.799235 	-57.953845 	-57.266429 	
9.355858 	9.114473 	-8.767152 	-27.766894 	-33.376826 	-33.891823 	-40.457628 	-46.458730 	-57.398839 	-58.493912 	-60.237068 	-61.939276 	-61.338976 	-59.050849 	-58.694327 	-57.870340 	-59.078701 	-59.654655 	-60.108658 	-58.408943 	-58.625381 	-58.736875 	-58.249439 	-61.185612 	
9.973087 	4.500716 	0.605005 	-4.423288 	-15.511689 	-16.276005 	-20.335501 	-31.087101 	-28.748069 	-35.437314 	-33.685524 	-33.667969 	-37.570653 	-40.220988 	
10.238727 	-15.137860 	-19.620948 	-24.992763 	-32.307318 	-28.121621 	-37.514192 	-44.677929 	-48.078658 	-54.614662 	-59.503582 	-59.201123 	-58.015671 	-57.716615 	-58.986481 	-58.093953 	-58.341931 	-57.697424 	
10.216557 	-8.839421 	-13.742264 	-32.299348 	-34.174578 	-34.636625 	-40.872401 	-43.074330 	-46.371396 	-55.281155 	-55.554359 	-56.930325 	-57.679616 	-57.332452 	-57.411359 	-56.456322 	-59.680349 	-58.804739 	-59.224427 	
