10.026190 	-2.084925 	-9.617531 	-28.670786 	-28.323327 	-34.167913 	-37.490114 	-38.517079 	-40.709052 	-43.643995 	-49.448699 	-48.794430 	-49.633055 	-51.203998 	
10.397076 	-7.781687 	-8.680001 	-15.573374 	-19.313101 	-18.055826 	-25.374818 	-48.346143 	-48.196114 	-51.748467 	-54.759951 	-57.063109 	-55.939622 	
10.187534 	-12.446985 	-20.325787 	-40.665132 	-44.105914 	-44.708045 	-46.108213 	-50.803737 	-51.877443 	-56.432525 	-57.878207 	-57.745967 	-58.177927 	-59.314995 	-59.317537 	
10.296089 	5.970324 	-16.404003 	-23.139931 	-27.755521 	-36.264067 	-45.791726 	-47.819871 	-50.511566 	-55.819561 	-58.370158 	-57.661277 	-56.971181 	-58.916875 	-58.321818 	-58.399665 	-60.357449 	-57.518041 	
10.046697 	-11.703672 	-16.526139 	-29.885087 	-29.694491 	-37.367221 	-37.743835 	-41.276173 	-43.932652 	-41.166886 	-45.703787 	-48.755907 	-51.210269 	
9.992888 	7.037096 	-1.117084 	-26.272355 	-29.112229 	-29.508925 	-28.696266 	-32.304269 	-32.739214 	-51.581522 	-57.771120 	-57.739371 	-60.063364 	-57.505717 	-58.320193 	-59.828792 	-58.602861 	-57.701387 	-58.679364 	
10.286107 	4.655822 	0.771699 	-8.141992 	-8.667679 	-9.898044 	-11.287983 	-11.399346 	-15.733885 	-23.142960 	-27.519048 	-26.819352 	-39.061783 	-37.465278 	-38.491354 	-48.997744 	-48.472206 	-47.274023 	-48.730436 	-49.986466 	-51.580790 	-50.529713 	-55.213251 	-59.354439 	-56.076743 	
9.705458 	-0.419404 	-0.037028 	-11.624140 	-15.597640 	-20.076978 	-28.542313 	-42.491968 	-48.524577 	-51.497023 	-54.410052 	-55.846719 	-52.882991 	-54.685232 	-55.133673 	-56.533010 	-59.868657 	-59.279648 	-57.038865 	-56.878123 	-59.201419 	-58.530113 	
10.248909 	4.855921 	0.026167 	-12.854017 	-15.562569 	-19.095573 	-36.014467 	-56.302079 	-59.794184 	-60.504326 	-59.466318 	-59.216876 	-57.840396 	-61.609456 	-56.776845 	-57.460197 	-57.251978 	-56.149821 	-58.776137 	-58.897721 	
10.061575 	-3.914714 	-6.156517 	-17.642515 	-21.802811 	-24.308967 	-22.369519 	-23.035385 	-32.761972 	-50.411860 	-53.748793 	-54.104572 	-55.311261 	-57.895148 	-56.609863 	-57.079522 	-59.758505 	-57.962840 	-58.738125 	-57.821854 	-56.224074 	
9.802379 	1.197716 	1.099278 	-0.960045 	-4.684175 	-7.711010 	-6.938193 	-13.032584 	-10.757857 	-19.975593 	-24.129303 	-27.682599 	-26.947643 	-28.424945 	-29.769949 	-34.743424 	-33.294200 	-34.138167 	-32.999065 	-34.211758 	-36.077520 	-36.158950 	-39.831658 	
10.196443 	6.838284 	1.124457 	-7.545978 	-7.992267 	-8.806984 	-10.354906 	-14.012192 	-16.793592 	-23.940012 	-30.795210 	-33.528384 	-30.234937 	-32.219949 	-37.998126 	-41.305190 	-43.693530 	-40.731700 	-43.380681 	-45.234251 	-47.516434 	-49.891441 	-49.861562 	-51.119297 	-51.603029 	-51.944456 	-51.805018 	-52.875622 	-55.940402 	-56.376573 	
9.798329 	7.260978 	-28.687239 	-31.017455 	-32.532683 	-39.507065 	-55.174152 	-58.098496 	-58.737312 	-58.816838 	-59.171034 	-61.257527 	-59.126008 	-57.536249 	-58.812450 	-57.183373 	-60.581322 	-59.733810 	
10.472388 	0.150630 	-0.403033 	-3.793277 	-5.367521 	-5.739152 	-9.776389 	-7.922547 	-12.615911 	-16.101549 	-22.279612 	-34.778673 	-46.341573 	-52.504504 	-51.655823 	-56.094072 	-56.958952 	-56.232287 	-58.240694 	-56.210195 	
9.747638 	-7.886763 	-10.660683 	-13.215709 	-20.075725 	-23.790590 	-26.192517 	-29.866674 	-35.958667 	-46.478548 	-38.791348 	-39.512928 	-42.769204 	-50.810311 	
10.120499 	5.051796 	-7.523831 	-10.175284 	-30.058060 	-35.867372 	-36.371031 	-41.601431 	-48.756341 	-49.759625 	-56.905171 	-55.860656 	-58.611713 	
10.312510 	3.473219 	-4.337761 	-10.136817 	-20.496767 	-20.817380 	-34.351357 	-34.139398 	-36.945572 	-43.955746 	-56.944302 	-55.806128 	-57.047349 	-57.467491 	-58.843438 	
10.162146 	5.444373 	1.099630 	-4.416132 	-5.054118 	-9.269679 	-12.510987 	-13.955190 	-17.901862 	-17.584562 	-28.126637 	-29.470348 	-31.394966 	-33.154862 	-34.468910 	-35.170377 	-47.625670 	-49.240952 	-51.379113 	-53.177755 	-54.649629 	-57.305571 	-56.788642 	-60.090114 	-57.484807 	-57.036871 	
9.824249 	0.618525 	-3.542951 	-3.056204 	-3.150783 	-4.745799 	-12.093779 	-12.025038 	-11.035912 	-12.502379 	-14.386853 	-12.823410 	-13.868615 	-16.251038 	-13.786603 	-18.971475 	-15.471771 	-22.332366 	-16.534089 	
10.142283 	1.513009 	-12.522602 	-16.145449 	-35.167367 	-43.762405 	-58.360901 	-59.700405 	-58.370558 	-58.611875 	-57.924010 	-57.570226 	-57.790394 	
