10.223174 	1.616529 	-3.486961 	-7.088798 	-10.535343 	-26.101734 	-34.584936 	-38.016805 	-37.137160 	-36.467520 	-39.786564 	-47.051454 	-52.706431 	-57.016717 	-55.645026 	-57.310662 	-58.493942 	
9.999696 	6.673996 	-60.709823 	-64.920269 	-58.268396 	-57.405200 	-61.078930 	-59.314625 	-60.159207 	-58.476469 	-58.809580 	-60.669268 	-59.724900 	-58.399393 	-60.710889 	-57.442641 	-60.635611 	-59.466000 	-58.204534 	-61.081456 	
10.081324 	2.638367 	-19.829317 	-28.571319 	-41.283296 	-57.884723 	-58.432972 	-60.467983 	-61.225945 	-58.993658 	-61.435971 	-58.649139 	-57.697936 	-58.777808 	-58.688522 	-60.938146 	-58.794178 	-60.539420 	-59.675818 	-59.506445 	-59.104945 	
10.255419 	-18.014129 	-20.148064 	-29.087173 	-51.744149 	-55.541839 	-57.052287 	-58.849547 	-59.191849 	-59.061814 	-60.456485 	-60.604526 	-57.545949 	-59.529082 	-60.042965 	-58.518402 	-58.764710 	-59.031671 	-58.999909 	-60.607863 	-59.599488 	-57.893890 	
10.428807 	-7.147556 	-45.191458 	-50.569940 	-56.022241 	-58.280602 	-58.166278 	-59.879203 	-57.890753 	-57.816083 	-59.135934 	-58.000791 	-62.174150 	-58.504339 	-58.802556 	-58.888414 	-58.863796 	-59.787634 	
10.269517 	-15.541190 	-56.577408 	-58.403630 	-57.894812 	-58.251829 	-63.712599 	-58.057749 	-57.441731 	-58.927151 	-57.313811 	-57.886548 	-58.300811 	-57.718791 	-59.935317 	-58.614963 	-57.434708 	-60.007285 	-59.499649 	
10.042302 	-11.334130 	-15.895808 	-30.080334 	-36.165820 	-55.128211 	-58.269969 	-58.756039 	-59.993632 	-61.618981 	-60.077033 	-59.774169 	-57.783988 	-59.611484 	-58.465131 	-60.627530 	-59.056555 	-57.986595 	-57.950569 	-58.541184 	-59.214204 	-58.319529 	-60.387667 	-59.704901 	-60.110409 	-59.546135 	
10.042488 	9.394252 	2.572510 	-18.454781 	-24.603616 	-57.969616 	-57.807744 	-58.481305 	-58.920013 	-57.368198 	-58.917156 	-59.954384 	-58.638250 	
10.341356 	-5.361083 	-25.632652 	-26.904018 	-49.461005 	-47.931863 	-55.389704 	-58.062175 	-57.312308 	-58.131943 	-57.903073 	-57.840311 	-59.802169 	-58.375307 	-63.747328 	-58.539322 	-58.902178 	-60.828948 	
10.126347 	-0.572192 	-1.213373 	-14.136853 	-59.042625 	-58.548126 	-58.517556 	-58.362097 	-58.369019 	-59.768607 	-59.675411 	-57.568404 	-59.515796 	-57.582068 	-59.820553 	-60.863778 	-57.795080 	
9.779634 	-17.973336 	-56.512656 	-57.299387 	-57.491496 	-59.369829 	-59.116837 	-60.989195 	-59.429180 	-59.596062 	-58.646198 	-58.723679 	-59.751183 	-61.197195 	-61.703053 	-58.760805 	-57.214054 	
9.760599 	9.567506 	-5.608729 	-30.150501 	-51.418249 	-57.875491 	-59.547538 	-59.447234 	-57.631517 	-58.236049 	-57.938198 	-59.728624 	-60.218391 	-58.624313 	-59.393409 	
10.025072 	-58.418654 	-59.182462 	-57.116806 	-59.095454 	-62.382118 	-60.393951 	-57.993399 	
10.000824 	1.443277 	-29.543243 	-50.337483 	-58.848616 	-59.741147 	-58.287766 	-58.566061 	-60.142197 	-59.732598 	-60.885342 	-59.480928 	-58.465850 	-59.702053 	-60.673265 	-60.931059 	-59.835935 	-58.927506 	-58.116805 	-59.620778 	-58.480313 	
10.142282 	-6.949797 	-5.250671 	-13.103799 	-15.079532 	-21.140012 	-35.026624 	-43.227645 	-58.012890 	-58.187619 	-59.603394 	-59.222746 	-59.040084 	-58.268804 	-59.098450 	-58.872455 	-57.337553 	-59.597105 	-63.467377 	
10.185910 	4.780240 	-2.715330 	-9.652320 	-20.378827 	-24.900816 	-58.743525 	-58.875216 	-57.135104 	-60.590744 	-58.855702 	-58.673933 	-59.708654 	-59.931590 	-58.979884 	-60.431436 	-61.300269 	-58.485995 	-62.900741 	-57.441191 	-59.222477 	-59.540948 	-58.172033 	-58.135422 	
10.289681 	-8.565408 	-10.648078 	-11.304194 	-14.228319 	-27.117629 	-58.228679 	-59.087517 	-57.677596 	-59.151694 	-57.546034 	-56.770278 	-58.758697 	-60.820029 	-59.937846 	-63.274129 	-59.545834 	
10.216981 	-7.295151 	-12.776560 	-36.300143 	-48.827640 	-53.261708 	-52.921535 	-59.650966 	-59.986829 	-59.148948 	-58.449730 	-59.502237 	-60.326668 	-56.660699 	-59.682090 	-57.690843 	-58.793559 	
10.012126 	-9.746248 	-17.580130 	-16.872505 	-19.459996 	-33.946550 	-36.821567 	-38.113978 	-58.019624 	-58.123587 	-61.488448 	-60.048718 	-58.903676 	-58.891429 	-57.501156 	-59.655149 	-60.248100 	-58.444618 	-60.358721 	-61.474427 	
10.159269 	-21.898314 	-29.698231 	-33.288793 	-48.353555 	-61.577804 	-58.247417 	-58.856429 	-60.571497 	-57.179647 	-59.013215 	-59.536099 	-58.803548 	-59.175468 	-60.090655 	-59.463750 	
