9.948609 	2.857730 	-17.381270 	-24.047310 	-26.660201 	-33.463912 	-45.333136 	-53.099465 	-60.679286 	-58.314737 	-56.121275 	-56.821655 	-59.841658 	-57.530139 	-58.677885 	
10.258715 	-3.791166 	-5.607867 	-5.907137 	-32.917917 	-34.956525 	-52.272312 	-57.382074 	-58.113155 	-60.279282 	-56.291649 	-60.791346 	-58.276714 	-59.276487 	-58.704491 	
10.236768 	-17.535088 	-16.180488 	-55.059562 	-61.603818 	-57.220773 	-59.814560 	-58.449389 	-56.993841 	-59.025919 	-57.844627 	
10.077950 	7.761883 	3.142609 	-38.778542 	-48.899647 	-47.872586 	-56.149878 	-57.830578 	-58.031636 	-58.987878 	-58.750058 	-58.813326 	-57.624032 	-60.502911 	-57.315610 	
10.281902 	-1.236991 	-7.510941 	-8.081452 	-17.213115 	-32.478305 	-36.585512 	-37.892837 	-44.465916 	-48.233406 	-51.258204 	-58.078603 	-59.745908 	-59.056066 	-57.966124 	-58.597527 	-59.896770 	-59.121466 	-57.434687 	-56.965412 	-59.666574 	-59.008936 	
10.280561 	-6.271871 	-37.486038 	-39.005046 	-44.893134 	-57.138155 	-59.333770 	-57.916163 	-60.001983 	-58.959939 	-59.102395 	-57.700151 	-58.788870 	-57.803113 	-57.856289 	-59.546793 	-61.087442 	
10.343697 	-8.814470 	-18.848987 	-34.326124 	-59.817369 	-58.961117 	-60.801429 	-57.433127 	-57.726878 	-57.721966 	-59.808875 	-58.484234 	-60.371938 	
10.034055 	2.334100 	-2.666497 	-13.766061 	-16.719427 	-20.875565 	-39.724661 	-56.948005 	-59.298998 	-57.908685 	-58.065959 	-59.839431 	-57.361509 	-58.640155 	-58.422471 	-57.251520 	
10.487407 	-25.694274 	-46.081091 	-58.781132 	-60.155669 	-58.100608 	-59.407111 	-58.121786 	-59.507889 	-58.548069 	-58.924926 	-58.771869 	-59.330056 	-58.398023 	-58.017058 	-56.858754 	-58.483303 	-61.386451 	-60.412305 	
10.586070 	2.905686 	-2.906913 	-6.417756 	-20.950341 	-47.524837 	-50.571929 	-53.838886 	-57.925302 	-59.635644 	-57.171864 	-59.106165 	-58.226996 	-58.009451 	-57.875352 	-57.307497 	-58.865344 	-59.334515 	-59.065196 	-58.316586 	-59.026772 	-59.234993 	-60.413268 	-59.701497 	-58.126795 	-59.819775 	
10.441951 	6.733852 	2.894646 	-16.719346 	-20.191246 	-22.970002 	-30.279445 	-32.119320 	-39.000603 	-47.348387 	-50.421972 	-59.179228 	-58.758282 	-58.374115 	-58.591229 	-60.246246 	-58.890559 	-58.223362 	-58.484551 	-61.397501 	-59.607114 	-58.526158 	-58.446044 	-59.154147 	-59.094788 	-59.855568 	
10.089372 	-1.209174 	-11.706197 	-22.625683 	-37.927816 	-37.322508 	-48.249904 	-59.538756 	-57.860377 	-58.432272 	-61.639272 	-58.213686 	-58.503770 	-58.828484 	-58.127992 	-59.171885 	
10.239915 	2.550350 	-20.513520 	-21.450866 	-47.597396 	-49.846333 	-58.760192 	-58.524895 	-59.363243 	-58.734639 	-57.452345 	-57.889030 	-58.784337 	-58.527835 	-59.397809 	-60.472414 	-61.371779 	-58.235653 	
9.989778 	0.940104 	-16.929559 	-19.763467 	-26.623480 	-57.956356 	-57.664078 	-59.311206 	-57.733100 	-58.203313 	-59.470855 	-60.255423 	-58.213839 	-58.097630 	-58.667139 	-58.970722 	-60.798507 	
10.164797 	-1.616804 	-23.020576 	-22.759597 	-24.245016 	-24.752237 	-40.329537 	-58.351442 	-58.105655 	-58.599972 	-58.614388 	-59.268335 	-59.244111 	-58.802629 	-59.745650 	-58.506813 	-59.258155 	-60.281500 	-61.896706 	-61.860061 	-58.450298 	-59.615885 	-57.258569 	-61.972212 	
10.070621 	-2.853641 	-16.697793 	-13.780363 	-29.092158 	-32.362779 	-33.244574 	-34.893697 	-36.113741 	-49.113620 	-51.470107 	-59.088070 	-57.746733 	-57.972235 	-57.944324 	-58.808876 	-59.264224 	-58.563135 	-57.771928 	-59.323549 	-60.634824 	-59.164050 	-59.220916 	-59.121446 	-58.017619 	-59.509160 	-58.328313 	-59.822777 	-59.610632 	
10.348643 	-8.554684 	-13.725694 	-14.577542 	-20.376604 	-33.274087 	-54.667730 	-57.535455 	-57.688049 	-58.419351 	-58.295054 	-61.869720 	-58.394631 	-58.888637 	-58.259768 	
10.348699 	5.775584 	-20.553987 	-42.021173 	-62.093065 	-57.133063 	-62.901157 	-58.739416 	-58.657969 	-58.374669 	-57.126536 	-59.138736 	-60.003798 	-59.756792 	-59.790799 	-57.823577 	-58.978533 	-58.832924 	-60.074158 	
10.309874 	-20.977045 	-21.995791 	-33.572308 	-55.386419 	-59.508033 	-59.921623 	-57.974779 	-59.117116 	-58.801518 	-58.332451 	-59.897453 	-59.899856 	-61.678922 	-58.903508 	-58.072149 	-58.312653 	-58.745626 	-59.118495 	
10.180790 	3.439159 	-2.813539 	-27.717239 	-48.568569 	-58.643874 	-58.517594 	-58.490591 	-60.080005 	-59.144462 	-61.545141 	-57.934458 	-58.802351 	-59.199533 	-58.467771 	-61.600738 	-58.529334 	-58.739845 	-58.136162 	-59.294395 	-58.437794 	
