9.835137 	7.230995 	6.292045 	-5.418089 	-9.690075 	-12.294500 	-15.978978 	-23.500714 	-25.390984 	-32.418550 	-36.855307 	-40.957956 	-48.175827 	-46.519202 	-48.310659 	-58.164232 	-57.294648 	-57.863439 	-58.227030 	-57.259940 	-60.190322 	-61.612218 	-57.351108 	-56.890672 	-58.318698 	
9.683316 	-9.107030 	-11.296076 	-24.682231 	-36.186618 	-45.205786 	-58.138418 	-57.896792 	-59.255182 	-58.863860 	-58.281176 	-59.118528 	-59.268721 	-59.766013 	-58.656059 	-58.158746 	
9.843224 	5.194814 	-37.046570 	-46.487505 	-49.278645 	-57.968679 	-58.390870 	-57.950478 	-59.924349 	-61.755932 	-59.243395 	-61.595628 	-58.042455 	-58.250786 	-59.254561 	-58.683930 	-58.441312 	-58.791295 	-59.452898 	-57.812028 	-58.063501 	-57.697492 	
9.460997 	-3.020302 	-13.755344 	-50.241571 	-52.853231 	-52.383688 	-58.111360 	-59.463646 	-58.994040 	-60.703119 	-62.601605 	-56.826562 	-59.266937 	-58.662598 	-59.733540 	
9.610715 	-15.661197 	-22.043754 	-29.685224 	-52.864156 	-57.485378 	-60.772426 	-58.958780 	-59.023220 	-59.978859 	-58.487893 	-60.230300 	-57.651644 	-57.722469 	-58.487372 	-60.609226 	-59.998303 	-58.463411 	-59.988638 	-59.330691 	
9.891558 	-12.888770 	-15.417743 	-45.146980 	-58.556179 	-58.591423 	-58.663360 	-57.984418 	-58.047858 	-57.690271 	-59.548416 	-57.200103 	
9.750958 	-10.552883 	-18.793268 	-22.798378 	-58.077908 	-60.556207 	-58.477992 	-58.922429 	-58.944382 	-60.722342 	-58.634371 	-58.613526 	-59.613289 	
9.863293 	-3.902134 	-11.213510 	-50.838087 	-58.679354 	-60.232263 	-59.834710 	-59.168609 	-62.820492 	-59.583132 	-58.677146 	-59.493226 	-59.723558 	-58.747442 	-59.695606 	-59.273298 	-58.844069 	-59.303072 	-58.643586 	-58.696532 	-58.052408 	-60.664664 	
9.956115 	-15.154202 	-24.736311 	-25.880707 	-36.450054 	-40.141127 	-41.661500 	-46.374323 	-58.064023 	-59.459263 	-57.803851 	-57.159128 	
9.736921 	2.612583 	-1.178373 	-2.880386 	-15.955830 	-53.836893 	-55.370859 	-58.640846 	-58.569643 	-58.726427 	-57.329936 	-60.383059 	-61.587169 	-58.469918 	-59.045982 	-59.726572 	-59.835867 	-60.867696 	-58.346791 	-57.651750 	-60.744479 	-58.487276 	-59.194648 	
10.012972 	6.134650 	-5.716176 	-9.278290 	-17.569958 	-30.620809 	-40.594728 	-48.421035 	-58.144353 	-57.378357 	-57.701643 	-58.011009 	-63.282344 	-58.498450 	-62.418435 	-58.730726 	-58.447059 	-58.681404 	-58.430230 	-57.777011 	-59.309206 	-59.420036 	
9.649067 	-9.782266 	-31.958736 	-37.069799 	-47.006606 	-52.637192 	-58.264439 	-59.000057 	-60.882208 	-59.594942 	-59.257572 	-58.386099 	-58.310382 	-59.503571 	-58.431753 	-59.735699 	-58.251515 	-59.287695 	-60.091178 	-61.426466 	-58.829812 	-60.289789 	-59.078213 	-65.084014 	
9.808711 	-4.674864 	-19.052411 	-24.677755 	-28.399590 	-33.257324 	-36.879019 	-43.535518 	-59.228421 	-61.271506 	-59.549857 	-59.169997 	-58.735406 	-56.830518 	-59.559304 	-59.013867 	-58.783694 	-59.467203 	
9.472811 	3.394284 	-4.593527 	-31.424201 	-32.951144 	-58.438573 	-58.346982 	-60.281576 	-59.009070 	-60.156909 	-60.148428 	-61.856845 	-59.733719 	-60.989127 	-57.999468 	-59.838539 	-60.442431 	-59.941972 	-59.046430 	-58.290645 	-58.883873 	-58.285838 	-58.623283 	
9.894503 	0.352626 	-23.721873 	-26.148566 	-35.393421 	-45.651910 	-49.052033 	-49.521757 	-49.198258 	-52.721954 	-59.949926 	-58.752120 	-58.231317 	-58.157378 	-57.261132 	-58.429917 	-60.135857 	-58.927664 	-58.901951 	
9.584063 	-8.740451 	-54.833623 	-59.609894 	-57.902142 	-59.429807 	-59.683367 	-60.003901 	-60.657972 	-58.414808 	-60.075634 	-58.821043 	-57.826834 	-59.502707 	
9.772849 	-8.677094 	-11.203937 	-11.918378 	-25.846551 	-49.333864 	-50.225686 	-49.148507 	-62.826654 	-57.940873 	-58.029265 	
9.806137 	-3.370052 	-31.600670 	-45.709010 	-58.275173 	-57.451646 	-62.860872 	-58.743170 	-60.659717 	-57.862782 	-59.838700 	-57.934634 	-57.986483 	-59.938685 	-62.371023 	-58.362618 	-58.495912 	
9.506658 	0.806620 	-4.230071 	-10.157297 	-39.189110 	-41.452153 	-55.051631 	-55.954450 	-60.241141 	-58.621176 	-59.022225 	-59.757306 	-59.837035 	-60.300473 	-60.199585 	-61.119391 	-60.172738 	-57.424671 	-60.051047 	-59.782743 	-57.769848 	-59.641634 	-59.847774 	
9.931348 	-10.297508 	-12.327526 	-44.107776 	-56.511825 	-58.592686 	-57.695755 	-59.452399 	-59.121090 	-59.613091 	-59.724112 	-59.465352 	-58.849431 	-61.067422 	-59.061267 	-60.393733 	-58.417976 	-59.351273 	-58.569657 	-60.264467 	-58.988905 	-59.583367 	-60.965438 	-60.481850 	-60.794060 	-58.216323 	
