9.712166 	-12.356357 	-57.698803 	-57.655191 	-59.432029 	-57.992546 	-57.395128 	-60.336087 	-58.147155 	-58.306971 	-59.192641 	-59.798825 	
9.500684 	3.011542 	-8.046987 	-20.894453 	-24.994174 	-58.677183 	-59.128683 	-58.647683 	-60.529011 	
10.064698 	-8.496583 	-12.016830 	-12.860102 	-15.048863 	-30.901992 	-39.880316 	-56.407651 	-57.418226 	-58.578252 	-59.523258 	-58.851415 	-58.123883 	-57.548975 	-58.787907 	-58.209881 	-59.352658 	-59.504728 	-57.939405 	-61.242059 	
8.758123 	9.390565 	-19.107204 	-20.314081 	-22.012145 	-21.329021 	-34.898602 	-42.672082 	-45.954734 	-45.485402 	-56.103095 	-59.431733 	-57.552744 	-56.806502 	-59.486112 	-57.353853 	-59.319826 	-60.603867 	
9.801541 	5.310973 	5.311953 	0.748500 	-38.825454 	-54.949858 	-60.235979 	-60.375362 	-58.411181 	-58.222952 	-58.774375 	-58.328077 	-59.256811 	-58.639592 	-58.852659 	-58.056787 	-58.406651 	-58.372809 	-61.625948 	
9.792316 	0.933375 	-2.766852 	-30.389843 	-43.102947 	-51.075694 	-57.922639 	-57.867542 	-60.955660 	-57.730720 	-60.183167 	-57.627868 	-60.106627 	-57.473969 	-58.448880 	-58.227083 	
9.469764 	3.279851 	-3.129509 	-4.386695 	-4.751692 	-6.048820 	-19.612287 	-42.730690 	-53.264246 	-53.804818 	-58.425675 	-55.426057 	-58.635250 	-57.158556 	
9.579102 	-2.905332 	-6.382570 	-12.812208 	-40.555385 	-43.022377 	-55.513165 	-58.180152 	-58.395538 	-58.002868 	-59.091868 	-57.699023 	-59.186384 	-58.614528 	
10.121440 	-1.417880 	-3.218192 	-18.999282 	-19.895945 	-19.639171 	-25.754936 	-29.466394 	-35.858437 	-33.790760 	-34.534503 	-42.476908 	-46.028909 	-48.667525 	-48.415247 	-52.742107 	-54.341500 	-56.198332 	-55.334323 	-56.356370 	
9.979790 	-2.529738 	-5.648508 	-6.514564 	-15.000364 	-17.238158 	-34.455275 	-36.876269 	-44.161501 	-48.282250 	-50.768032 	-56.940033 	-58.786731 	-59.863042 	-59.875799 	-58.003904 	-59.770331 	-59.399500 	-62.625624 	-58.668410 	-57.399699 	-58.831731 	-59.876229 	-60.638217 	-59.356219 	
9.544101 	7.491950 	-6.198507 	-18.338763 	-37.719582 	-46.581849 	-52.831811 	-60.398689 	-58.657825 	-59.275509 	-58.961390 	-59.037455 	-60.683673 	-61.539215 	-59.711593 	-59.330554 	-60.660275 	-59.151649 	-61.006142 	-58.189410 	-64.157888 	-62.167355 	-59.063623 	-61.141657 	
9.901919 	-10.414269 	-30.928584 	-35.841412 	-34.309977 	-54.434614 	-57.785900 	-59.937348 	-57.681632 	-60.857550 	-62.804692 	-58.685340 	-60.230995 	-61.815096 	-63.585227 	-61.215547 	-58.642368 	-60.946580 	-58.539233 	-57.678620 	
9.757156 	-32.571738 	-54.923408 	-56.120794 	-58.580008 	-56.058579 	-56.303224 	-57.978674 	-56.400662 	-57.842106 	-57.252012 	
9.912293 	1.628441 	-2.887762 	-18.022073 	-18.093094 	-21.838995 	-38.325062 	-55.143243 	-53.404832 	-60.360852 	-60.918396 	-59.965462 	-58.489091 	-58.926790 	-63.699482 	-59.391175 	-58.353690 	-61.324727 	-60.269861 	-58.158463 	-59.271809 	-58.572696 	-59.322186 	-58.609184 	-61.252842 	-59.290455 	-58.631511 	-60.904606 	-61.074213 	
9.821992 	3.032782 	-0.369744 	-4.580003 	-61.249050 	-58.935166 	-57.758014 	-58.647649 	-59.280449 	-58.237045 	-59.176358 	-59.019176 	-59.128352 	-62.505110 	-59.291878 	-58.291990 	-62.548202 	-61.143410 	-62.377040 	
9.978629 	-7.161110 	-11.041673 	-19.754367 	-20.887790 	-58.938090 	-59.351941 	-58.287293 	-59.375350 	-59.810550 	-60.041429 	-58.105146 	-59.791873 	-59.127957 	-57.982528 	
9.607079 	-8.055546 	-29.108424 	-32.196243 	-32.266959 	-46.257675 	-48.591101 	-50.919683 	-56.184529 	-57.455774 	-58.009712 	-59.112586 	-60.630113 	-60.055013 	-57.173438 	-58.373857 	-57.384756 	-57.783122 	-59.311046 	-57.751671 	-60.925511 	-60.143133 	-60.222843 	
9.809430 	-0.827749 	-5.788963 	-8.065703 	-10.797219 	-13.014260 	-14.810692 	-22.392850 	-23.087087 	-30.005790 	-33.298362 	-33.446809 	-38.225746 	-43.279253 	-47.365295 	-53.646904 	-59.271253 	-59.152030 	-58.552707 	-59.236640 	-58.321108 	-58.805680 	-59.014301 	-58.447867 	-59.652777 	-59.189689 	-59.515173 	-60.331250 	-58.988656 	-59.915161 	
9.752135 	-10.142767 	-26.774198 	-27.288722 	-48.615253 	-50.815506 	-57.742136 	-59.636663 	-59.515184 	-57.678676 	-58.993693 	-58.657904 	-58.804858 	-58.345784 	-61.248030 	-57.918720 	
9.515586 	-0.739638 	-5.606385 	-21.960213 	-21.271345 	-26.953426 	-26.469829 	-28.627348 	-33.491668 	-38.210731 	-50.121739 	-57.872302 	-58.721771 	-57.338531 	-66.542129 	-56.429391 	-58.053424 	
