9.473351 	8.263528 	-3.560354 	-11.721168 	-13.662566 	-26.172227 	-41.227718 	-53.545947 	-55.875315 	-58.746046 	-58.648465 	-58.854700 	-58.781596 	-58.075986 	-59.293094 	-59.493456 	-57.508909 	-59.457277 	-58.717061 	-60.181859 	
9.763851 	-10.728609 	-17.130490 	-29.315438 	-42.631178 	-59.048836 	-59.430476 	-59.120738 	-60.135800 	-58.809094 	-58.649309 	-61.813161 	-57.961574 	-57.453227 	-61.160127 	-62.049496 	-58.862460 	-58.567320 	-60.404948 	-58.952363 	
9.889475 	-30.727266 	-58.985840 	-57.399893 	-60.279212 	-59.130900 	-58.697491 	-62.420428 	-59.638321 	-59.419371 	-59.337944 	-59.590731 	-57.897794 	-57.092810 	-59.203426 	-61.362002 	
9.722353 	-0.256887 	-1.917479 	-24.610223 	-27.520168 	-45.409360 	-50.184306 	-50.666627 	-50.661667 	-53.905339 	-56.845688 	-57.627171 	-57.658133 	-59.034223 	-56.847620 	-58.884152 	-57.912573 	-60.448099 	-57.707565 	-57.560622 	-57.608537 	-60.417245 	-59.190336 	
9.945746 	-16.199356 	-31.683453 	-48.909909 	-57.482822 	-58.983026 	-57.526518 	-59.350488 	-58.039750 	-58.034425 	-58.971893 	-58.318508 	-58.330900 	-59.847925 	-59.780635 	-61.014989 	-58.721882 	-58.616184 	
9.981561 	-19.953668 	-23.927231 	-33.414370 	-36.077473 	-48.488781 	-58.757936 	-58.416659 	-58.901596 	-59.575317 	-58.382153 	-58.733134 	-57.830952 	-58.410160 	-58.677021 	-61.880747 	-58.978472 	-65.147084 	-58.907769 	-57.797246 	
10.009514 	2.883106 	-10.161472 	-57.483396 	-60.412832 	-58.539900 	-58.709092 	-58.955961 	-60.912922 	-58.273907 	-58.945992 	-58.781028 	-60.365708 	-59.291301 	-57.212931 	-58.228001 	-58.445022 	-59.321785 	-62.493611 	-57.349293 	-61.313986 	-59.161521 	-59.910832 	
9.570351 	-0.791873 	-12.137814 	-31.932295 	-33.696136 	-45.168321 	-46.216635 	-59.489312 	-56.547117 	-58.771698 	-58.070595 	-59.031233 	-59.020188 	-59.289917 	-57.926110 	-60.028552 	-57.669080 	-59.272663 	-57.781290 	-58.214737 	
9.867917 	-2.264830 	-5.354643 	-17.425514 	-22.045871 	-39.197212 	-58.664222 	-57.829035 	-58.069848 	-58.196539 	-59.404540 	-57.919285 	-58.280813 	-59.672046 	-59.008392 	-58.183540 	-58.142175 	-59.774414 	-57.599467 	-58.161117 	-59.431982 	
9.757400 	5.695803 	-10.812881 	-11.296428 	-18.083863 	-29.951613 	-42.218494 	-46.782394 	-47.709530 	-60.320371 	-57.657721 	-60.031268 	-58.888772 	-60.456616 	-58.959678 	-60.512439 	-58.159477 	-59.358918 	-58.669755 	-60.524428 	-59.968147 	-61.821547 	-60.830988 	-58.933242 	-60.049723 	-59.693390 	
10.046978 	2.378516 	-8.195282 	-16.281536 	-46.740733 	-57.835077 	-57.680510 	-58.665337 	-58.275862 	-58.011474 	-62.419652 	-57.329666 	
9.886460 	-12.627211 	-13.375481 	-48.208848 	-57.944488 	-58.894794 	-57.623883 	-57.967442 	-59.676514 	-57.773533 	-60.165431 	-57.954871 	-59.574423 	-58.397321 	-58.790247 	-60.280025 	-57.566152 	
9.462974 	4.725304 	-7.949772 	-13.037286 	-21.545443 	-22.806909 	-35.366114 	-55.449845 	-60.098150 	-58.392597 	-59.745296 	-58.824054 	-58.770193 	-58.111720 	-58.883704 	-58.142716 	-57.801837 	
9.681268 	-10.599990 	-15.555196 	-52.634690 	-55.916042 	-57.224725 	-58.623956 	-59.669292 	-59.201874 	-58.295116 	-60.889736 	-57.871766 	-59.698581 	-58.781297 	-58.482758 	-59.204115 	-60.015474 	-58.395983 	-60.147143 	-57.510295 	-57.416435 	
10.022548 	-60.005119 	-59.688775 	-58.651907 	-58.837814 	-57.292910 	-59.907314 	-58.960030 	-59.292663 	-58.945735 	-58.900961 	
9.935073 	-15.863372 	-47.970543 	-57.990757 	-59.633879 	-57.411633 	-58.897390 	-60.142713 	-60.086765 	-59.519904 	-58.046077 	-59.703565 	
9.888255 	-21.112234 	-37.569675 	-42.502474 	-47.898064 	-61.838626 	-57.846635 	-58.228397 	-61.089269 	-59.215641 	-59.477385 	-58.198276 	-57.979436 	-58.518347 	-57.767709 	
9.668855 	-5.620550 	-17.308075 	-19.918283 	-22.748086 	-27.821480 	-52.470610 	-57.634100 	-62.610476 	-58.566750 	-57.525933 	-60.398159 	-59.012465 	-58.820979 	-60.803227 	-58.692296 	-59.374363 	
9.144284 	-28.457877 	-37.646840 	-50.573788 	-58.243945 	-61.314131 	-59.900338 	-60.237663 	-60.100663 	-60.639021 	-58.600682 	-59.494050 	-60.353385 	-59.873280 	-58.601693 	-59.610511 	-59.372087 	-59.732265 	-62.310698 	-59.573571 	
9.877351 	-3.033975 	-31.278584 	-59.578406 	-57.814048 	-58.313648 	-58.318287 	-60.999999 	-58.429428 	-57.288392 	-60.209410 	-59.332892 	-59.963174 	-59.056605 	
