9.547565 	-36.446080 	-58.197387 	-58.473120 	-59.046540 	-58.529694 	-60.142323 	-59.210493 	-57.691556 	-57.239182 	-59.221777 	-58.651657 	
9.924475 	1.451189 	-3.157741 	-2.708097 	-6.208957 	-13.331718 	-12.535736 	-16.756157 	-13.192004 	-38.180323 	-37.306930 	-40.471393 	-40.468327 	-40.609416 	-40.145390 	-43.430784 	-41.613555 	-54.581456 	-54.342969 	-56.831785 	-56.912415 	-55.023837 	-57.325523 	
9.781826 	-17.439273 	-19.244530 	-59.352114 	-58.583747 	-58.234467 	-58.490377 	-59.337039 	-59.848582 	-58.381334 	-59.117368 	
9.391179 	9.273380 	-29.935075 	-35.101517 	-59.305373 	-57.727177 	-57.555964 	-57.454334 	-58.316640 	-59.150352 	-61.377862 	-56.733393 	-57.673749 	-59.312086 	-57.895551 	-59.512163 	-58.756287 	
10.035786 	4.171727 	-13.170136 	-23.605207 	-24.740206 	-32.352907 	-30.788706 	-34.599305 	-58.098298 	-57.086230 	-59.943982 	-60.129136 	-55.912392 	
9.986531 	0.109525 	-6.900123 	-8.410155 	-15.561817 	-20.154671 	-26.946012 	-34.207551 	-35.435170 	-37.226221 	-39.595731 	-44.668778 	-50.805275 	-55.029904 	-56.963633 	-56.459084 	-57.278672 	-56.067789 	-57.794140 	
10.151485 	4.520061 	0.644009 	-14.099447 	-18.832267 	-57.991594 	-58.800868 	-58.183999 	-58.244584 	-59.843151 	-61.290894 	-58.159967 	-56.498670 	-59.675606 	-58.751185 	
9.268464 	-15.530103 	-14.622913 	-42.262450 	-52.481900 	-58.429891 	-58.345184 	-61.859411 	-59.147819 	-57.986804 	-57.932091 	-60.807111 	
9.696536 	7.384325 	-20.705616 	-33.297679 	-39.770940 	-56.093391 	-61.501474 	-57.597703 	-57.783073 	-59.812630 	-59.129903 	-57.565670 	-58.073072 	-57.592925 	-58.862033 	-58.049368 	
9.477058 	5.954260 	-15.674859 	-17.301032 	-19.713883 	-35.119810 	-41.440790 	-48.579618 	-54.832642 	-58.177301 	-58.672615 	-59.153069 	-58.633987 	-61.086298 	-59.767395 	-57.524174 	-59.206752 	
9.904922 	0.757169 	-8.918272 	-29.738510 	-52.249286 	-53.942140 	-55.068807 	-58.682824 	-59.148357 	-60.269297 	-59.027929 	-59.342416 	-57.635336 	-57.279783 	-58.668276 	-58.826892 	-57.847968 	-59.798224 	-58.879896 	-58.184995 	-60.537982 	-61.059685 	-57.690809 	-57.957373 	-58.156980 	
9.834734 	2.822819 	-3.038022 	-10.589029 	-14.169472 	-15.474417 	-19.508371 	-59.477434 	-60.281959 	-59.079991 	-58.572890 	-59.181850 	-59.833688 	-59.437386 	-60.404833 	-59.303499 	-60.820148 	-58.649895 	-60.002057 	-59.668159 	-59.348562 	-60.795302 	-58.521072 	-59.356273 	
9.738357 	-7.352822 	-6.640307 	-26.430214 	-43.084131 	-55.423581 	-58.131504 	-58.387217 	-57.196661 	-57.925334 	-57.067286 	-58.272940 	
10.142353 	-1.844327 	-40.845395 	-52.487364 	-56.880171 	-58.422694 	-60.240590 	-60.909705 	-59.238913 	-58.266044 	-58.101009 	-57.984885 	-57.821701 	-60.728548 	-58.281360 	-58.046446 	
9.540301 	1.316579 	-4.223243 	-25.937387 	-32.975528 	-35.889542 	-38.000950 	-53.828433 	-58.490462 	-61.303017 	-60.643508 	-58.131105 	-58.792006 	-58.891886 	-59.909889 	-61.296316 	-59.594032 	-58.527731 	-58.417049 	
9.579504 	5.233535 	2.790974 	-53.365232 	-58.868431 	-60.064606 	-60.636519 	-61.590189 	-61.617015 	-59.760294 	-58.942700 	-59.093930 	-58.064362 	-58.794757 	-59.455237 	
9.975064 	-25.895025 	-26.902374 	-29.326448 	-38.454948 	-43.526284 	-49.087365 	-60.612673 	-58.054749 	-57.749919 	-58.911934 	-57.384867 	-57.712099 	-57.783995 	-57.556293 	-60.832285 	-58.177855 	-62.175206 	-59.307764 	-57.448542 	
9.829460 	-7.498950 	-9.242808 	-16.250936 	-25.565613 	-33.697857 	-41.947908 	-45.144482 	-44.567512 	-57.317454 	-57.499854 	-59.612276 	-60.039811 	-57.156534 	-60.175303 	-60.816059 	-58.656499 	-57.737317 	-60.000639 	
9.509486 	-4.537000 	-13.034464 	-11.392726 	-11.999184 	-17.446984 	-19.542738 	-20.568284 	-21.093246 	-28.787200 	-29.271536 	-34.954270 	-33.719294 	-35.299193 	-38.174359 	-38.040635 	-41.149793 	-45.037887 	-45.216959 	-46.267432 	-47.483843 	-47.851959 	-46.575901 	-50.367339 	
9.839521 	-19.950431 	-38.945972 	-39.605702 	-59.806373 	-60.634787 	-58.857591 	-58.236160 	-57.889703 	-59.327948 	-58.536961 	-60.041542 	-58.903170 	-58.906060 	-58.506158 	-57.922056 	-60.425787 	-58.319995 	-59.025422 	-58.626875 	-61.103345 	-58.100377 	-59.823808 	-57.950050 	
