10.277412 	6.792593 	-5.618750 	-13.728655 	-16.203381 	-17.467492 	-22.637631 	-44.448613 	-54.484892 	-57.520213 	-56.737806 	-59.113857 	-59.063877 	-58.261787 	-59.074252 	-59.985074 	
9.477654 	4.318678 	-16.300887 	-19.316384 	-44.682790 	-51.921304 	-54.667365 	-58.401105 	-57.409370 	-57.685742 	-59.190411 	-59.297655 	
9.432966 	0.132343 	-7.740168 	-8.340258 	-21.412928 	-25.817351 	-35.782374 	-35.511277 	-38.723038 	-39.862623 	-45.749657 	-48.238849 	-54.612914 	-55.045001 	-56.173906 	-58.213890 	-56.945011 	-60.023391 	-61.333519 	-57.529789 	-58.274876 	-57.090324 	-59.624859 	-57.454080 	-57.846599 	-58.903049 	
9.656716 	-0.311896 	-7.884759 	-11.852672 	-12.101226 	-15.742352 	-17.575541 	-23.802061 	-25.275816 	-41.090038 	-44.312733 	-57.823644 	-60.102588 	-58.233288 	-58.696612 	-58.426334 	-59.870593 	-57.663157 	-58.616550 	-59.098408 	-57.358276 	-59.304578 	-59.276316 	
9.568456 	5.158986 	5.857776 	3.248428 	4.193989 	-7.950271 	-30.364472 	-50.002728 	-55.157299 	-57.235172 	-57.464562 	-59.235551 	-59.469144 	-57.810851 	-57.842741 	-60.186395 	-57.755262 	-58.532483 	-57.808824 	-58.849680 	
9.991845 	-1.054699 	-3.375891 	-26.760105 	-28.195647 	-33.478038 	-34.158011 	-42.293863 	-43.353463 	-52.142572 	-55.428073 	-56.264925 	-59.348247 	-55.839912 	-60.349457 	-57.579787 	-57.746615 	-55.676512 	-58.496669 	-57.888126 	-59.557853 	-56.939866 	-59.027454 	
9.529875 	-0.808177 	-1.568491 	-2.952076 	-11.430865 	-12.238035 	-14.244388 	-17.162506 	-25.120691 	-24.984976 	-27.906334 	-27.435594 	-29.119723 	
9.769751 	1.738697 	-20.880802 	-21.270011 	-30.462151 	-33.121916 	-35.461519 	-36.708214 	-36.225170 	-45.457366 	-45.403715 	
9.176917 	5.841712 	-4.977326 	-6.285103 	-10.715089 	-22.447828 	-22.861069 	-25.191496 	-29.227192 	-35.032350 	-53.273450 	-59.770735 	-61.921359 	-57.505394 	-58.036376 	-57.829257 	-60.245378 	
9.911614 	4.511307 	0.253454 	-22.367359 	-42.425672 	-42.532400 	-54.046852 	-57.532158 	-58.697093 	-58.830408 	-57.571639 	-58.356009 	-58.537150 	-58.209969 	-59.078285 	-58.453890 	
9.667196 	3.702563 	-1.400252 	-10.568138 	-12.270167 	-11.313246 	-11.350400 	-11.343807 	-12.037308 	-16.022165 	-18.545635 	-19.367035 	-17.561752 	-18.369958 	-22.756120 	-22.361311 	-29.041419 	
9.217129 	1.585260 	-6.286750 	-13.080871 	-19.979469 	-24.954113 	-36.878886 	-43.341242 	-51.591662 	-53.530513 	-57.631815 	-57.775228 	-60.027529 	-58.581398 	-59.425227 	-60.772542 	-59.385280 	-59.558970 	-58.381842 	-60.035652 	-57.854064 	-58.073283 	-59.132205 	
9.811229 	1.792669 	-7.897446 	-19.401889 	-18.550959 	-20.566906 	-25.933743 	-50.878498 	-53.336687 	-58.119902 	-58.287490 	-57.840846 	
9.399669 	-9.819620 	-27.210502 	-58.197648 	-58.096662 	-58.090415 	-60.599857 	-57.250039 	-58.312445 	-59.684503 	-59.167031 	
9.375385 	-0.092996 	-9.386118 	-9.933745 	-16.058957 	-22.788567 	-31.456512 	-33.994144 	-41.226751 	-51.770288 	-54.118403 	-55.860394 	-57.360042 	-57.894595 	-60.463904 	-60.833614 	-58.899679 	-63.433596 	
9.797868 	-0.164101 	0.247472 	-3.551120 	-7.664666 	-12.615011 	-12.993167 	-14.660973 	-14.428958 	-16.884038 	-26.277949 	-31.895152 	-37.981813 	-37.674463 	-36.670577 	-41.076759 	-38.117581 	-43.532447 	-45.572625 	-46.369390 	-48.769806 	
9.585165 	6.979850 	2.114664 	-7.132526 	-28.263167 	-28.342471 	-32.529065 	-45.391686 	-57.869679 	-56.535273 	-59.684536 	-56.319460 	-57.329383 	-57.706698 	-57.406969 	-60.257470 	-59.420356 	
10.081881 	-11.002266 	-13.950531 	-18.474842 	-25.358039 	-48.977586 	-57.074338 	-58.791387 	-57.679170 	-59.799642 	-58.403181 	-58.486378 	-57.232537 	-58.835256 	-56.853932 	-58.307542 	
9.427817 	-4.169824 	-5.769675 	-11.396816 	-17.629578 	-31.082291 	-33.790664 	-36.778923 	-54.190006 	-57.576578 	-55.443017 	-56.560567 	-56.936675 	-59.401328 	-59.790825 	-60.615138 	-58.315301 	
9.761493 	5.609592 	1.602425 	-20.828115 	-21.075047 	-31.632847 	-35.625235 	-39.091980 	-42.939869 	-57.641166 	-59.192327 	-58.801320 	-60.537150 	-58.379638 	-58.006356 	-57.768439 	-59.447811 	-58.292325 	
9.677009 	7.746926 	-22.547721 	-44.095251 	-52.076004 	-58.314610 	-57.059040 	-58.445844 	-58.034929 	-58.788870 	-58.082704 	-58.573820 	
