9.630772 	-2.418290 	-60.055287 	-58.380081 	-59.384687 	-58.852380 	-59.249846 	-57.809523 	-59.060926 	-58.900407 	-60.860248 	-60.723649 	-59.403792 	
9.833177 	3.868156 	-1.395913 	-8.151268 	-13.104405 	-17.092472 	-17.469183 	-26.719773 	-41.261113 	-41.034594 	-42.884135 	-46.548272 	-51.380434 	-47.994696 	-54.514304 	-54.829948 	-56.904195 	-56.960154 	
9.770628 	4.554148 	-1.709549 	-30.305046 	-40.341580 	-57.814279 	-59.817249 	-60.407390 	-60.174440 	-60.438520 	-59.015931 	-59.928659 	-58.663400 	-59.815843 	-59.173776 	-62.094767 	-59.763749 	-59.119579 	-58.469021 	
9.665526 	-11.684240 	-12.673087 	-25.386961 	-30.520016 	-38.180442 	-44.661739 	-49.589864 	-51.455651 	-54.675768 	-56.206769 	-57.262364 	-59.149876 	-56.754806 	
10.018149 	0.091720 	-4.852480 	-8.576339 	-11.417648 	-18.915571 	-24.100873 	-26.206635 	-27.758058 	-30.681648 	-37.678479 	-50.471414 	-56.493550 	-58.388994 	-61.343430 	-57.865636 	-57.811680 	-58.368242 	-59.077783 	-58.740297 	-59.186659 	-58.327015 	-59.601508 	-58.522560 	
9.912196 	-6.552979 	-14.685025 	-18.419602 	-32.284944 	-35.189451 	-43.517905 	-40.038217 	-37.819719 	-39.049404 	-43.851023 	-46.895255 	-53.443962 	-52.818543 	-54.646565 	-58.503646 	-55.154045 	-55.822223 	
9.965313 	-4.858703 	-5.186898 	-11.614709 	-12.699000 	-47.060684 	-49.731472 	-57.798674 	-57.319178 	-59.291505 	-59.817952 	-59.769524 	-58.722118 	-58.421267 	-57.954127 	-60.523427 	-58.637161 	-59.135834 	-58.333484 	-57.861410 	-58.738261 	-58.190708 	
9.885051 	5.711108 	-1.945528 	-3.523638 	-15.297196 	-19.399531 	-16.077608 	-21.402888 	-23.158766 	-36.600101 	-35.837691 	-35.812315 	-48.944898 	-52.705415 	-55.585438 	-57.043536 	-57.435592 	-57.018706 	-56.615331 	-57.085637 	-57.550335 	
9.809809 	-0.977740 	-1.083675 	-2.530039 	-2.948377 	-20.438663 	-22.159830 	-23.615640 	-30.012911 	-29.293080 	-34.225749 	-34.751386 	-45.925607 	-50.349773 	-56.020114 	-54.973959 	-57.305028 	-55.998164 	-59.497887 	-57.669438 	-57.095636 	-57.521700 	-60.631298 	-60.178047 	-58.591402 	-59.391557 	-58.497072 	
10.251934 	-15.048234 	-24.170432 	-28.933425 	-32.626768 	-37.811107 	-35.578284 	-58.373009 	-59.363767 	-58.407901 	-57.854177 	-57.783991 	-60.021920 	-58.881064 	-58.399756 	
9.575595 	3.361669 	-0.872905 	-4.374551 	-8.180257 	-18.961076 	-27.941316 	-30.371394 	-37.204859 	-47.993058 	-58.523566 	-57.330674 	-58.538507 	-55.731871 	-57.090675 	-57.842759 	-57.685501 	-58.602014 	-57.083541 	-59.278240 	
9.871026 	6.669707 	-6.044849 	-13.634075 	-12.506645 	-16.489409 	-18.692046 	-40.118390 	-43.884729 	-49.148999 	-52.213812 	-56.812570 	-60.499689 	-58.670023 	-60.066053 	-59.641475 	-57.951480 	-59.151151 	-60.028199 	-57.933329 	-59.525826 	-58.398278 	-60.016143 	-60.447300 	-58.190107 	
10.276272 	-1.535054 	-20.198225 	-35.710330 	-43.751253 	-45.236185 	-55.508261 	-58.663812 	-60.692428 	-57.683549 	-57.258145 	
9.966441 	1.756045 	-4.102251 	-18.800645 	-21.974688 	-23.036204 	-27.135261 	-26.090554 	-31.951616 	-37.424550 	-41.320823 	-43.514362 	-48.500709 	-57.622770 	-57.160671 	-58.272075 	-58.144828 	-56.634157 	-58.091643 	-56.801658 	
9.683735 	1.389271 	-10.044709 	-12.708918 	-17.038136 	-24.481194 	-28.946322 	-34.005734 	-39.270564 	-42.128776 	-58.696424 	-57.696630 	-60.635703 	-59.272407 	-63.229045 	-60.411527 	-59.707542 	-59.442098 	-59.691817 	-58.477648 	-58.750035 	-59.784551 	-59.344804 	-60.078596 	-59.755981 	-60.468168 	
10.006472 	-1.261710 	-1.030286 	-20.656705 	-33.344000 	-39.249384 	-43.772160 	-56.547471 	-57.301425 	-62.584185 	-59.221507 	-59.995676 	-60.030052 	-57.265739 	-59.160789 	-56.942104 	
9.961319 	2.795208 	-1.884730 	-13.655489 	-16.697616 	-53.028899 	-53.290613 	-56.499071 	-59.885916 	-56.916983 	-58.012551 	-56.517982 	-59.122017 	-56.767364 	-55.978183 	
9.835278 	3.265664 	-3.438194 	-1.688077 	-2.061598 	-4.799231 	-8.629380 	-17.540847 	-22.657436 	-22.679025 	-23.606013 	-27.451876 	-26.200470 	-28.445746 	-28.125810 	-33.500184 	-31.077916 	
10.017140 	1.958059 	-6.146026 	-19.360774 	-39.527646 	-47.671733 	-54.498714 	-60.608463 	-58.225603 	-58.351670 	-58.512265 	-58.071319 	-57.875469 	-58.392793 	-57.828218 	-58.234850 	-57.776876 	
9.912991 	-3.986370 	-11.516238 	-19.863434 	-25.314176 	-29.723835 	-35.981096 	-39.192957 	-41.105983 	-49.914622 	-49.944373 	-50.948973 	-57.076036 	-58.227499 	-58.057236 	
