9.709067 	-20.591506 	-50.252158 	-59.883779 	-58.720242 	-58.096657 	-59.364758 	-59.943299 	-58.462581 	-60.121046 	-58.584354 	-58.436023 	-59.927754 	
9.553133 	7.327235 	-4.747977 	-5.683234 	-25.378066 	-30.076309 	-28.748447 	-29.712048 	-31.530931 	-28.869357 	-38.050555 	
9.749261 	1.791580 	1.161858 	-18.399348 	-22.561887 	-31.213651 	-55.095712 	-58.056949 	-59.219755 	-58.903147 	-58.425856 	-57.672784 	-59.915071 	
9.555127 	1.485524 	-1.891342 	-31.492860 	-43.935123 	-62.168570 	-60.450992 	-59.974246 	-59.668479 	-58.917902 	-59.615349 	-58.787137 	-59.654708 	-60.340251 	-58.594543 	
9.580064 	1.375450 	-9.264082 	-14.551227 	-20.931248 	-28.815686 	-38.762579 	-43.040400 	-46.230668 	-55.950808 	-59.384328 	-59.591992 	-59.666542 	-58.991370 	-58.084305 	-61.024048 	-59.360693 	-59.373217 	-60.754846 	-59.885229 	-62.043006 	-58.972951 	-61.519808 	-58.862432 	-59.884818 	
9.744047 	-2.718108 	-7.109873 	-4.125354 	-21.852228 	-21.765606 	-43.621499 	-49.714644 	-52.759532 	-57.252494 	-62.818509 	-62.293899 	-58.706596 	-59.361810 	-58.795431 	-59.033817 	-57.534013 	-58.558619 	-57.366952 	
9.597887 	2.600934 	-0.340370 	-3.140975 	-14.715159 	-15.791154 	-53.905778 	-57.581535 	-59.462858 	-60.262165 	-59.221371 	-62.577881 	-59.824138 	-58.805875 	-59.519317 	-62.049791 	-59.652702 	-58.484528 	-58.948704 	-61.348724 	-58.811998 	-60.175512 	-62.067971 	
10.005452 	-8.560476 	-11.259936 	-23.609486 	-28.533465 	-39.425722 	-48.274264 	-49.770963 	-57.794371 	-58.047357 	-58.518480 	-61.211503 	-58.976328 	-57.919300 	-61.689146 	-58.198507 	-58.268322 	-59.103847 	-57.010318 	
9.236048 	6.733760 	-15.584241 	-57.992290 	-58.555103 	-58.784837 	-61.401750 	-58.404703 	-60.575594 	-58.705995 	-59.502015 	-63.475122 	-62.485989 	-59.038025 	-58.156251 	-59.346243 	-60.308754 	-59.002585 	-59.399800 	-59.378708 	
9.910103 	1.409648 	1.129461 	-0.045905 	-1.134520 	-2.330724 	-13.364855 	-18.624598 	-30.166149 	-33.572218 	-36.675038 	-50.663413 	-55.881053 	-55.776717 	-56.339988 	-56.963990 	-57.703986 	
10.119846 	0.104689 	-2.687162 	-12.798001 	-17.447370 	-24.523947 	-27.858944 	-28.209714 	-57.551557 	-62.730531 	-59.551006 	-58.937501 	-58.131285 	-59.525964 	-57.087420 	-59.078217 	-57.884314 	-59.273486 	-60.163224 	
9.519940 	-1.059271 	-9.228989 	-10.501355 	-17.506232 	-27.214608 	-29.445396 	-31.620213 	-45.487964 	-56.390983 	-57.331541 	-57.550471 	
9.739746 	6.194823 	-8.717549 	-11.994623 	-32.502511 	-34.565869 	-44.349972 	-57.812305 	-58.390798 	-58.497822 	-58.866760 	-59.894690 	-57.940205 	-59.088589 	-58.081252 	-61.746242 	-59.436897 	
9.477650 	6.231100 	-8.414098 	-15.942229 	-33.161659 	-38.120321 	-38.342590 	-38.530845 	-51.805249 	-57.487732 	-59.440515 	-58.914087 	-59.270296 	-58.341567 	-59.189884 	-60.253524 	-58.090740 	-58.716743 	-58.926518 	-59.430057 	-57.901738 	-59.507480 	
10.021565 	0.733525 	-9.379458 	-46.909208 	-45.870722 	-58.970248 	-58.451323 	-60.081255 	-58.822354 	-60.083471 	-57.822913 	-58.705022 	-59.040659 	-58.497646 	-57.718315 	-58.520754 	-58.319843 	
9.970496 	-5.765385 	-6.276884 	-16.964139 	-17.120952 	-23.998596 	-34.814814 	-43.368860 	-46.395571 	-48.549028 	-57.251356 	-58.403644 	-58.148160 	-63.426176 	-57.189462 	-58.785734 	-57.780793 	-59.077876 	-59.396584 	-58.415105 	-58.016000 	-59.027839 	
9.804185 	-8.041725 	-26.989095 	-39.967245 	-37.178045 	-38.823715 	-57.585155 	-58.158243 	-58.937193 	-58.383950 	-58.240547 	-60.329878 	-58.500316 	-60.225009 	
9.910889 	5.598255 	5.994121 	-10.322385 	-18.095695 	-26.726984 	-28.111039 	-34.005665 	-33.818892 	-41.340819 	-51.566217 	-58.756718 	-61.682113 	-57.899333 	-57.737652 	-58.749520 	-60.132895 	-58.029651 	-58.083569 	-58.946505 	-58.906799 	-58.455608 	-58.940897 	-58.478311 	
9.407736 	-0.086262 	2.164391 	-3.822555 	-4.640677 	-13.556292 	-19.051372 	-24.089548 	-25.226095 	-29.062139 	-33.728139 	-44.424123 	-55.414420 	-56.494001 	-58.154145 	-57.310428 	
9.879780 	0.781793 	1.041601 	-4.187474 	-2.806233 	-11.217896 	-15.776439 	-18.034930 	-18.348915 	
9.557429 	-7.469026 	-23.804159 	-22.071005 	-31.923131 	-34.093648 	-51.802389 	-58.675436 	-57.330298 	-58.962940 	-58.270203 	-57.682562 	-59.025548 	-57.958817 	-61.831746 	
