9.824579 	3.707272 	1.731563 	-7.690410 	-9.344715 	-8.190317 	-25.457906 	-23.273040 	-27.290001 	-30.704194 	-58.511612 	-58.481582 	-58.284931 	-58.101825 	-60.578374 	-59.442734 	-58.635664 	-59.441565 	-59.605810 	-58.785873 	
9.524301 	-9.983811 	-14.852967 	-20.128562 	-25.181228 	-31.744467 	-34.778620 	-40.288884 	-48.556671 	-58.520377 	-57.957491 	-59.268491 	-59.163809 	-58.510284 	-58.769973 	-57.373772 	-58.810580 	-58.237709 	-58.404844 	-58.607032 	-58.363358 	-58.753587 	-61.989615 	
9.649121 	8.420333 	-4.818352 	-4.965157 	-32.371687 	-34.654336 	-45.911243 	-61.699025 	-59.085293 	-58.342153 	-58.116758 	-60.285437 	-58.268947 	-60.145167 	-59.407328 	-58.281113 	-57.392425 	-58.674393 	-58.849779 	
9.467294 	-6.655734 	-10.042737 	-43.843670 	-47.936291 	-56.873324 	-55.691039 	-58.621347 	-56.662895 	-59.945132 	-56.678727 	-58.628893 	
10.079622 	3.298794 	-4.177205 	-4.506957 	-13.886738 	-52.781411 	-53.889470 	-58.698873 	-57.977446 	-60.677311 	-57.264072 	-59.151078 	-58.813069 	-58.470663 	-61.326382 	-57.478697 	-57.396648 	-59.654440 	-59.574315 	-60.452024 	-58.997947 	-62.501617 	-57.248643 	-58.280242 	
9.784990 	-50.340944 	-52.581459 	-60.459868 	-59.609090 	-57.514496 	-59.079907 	-58.945525 	-59.984254 	-58.421303 	-60.444812 	-58.957959 	-59.371747 	-58.293959 	-59.918952 	-58.379704 	-60.649934 	-58.819508 	-60.541823 	-61.382889 	-58.619464 	-57.892298 	
9.841466 	-10.007708 	-19.956398 	-27.894011 	-37.320933 	-57.332019 	-61.088918 	-57.618518 	-58.229839 	-58.389358 	-57.951428 	-57.598909 	-60.006691 	
9.892454 	-2.236983 	-26.071719 	-29.204768 	-57.726011 	-59.632148 	-57.353364 	-58.238161 	-58.365852 	-58.576977 	-59.852451 	-59.582877 	-58.640974 	-59.115139 	-58.149316 	-57.970857 	-59.750137 	-60.412971 	-58.662401 	-59.966137 	-58.815341 	-60.774843 	-59.271528 	
10.329675 	-24.294385 	-29.075039 	-40.365307 	-53.435255 	-58.594609 	-56.989159 	-57.355453 	-59.586811 	-58.866538 	-64.409443 	-58.109702 	-58.450899 	-57.331196 	-58.386211 	-59.316832 	-57.743953 	-57.459253 	-58.932875 	-57.434940 	-59.412690 	-58.946609 	-59.189680 	-60.944485 	-58.048438 	
9.715433 	-11.704839 	-30.526071 	-42.631707 	-50.652189 	-54.828804 	-57.562690 	-60.657880 	-58.644425 	-59.774996 	-60.061941 	-59.001662 	-58.223539 	-57.086099 	-60.870438 	-61.602798 	-60.377723 	-58.791945 	-59.219187 	-60.567199 	-59.827658 	-58.699933 	
9.751825 	-12.830182 	-32.323868 	-31.864112 	-42.915294 	-44.689169 	-56.301791 	-56.386535 	-58.135263 	-58.467866 	-59.435742 	-58.703908 	-58.707061 	-58.680566 	-58.937632 	-59.208270 	-59.616507 	-58.294798 	-60.146627 	
9.787865 	-2.838636 	-13.469171 	-20.023440 	-29.866737 	-35.705775 	-40.438933 	-57.532094 	-58.644002 	-57.451922 	-61.913019 	-58.963919 	-58.427499 	-60.396712 	-58.149400 	-60.266947 	-57.618909 	-59.367192 	-58.685030 	-59.615558 	-60.652964 	-58.577655 	
9.759401 	-12.401106 	-28.244312 	-37.496816 	-43.447334 	-57.851758 	-60.690119 	-59.095882 	-58.530273 	-58.771436 	-58.462895 	-58.860170 	-58.620249 	-58.624761 	-59.505504 	-59.331219 	-59.168721 	-58.710523 	
9.816214 	7.227697 	-2.944056 	-40.863207 	-57.761619 	-58.440159 	-58.699600 	-58.124366 	-57.568834 	-59.359518 	-59.152134 	-59.462340 	-57.831105 	-58.353816 	-58.304566 	-59.023992 	-57.970918 	-58.704083 	-58.013098 	-58.253983 	-58.020649 	-58.153560 	-58.349962 	
9.259113 	1.885327 	-0.672287 	-8.647874 	-10.838747 	-25.121109 	-43.092175 	-45.488310 	-48.546853 	-57.198264 	-58.601809 	-60.702211 	-58.363240 	-57.163271 	-58.491599 	-58.993120 	-58.216921 	
9.688622 	4.522802 	1.366124 	-0.668684 	-14.334312 	-16.192405 	-20.554428 	-22.397311 	-28.236184 	-40.879563 	-41.905412 	-48.252628 	-52.020148 	-58.805622 	-57.876866 	-59.223717 	-59.575975 	-57.776442 	
9.635355 	4.270671 	-3.644503 	-4.566216 	-5.145157 	-6.299330 	-9.063691 	-8.387805 	-9.061400 	-12.668256 	-13.810606 	-11.134393 	-13.145443 	-15.560816 	-17.706747 	-19.277593 	-22.876575 	-22.389141 	-27.715243 	-26.494166 	-27.579898 	-29.495748 	-28.455605 	-32.493284 	-30.892616 	-32.061540 	-32.267382 	
9.594944 	-14.699123 	-14.540739 	-15.482761 	-29.402615 	-36.484835 	-35.810914 	-45.199919 	-43.078557 	-57.532426 	-60.716757 	-56.733886 	-61.084843 	-57.913606 	-59.936301 	-57.659239 	-57.471392 	
9.600999 	-2.415175 	-1.202811 	-14.483565 	-27.213053 	-26.813934 	-32.400300 	-40.604520 	-50.774633 	-51.570172 	-58.914993 	-58.911816 	-60.252719 	-58.154590 	-57.090244 	-60.041963 	-57.445172 	-60.681264 	-60.978050 	
9.792126 	-1.533600 	-12.729483 	-19.157782 	-23.646327 	-31.751437 	-35.600889 	-42.515042 	-52.113308 	-56.247658 	-56.427400 	-57.243040 	-60.447472 	-58.674429 	-59.208806 	-57.826994 	-58.528975 	-58.465501 	-59.157277 	-59.248404 	
