9.750382 	-0.376612 	-4.611632 	-8.996636 	-21.516641 	-26.966238 	-36.586509 	-38.084217 	-44.068603 	-39.427875 	-46.721582 	-47.961475 	-48.215944 	-49.178579 	-54.191990 	-55.745680 	-55.633273 	-56.102035 	
9.854830 	0.882707 	-16.625354 	-31.912861 	-33.991127 	-35.367674 	-44.209539 	-57.643257 	-59.932999 	-62.278759 	-58.118382 	-60.025488 	-60.925935 	-57.976207 	-60.161696 	-58.562240 	-58.402367 	-57.874745 	-58.511039 	
9.741086 	0.312818 	-2.341153 	-31.061840 	-33.641221 	-34.960194 	-38.747884 	-38.394306 	-43.028952 	-44.764319 	-51.820934 	-53.939721 	-58.993525 	-59.602232 	-59.305503 	-58.697114 	-59.130398 	-60.523054 	-57.130969 	-59.320285 	
9.864951 	2.661360 	-27.172169 	-43.323613 	-60.572940 	-58.693031 	-62.552494 	-60.113139 	-57.819483 	-61.908482 	-58.287765 	-59.198565 	-57.492608 	-58.440846 	-59.435494 	-60.076336 	-59.157907 	
9.819401 	-12.311206 	-17.494260 	-19.950983 	-46.675345 	-57.089023 	-58.342093 	-59.331723 	-61.795399 	-59.861251 	-58.121727 	-58.923303 	-58.612928 	-60.744554 	-59.613498 	
10.175236 	-18.574379 	-25.609370 	-31.945315 	-47.599887 	-54.315131 	-58.344244 	-57.957745 	-58.570851 	-57.986125 	-56.646196 	-58.499096 	-58.305413 	-59.763968 	-57.200077 	-57.994512 	
9.608812 	-4.213885 	-11.054592 	-16.463935 	-18.426688 	-39.692261 	-58.587631 	-58.772385 	-58.250235 	-57.386577 	-59.475297 	-57.566792 	-60.188017 	
9.930436 	4.245623 	-9.124071 	-27.327636 	-28.303461 	-39.926266 	-49.522787 	-50.883392 	-57.539257 	-59.519388 	-58.722612 	-56.772953 	-57.454047 	-57.596741 	-58.448694 	-58.199654 	-57.597498 	
10.010583 	-13.636033 	-18.950861 	-23.042803 	-23.780243 	-37.694028 	-36.050227 	-43.106530 	-44.858300 	-57.346326 	-58.749002 	-58.481772 	-57.598163 	-60.327097 	-57.034981 	-57.826470 	-58.436542 	-57.698055 	
9.680872 	7.692245 	1.761605 	-50.567815 	-58.815648 	-59.553229 	-60.404691 	-60.577509 	-57.702967 	-58.249806 	-59.402520 	-59.841229 	-58.416897 	-58.488645 	-58.616925 	-59.815309 	-60.040454 	-57.794299 	-59.141092 	-58.485079 	-58.436699 	-58.163996 	
9.762446 	0.328436 	-5.146431 	-10.317019 	-9.634301 	-20.342707 	-36.438174 	-45.447507 	-46.442203 	-49.166411 	-49.529883 	-57.957306 	-59.003078 	-62.812561 	-59.260145 	-58.030332 	-59.842376 	-60.226203 	-57.074357 	
9.617770 	-34.454154 	-36.838062 	-52.374747 	-57.713142 	-58.690209 	-58.043169 	-59.141718 	-57.452079 	-60.302767 	-58.417008 	-59.859055 	
9.574251 	-22.155941 	-57.784852 	-58.529422 	-57.721569 	-59.189899 	-59.730547 	-57.698745 	-56.891996 	-57.572542 	
9.998066 	-18.619953 	-26.704604 	-28.838908 	-41.587390 	-55.819824 	-60.093962 	-57.897644 	-60.832207 	-57.986682 	-57.163567 	-58.125864 	-59.573290 	
10.058098 	-3.773211 	-5.287156 	-23.201119 	-25.464603 	-27.002909 	-33.260632 	-39.819430 	-56.723255 	-58.890876 	-58.473567 	-59.457088 	-57.800438 	-58.092078 	-60.434523 	-57.733835 	-61.682930 	-59.256407 	-61.876610 	-58.843422 	-60.077209 	-60.843791 	-58.339992 	-59.185724 	
9.395312 	8.392375 	-58.284990 	-58.416427 	-58.324005 	-60.604399 	-58.635386 	-59.089908 	-60.722023 	-59.482720 	-58.016030 	-58.603944 	-59.785799 	-58.026264 	-58.565817 	-59.436379 	-59.679930 	-58.603767 	-58.653257 	-59.627185 	
9.556730 	-51.674792 	-55.913362 	-58.493284 	-57.752850 	-59.657604 	-59.138185 	-58.464697 	-58.142299 	-59.128396 	-58.291946 	
10.061992 	-5.391523 	-23.596699 	-30.233312 	-45.790815 	-57.404839 	-57.443306 	-59.216389 	-61.796662 	-60.845179 	-58.818558 	-58.668928 	-56.728889 	-57.121159 	-59.044612 	-60.727607 	
9.435961 	-19.143117 	-22.546703 	-30.551163 	-38.210017 	-58.043690 	-59.468448 	-57.547066 	-59.787418 	
9.747696 	-8.382215 	-22.076850 	-58.587407 	-58.168632 	-59.952016 	-58.021732 	-59.054944 	-59.264606 	-60.834384 	-59.650723 	
