9.673900 	-3.651298 	-38.647355 	-58.844427 	-58.310709 	-58.289334 	-60.158607 	-58.614047 	-58.134880 	-59.012799 	-58.961137 	-58.539838 	-58.975633 	-61.580132 	-60.608165 	-58.899051 	-60.305954 	-58.246820 	
10.155842 	-2.936882 	-22.086178 	-30.663857 	-37.427719 	-44.390726 	-52.635819 	-57.481602 	-57.361828 	-58.822962 	-57.121756 	-56.868431 	-57.996511 	-60.599217 	-57.618148 	-58.252103 	
10.079275 	-38.576986 	-46.838559 	-56.903485 	-58.254230 	-59.017851 	-58.798788 	-59.029051 	-60.761570 	-63.798018 	-57.474142 	-58.055218 	-57.918777 	
10.183953 	-0.879596 	-3.872739 	-19.811291 	-29.916589 	-45.714976 	-58.413615 	-57.928852 	-57.060013 	-59.625140 	-59.039229 	-61.453400 	-59.519462 	-58.618025 	-59.103898 	-59.422533 	-65.731199 	-57.478555 	-61.017274 	-58.540836 	-59.025332 	-58.831611 	-59.080321 	-61.292600 	-58.515099 	
9.670523 	-39.004039 	-40.361479 	-57.548766 	-58.387974 	-58.190670 	-59.065016 	-59.037500 	-59.392328 	-58.886525 	-60.815379 	-59.562527 	-59.522530 	-60.215054 	-58.899841 	-58.139761 	-58.073829 	-59.045240 	-58.813014 	-60.531406 	-57.077047 	
9.655427 	-15.890601 	-57.325931 	-58.397987 	-57.784087 	-58.281947 	-58.657396 	-57.979728 	-56.995375 	-57.589090 	-57.913715 	-58.387830 	
9.837782 	2.827267 	-14.036469 	-24.870329 	-27.685401 	-37.599430 	-36.725762 	-58.289365 	-59.037748 	-57.562365 	-58.255208 	-57.667522 	-57.735870 	-61.014937 	-60.515370 	-56.922521 	-59.486592 	
9.840614 	3.035419 	-11.822594 	-18.805260 	-20.558376 	-30.528382 	-46.667540 	-58.646027 	-57.706451 	-60.735086 	-59.091857 	-59.591329 	-60.191303 	-61.449638 	-59.064771 	-58.544546 	-61.454864 	-61.388985 	-60.604542 	-59.943884 	-58.462237 	-57.439808 	-60.130810 	-59.793794 	-58.543155 	-60.729890 	-59.763416 	-60.213867 	-60.016296 	-60.277139 	-58.104367 	
9.858370 	1.626805 	1.463945 	-27.572997 	-29.243430 	-45.957780 	-57.780004 	-57.968501 	-59.888237 	
9.630791 	7.435412 	-13.839970 	-31.995699 	-32.115941 	-33.031161 	-57.690667 	-57.663679 	-57.601852 	-58.248501 	-57.675699 	-60.888911 	-58.443055 	-58.732337 	
10.089221 	6.202789 	-20.603091 	-20.281836 	-48.650319 	-57.583415 	-61.381913 	-57.251513 	-57.833212 	-59.504495 	-59.004564 	-59.858445 	-58.381675 	-57.644906 	-58.326519 	-56.735450 	-59.508400 	
9.943420 	-11.473901 	-12.686457 	-58.029209 	-58.288660 	-59.715207 	-60.241516 	-58.468066 	-60.525888 	-57.629452 	-58.020760 	-58.499064 	-58.760986 	-59.996002 	-57.297903 	-59.466431 	-58.532767 	
10.102063 	0.992913 	-6.693470 	-6.803775 	-14.298710 	-12.270557 	-24.225297 	-43.887014 	-45.376412 	-48.896119 	-56.086449 	-58.945272 	-60.086169 	-57.726148 	-59.408273 	-58.839807 	-57.472223 	-60.460588 	-58.302534 	-58.559384 	-60.887238 	-58.264211 	-59.390841 	
10.130955 	-21.799463 	-39.827673 	-47.567108 	-58.351203 	-58.546214 	-60.262194 	-57.458576 	-58.905718 	-59.324672 	-57.909219 	-62.021902 	-59.000681 	-58.922691 	-58.730952 	-57.642913 	-58.417477 	-58.228300 	
9.923198 	-28.127144 	-59.654308 	-57.446335 	-61.015622 	-58.388306 	-61.394828 	-57.768326 	-58.946251 	-61.642218 	-58.540420 	-60.138747 	-60.883811 	-58.102718 	-59.734491 	
9.967439 	-9.965266 	-58.102300 	-60.556063 	-58.006492 	-58.151557 	-57.729606 	-57.796767 	-58.964492 	-57.269763 	-58.655230 	-58.739269 	
9.788835 	8.437861 	-12.937087 	-57.443265 	-58.644873 	-60.309859 	-59.831912 	-56.663015 	-58.944480 	-57.896993 	-59.886234 	-57.092657 	-60.217481 	-60.202293 	-59.637040 	
9.874136 	-3.612758 	-13.241597 	-21.117939 	-24.731793 	-32.007022 	-59.799541 	-57.764807 	-59.319068 	-59.032776 	-57.169304 	-56.812963 	
9.870621 	-44.206006 	-50.359365 	-58.486275 	-57.973409 	-57.407444 	-57.287278 	-58.288475 	-57.457028 	-58.141265 	-59.135126 	-57.469977 	-57.829929 	-57.863374 	-58.712149 	-59.438259 	-57.633210 	
9.874513 	-13.526659 	-47.277222 	-50.833230 	-60.249125 	-59.583405 	-57.968204 	-57.277592 	-57.447630 	-60.085845 	-58.262159 	-59.862202 	
