9.932627 	-1.825647 	-4.053600 	-5.826529 	-11.168985 	-17.064786 	-20.896877 	-22.420186 	-36.822749 	-45.569539 	-49.942963 	-55.574705 	-58.687357 	-58.867502 	-60.537796 	-59.408889 	-57.686076 	-59.697668 	-59.052458 	-57.415510 	-57.247644 	-57.260666 	-57.883275 	
9.948302 	-3.725630 	-13.816608 	-20.129342 	-34.507657 	-32.175916 	-43.571127 	-47.008321 	-53.690008 	-61.117205 	-58.501065 	-57.826788 	-59.466389 	-62.839358 	-57.119787 	-59.157183 	-58.009429 	
10.042920 	6.802343 	3.298769 	-9.278225 	-33.914914 	-58.264242 	-59.628520 	-63.074808 	-58.999654 	-58.448457 	-60.403151 	-60.588277 	-57.925335 	-59.159990 	-58.617904 	
9.711008 	-3.580931 	-10.355534 	-45.174080 	-52.531294 	-56.359172 	-59.190549 	-57.638990 	-57.146697 	-57.208504 	-59.979839 	-58.202332 	-57.588793 	-59.371181 	-57.166424 	
9.705904 	2.640750 	0.588860 	1.374095 	1.434887 	1.431004 	1.200858 	-0.678557 	-0.363050 	-0.585552 	-1.266084 	-0.415115 	-0.774116 	-2.891107 	-0.249849 	-4.017775 	-5.524158 	-2.877478 	-4.873174 	-1.000336 	-1.653283 	-4.033885 	-4.482168 	-3.775237 	-3.736498 	-2.813105 	-6.043638 	-4.287595 	-4.063629 	-3.673610 	-2.793561 	-2.700048 	-6.947929 	-4.347342 	-5.823543 	-4.196266 	-2.930264 	-5.150767 	-3.977634 	-2.739867 	-5.322525 	-5.473928 	-4.311886 	-5.853119 	-5.106992 	-7.367720 	-7.325826 	-4.833870 	-4.718470 	-5.766742 	-2.872324 	-7.023804 	-4.503927 	-4.633519 	-5.269115 	-5.218712 	-5.603191 	-5.702551 	-4.520655 	-5.941770 	-5.195671 	-7.398778 	
9.943435 	1.661041 	0.495899 	-17.547351 	-18.553273 	-20.490668 	-41.888697 	-55.347930 	-58.354704 	-61.363181 	-58.040039 	-59.869944 	-59.994176 	-57.682818 	-57.012433 	-58.739596 	-57.527429 	-58.620059 	-58.128235 	
9.808023 	-23.348369 	-26.119159 	-34.982547 	-33.898296 	-34.884627 	-40.293683 	-47.678982 	-55.738620 	-58.813435 	-59.757150 	-59.249062 	-59.813900 	-59.973878 	-58.821069 	-57.947553 	-59.019014 	-60.272791 	-58.618604 	-60.786456 	-59.952461 	-60.530297 	
9.981661 	5.612367 	3.604977 	0.197062 	-2.428662 	-3.699428 	-5.811301 	-12.686605 	-10.492017 	-13.784399 	-22.376297 	-25.143960 	-29.293296 	-33.325278 	-32.978661 	-37.822257 	-36.951539 	-44.221617 	
9.765973 	4.913396 	-1.443820 	-8.488661 	-22.499509 	-31.638886 	-37.115703 	-38.367740 	-49.743675 	-56.860537 	-58.912306 	-58.021640 	-58.677834 	-60.546042 	-58.241541 	-61.160115 	-57.111408 	-58.011064 	
10.154500 	-7.191161 	-19.845791 	-33.178919 	-36.924159 	-38.034173 	-46.811685 	-52.063637 	-56.953369 	-57.510502 	-60.777128 	-58.265282 	-60.009579 	-58.888687 	-58.291652 	-59.311822 	-59.904871 	-58.684498 	-60.382391 	-60.439259 	-62.610759 	-59.474788 	-59.816180 	-58.753591 	-59.872023 	
9.746761 	-30.095743 	-34.096649 	-37.305025 	-38.232490 	-43.191670 	-44.069360 	-46.345197 	-58.313216 	-58.830913 	-58.869277 	-57.580486 	-58.584483 	-58.359574 	-59.678433 	-59.814549 	-59.687696 	-60.229500 	-60.099010 	
9.856966 	-3.848624 	-19.195815 	-32.196092 	-36.152648 	-43.825626 	-43.908094 	-47.931908 	-58.348986 	-56.164815 	-59.192587 	
9.976432 	-0.259597 	0.122785 	-7.617549 	-10.994918 	-12.653096 	-14.200903 	-11.895988 	-12.846780 	-14.729763 	-13.344752 	-16.699380 	-16.276251 	-19.004800 	
9.927774 	1.787816 	-1.493039 	-29.149640 	-31.435724 	-39.967827 	-39.886698 	-47.327535 	-49.016952 	-59.795547 	-58.123118 	-59.561290 	-58.589311 	-60.075488 	-61.829654 	-60.522660 	-58.224856 	-59.386557 	-59.149027 	-58.643756 	-58.622163 	
9.765113 	-3.461688 	-8.713449 	-11.169688 	-26.613573 	-31.298936 	-57.106479 	-58.130619 	-59.012347 	-58.756743 	-59.959798 	-62.323861 	-60.057321 	-59.541592 	-61.333754 	-58.654695 	-59.042220 	-60.487079 	-59.552431 	-59.170649 	-57.809290 	-59.686640 	-60.193325 	
9.660852 	-6.118588 	-16.141231 	-23.552055 	-28.552943 	-43.356258 	-49.326586 	-59.241940 	-59.050096 	-59.356481 	-58.504663 	-61.317787 	-58.235547 	-58.095623 	-58.127145 	-60.497506 	-58.860573 	-59.486433 	
9.789175 	-13.189023 	-31.684158 	-30.589962 	-39.181793 	-40.585441 	-57.295524 	-56.720540 	-59.266470 	-57.943960 	-60.184869 	-59.396415 	
9.718107 	5.025949 	-1.129802 	-13.567524 	-23.523715 	-30.745946 	-35.028200 	-33.274022 	-39.755516 	-47.914537 	-58.365125 	-57.087157 	-58.215974 	-59.422433 	-57.893702 	-58.324522 	-58.256340 	-58.240181 	-57.632203 	-60.922492 	
9.981432 	-5.270276 	-17.990301 	-52.624601 	-57.149934 	-61.049348 	-59.570405 	-58.816032 	-59.610151 	-59.465360 	-58.193324 	-59.906471 	-57.933160 	-58.316174 	-58.738891 	-58.335543 	-60.623786 	-59.084000 	-60.753818 	
9.779255 	-7.569359 	-16.794244 	-21.028068 	-22.558706 	-23.679823 	-37.872622 	-36.885704 	-48.704777 	-54.816053 	-54.212079 	-58.304801 	-56.714963 	-57.813449 	-55.962280 	-55.373419 	
