10.159798 	-45.193133 	-49.489725 	-57.905046 	-58.330289 	-61.542485 	-59.681297 	-58.688324 	-59.481712 	-59.694551 	-59.231830 	-59.393191 	-59.629831 	-59.067398 	-62.298417 	-61.054674 	-58.758727 	-57.741208 	-60.837822 	-57.615944 	-58.410631 	-58.044361 	-58.575567 	
10.386401 	-35.508533 	-53.329661 	-57.900664 	-59.496694 	-59.198483 	-57.897130 	-59.015120 	-58.412961 	-59.818789 	-59.928878 	-60.381219 	-59.005214 	-59.888631 	-58.876907 	-58.596218 	-58.290489 	-59.420690 	-59.787388 	-59.526609 	-59.068400 	-61.995961 	-64.055921 	-59.318407 	-58.492487 	-59.460151 	
9.883387 	-57.199265 	-59.978976 	-58.366284 	-58.191190 	-58.996263 	-59.682737 	-62.565501 	-58.153691 	-59.684980 	-59.346378 	-58.615275 	-61.430801 	-57.821818 	-59.284726 	-57.913321 	
10.167425 	-27.022386 	-46.458022 	-59.812542 	-57.885757 	-59.630314 	-59.764190 	-57.945874 	-59.882219 	-58.451138 	-59.039441 	-59.563090 	-60.995679 	-59.385519 	-59.924116 	-60.732755 	-58.679451 	-58.261625 	-58.791034 	-59.638453 	
9.613437 	9.066004 	-58.104371 	-58.993383 	-60.205888 	-58.893007 	-60.099230 	-58.570093 	-59.119088 	-59.845082 	-56.809630 	-58.980281 	-59.892330 	
10.142087 	-0.265164 	1.958426 	-21.539774 	-27.337128 	-58.229482 	-57.738078 	-57.440049 	-58.495713 	-59.285938 	-58.002513 	-58.093157 	-58.407498 	-57.750879 	-60.676888 	-57.423447 	-59.275195 	-59.808258 	
9.891277 	-15.872558 	-58.326317 	-58.250415 	-58.528922 	-58.295892 	-61.629510 	-60.485068 	-59.467851 	-59.509836 	-60.465307 	-59.380046 	-57.680441 	-58.885182 	-58.643396 	-58.909890 	-58.291988 	-60.263220 	-58.543304 	-59.758837 	
9.938551 	7.024167 	-5.691501 	-38.755065 	-58.909247 	-57.797567 	-57.837622 	-58.814912 	-57.227575 	-59.437692 	-58.318395 	-59.774431 	-56.845392 	-60.423497 	-57.640351 	-57.875320 	-59.211097 	
9.807123 	0.943229 	-23.616585 	-41.163678 	-58.998817 	-57.385655 	-59.532174 	-60.755105 	-58.732228 	-59.109251 	-59.975392 	-60.206382 	-60.297392 	-62.722916 	-58.427666 	-58.331225 	-59.173938 	-60.151869 	-59.970161 	-58.716756 	-59.010303 	
10.036089 	-1.257493 	-14.621884 	-53.845358 	-57.825578 	-57.697866 	-60.464296 	-58.082154 	-58.642328 	-60.786341 	-61.050924 	-59.960641 	-58.602842 	-56.937795 	-59.929733 	-58.785503 	-58.016038 	-59.176833 	-59.533465 	-58.747895 	
9.874257 	-0.261942 	-2.816923 	-8.811317 	-17.804868 	-27.381413 	-34.678562 	-38.477470 	-45.412405 	-51.167695 	-57.963541 	-59.037413 	-59.651996 	-59.439368 	-58.372930 	-60.077422 	-58.406100 	-57.268126 	-59.243089 	-56.797921 	
10.112220 	2.148038 	-34.506683 	-47.440273 	-58.153641 	-59.689577 	-60.933691 	-58.780543 	-58.353407 	-58.157149 	-58.821664 	-59.033043 	-63.111645 	-57.975234 	-60.332496 	-58.789445 	-58.586654 	-58.944612 	-60.567552 	
10.384251 	6.526391 	-17.974504 	-29.533136 	-58.239430 	-58.133677 	-58.874810 	-59.787696 	-60.572680 	-58.254487 	-62.026474 	-59.462736 	-59.521617 	-58.660068 	-59.986371 	-59.248707 	-58.856165 	-59.970710 	-60.305370 	-59.028076 	-58.259018 	-57.656686 	-58.581517 	-58.585303 	-61.575631 	-58.865947 	-56.697723 	-59.287631 	
10.175880 	-28.049242 	-47.158812 	-59.836362 	-58.418359 	-59.342674 	-59.344493 	-58.100687 	-58.807254 	-58.616667 	-59.629773 	-56.990075 	-58.975626 	-58.746372 	
10.005197 	-6.416809 	-56.696822 	-58.990511 	-58.404003 	-59.284586 	-57.530502 	-61.205540 	-59.891400 	-59.279844 	-59.653770 	-58.173268 	-59.906105 	-58.230807 	
10.138944 	-21.763363 	-36.499384 	-39.107339 	-57.569091 	-59.682863 	-59.667169 	-57.364465 	-59.427367 	-58.915962 	-59.023983 	-61.369999 	-57.788232 	-59.707469 	-60.333054 	
9.856776 	-8.443656 	-21.823673 	-20.294060 	-47.301222 	-57.842145 	-60.433228 	-57.942392 	-57.827296 	-59.148290 	-57.628138 	-58.575380 	-59.380613 	-59.599050 	-60.051130 	-58.810677 	-58.564116 	-58.056977 	-60.783949 	
9.912781 	-17.030582 	-41.078919 	-50.233507 	-51.579933 	-59.468276 	-60.368348 	-57.442069 	-58.249465 	-57.094932 	-58.541595 	-58.074101 	-58.724431 	-62.320136 	
9.883947 	-17.721996 	-48.755167 	-52.728412 	-58.411188 	-61.151095 	-58.539580 	-59.046642 	-57.523820 	-59.417151 	-58.728293 	-58.027240 	-58.166492 	-59.157753 	-57.253410 	-61.297872 	-58.838489 	
10.005794 	1.657631 	-10.677723 	-17.651844 	-38.267831 	-54.068856 	-56.058295 	-57.349717 	-57.957939 	-57.285104 	-59.295474 	-59.250239 	-60.060347 	-58.509450 	-59.647444 	-58.757305 	-59.317155 	-60.248795 	-59.493621 	-57.755764 	-59.922334 	-60.056092 	-58.425379 	
