9.948424 	5.536488 	-36.795321 	-46.246440 	-51.547731 	-53.281841 	-55.683846 	-57.428692 	-58.629424 	-59.946737 	-57.558256 	-63.342659 	-58.081953 	-57.964428 	-58.799622 	-58.638628 	-59.604041 	
9.689256 	-41.731556 	-46.344392 	-57.385593 	-58.374970 	-58.936922 	-60.976604 	-57.490966 	-59.258629 	-57.852746 	-59.981187 	
8.465282 	9.347482 	-3.532294 	-18.567271 	-21.323919 	-46.728009 	-56.581365 	-58.336054 	-59.839614 	-57.439020 	-58.400275 	-59.932192 	-58.691491 	-58.029540 	-58.684454 	-58.607598 	-57.131529 	-57.705885 	
9.579414 	-25.067007 	-31.502245 	-49.496002 	-52.604152 	-56.987086 	-57.669164 	-58.638165 	-57.376711 	-59.728305 	-58.423275 	-58.603497 	-58.201814 	-59.942163 	
9.236813 	-5.126642 	-32.812110 	-35.608332 	-48.474565 	-59.667624 	-62.799820 	-59.682000 	-59.372722 	-58.973257 	-58.548547 	-58.611242 	-60.675347 	
9.509608 	1.894078 	-17.312805 	-46.612405 	-59.782535 	-57.699987 	-58.842379 	-60.205719 	-60.156958 	-57.527385 	-59.232820 	-58.645653 	-60.838894 	-62.951744 	-59.260445 	-59.710946 	-59.436411 	-66.272430 	-58.677696 	-58.757603 	
9.759914 	4.552173 	-12.112917 	-41.138703 	-46.050197 	-56.555009 	-59.041220 	-57.953739 	-58.351440 	-59.909095 	-58.263099 	-57.301500 	-59.962103 	-59.452352 	-59.951661 	-60.769809 	-57.716392 	-61.722636 	-58.146492 	
9.461489 	-2.769994 	-14.478441 	-14.595233 	-24.147165 	-29.354853 	-40.380458 	-52.863108 	-59.024767 	-59.181068 	-61.905832 	-58.312320 	-58.605495 	-58.917981 	-58.632193 	-57.439834 	-58.233960 	-63.062272 	
9.815549 	-22.022432 	-38.210870 	-42.940296 	-47.425490 	-56.017669 	-53.724970 	-59.216408 	-58.687149 	-58.308639 	-58.221303 	-58.816887 	-61.086184 	-60.617348 	-61.100516 	-58.158414 	
9.594835 	-9.719979 	-10.934791 	-55.995310 	-59.534048 	-59.963079 	-59.407599 	-59.359380 	-58.579367 	-60.265161 	-58.974024 	-60.052020 	-64.619936 	-59.725897 	-61.430199 	-60.694638 	-60.788040 	-59.111792 	-61.472562 	-62.777732 	-60.323804 	-59.581374 	-57.919567 	-58.755755 	-58.430250 	-58.788083 	
9.142599 	-15.333567 	-12.487236 	-17.098297 	-26.731910 	-55.966688 	-51.371360 	-54.013746 	-53.459897 	-53.605393 	-57.354175 	-55.512103 	-55.909126 	-59.288808 	
10.149343 	-4.081386 	-4.378184 	-16.919934 	-52.863057 	-57.302174 	-58.498582 	-58.024455 	-60.103153 	-59.793278 	-60.756827 	-61.611908 	-58.401396 	-59.898203 	-59.497666 	-61.115563 	-61.768767 	-59.908857 	-59.954753 	-57.620001 	-58.703561 	-58.866334 	-59.590642 	-62.228228 	-57.006643 	
9.115267 	-11.016372 	-13.778342 	-16.331368 	-19.684016 	-17.415354 	-19.020636 	-23.291049 	-32.610413 	-38.511476 	-38.468000 	-46.455918 	-53.136904 	-52.462045 	-57.595574 	-55.169619 	
9.703754 	-20.010935 	-56.879575 	-58.739962 	-59.667479 	-57.778541 	-57.082604 	-61.695607 	-58.596073 	-58.142208 	-57.920314 	-60.363480 	-59.794275 	-58.673544 	
9.452008 	-6.972847 	-19.891144 	-21.621685 	-22.241175 	-29.541390 	-29.777685 	-32.148329 	-30.774033 	-32.068927 	-35.366204 	-44.099198 	-42.960232 	-49.754671 	-55.214226 	-58.950728 	-57.386770 	-57.276259 	-60.474221 	-58.573547 	-58.954884 	-57.992933 	-57.230501 	
10.203758 	-7.424623 	-38.980590 	-59.393422 	-58.083727 	-59.193469 	-58.937369 	-60.351496 	-58.913215 	-60.825018 	-58.124400 	-58.633299 	-60.318494 	-59.859152 	-57.279500 	-58.731797 	-59.752036 	-58.732874 	-62.242270 	-58.012664 	-58.825168 	
9.847558 	2.261587 	-4.532186 	-4.414163 	-14.553443 	-39.662325 	-36.987661 	-54.851149 	-57.295823 	-58.172707 	-59.461995 	-58.828839 	-59.948122 	-60.384582 	-58.239947 	-62.043416 	-58.684936 	-63.244630 	-60.002596 	-58.931241 	-60.076464 	-59.145785 	
10.035184 	-23.618979 	-38.819397 	-56.517763 	-57.574341 	-58.861697 	-62.053493 	-58.144709 	-61.953422 	-57.408327 	-58.680027 	-58.058263 	-57.180867 	-59.239731 	-57.732565 	
9.941941 	-5.846960 	-6.180437 	-6.857076 	-17.320648 	-18.368084 	-22.653723 	-31.977385 	-42.951479 	-57.098157 	-57.254727 	-58.855913 	-61.583555 	-57.348443 	-59.609720 	-58.497314 	-57.565287 	-56.529180 	-58.603590 	
9.734379 	-5.844179 	-10.489614 	-30.852140 	-43.805145 	-59.364045 	-59.746855 	-57.783329 	-59.129380 	-58.673549 	-58.961886 	-61.829463 	-57.870993 	-57.149131 	
