9.823181 	-5.845457 	-45.279211 	-45.877256 	-58.999455 	-58.260674 	-57.548880 	-57.481327 	-62.949967 	-58.387617 	-59.242977 	-59.373387 	-57.739194 	-59.702752 	-58.017439 	-57.997087 	-58.063247 	-57.422111 	-58.242521 	-63.481370 	-60.268059 	-59.096642 	
9.578255 	1.457351 	-0.909508 	-8.764721 	-11.783933 	-16.511785 	-16.772966 	-17.776354 	-19.218864 	-34.453742 	-35.673226 	-34.308109 	-41.591312 	-43.015458 	-49.498019 	-48.645629 	-57.834445 	-59.331143 	-58.746766 	-61.062028 	-62.000477 	-58.678800 	-58.629934 	-58.713218 	-58.876209 	-57.861849 	-59.646853 	-57.497161 	
9.738575 	-28.393514 	-49.429733 	-57.771379 	-58.822290 	-58.205087 	-59.153920 	-58.504164 	-59.273500 	-59.754167 	-61.695946 	-58.750251 	-61.837981 	-57.625425 	
10.042345 	-1.945759 	-15.964883 	-23.604823 	-32.333934 	-31.848756 	-33.693266 	-35.279335 	-46.440131 	-59.391595 	-57.835276 	-59.124995 	-58.095973 	-60.492091 	-60.049100 	-58.772141 	-57.577592 	-57.999627 	-58.373900 	-57.419948 	-58.992596 	
9.530979 	-8.034345 	-16.879502 	-33.874012 	-37.093299 	-52.014119 	-58.502456 	-60.972011 	-59.125861 	-59.529066 	-58.698913 	-59.193080 	-62.653353 	-58.771650 	-58.535151 	-64.589407 	-64.002821 	-58.630373 	-61.785391 	-58.550506 	-58.061796 	-60.561913 	-61.452554 	-58.631243 	-59.107248 	-60.960155 	-60.727062 	-60.532720 	-59.329790 	
9.981835 	3.778762 	-2.390806 	-16.828596 	-57.813097 	-58.544621 	-56.872785 	-57.385720 	-57.412453 	-61.040855 	-57.584869 	-56.732339 	-60.840615 	-58.826079 	-57.008186 	-59.963709 	
10.039801 	-7.437965 	-14.398508 	-57.763182 	-58.472753 	-57.320671 	-57.352777 	-57.713205 	-57.289821 	-58.675666 	-64.888376 	-57.314153 	-57.084818 	-60.919343 	
9.862017 	-9.249917 	-6.354806 	-40.637430 	-52.003365 	-57.440858 	-57.831181 	-60.204958 	-60.955082 	-59.757804 	-58.482777 	-58.373153 	-59.255256 	-58.856242 	-65.199754 	-58.910663 	-58.493734 	-58.443368 	-57.670628 	-57.934797 	
9.658519 	-5.076989 	-7.810483 	-60.131452 	-59.036026 	-60.198095 	-57.348451 	-59.427109 	-60.429389 	-59.294864 	-59.608542 	-59.691383 	-59.150714 	
9.987343 	-3.552869 	-9.926026 	-11.016434 	-23.313943 	-33.665669 	-38.361001 	-47.092160 	-47.061995 	-48.306352 	-57.382227 	-58.271568 	-59.399364 	-57.339526 	-58.062392 	-58.181227 	-58.770085 	-60.042094 	-61.439219 	-57.709782 	-58.313079 	-57.786213 	-58.657933 	-56.947845 	-61.549958 	
9.518658 	6.960352 	-5.034473 	-14.732404 	-13.533046 	-13.996828 	-15.865474 	-16.630652 	-17.871605 	-29.458771 	-33.658643 	-59.748302 	-61.041319 	-60.007999 	-57.242362 	-57.835910 	-62.211692 	
9.731335 	-3.313633 	-4.478836 	-19.744438 	-36.732615 	-58.545823 	-62.040661 	-59.742302 	-58.497380 	-57.668066 	-57.650594 	-60.172689 	-60.285473 	-57.903035 	-59.879642 	-60.818444 	
9.880336 	0.615237 	-58.392080 	-58.956744 	-58.354547 	-60.686631 	-58.059671 	-58.299880 	-58.456778 	-58.632187 	-59.354079 	-59.384968 	-59.944634 	-60.978727 	-60.631404 	-59.069393 	-60.138011 	-58.744253 	-59.919814 	-58.768053 	
10.156173 	-61.325327 	-57.077404 	-58.352124 	-58.142162 	-57.974568 	-57.381845 	-58.229113 	-57.090907 	-58.724834 	-57.105618 	-58.309792 	-60.224975 	-60.222299 	-56.958258 	
10.010170 	-5.223714 	-57.161926 	-59.253921 	-59.336197 	-58.774740 	-57.746985 	-57.505467 	-58.872092 	-58.445076 	-58.932445 	-59.261066 	-60.991709 	-59.607461 	-58.831847 	-57.900549 	-57.862451 	
9.787549 	-12.864867 	-17.848316 	-47.174622 	-59.987630 	-62.287126 	-59.446033 	-60.434246 	-58.918157 	-58.830427 	-60.912592 	-57.953083 	-60.989253 	-60.298052 	-59.580087 	-58.882957 	
9.746067 	-16.867834 	-31.086136 	-32.417872 	-58.760732 	-58.792516 	-57.593777 	-63.287457 	-57.497126 	-58.585690 	-58.677100 	-62.245003 	-58.347347 	-59.574337 	-58.942842 	-57.803666 	-58.167030 	
9.534911 	-4.455660 	-18.491707 	-40.585491 	-60.947132 	-58.410785 	-59.632529 	-60.029569 	-59.933345 	-61.465731 	-57.779271 	-59.652762 	-57.565660 	-57.990755 	-59.700161 	-58.037093 	-59.548465 	
10.118984 	-25.331224 	-27.283655 	-29.724148 	-51.166328 	-57.944999 	-57.359603 	-58.085379 	-57.205313 	-57.276122 	-57.318559 	-58.615160 	-60.888869 	-58.218604 	-59.309954 	-60.099878 	-59.550688 	-57.659078 	-58.030580 	
9.470776 	7.562027 	-57.050302 	-56.147265 	-59.313864 	-59.074335 	-58.254588 	-58.259763 	-58.847844 	-62.741977 	-58.645118 	-59.250973 	-60.105788 	-63.514821 	-57.577291 	-61.214551 	-58.867863 	-58.712034 	-59.860775 	-59.034563 	-58.021186 	-60.059623 	-57.760806 	
