10.112102 	-4.158562 	-4.530557 	-16.937502 	-17.698738 	-28.058827 	-38.564081 	-32.988629 	-44.045770 	-46.828320 	-51.181082 	-57.956909 	-56.830596 	-59.815339 	-57.388057 	-58.357572 	-60.969733 	-58.414506 	-57.996841 	-56.882094 	-60.697909 	-63.773455 	-58.673343 	
9.759766 	-1.949104 	0.840431 	-18.104993 	-24.386200 	-45.623590 	-58.318570 	-58.664023 	-59.419644 	-58.128162 	-60.014989 	-58.257308 	-60.025333 	-58.549361 	-58.680504 	-59.433227 	-58.296755 	
9.612013 	-16.564278 	-15.453092 	-21.282488 	-52.696041 	-53.436491 	-60.741800 	-59.567116 	-58.253355 	-60.384981 	-60.290408 	-60.474866 	-59.892067 	-58.035372 	-58.052322 	-60.240825 	-59.512004 	-59.255222 	-58.521537 	
10.553946 	-5.729566 	-12.141371 	-17.987293 	-27.381910 	-47.258358 	-59.742780 	-56.803002 	-56.884546 	
10.108354 	-2.502878 	-3.665183 	-8.541753 	-55.834423 	-57.632556 	-56.677429 	-60.277573 	-56.848036 	-58.525068 	-57.140278 	-58.296901 	-57.612960 	-58.333140 	-58.414887 	-56.073686 	
9.231750 	-7.951082 	-17.299928 	-31.968912 	-35.126263 	-33.300214 	-39.725408 	-41.559574 	-41.681357 	-45.559568 	-47.971312 	-49.326549 	-50.298026 	-52.440781 	-53.522855 	-55.387667 	-56.157698 	-58.515836 	-56.998940 	-57.168027 	-56.532116 	-59.087602 	-57.552537 	-57.641913 	-58.322507 	-58.615291 	
10.497847 	-1.508593 	-3.421984 	-15.644405 	-18.572310 	-22.632484 	-24.519809 	-22.241158 	-25.107870 	-31.398915 	-34.777163 	-36.132438 	-49.501933 	-50.617122 	-53.028438 	-52.327481 	-55.849724 	-59.077455 	-56.260031 	-55.500833 	-57.973490 	
9.754578 	1.705259 	-2.413364 	-19.914241 	-44.083760 	-48.673632 	-53.720836 	-55.488282 	-57.346875 	-58.122157 	-58.215596 	-58.168339 	-57.938243 	-59.934428 	-59.258063 	-58.995247 	-58.964337 	
9.817630 	-11.635739 	-12.970333 	-20.014317 	-18.749384 	-28.812420 	-30.415219 	-33.160946 	-53.984281 	-54.694001 	-57.074803 	-58.585532 	-56.297453 	-56.690078 	-58.431947 	-58.068181 	-59.028224 	-59.327607 	
9.876268 	-2.531016 	-8.734442 	-7.716976 	-25.299605 	-50.379934 	-49.009195 	-62.101004 	-59.712091 	-57.791124 	-60.924949 	-59.288088 	-57.934936 	-57.574340 	-58.557939 	-59.181126 	-58.050887 	-58.277478 	-57.584021 	
9.899606 	-6.449357 	-22.331894 	-26.911427 	-32.270514 	-35.691828 	-46.713015 	-48.111976 	-48.360920 	-52.327424 	-58.423607 	-57.810670 	-58.586144 	-57.692158 	-57.413397 	-59.854630 	-63.100985 	-58.521850 	-57.877925 	-58.738890 	-58.219230 	
9.915650 	-3.576215 	-23.764903 	-21.097168 	-30.344706 	-57.470467 	-63.250933 	-57.407664 	-60.335898 	-57.899183 	-58.489727 	-58.490154 	-58.305271 	-56.327066 	-57.662551 	-61.521260 	-58.498043 	
9.902826 	-5.407878 	-19.048601 	-28.916073 	-38.627218 	-42.208601 	-59.261797 	-57.626004 	-57.030905 	-57.187446 	-57.526585 	-61.187949 	
10.141414 	-5.276447 	-17.352274 	-41.455796 	-43.592639 	-51.566432 	-57.733631 	-60.157950 	-59.298567 	-58.674128 	-58.692660 	-61.337029 	-57.839729 	-60.007187 	-56.598770 	
10.425187 	5.866735 	-0.811650 	-1.513655 	-34.805853 	-38.817141 	-44.167052 	-45.135284 	-54.202408 	-55.840167 	-54.233271 	-55.751856 	-58.323090 	-57.460501 	-56.683104 	
9.915714 	-2.008472 	-1.723217 	-5.152081 	-20.585532 	-26.453941 	-41.939397 	-59.187795 	-57.763856 	-57.782072 	-59.770784 	-58.409812 	-60.232951 	-58.149162 	-60.600597 	-57.660904 	-63.162809 	-62.355854 	-57.768643 	
9.925909 	-12.536078 	-16.093382 	-27.586947 	-27.461492 	-44.540230 	-51.817118 	-55.145015 	-58.343706 	-58.429081 	-57.261562 	-58.161302 	-58.415715 	-57.674303 	-58.464989 	-58.146112 	
9.807929 	-11.273787 	-9.902781 	-11.569808 	-11.896953 	-23.359764 	-37.560731 	-35.000154 	-41.295924 	-63.358274 	-59.392759 	-59.593894 	-61.450675 	-59.155239 	-58.957593 	-58.222256 	-58.888893 	-58.621502 	-60.028302 	-57.604567 	
9.565639 	-25.817801 	-22.917155 	-28.907774 	-56.900215 	-59.354329 	-59.271097 	-59.220069 	-61.898979 	-60.545705 	-60.493029 	-60.120557 	-60.325288 	-61.850994 	-59.133531 	-58.446186 	-61.463802 	-58.634414 	-58.182178 	-58.648159 	
9.540318 	-3.245565 	-12.958303 	-17.922366 	-18.687317 	-19.354208 	-20.620137 	-28.496527 	-43.650039 	-44.452729 	-48.908668 	-53.972660 	-57.458338 	-55.014152 	-54.982796 	-57.262900 	-56.513808 	-57.644207 	
10.180761 	5.185059 	-2.495813 	-4.561594 	-21.157903 	-27.124641 	-59.141184 	-57.039042 	-59.190432 	-57.418779 	-58.248857 	-59.610403 	-57.318315 	-59.291911 	-59.537346 	-61.143715 	-59.372273 	-57.938450 	
