9.889735 	3.372347 	-15.729251 	-36.227749 	-55.804552 	-58.658196 	-58.302174 	-58.533009 	-57.668242 	-58.210007 	-61.077879 	-62.220224 	-59.096614 	-59.015085 	-58.378304 	-59.017822 	
9.520272 	-6.685157 	-22.094278 	-25.883676 	-28.723689 	-45.054713 	-47.439272 	-59.015584 	-58.506482 	-60.451600 	-60.820399 	-59.460518 	-61.630523 	-61.387304 	-61.350523 	-61.419931 	-59.120117 	-61.433045 	-58.838301 	-62.070636 	-60.955968 	-60.537672 	-58.304714 	-59.355335 	-60.066708 	-59.231885 	
9.546383 	1.203044 	-1.590899 	-5.060159 	-6.069657 	-8.659863 	-9.820993 	-20.553499 	-23.691454 	-29.045956 	-37.292864 	-44.377840 	-51.717375 	-51.157669 	-60.677930 	-58.222577 	-57.813685 	-59.323942 	-57.827459 	-58.754849 	
9.779476 	-7.099131 	-10.564731 	-17.082328 	-20.406136 	-32.328908 	-36.202719 	-39.419033 	-39.999986 	-43.894246 	-58.440487 	-57.216728 	-60.577780 	
9.340575 	-4.526699 	-3.365036 	-11.167504 	-15.637055 	-14.340629 	-14.367183 	-14.898027 	-28.542200 	-29.101559 	-29.986027 	-34.309583 	-32.342680 	-33.320627 	-36.291357 	-36.594720 	-35.268639 	-38.828116 	
9.985418 	-10.677517 	-21.270300 	-35.064106 	-35.110309 	-42.028470 	-45.311276 	-54.388605 	-56.605892 	-58.412678 	-56.496484 	-57.898251 	-57.418328 	-59.193602 	-57.048391 	-58.280337 	
9.536184 	-11.028801 	-14.238213 	-56.720224 	-62.296750 	-58.548268 	-57.031317 	-58.121209 	-59.880006 	-59.327327 	-63.783059 	-59.562710 	-59.041121 	-57.834709 	-58.962414 	
9.816978 	-15.912670 	-45.576587 	-46.999827 	-53.952272 	-57.526414 	-58.816868 	-59.173534 	-60.209881 	-60.205530 	-57.772191 	-59.427322 	-57.535761 	-60.484774 	-60.026403 	-61.767760 	-59.210882 	
9.904996 	-25.335132 	-32.960615 	-42.066115 	-57.554458 	-59.387530 	-58.359091 	-59.771948 	-57.993498 	
9.746438 	-5.521453 	-24.289430 	-29.010848 	-42.140824 	-57.597097 	-57.615182 	-57.970548 	-59.770124 	-57.981719 	-57.418943 	
9.222358 	-0.564003 	-1.948907 	-15.849208 	-21.324869 	-24.041805 	-30.142207 	-29.317906 	-46.716252 	-47.811745 	-54.780313 	-57.212608 	-56.934487 	-58.692929 	-60.243911 	-61.422873 	
9.290525 	-3.439317 	-13.561165 	-23.314548 	-33.016117 	-33.687396 	-47.781722 	-53.867445 	-53.419666 	-56.711307 	-56.968367 	-56.782454 	-59.467789 	-59.870467 	-60.226642 	-62.532463 	-57.865916 	-59.199445 	-58.161132 	-60.797948 	-59.501758 	-59.400440 	-59.980124 	
9.618541 	0.806106 	-27.894973 	-29.362876 	-37.181484 	-39.177474 	-43.556826 	-48.875392 	-59.526170 	-58.274460 	-57.448373 	-57.963861 	-60.344324 	-57.972666 	-58.517495 	
9.878313 	6.330939 	-1.279637 	-15.707454 	-30.554423 	-42.713023 	-49.516618 	-60.943198 	-57.935528 	-60.871173 	-58.188094 	-57.829239 	-57.060194 	-58.131524 	-58.297273 	-57.445234 	
9.524310 	-0.681033 	-7.638647 	-20.579955 	-36.781869 	-42.231777 	-45.702646 	-60.907519 	-58.216995 	-58.698519 	-58.857461 	-58.315091 	-58.165270 	-60.636744 	-58.343863 	-58.958771 	-57.946502 	
9.897474 	-1.256612 	-32.471586 	-35.892547 	-37.057831 	-37.037082 	-38.036881 	-44.624142 	-47.282895 	-46.348141 	
10.040308 	-14.216659 	-15.642755 	-43.682550 	-47.679073 	-43.729798 	-46.009393 	-46.179052 	-44.205900 	-56.061964 	-57.506851 	-55.440783 	-58.883796 	-56.308893 	
9.628232 	2.779265 	-22.429323 	-51.062248 	-50.084118 	-57.839987 	-58.488419 	-60.350209 	-60.345508 	-58.527554 	-58.669728 	-58.458547 	-59.539907 	-57.637605 	-59.787027 	
9.512718 	0.514320 	-1.131760 	-0.907644 	-3.195976 	-4.253132 	-8.127985 	-11.508190 	-18.039424 	-18.003258 	-20.177697 	-22.138228 	-21.184557 	-29.306086 	-35.380361 	-38.331129 	-41.198529 	-41.385323 	-40.783598 	-45.692525 	-45.015038 	-43.525208 	
9.842742 	3.883180 	-10.710389 	-13.276861 	-18.238340 	-39.486565 	-59.054412 	-58.636525 	-60.736232 	-59.022414 	-58.147023 	-62.023988 	-59.450553 	-58.381624 	-58.897590 	-59.838094 	-56.895584 	-59.330257 	
