10.027749 	-20.719271 	-26.833268 	-25.434178 	-57.899938 	-59.230642 	-58.393188 	-58.661622 	-58.623382 	-57.787393 	-59.729853 	-60.288169 	-60.055300 	-60.237237 	-59.923267 	-57.585947 	-58.622843 	-59.073377 	
9.970375 	2.088355 	-0.691208 	-7.927669 	-10.413026 	-12.469440 	-15.836822 	-29.987661 	-29.525432 	-33.468317 	-34.741310 	-44.248755 	-43.261599 	-43.967519 	-55.074613 	-55.380818 	-55.596366 	-60.181083 	-57.781224 	
9.620502 	-9.822638 	-20.443368 	-24.478595 	-26.025581 	-28.653914 	-36.066853 	-42.317603 	-51.164151 	-58.061728 	-58.216739 	-60.337949 	-57.995405 	-59.289913 	-63.220293 	-62.377503 	-61.150967 	-59.279647 	-58.134161 	-61.096988 	-61.833440 	-58.539875 	-58.867376 	-58.240063 	
9.453261 	-15.631731 	-58.779568 	-59.188185 	-57.091666 	-59.942624 	-59.074752 	-66.481505 	-57.131266 	-58.721112 	-58.911635 	-57.473150 	-59.238305 	
10.191195 	3.789741 	-9.234737 	-10.224181 	-11.049978 	-19.413882 	-20.880226 	-24.749677 	-27.729676 	-29.107216 	-34.753029 	-36.307326 	-38.256861 	-45.738344 	-48.443323 	-50.819236 	-56.289783 	
9.977340 	2.836037 	-2.260635 	-8.731694 	-16.760725 	-17.641693 	-18.151357 	-22.958934 	-25.707997 	-35.635264 	-56.833556 	-57.930099 	-57.396192 	-60.205490 	-60.119227 	-57.274800 	-57.795416 	-60.149535 	
9.606301 	3.982136 	1.262026 	-20.593234 	-25.240645 	-26.438035 	-31.917838 	-36.424680 	-44.710741 	-42.283169 	-46.359217 	-46.440664 	-48.378483 	-51.576042 	-52.788553 	-53.873199 	-58.496812 	
9.781211 	5.975762 	4.205210 	-11.026492 	-15.514944 	-13.390899 	-12.691912 	-29.122468 	-33.016985 	-46.985788 	-47.306197 	-49.048361 	-56.844710 	-51.627271 	-55.997301 	-57.050137 	-57.331622 	-59.671275 	-57.580672 	-58.085602 	-57.560863 	-57.931637 	-57.322530 	-57.788774 	
9.854224 	-4.052201 	-8.571509 	-34.974753 	-35.391274 	-58.643268 	-59.101925 	-58.696636 	-57.793131 	-58.664184 	-57.805323 	-59.043325 	-58.688397 	-60.200006 	-59.900245 	-59.954199 	-58.126931 	-61.064361 	
9.862053 	0.132265 	-8.956777 	-19.020408 	-27.923537 	-27.770995 	-48.619036 	-59.753434 	-59.140980 	-57.960341 	-59.735785 	-59.133389 	-58.986697 	-58.704528 	-58.935685 	-57.769712 	-58.848385 	-59.030245 	-58.214960 	-59.745650 	-61.009095 	-57.872021 	-59.126579 	-60.382603 	-62.162290 	-59.231443 	-60.690674 	
9.982755 	-11.561112 	-7.409174 	-11.685499 	-16.563825 	-38.551948 	-42.381137 	-54.310101 	-57.288636 	-56.900752 	-60.347157 	
9.648112 	-2.942624 	-20.054945 	-32.273605 	-52.777181 	-59.008024 	-58.712916 	-59.457560 	-58.617499 	-58.862252 	-58.650491 	-59.906881 	-57.792438 	-60.489883 	-58.742751 	-65.119398 	-59.189162 	
9.558274 	-18.444280 	-27.577505 	-26.982051 	-29.407559 	-49.946107 	-59.879277 	-58.020729 	-59.477228 	-57.628777 	-57.154666 	-59.297893 	-60.143834 	-57.287098 	-57.514710 	
9.823853 	6.559173 	3.536271 	-1.677176 	-8.994946 	-14.125439 	-34.736401 	-58.987114 	-58.245715 	-59.748745 	-59.159252 	-58.686827 	-58.995854 	-58.510794 	-57.874103 	-58.630824 	-57.914157 	-60.749746 	-59.104213 	-60.700465 	
9.828533 	-1.229812 	-14.589467 	-13.377204 	-59.008214 	-58.912429 	-58.659806 	-58.639692 	-59.529650 	-59.332662 	-59.138142 	-58.819684 	-59.002778 	-60.477401 	-58.293083 	-58.295771 	-59.283808 	-60.257814 	-58.183829 	
10.319144 	-3.071932 	-4.847051 	-26.956273 	-30.887181 	-55.053460 	-56.201450 	-55.295462 	-57.692803 	-57.964641 	-58.531384 	-58.520572 	-55.536172 	-59.103924 	
9.826410 	6.278112 	4.999866 	0.159136 	-9.513723 	-10.197875 	-9.127056 	-17.764643 	-21.350940 	-28.061060 	-38.776101 	-40.189093 	-42.297364 	-43.149085 	-50.694593 	-52.075749 	-56.895553 	-56.942601 	-57.227277 	-60.311281 	-57.473154 	-58.375976 	-57.709517 	-58.586885 	-57.575145 	-58.867048 	-59.021891 	-59.680848 	-58.635892 	
9.923417 	-1.245997 	-15.949929 	-34.206350 	-39.650273 	-43.400254 	-47.812303 	-57.083183 	-58.954268 	-57.988954 	-59.553710 	-61.036203 	-59.128832 	-58.211381 	-58.481186 	-57.102325 	-61.111530 	
9.758315 	5.728269 	-16.994708 	-57.428652 	-59.795860 	-60.044071 	-61.682050 	-59.121816 	-62.585906 	-59.071562 	-60.290172 	-59.381480 	-59.633342 	-58.659187 	-60.138571 	-59.523648 	-59.309004 	-59.576513 	
9.508047 	0.079193 	-14.998233 	-23.395264 	-40.773565 	-45.736274 	-56.893331 	-57.435114 	-57.864175 	-59.349049 	-58.006878 	-59.674946 	-57.813369 	-56.145384 	-58.552978 	
