9.902158 	3.225172 	-0.797815 	-7.689456 	-11.688002 	-17.835922 	-24.139754 	-26.895060 	-29.785576 	-29.242467 	-28.695219 	-47.172070 	-50.874828 	-50.364840 	-55.698833 	-55.954960 	-59.227233 	-57.478925 	-57.492487 	-56.839936 	-58.210444 	-56.426253 	
9.686370 	7.551017 	1.098853 	-21.199431 	-43.064624 	-50.044454 	-59.302225 	-58.743348 	-58.499980 	-60.301643 	-58.525902 	-60.569485 	-58.205008 	-59.365030 	-59.092337 	-61.498892 	-57.766496 	
9.716135 	1.314813 	-1.597050 	-2.300614 	-2.246769 	-3.271523 	-11.072985 	-10.580953 	-17.639399 	-19.372424 	-23.010598 	-22.973581 	-24.422738 	-33.675683 	-33.302445 	-33.329858 	-33.792873 	-38.583888 	
9.566401 	3.151099 	-0.941583 	-24.164316 	-48.615469 	-59.579201 	-59.717977 	-57.970820 	-60.500406 	-58.121623 	-58.795664 	-60.358274 	-59.094578 	-61.179518 	-60.021820 	-60.058947 	-59.545103 	-59.116357 	-60.444241 	
9.513204 	5.632531 	1.162319 	-17.006781 	-17.689962 	-27.477793 	-47.091378 	-56.317022 	-59.386374 	-60.060995 	-59.581413 	-60.718635 	-59.303830 	-59.837674 	-58.849260 	-57.943648 	-59.458220 	-59.157461 	-58.590277 	-59.375494 	-60.602739 	
9.349484 	5.681851 	0.151946 	0.292799 	-3.528673 	0.613574 	0.170889 	0.728757 	-2.041946 	-7.340329 	-9.969651 	-13.728997 	-9.928222 	-10.412421 	-10.161825 	-10.385553 	-12.538187 	-10.889313 	-11.206626 	-11.359338 	-12.891397 	-14.826544 	-14.417220 	-13.869261 	-16.239819 	-13.888883 	-18.785372 	
9.488218 	-3.876783 	-3.947381 	-25.665531 	-23.583872 	-29.262083 	-37.067448 	-45.423087 	-59.732655 	-61.965849 	-58.458800 	-59.905784 	-62.067582 	-57.763204 	-58.213920 	-57.630791 	-61.346534 	-58.205269 	-58.707288 	
9.774228 	6.029187 	-29.476176 	-29.414549 	-32.969733 	-46.246383 	-44.235274 	-48.460497 	-50.262039 	-50.044371 	-54.419827 	-54.547266 	-55.791559 	-56.433572 	
9.654470 	0.541050 	-19.183303 	-31.120194 	-35.336690 	-56.464097 	-60.265726 	-59.566083 	-58.253830 	-58.023424 	-58.284036 	-60.611104 	-57.517522 	-57.175924 	-60.116562 	-61.034601 	
9.534535 	3.745684 	-17.938660 	-47.112404 	-46.076338 	-49.291154 	-56.559813 	-56.022446 	-57.973895 	-57.929217 	
9.656333 	-9.130180 	-16.032538 	-29.598867 	-34.951280 	-36.751593 	-45.780201 	-59.123274 	-58.198040 	-57.457073 	-61.208171 	-56.653056 	-58.088364 	-58.618592 	-58.292083 	-57.857078 	
9.613649 	1.959144 	3.790030 	3.115115 	1.726020 	0.467548 	-4.619744 	-2.081893 	-1.525478 	-2.413075 	-4.832707 	-4.245984 	-4.174759 	-3.796395 	-7.270453 	-6.314320 	-5.749206 	-6.364419 	-7.885217 	-7.077259 	-7.729084 	-7.108628 	-6.431295 	-7.504017 	-10.655241 	
9.424516 	0.743308 	-5.368934 	-6.495657 	-16.205312 	-20.738277 	-58.336680 	-58.462961 	-59.898981 	-58.220308 	-57.169799 	-60.976951 	-58.195902 	-59.862700 	-62.826463 	
9.444229 	7.503961 	-11.333229 	-14.201176 	-13.192997 	-15.943910 	-31.186616 	-30.347419 	-35.429042 	-42.851627 	-53.742937 	-56.684650 	-59.213478 	-58.466448 	-58.349548 	-57.473571 	-58.076546 	-60.238418 	-59.300102 	-59.889350 	-58.391352 	-59.398722 	-58.349846 	-58.458487 	
9.652076 	1.602819 	-11.182871 	-15.608155 	-29.740682 	-32.379049 	-58.779244 	-58.611293 	-59.349495 	-59.891662 	-58.555132 	-59.809585 	-59.945222 	-60.061221 	-59.267915 	-59.406617 	-59.777278 	-57.761563 	-58.069167 	-59.029916 	-63.168657 	
9.795840 	6.451055 	-9.229384 	-36.366621 	-38.222108 	-41.225857 	-58.284656 	-57.918679 	-59.065000 	-58.271535 	-58.949670 	-57.838469 	
10.370395 	8.299253 	-10.522540 	-15.225999 	-28.404300 	-58.537905 	-58.167391 	-57.024665 	-59.707911 	-58.716437 	-61.441934 	-57.927292 	-57.283812 	-58.319974 	-58.568087 	
9.487764 	-18.095485 	-22.746826 	-31.970204 	-40.737325 	-46.995278 	-57.529506 	-58.739897 	-61.893089 	-59.654334 	-58.288081 	-59.778157 	-62.196980 	-58.500070 	-57.287879 	-58.337148 	-59.194470 	-58.989092 	-60.349641 	
9.450916 	4.381680 	2.048694 	-3.380915 	-0.900931 	-6.311177 	-2.949335 	-2.503651 	-7.176536 	-7.240365 	-8.948230 	-10.128370 	-9.608127 	-10.938380 	-9.564257 	-10.175395 	-11.844118 	
9.318446 	6.250896 	1.139139 	3.248112 	0.148241 	-4.925167 	-5.136607 	-25.999933 	-26.111932 	-29.035613 	-30.424445 	-29.536534 	-33.796963 	-32.822530 	-35.175304 	-35.349193 	-36.326007 	-38.662576 	-37.739016 	-38.077163 	-38.689915 	
10.216613 	6.244425 	-4.002328 	-5.616881 	-57.071658 	-59.722505 	-59.448462 	-58.482377 	-60.559079 	-59.787858 	-59.532479 	-58.793605 	-57.414602 	-63.172143 	-58.074218 	-57.809692 	-60.268764 	-59.610573 	-59.191976 	-61.437368 	-61.202564 	-59.489795 	
9.479760 	0.243980 	-5.474329 	-8.470146 	-11.994979 	-12.885223 	-15.871723 	-19.363011 	-22.820395 	-23.953876 	-23.371446 	-28.524889 	-31.850038 	-41.947281 	-40.568009 	-43.528593 	-47.482848 	-45.721455 	-50.207838 	
