9.079923 	7.438253 	-13.098260 	-17.961417 	-27.920436 	-30.132712 	-55.687628 	-57.431283 	-58.536195 	-63.692281 	-56.310762 	-57.114635 	-58.331046 	-57.468010 	-58.496232 	
9.801420 	-3.600003 	-3.669728 	-5.931998 	-10.682473 	-8.532487 	-17.625783 	-25.324322 	-26.593638 	-28.515507 	-30.940185 	-31.490965 	-32.347416 	-33.450368 	-37.702701 	-34.496921 	-36.152952 	-43.534700 	-47.414310 	-47.650320 	-45.848499 	
9.636279 	-2.365738 	-5.217369 	-24.395060 	-21.920925 	-28.295866 	-36.228736 	-44.762955 	-53.399452 	-59.092796 	-62.660807 	-57.745778 	-58.376906 	-58.736283 	-58.318240 	-58.287137 	-60.832022 	-58.415169 	-57.827832 	-61.597715 	-58.645243 	-57.510240 	-58.087160 	
9.653781 	2.022210 	1.588143 	-1.581050 	-9.628540 	-11.037412 	-12.583762 	-14.793004 	-14.006698 	-30.911603 	-30.272969 	-33.267877 	-33.625415 	-35.450505 	-35.531498 	-34.622764 	
9.196167 	-20.939549 	-21.463753 	-23.615554 	-50.627554 	-58.966591 	-62.256326 	-58.667349 	-59.067966 	-58.042422 	-59.604014 	-58.959783 	-60.331186 	-59.305013 	-60.022684 	-59.163693 	-61.530809 	
9.562175 	-13.515895 	-33.219100 	-40.765911 	-48.330216 	-52.621620 	-57.295924 	-59.269476 	-58.801604 	-61.222737 	-58.776249 	-59.083463 	-57.661922 	-59.044718 	-58.647236 	-59.225338 	
9.667341 	6.187453 	5.804471 	2.802610 	-0.383542 	-2.559498 	-7.808354 	-8.262245 	-14.054721 	-19.484732 	-22.643476 	-22.771666 	-25.203609 	-25.044058 	-27.344991 	-27.961854 	-39.938613 	-33.338746 	-38.618587 	-37.109870 	-38.695871 	-39.879710 	-38.180994 	
9.815033 	4.724220 	-1.714835 	-1.498207 	-1.696440 	-3.349684 	-2.812068 	-8.486964 	-9.535896 	-11.465155 	-12.197363 	-11.813438 	-13.828441 	-13.418431 	-15.829090 	-15.541904 	-14.338869 	-17.613418 	-15.819955 	-19.929988 	
9.908996 	-6.859413 	-15.476498 	-31.732599 	-20.936344 	-29.873659 	-29.369802 	-31.280072 	-58.933097 	-57.740464 	-59.007107 	-58.867701 	-58.074917 	-62.216704 	-60.245820 	-57.904632 	-60.705319 	
9.750008 	5.184327 	0.844992 	-19.815626 	-22.507514 	-24.858608 	-39.031921 	-44.409805 	-50.086879 	-56.535913 	-55.807175 	
9.405523 	1.173684 	3.272682 	-6.420073 	-5.928428 	-7.542630 	-16.886637 	-24.734880 	-40.105221 	-42.112543 	-44.761377 	-44.969438 	-47.918251 	-47.266509 	-57.752137 	-56.070538 	-57.031646 	-57.901152 	-57.513334 	-57.888958 	-57.018647 	-57.585560 	-58.748247 	-62.383323 	
9.855465 	-1.339194 	-2.947030 	-4.580810 	-12.237824 	-22.682246 	-26.058363 	-27.719923 	-30.011002 	-32.556434 	-36.486892 	-35.136052 	-39.858628 	-43.476497 	-49.415022 	-50.214090 	-47.707367 	-48.515201 	
9.931101 	6.898169 	-3.496182 	-12.325648 	-12.521380 	-15.551165 	-33.660623 	-36.822512 	-36.593130 	-56.455491 	-55.432980 	-57.029742 	-57.378418 	-57.625122 	-58.020743 	-59.587919 	-57.051476 	-56.562385 	-58.724309 	
10.229396 	0.923320 	-38.655569 	-54.313458 	-57.142665 	-57.983048 	-57.295866 	-58.809460 	-57.591967 	-59.077337 	-57.529406 	-59.022571 	-58.181550 	-57.068630 	-58.953893 	
9.604371 	-16.308516 	-15.856575 	-18.744843 	-24.221658 	-30.663799 	-33.414577 	-40.157663 	-37.357523 	-38.250866 	-42.185346 	-42.741106 	-43.847650 	-47.459651 	
9.681228 	-12.035957 	-32.038565 	-37.329830 	-38.698394 	-42.595667 	-56.386734 	-57.462109 	-57.407915 	-57.106482 	-57.816404 	-60.071839 	-59.875754 	-60.327078 	-57.689011 	-57.638415 	-59.255066 	-58.714836 	-61.863077 	-58.237800 	-59.704658 	-56.376982 	
9.170307 	-3.226409 	-7.123649 	-14.389017 	-14.119794 	-16.780885 	-18.755893 	-23.172797 	-29.763388 	-49.293603 	-47.965617 	-54.137678 	-55.178543 	-56.399281 	-57.072703 	-57.326314 	-57.416577 	
9.693927 	4.165229 	-3.756439 	-9.791747 	-7.703988 	-12.001568 	-30.091535 	-30.231356 	-36.577752 	-39.386199 	-44.770250 	-45.823792 	-45.652992 	-51.967461 	-56.305163 	-58.082263 	-58.772794 	-56.175945 	-57.181471 	-59.233809 	
9.998263 	6.118680 	5.561116 	5.003628 	3.744297 	4.010124 	4.016990 	3.675267 	1.421607 	-1.807780 	-0.645506 	0.455076 	-0.511119 	-2.727251 	-2.983128 	-3.887487 	-5.850392 	-4.124786 	-4.049863 	-3.496147 	-3.611123 	-7.489598 	-4.021786 	-5.374539 	-5.159159 	-4.415510 	-6.945453 	-6.209745 	-7.145832 	-7.176473 	-5.946860 	-6.079351 	-5.669878 	-9.506673 	-10.249462 	
9.740096 	-11.910140 	-19.808080 	-22.848186 	-26.735905 	-45.436793 	-52.972025 	-60.247505 	-57.072505 	-57.749218 	-58.455649 	-60.323271 	-57.476857 	-56.863100 	-60.408265 	-59.359109 	-60.577654 	
9.714442 	5.679569 	-5.292585 	-3.485915 	-11.558626 	-11.379781 	-23.265761 	-27.739516 	-27.389169 	-29.279970 	-30.211574 	-34.916548 	-35.558411 	-34.652305 	-40.652719 	-39.304388 	-41.047629 	-44.212713 	-45.771167 	
9.910912 	-4.781522 	-8.020316 	-12.923400 	-26.779528 	-33.978053 	-41.449447 	-45.081921 	-56.751344 	-57.369731 	-57.469201 	-60.291374 	-61.902256 	-58.412539 	-59.256726 	-58.588021 	-59.176415 	-59.011390 	-58.494681 	-58.848057 	-59.537687 	-59.415371 	-59.973142 	-59.102199 	-58.118110 	-61.390510 	-61.977985 	-58.742242 	-60.342768 	-58.113531 	-58.430216 	-60.342454 	-58.720333 	
