9.457527 	6.912397 	2.347817 	-3.669667 	-4.226536 	-5.971882 	-5.076886 	-14.717923 	-7.277005 	-8.569675 	-10.475507 	-11.593485 	-11.442755 	-10.899577 	-12.903284 	-14.409369 	-13.805643 	-13.598001 	-13.677256 	-13.335081 	-14.184670 	
9.141042 	3.434352 	-18.218649 	-26.275285 	-27.615732 	-32.903541 	-34.614246 	-45.587007 	-49.780200 	-54.964460 	-57.477784 	-59.159717 	-56.762505 	
9.774269 	-12.799685 	-17.484300 	-20.238064 	-29.381636 	-39.452837 	-41.552631 	-42.108905 	-42.107319 	-47.884109 	-53.273562 	
9.626610 	-20.857606 	-44.160753 	-53.984232 	-58.105813 	-59.399525 	-58.083702 	-59.907858 	-61.076792 	-58.096143 	-59.960934 	-58.599576 	-59.908540 	-58.469492 	-58.843629 	
9.709474 	7.685902 	5.808708 	3.106913 	-2.981446 	-25.451688 	-34.099350 	-36.729681 	-51.735800 	-51.376717 	-57.875376 	-59.664843 	-58.482163 	-59.111303 	-58.666393 	-60.398237 	-58.146111 	-58.124782 	-58.062749 	-59.162469 	-65.282415 	
10.559211 	-9.666900 	-10.524481 	-9.801803 	-20.174605 	-28.411418 	-39.759845 	-41.968001 	-40.412999 	-43.097858 	-47.122075 	-50.020361 	-52.044636 	-57.327144 	-57.160806 	
10.513079 	-0.130374 	-8.452414 	-11.503333 	-34.157106 	-41.889161 	-54.025434 	-58.810134 	-58.128884 	-57.078639 	-59.018410 	-56.599842 	-57.061909 	-58.285528 	-57.560976 	-56.993095 	-58.674787 	-58.787574 	-58.173243 	-64.164321 	-56.936228 	
9.877654 	-10.114899 	-9.333220 	-11.137548 	-28.720241 	-32.316742 	-32.059108 	-41.976037 	-41.537660 	-56.062930 	-57.365600 	-56.793273 	-56.688683 	-57.220932 	-59.426832 	-58.705858 	-57.619630 	-57.829800 	
10.227323 	-0.029087 	-7.295671 	-14.838089 	-45.268506 	-46.671639 	-52.580927 	-57.999205 	-60.440410 	-57.847431 	-58.139712 	-57.633789 	-58.001188 	-57.598841 	-57.905841 	-57.303787 	-60.964665 	
9.699207 	-12.138482 	-17.768903 	-23.985962 	-39.461410 	-58.405284 	-58.240888 	-57.768047 	-58.334088 	-59.155439 	-58.261214 	-58.410020 	-56.954401 	
9.837576 	-4.313444 	-10.314109 	-16.963865 	-32.494741 	-57.851006 	-57.643011 	-57.360896 	-57.460405 	-57.822998 	-57.267532 	-56.413850 	-60.326108 	-58.948877 	
9.743952 	5.394945 	-1.882375 	-17.375766 	-24.828116 	-30.918870 	-30.758313 	-32.569915 	-42.282125 	-47.967875 	-59.359122 	-59.215679 	-57.832378 	-60.542801 	-58.473077 	-59.112303 	-57.789328 	-59.048861 	-58.230276 	-57.961626 	
9.639930 	-3.580099 	-7.445510 	-9.281576 	-21.552185 	-21.955349 	-26.241685 	-28.880320 	-42.805039 	-44.267930 	-48.810956 	-49.667914 	-53.322751 	
9.367367 	-0.254631 	-22.337725 	-35.571144 	-47.037952 	-53.727841 	-59.308071 	-59.378707 	-60.909874 	-57.804650 	-58.953072 	-59.020551 	-60.059354 	-59.031924 	-59.232374 	-61.034992 	-58.265251 	
9.466389 	4.074202 	-12.420384 	-36.368798 	-56.705305 	-58.351175 	-58.051448 	-60.474139 	-60.139950 	-59.358810 	-58.077016 	-59.663264 	-60.470266 	-60.564620 	-58.951637 	-59.686778 	-60.230575 	-58.773786 	-59.393036 	-58.073681 	
9.821906 	-2.016705 	-5.877812 	-10.334613 	-14.824405 	-17.002724 	-14.380977 	-15.772171 	-17.788394 	-18.960670 	-22.867414 	-29.718167 	-31.846388 	-35.368226 	-39.338063 	-42.672115 	-44.004674 	-42.258600 	-53.191913 	
9.755904 	-0.474897 	-25.531832 	-51.533967 	-58.803417 	-58.431337 	-58.009608 	-60.050778 	-57.227435 	-59.601296 	-58.797401 	-59.244486 	-61.794755 	-59.207506 	-58.742433 	
9.627919 	-0.592500 	-8.067381 	-14.980926 	-14.957697 	-33.679288 	-39.564446 	-49.224758 	-53.762647 	-56.186008 	-56.876471 	-57.649349 	-58.659830 	-58.585396 	-58.244340 	-62.450653 	
9.754513 	5.568785 	5.958258 	2.340993 	5.017372 	2.694214 	4.448359 	3.319737 	3.238143 	1.971414 	-0.988044 	0.306919 	0.061577 	1.529150 	-0.847142 	-2.504444 	-1.435022 	-1.545134 	-3.203948 	-1.344670 	-1.355123 	-1.024756 	-3.491809 	-6.301438 	-3.990586 	-5.044472 	-2.472130 	-4.012599 	-2.959948 	-3.626641 	-4.524569 	-7.220454 	-5.225086 	-4.562388 	-3.313297 	-4.713598 	-4.667265 	-4.010981 	-3.899582 	-5.782391 	-4.234551 	-4.036321 	-5.751799 	-6.144449 	-3.823772 	-3.975360 	-6.819889 	-5.882853 	-6.225727 	-6.592761 	-5.398520 	-4.944647 	-6.290839 	
9.642316 	-1.968519 	-3.308126 	-14.323131 	-14.858027 	-25.566249 	-28.451238 	-30.798029 	-50.213237 	-53.112075 	-55.934340 	-58.400331 	-59.456706 	-57.355919 	-57.747000 	-58.121389 	-57.794223 	-57.993324 	-60.986217 	-57.008354 	-58.130020 	-57.193873 	
10.088007 	2.882198 	-14.119142 	-17.617102 	-23.897058 	-26.900348 	-28.763199 	-41.220052 	-42.327021 	-39.967496 	-42.056234 	-45.743278 	-43.940052 	-48.538857 	-57.038223 	-57.628685 	-57.535167 	-59.430585 	-58.868228 	-60.825381 	-59.017762 	-57.448390 	-57.850574 	-58.753919 	-57.438881 	
9.114972 	6.097988 	-7.839229 	-7.285546 	-19.556301 	-21.859966 	-26.198655 	-28.056335 	-38.426842 	-45.903730 	-43.117031 	-52.832651 	-52.026741 	-55.067497 	-56.983687 	
