9.729120 	-9.091673 	-13.504278 	-14.130085 	-15.482283 	-26.200132 	-38.946555 	-42.603991 	-41.298385 	-49.145567 	-55.067882 	
9.598218 	2.698213 	-4.979662 	-20.809492 	-20.400522 	-58.242014 	-57.900518 	-56.811171 	-58.366867 	-60.046607 	-57.851101 	-58.445768 	-59.007407 	-58.873800 	
9.710838 	5.272735 	2.387707 	-4.025217 	-17.353403 	-27.889809 	-37.537203 	-39.744493 	-40.564695 	-44.917400 	-45.462963 	-45.409259 	-44.609009 	-48.371789 	-47.779961 	-51.389891 	-50.712287 	-57.623733 	-59.039869 	-58.983119 	-55.952662 	-57.410730 	-57.024187 	
9.582164 	4.348632 	3.728161 	3.566825 	1.094687 	2.646655 	2.147688 	-3.185965 	-1.042568 	-0.557627 	0.297827 	-1.416683 	-1.910691 	-4.162289 	-2.672896 	-2.322876 	-0.074840 	-2.774459 	-2.747585 	-2.985752 	-3.477386 	-3.927130 	-3.358708 	-4.977921 	-4.025248 	-2.725525 	-4.761829 	-4.226109 	-3.842744 	-4.862810 	-3.410824 	-5.506369 	-4.576560 	-4.329926 	-4.702815 	-6.835832 	-6.335738 	-6.148786 	-7.282722 	-6.112085 	-6.196113 	-5.488516 	-7.390332 	
9.912954 	2.910600 	-9.236328 	-12.389171 	-21.553030 	-23.226938 	-21.879210 	-25.430523 	-32.258265 	-32.981012 	-41.815512 	-45.847945 	-47.101727 	-52.183195 	-55.763714 	-57.492820 	-57.675289 	-57.943070 	-56.876303 	
9.789103 	2.292396 	-0.099728 	-13.577099 	-18.725864 	-24.698043 	-28.720398 	-32.357021 	-29.726014 	-32.292243 	-38.666747 	-41.549927 	-41.392490 	-42.394887 	
9.712694 	-23.813678 	-24.867538 	-26.211411 	-28.777784 	-57.593147 	-59.344251 	-60.304193 	-58.727536 	-58.270168 	-59.232038 	-60.557323 	-61.536127 	-59.235048 	-57.911325 	-59.353191 	
8.917622 	8.329617 	0.205391 	-5.683518 	-6.247359 	-11.828481 	-13.397686 	-15.476340 	-17.470313 	-17.447517 	-16.921949 	-21.722965 	-23.924713 	-27.987765 	-27.225967 	-33.104671 	
9.615692 	4.427321 	-2.465969 	-16.908694 	-18.420494 	-17.552917 	-16.492022 	-19.332695 	-20.076704 	-20.337582 	-18.978900 	-21.105418 	-22.826654 	-21.033510 	-21.438904 	-22.427690 	-24.734838 	
9.688741 	-8.427134 	-9.603002 	-11.054411 	-14.304328 	-16.819785 	-23.693918 	-26.788570 	-29.270784 	-31.356070 	-35.024455 	-35.860376 	-38.840061 	-45.806466 	-50.059092 	
9.394934 	0.353923 	0.151436 	-6.573882 	-9.352791 	-10.522328 	-16.120117 	-17.374815 	-25.308175 	-33.183485 	-33.680637 	-34.168479 	-33.465961 	-35.666759 	-35.080791 	-37.475774 	-38.332730 	-41.134431 	-39.838642 	-40.987032 	-44.257964 	-47.058072 	-48.438724 	-49.727933 	
9.652865 	8.691955 	-3.631432 	-5.951894 	-5.765407 	-18.838282 	-46.841815 	-52.321295 	-52.539968 	-61.727582 	-58.508542 	-61.193029 	-59.106602 	-58.030254 	-57.455661 	-58.081711 	-61.692482 	
9.919795 	5.025161 	-2.045745 	-2.350989 	-10.647603 	-16.699958 	-15.787386 	-25.853859 	-39.496918 	-51.757490 	-58.297540 	-58.222130 	-57.957694 	-57.583631 	-58.628273 	-57.445843 	-57.461594 	-56.578927 	-58.328827 	-58.601752 	-57.830771 	-58.321598 	
9.822269 	4.291815 	1.216107 	-0.804148 	-20.236228 	-27.178980 	-38.912655 	-43.893966 	-48.395838 	-49.552037 	-48.998193 	-51.135014 	-51.857598 	-52.963827 	-56.705604 	
