9.918199 	6.888072 	0.211701 	-1.361787 	-1.412947 	-1.806224 	-6.893222 	-6.580176 	-5.345607 	-8.976007 	-6.718544 	-20.928760 	-28.592990 	-29.894881 	-28.043240 	-28.947676 	
9.568650 	5.526832 	2.446422 	-4.908190 	-19.542996 	-31.820243 	-34.397787 	-34.736778 	-36.233196 	-38.800401 	-40.897933 	-42.935705 	-46.686431 	-45.187327 	-48.248650 	-48.211299 	-51.567714 	-54.321115 	
9.549565 	0.389951 	-3.762728 	-5.575657 	-7.200369 	-12.272501 	-10.584458 	-9.303602 	-11.671099 	-13.893424 	-12.714313 	-14.662309 	-13.174498 	-15.664519 	-16.950486 	-15.068711 	-17.235822 	-19.198229 	-17.219863 	-19.893476 	-23.594844 	
9.722476 	3.056265 	-0.976594 	0.283573 	0.438471 	-3.426417 	-1.429654 	-7.082538 	-8.520423 	-4.652110 	-7.964166 	-8.178676 	-6.509832 	-10.384768 	-7.450053 	-8.761604 	-9.766764 	-10.941970 	
9.766593 	4.603807 	4.044192 	0.823335 	-3.524041 	-5.590005 	-8.283726 	-12.181095 	-12.439200 	-13.675893 	-13.486215 	-15.822604 	-16.137599 	-14.735551 	-19.143719 	-20.498646 	-17.592498 	
9.211380 	3.133920 	0.516875 	-0.303538 	-10.884698 	-14.908924 	
9.864012 	2.265202 	-2.498581 	-5.449667 	-4.232032 	-7.057485 	-12.830300 	-14.668201 	-22.827817 	-20.061058 	-21.633591 	-47.743706 	-50.712680 	-57.263992 	-57.079127 	
9.634962 	-1.029164 	-2.527265 	-4.258642 	-3.926034 	-2.849339 	-5.798246 	-6.734325 	-10.356147 	-16.312855 	-18.219297 	-17.597470 	-18.582169 	
9.397617 	1.547521 	-1.032025 	-1.200261 	-5.921732 	-5.926161 	-6.500218 	-5.461566 	-9.432783 	-9.373865 	
9.208652 	6.134869 	6.879010 	3.215689 	0.669866 	0.520767 	0.627584 	1.208936 	2.074693 	0.264126 	-0.139065 	-1.123403 	-0.453476 	-2.969598 	-0.334656 	-1.019559 	-1.755741 	-1.425791 	-1.232529 	-3.712248 	-2.190112 	-3.460578 	-3.253599 	-1.977536 	-3.502660 	-3.677385 	-1.656439 	-1.902118 	-5.561166 	-4.495241 	-4.716055 	-3.274794 	-3.777190 	-3.555427 	-5.220919 	-4.362739 	-4.847211 	-5.624088 	-6.486791 	-3.735325 	-7.611847 	-5.567600 	-7.650782 	
9.350684 	5.408465 	-0.546352 	-2.381464 	-0.999460 	-3.392938 	-5.811419 	-4.275436 	-5.494982 	-11.250174 	-9.831539 	-12.903659 	-11.657757 	-12.082496 	-11.039312 	-11.693351 	-12.081697 	-11.691787 	-14.176650 	-18.654684 	-15.634864 	-16.379443 	-17.788402 	-19.044695 	
9.942858 	0.013327 	-24.298126 	-38.518299 	-40.059518 	-45.330698 	-44.122596 	-47.316855 	-50.831629 	-52.115079 	-52.894950 	-55.147133 	-57.625225 	
9.590147 	3.183474 	2.871047 	1.638742 	0.970250 	-2.809360 	-2.484418 	-3.882527 	-4.968988 	-5.648570 	-6.121589 	-7.688053 	-6.046939 	-8.274199 	-8.327221 	-7.852409 	-8.265238 	-9.077944 	
9.449350 	2.177600 	-1.247320 	-1.786964 	-2.402103 	-5.827681 	-6.682556 	-8.126230 	-8.055758 	-12.252837 	-11.958735 	-12.184266 	-13.726405 	-16.922052 	-18.346370 	-17.563317 	-20.444850 	
9.671408 	-22.967144 	-35.223859 	-39.173450 	-41.163324 	-44.780051 	-49.359864 	-53.557448 	-56.187373 	-55.328502 	-59.927837 	-59.367040 	-57.361966 	-57.217966 	-58.712572 	-56.743407 	-60.834795 	-58.259304 	-57.227402 	-57.655383 	-58.624634 	-57.100586 	-56.826308 	
9.232238 	4.009896 	1.240918 	-7.370252 	-19.882764 	-21.584911 	-23.882459 	-25.369707 	-25.768739 	-26.709504 	-26.444306 	-27.832276 	-27.267832 	-37.245992 	-39.218811 	-39.823677 	
9.549846 	-2.815574 	-8.889209 	-12.102202 	-25.915256 	-27.015034 	-29.969232 	-32.996033 	-31.854691 	-31.258720 	-32.356195 	-36.835052 	-46.617363 	-47.812370 	
9.885090 	6.073806 	2.118850 	2.576810 	2.068455 	-2.201934 	-0.786262 	-1.827898 	-7.827120 	-7.276920 	-9.597935 	-15.897253 	-9.516814 	-12.357064 	-12.615609 	-14.171749 	-13.631822 	-15.171533 	-16.300579 	-15.541311 	-16.036029 	-17.132593 	
10.063132 	4.332397 	4.519851 	1.070407 	2.936324 	-0.328869 	1.211529 	-1.080158 	0.802671 	-0.470170 	-1.053091 	-1.513664 	-3.209043 	0.369518 	-2.040475 	-2.025451 	-4.301569 	-2.944411 	-4.532869 	-2.143976 	-4.087021 	-3.512053 	-3.332465 	-4.037387 	-2.455331 	-6.382954 	-3.759608 	-3.813510 	-3.722255 	-4.334822 	-3.584403 	-4.739218 	-5.739328 	-4.856527 	-6.519292 	-6.175137 	-4.890396 	-7.118526 	-3.716267 	-5.507337 	-4.922356 	-6.358770 	-6.797601 	
9.684564 	5.452074 	5.769669 	-2.604912 	-8.258436 	-11.949962 	-11.211596 	-9.872059 	-11.877356 	-12.407721 	-16.989595 	-18.649994 	-21.065774 	-19.620040 	-20.776951 	-23.130007 	-22.902889 	-25.297731 	-22.408734 	-30.011546 	-28.808246 	
