10.460098 	-1.874064 	-8.853548 	-47.647259 	-54.372747 	-57.934498 	-61.399108 	-58.589103 	-57.448351 	-57.191278 	-58.464509 	-57.100877 	-59.557975 	-59.200000 	-62.776217 	-59.292866 	-60.002072 	-60.786717 	-60.195873 	
9.869890 	3.209927 	-3.002129 	-8.583652 	-13.598893 	-28.790183 	-58.216050 	-60.337077 	-57.908038 	-60.858066 	-58.587202 	-58.795632 	-57.941677 	-58.061009 	-58.401388 	-59.380328 	
9.622345 	1.131632 	-10.934919 	-13.672190 	-29.242475 	-26.174221 	-35.613541 	-41.892465 	-46.882119 	-55.309803 	-59.775781 	-60.605000 	-59.777682 	-58.775052 	-58.842869 	-59.443503 	-58.577732 	-58.648761 	-58.002112 	-57.478026 	-59.250566 	-60.292331 	-60.818219 	
9.856935 	1.329942 	1.988154 	-11.239342 	-25.500649 	-26.704921 	-59.061183 	-58.554844 	-61.751704 	-59.270582 	-56.748884 	-58.743210 	-57.955876 	-60.151328 	-58.079804 	-58.827518 	-59.291255 	
9.917806 	-1.735785 	-6.181475 	-5.222293 	-9.706450 	-9.921345 	-12.100935 	-19.083264 	-54.077379 	-56.507771 	-57.215107 	-60.299817 	-57.561651 	-57.220725 	-58.198933 	-57.377809 	-57.129819 	
9.975897 	4.790118 	-21.555959 	-37.858057 	-46.631975 	-44.877154 	-48.108000 	-49.124740 	-56.146796 	-58.388788 	-58.684774 	-60.055247 	-59.155114 	-59.376746 	-60.598135 	-58.405613 	-58.664480 	-57.563942 	-57.948675 	
9.896722 	-3.907610 	-14.467119 	-21.658872 	-30.462982 	-33.175988 	-37.034591 	-47.102014 	-54.309264 	-55.135679 	-58.177138 	-60.437113 	-59.178487 	-57.278258 	-57.564945 	-58.827947 	-57.965526 	
10.053518 	-10.962920 	-38.653883 	-56.391246 	-59.784570 	-58.396514 	-59.421360 	-58.536008 	-58.373669 	-57.176022 	-59.165699 	-59.848025 	-61.472603 	-58.650994 	-57.602869 	-59.560423 	-61.006457 	-58.877388 	-58.768580 	-57.997426 	
10.056503 	-3.283695 	-6.652797 	-59.487748 	-58.071486 	-59.360069 	-59.388758 	-58.675021 	-57.347814 	-56.674565 	-58.476397 	-58.142460 	-57.280356 	
9.953357 	5.145903 	-5.110842 	-6.178891 	-20.179349 	-21.643401 	-47.138310 	-49.998113 	-58.781880 	-62.816342 	-57.506495 	-57.346397 	-61.060877 	-58.232266 	-59.423043 	
9.963637 	-9.339206 	-25.729043 	-31.144813 	-51.693826 	-53.690116 	-56.332703 	-57.930630 	-57.841016 	-57.689527 	-57.994353 	-59.891099 	
9.943137 	-3.713638 	-19.530326 	-36.744425 	-44.949213 	-45.508429 	-57.000321 	-58.514301 	-58.348683 	-59.899316 	-58.560870 	-56.952129 	
10.200831 	6.420952 	-46.532453 	-53.114530 	-58.001489 	-58.732853 	-57.590346 	-61.872299 	-59.535757 	-57.771013 	-56.528099 	-57.741714 	-62.677051 	-57.761881 	-58.679488 	
10.019868 	-60.963052 	-57.255517 	-59.753565 	-57.525937 	-60.576923 	-58.258415 	-58.759089 	-58.785107 	-59.347831 	-63.385420 	-60.710954 	-59.277116 	
10.318220 	1.437649 	-4.677192 	-14.439207 	-20.566859 	-28.607959 	-29.404791 	-40.862918 	-41.992548 	-57.812417 	-57.863450 	-56.794074 	-60.231379 	-58.359657 	-58.617774 	-58.919401 	-57.947231 	
10.225400 	-1.510920 	-2.882002 	-8.070808 	-15.571121 	-24.006814 	-45.699963 	-59.298452 	-58.949333 	-59.599615 	-58.432782 	-58.819944 	-58.516595 	-59.180367 	-59.299699 	-58.030556 	-58.119498 	-59.617583 	-61.036357 	-59.979226 	-58.399670 	-61.151961 	-62.036920 	-58.657277 	-61.156390 	-57.418899 	-62.136852 	
9.976906 	3.224273 	-10.127718 	-14.617202 	-23.748347 	-27.486555 	-29.533651 	-30.990987 	-35.029867 	-56.579878 	-59.085881 	-58.576098 	-58.811930 	-59.876692 	-58.870546 	-59.097119 	-58.560780 	-57.983700 	
9.751245 	-9.744797 	-35.369132 	-54.388076 	-60.222001 	-59.320435 	-58.508941 	-58.408996 	-58.361994 	-60.762684 	-60.519689 	-58.559789 	-58.796008 	-59.936515 	-60.306935 	-61.293292 	-61.567573 	-60.175528 	-58.247587 	
10.173073 	5.826550 	-15.395888 	-21.430235 	-52.090678 	-54.369045 	-57.050059 	-57.539781 	-57.473019 	-57.537883 	-59.018414 	-60.159182 	
10.266855 	-5.161117 	-10.901387 	-35.193864 	-40.372772 	-56.420110 	-58.643532 	-60.101722 	-58.897053 	-57.175387 	-58.805934 	-57.395895 	-60.941864 	-59.277745 	-60.299756 	-57.443880 	-58.441181 	-58.029132 	
