10.100525 	0.868508 	-50.833612 	-58.528174 	-57.016735 	-57.623449 	-56.571785 	-57.781531 	-58.383911 	-57.433300 	-58.493252 	
9.446628 	-23.450059 	-59.292783 	-57.957849 	-60.175440 	-58.296095 	-62.781560 	-58.553586 	-59.222638 	-58.426794 	-59.147215 	-61.962683 	-58.321717 	
9.694033 	2.269527 	-10.245807 	-19.673719 	-34.714321 	-53.242638 	-58.739005 	-61.283169 	-58.497726 	-59.126209 	-61.843219 	-58.346909 	-57.937100 	-58.758189 	-59.519868 	-60.998193 	-58.489654 	-58.416826 	
9.887357 	-9.410298 	-17.247051 	-58.964133 	-58.618962 	-60.754594 	-60.817442 	-59.611466 	-57.662704 	-58.183981 	-57.968123 	-60.447918 	-58.891537 	-58.904783 	-58.002708 	-60.501615 	-60.597682 	-58.533244 	-58.452746 	
9.545760 	8.725908 	-56.645220 	-58.480693 	-59.932071 	-62.035227 	-58.226953 	-57.550417 	-57.740812 	-59.304735 	-58.527160 	-58.546841 	-59.536241 	-57.617558 	-58.559317 	
10.075496 	1.896600 	1.668887 	-14.687084 	-21.693774 	-25.849550 	-37.659840 	-45.999021 	-47.127565 	-57.599665 	-59.760386 	-56.926584 	-59.200159 	-60.055511 	-60.082137 	-57.930334 	-61.949375 	-59.172173 	-58.052784 	-60.499457 	-59.682873 	-63.180304 	-59.131769 	-57.694379 	-59.855205 	
10.049872 	7.158731 	-9.235398 	-11.157878 	-16.383074 	-17.002362 	-17.524359 	-34.896436 	-38.681257 	-59.601624 	-58.836189 	-58.374004 	-58.427181 	-56.964658 	-60.502511 	-57.964486 	-59.804521 	-58.134644 	-59.563157 	-60.900146 	-59.441463 	-58.054390 	
9.683014 	-40.911010 	-59.609228 	-59.762479 	-61.213651 	-57.871851 	-61.194390 	-59.239070 	-61.365588 	-58.666311 	-59.567347 	-59.340180 	-58.533971 	-58.776769 	-59.786482 	-59.749433 	-62.881075 	-60.178533 	-59.301110 	
10.501110 	-11.627116 	-11.067477 	-21.692220 	-29.973852 	-30.820258 	-32.752892 	-54.381655 	-58.674732 	-58.295616 	-59.359057 	-57.871774 	-58.677715 	-59.907790 	-58.305062 	-58.985359 	-59.306071 	-59.627471 	-59.026798 	-59.183659 	-57.114756 	
9.926670 	1.944979 	-55.956147 	-58.541427 	-57.669896 	-57.464361 	-59.669642 	-59.336411 	-58.109186 	-57.104528 	-57.875750 	-59.378190 	-58.443852 	-58.639008 	
9.961448 	4.068721 	-6.687188 	-19.730172 	-20.048052 	-26.341187 	-60.810161 	-57.262244 	-58.411843 	-58.483437 	-59.372115 	-59.333630 	-63.535326 	-60.320028 	-62.174104 	-58.365796 	-57.746556 	-59.972024 	-61.649873 	-58.769750 	-60.068605 	
9.628025 	-30.572887 	-58.553933 	-58.336859 	-58.464277 	-58.213743 	-58.172191 	-58.136340 	-59.021685 	-59.050433 	-58.678412 	-58.425447 	-58.864178 	-57.656585 	-58.288973 	-58.628933 	
10.030498 	-2.627498 	-17.877456 	-47.018026 	-60.338511 	-59.120877 	-58.086066 	-58.702432 	-59.726860 	-57.911115 	-57.302717 	-58.972366 	-58.837648 	
9.775593 	-5.712192 	-4.441996 	-10.706558 	-16.687174 	-19.494496 	-33.505243 	-58.571825 	-59.658029 	-59.087548 	-59.591717 	-58.303697 	-59.857426 	-58.191161 	-60.121123 	-61.348148 	-58.684948 	-58.339558 	-57.936939 	-57.575202 	
9.721227 	1.635285 	-0.491692 	-8.767410 	-58.180383 	-59.863948 	-59.820336 	-59.416888 	-60.112128 	-60.885485 	-59.575957 	-58.774669 	-59.253600 	-59.104433 	-59.720400 	-60.510738 	-59.656271 	-60.054456 	-58.808111 	-60.402482 	-57.381844 	-60.106728 	-59.697549 	-59.244721 	
9.664166 	-1.003990 	-8.677096 	-27.382235 	-39.047826 	-41.846343 	-43.169623 	-42.971736 	-58.667573 	-60.158905 	-58.212871 	-57.999394 	-57.704673 	-59.033462 	-59.943858 	-59.329655 	
9.690116 	-22.642796 	-23.419394 	-23.596501 	-46.333854 	-61.926931 	-57.345842 	-57.627538 	-57.233141 	-58.423922 	
10.012911 	-9.275521 	-58.781339 	-57.226486 	-58.805916 	-57.342285 	-57.469101 	-58.368882 	-58.580322 	-60.109279 	-57.499209 	-59.045111 	-58.480771 	-57.831693 	-60.658616 	-57.331058 	-57.294739 	-59.738436 	
9.823796 	-19.674226 	-45.475759 	-47.225000 	-58.901640 	-57.424284 	-60.021865 	-57.829640 	-58.319408 	-58.841432 	-58.970623 	-59.265001 	-57.512872 	-59.105053 	-61.405091 	-64.207259 	-60.117977 	-61.005476 	-58.835411 	-60.982526 	
9.682178 	4.679757 	-11.467380 	-45.836548 	-58.463895 	-59.149727 	-58.131366 	-58.813144 	-59.906504 	-58.816937 	-58.380093 	-59.332017 	-59.476492 	-59.786069 	-59.079764 	-58.358519 	-59.916482 	
