9.484605 	-13.100120 	-57.198809 	-59.352221 	-58.342955 	-60.094112 	-58.580332 	-58.867576 	-58.301575 	-58.769380 	-60.435721 	-58.795245 	
9.271222 	-10.109396 	-13.005545 	-16.880088 	-17.113304 	-19.732329 	-23.765448 	-27.283918 	-35.864191 	-58.808747 	-57.723993 	-57.869420 	-57.378071 	
9.738907 	3.618114 	-4.175477 	-13.693665 	-13.733313 	-20.171052 	-23.906902 	-25.739406 	-38.939255 	-40.471457 	-42.140365 	-45.507795 	-42.804642 	-44.859037 	-46.767899 	-49.279324 	-53.156942 	-50.862311 	-51.392063 	-53.207464 	-57.587213 	-56.412582 	
9.066954 	-7.799139 	-32.158272 	-31.418906 	-43.094050 	-61.203703 	-59.775791 	-59.297970 	-58.314924 	-58.926541 	-58.724321 	-58.088238 	-60.279922 	-59.169452 	-61.087983 	
9.562039 	-0.671199 	-1.439930 	-4.680320 	-20.375850 	-22.700579 	-40.157814 	-42.295891 	-50.761622 	-57.257017 	-60.495378 	-59.562678 	-61.925337 	-61.957192 	-58.448957 	-59.888934 	-58.008625 	-60.601901 	-59.704083 	-57.940235 	
9.727466 	-31.029128 	-39.373868 	-53.015055 	-56.809682 	-59.144834 	-58.178832 	-60.694942 	-59.601883 	-59.384920 	-57.402965 	-60.734368 	-60.638799 	-58.285473 	-58.514481 	-59.854749 	
9.338433 	-34.611461 	-62.075391 	-62.290375 	-58.406227 	-57.687892 	-58.673726 	-58.782521 	-59.454710 	-58.661331 	
9.496899 	-7.485416 	-8.990114 	-9.710903 	-10.451557 	-20.602587 	-21.806328 	-32.801864 	-44.828371 	-46.575782 	-47.746971 	-48.883643 	-50.782100 	-55.412387 	-55.493478 	-56.646500 	
9.343988 	3.137737 	-1.547010 	-31.822592 	-36.761777 	-40.910406 	-42.013455 	-58.268052 	-59.068536 	-59.284464 	-59.137462 	-59.405190 	-59.512184 	-60.577664 	-59.881366 	-61.249114 	-59.790749 	-65.898529 	-58.842163 	-61.643467 	-59.565610 	-61.441607 	-58.623624 	-58.994715 	
10.058813 	-0.209392 	-2.176283 	-21.867699 	-23.686037 	-24.645458 	-30.793187 	-34.529595 	-52.119141 	-54.725488 	-55.228520 	-58.523707 	-56.302566 	-57.197172 	-56.814976 	-57.558027 	-57.655471 	
9.498362 	-17.557196 	-27.125926 	-30.443278 	-43.797979 	-58.690748 	-59.755699 	-59.808455 	-60.223522 	-60.173463 	-59.426617 	-61.907976 	-60.524714 	-59.086098 	-62.050092 	-58.073103 	-58.427507 	-60.657182 	-59.969469 	-62.515640 	
9.882410 	-7.077299 	-8.328182 	-35.389082 	-37.832678 	-58.661368 	-59.296205 	-57.764118 	-59.004225 	-60.318273 	-57.961470 	-58.353892 	-58.772575 	-58.149807 	-57.999282 	-60.687421 	-60.398033 	-61.886190 	
9.748410 	2.226786 	4.225744 	0.733664 	-0.152852 	-4.821814 	-15.036546 	-19.726477 	-28.207662 	-32.726654 	-32.109233 	-39.743208 	-40.622589 	-44.361110 	
9.651223 	-20.380363 	-23.409713 	-24.238884 	-35.251322 	-36.492694 	-58.020839 	-58.865241 	-59.736686 	-57.959117 	-58.114266 	-58.994918 	-59.054102 	-59.728185 	-59.257548 	-59.641529 	-59.659640 	-57.731076 	-59.533433 	-59.266566 	
9.369669 	5.982089 	2.315889 	-9.649616 	-21.740236 	-27.384812 	-37.770018 	-39.898848 	-43.799467 	-52.563423 	-58.298465 	-61.609153 	-58.575061 	-58.754386 	-59.504372 	-59.102391 	-59.814556 	-58.525319 	-57.705011 	-61.884379 	
9.205408 	8.615633 	0.785780 	-15.835170 	-16.820692 	-19.767673 	-21.487244 	-26.826193 	-34.011894 	-33.020739 	-41.201494 	-44.914876 	-54.295134 	-57.356682 	-58.599546 	-61.485300 	-60.766817 	-60.216263 	-58.836970 	-60.309607 	-58.392830 	-58.794613 	-60.109411 	-58.777634 	-58.705850 	-61.739845 	-59.132739 	-59.288618 	-59.022281 	
9.658976 	-32.634222 	-33.897443 	-41.172061 	-55.164865 	-60.223756 	-60.315474 	-60.546027 	-58.438723 	-57.815443 	-59.552499 	-62.599714 	-58.403428 	-59.162400 	-58.481770 	-58.819413 	
9.555934 	5.770479 	1.611492 	-13.799775 	-19.098256 	-21.172907 	-27.438826 	-27.981023 	-37.158665 	-40.616526 	-53.400136 	-54.779395 	
9.894695 	-5.530051 	-9.851633 	-5.938444 	-7.660346 	-7.773534 	-11.155458 	-11.759937 	-11.897740 	-12.057053 	-13.480227 	-15.624229 	-17.844765 	-18.021275 	-18.623851 	-22.053199 	-22.739850 	-24.540063 	-26.129118 	-26.353684 	-27.568457 	-26.390530 	-29.207586 	
10.137823 	-5.154840 	-5.553911 	-23.695711 	-31.137081 	-32.752249 	-41.418270 	-51.313462 	-59.036916 	-57.736131 	-58.106319 	-59.374893 	-58.067699 	-59.339869 	-57.947374 	-58.681018 	-59.649132 	-58.093976 	-59.422757 	
9.807134 	-2.427212 	-7.730074 	-18.733291 	-18.933348 	-21.806844 	-45.224878 	-57.715434 	-58.868287 	-62.029683 	-58.737116 	-60.615028 	-58.254909 	-57.146148 	-58.078821 	-57.976433 	
