9.550264 	5.370944 	2.714817 	-2.182662 	-15.006363 	-39.403265 	-39.138869 	-40.285361 	-40.826058 	-45.765058 	
9.936001 	-2.002136 	-3.510842 	-7.784044 	-15.363139 	-25.671318 	-26.932181 	-28.668475 	-26.814910 	-29.508221 	-34.970677 	-30.717220 	-34.141114 	-38.543045 	-39.319800 	-41.933591 	-38.470029 	
9.818178 	3.901125 	-32.131931 	-53.229821 	-53.477724 	-58.662415 	-58.682652 	-56.927102 	-60.199876 	-58.906794 	-58.734080 	-58.950204 	-59.307958 	-59.831628 	-61.074127 	-57.659698 	-58.843833 	
10.075082 	-26.167647 	-46.114019 	-50.136422 	-57.502577 	-59.625984 	-57.622251 	-59.439629 	-58.741803 	-57.234373 	-57.721757 	
9.716702 	2.181703 	-0.073306 	-1.783925 	-3.721599 	-2.077349 	-6.574569 	-7.007784 	-8.111123 	-8.096411 	-7.095846 	-8.483462 	-8.641187 	-10.724075 	-9.460484 	-13.199088 	-11.280607 	
9.687677 	3.479311 	-6.752449 	-9.095208 	-22.566435 	-21.763545 	-29.211856 	-41.019602 	-45.460895 	-45.163086 	-50.073196 	-52.583809 	-54.165848 	-57.539922 	-61.736956 	-62.351942 	-59.940631 	-57.840541 	-59.105247 	-56.484461 	-60.229719 	-59.504466 	-59.074347 	-58.666236 	-60.252921 	-58.699630 	-60.087871 	
9.702247 	-11.817871 	-24.326170 	-27.167032 	-58.188205 	-59.656019 	-58.399141 	-57.222426 	-61.758364 	-58.429544 	-57.778623 	-57.438451 	-59.539556 	-57.877916 	
9.709669 	-30.306524 	-31.422310 	-44.202733 	-49.900409 	-57.648743 	-58.419809 	-57.994004 	-58.583492 	-57.166133 	-57.563931 	-59.891527 	-58.395177 	-59.931444 	-58.381745 	-59.121275 	-60.377064 	-58.609073 	
9.599727 	-4.319393 	-25.475705 	-47.527148 	-57.428986 	-58.024835 	-58.978516 	-59.128199 	-58.413616 	-58.280478 	-58.491245 	-58.267452 	
10.029870 	2.090796 	-2.385696 	-13.051556 	-34.667777 	-56.447554 	-55.619967 	-56.048739 	-56.371345 	-58.831002 	-56.846910 	-57.163879 	-56.666731 	-57.315254 	-57.444385 	-57.940263 	-57.490497 	-58.408549 	
10.097895 	2.650831 	-4.959369 	-4.940735 	-12.231883 	-24.619371 	-24.743429 	-40.075148 	-42.835096 	-46.974826 	-55.249044 	-55.313970 	-56.149748 	-57.523711 	-58.426625 	-57.031478 	-57.105074 	-62.390782 	
10.060867 	-0.990546 	-23.564204 	-36.679007 	-51.419786 	-55.611054 	-56.332835 	-56.645077 	-59.852715 	-56.385672 	
9.834457 	-1.774266 	-7.020126 	-15.263979 	-14.507855 	-23.854553 	-31.897591 	-31.259388 	-32.476712 	-34.092736 	-40.318876 	-42.444699 	-43.739576 	
9.392609 	1.020891 	-12.643000 	-16.989913 	-19.219854 	-21.096483 	-22.979028 	-29.707820 	-54.115863 	-59.364401 	-56.126127 	-57.389799 	-58.922773 	-57.705169 	-58.574643 	-57.944605 	-57.305082 	-58.334477 	
9.964861 	-1.869875 	-4.126100 	-5.960831 	-19.018123 	-18.299611 	-22.665487 	-36.091801 	-38.537350 	-42.877446 	-43.598228 	-46.685675 	-49.227722 	-52.599171 	-54.743824 	
10.465216 	2.736030 	-10.402479 	-18.596306 	-22.349032 	-27.938196 	-44.057691 	-54.282129 	-58.753200 	-56.862959 	-57.269043 	-58.267718 	-58.185742 	-58.886872 	
9.271887 	-9.756225 	-31.205292 	-31.376492 	-40.236219 	-45.130902 	-56.385527 	-58.270904 	-58.347171 	-59.861620 	-58.155510 	-62.761469 	-58.725923 	-59.915115 	-57.978789 	
8.737853 	7.724841 	-20.285537 	-43.264942 	-54.654930 	-56.964730 	-57.912798 	-59.263531 	-58.916845 	-58.974813 	-59.052855 	-58.790072 	-60.327466 	-59.344388 	-59.041571 	-57.214986 	-60.128916 	
9.424136 	2.341222 	-1.081215 	-8.137369 	-10.624953 	-29.140927 	-37.668573 	-48.738882 	-57.825705 	-57.051907 	-57.221238 	-58.001033 	-57.694099 	-58.901285 	-60.456915 	-57.349969 	-59.023864 	-57.377199 	-58.528018 	-59.522378 	-58.823998 	
9.719634 	4.547742 	-10.052694 	-13.469592 	-13.627669 	-18.088820 	-40.615966 	-40.218493 	-44.382969 	-57.857811 	-55.180407 	-56.821727 	-56.347951 	-56.118524 	-60.222306 	-59.532679 	-57.688405 	-56.113208 	
9.713468 	6.527250 	5.429330 	-5.273112 	-6.465315 	-27.754171 	-25.995829 	-40.188897 	-42.228262 	-51.285657 	-52.339691 	-59.573998 	-58.787803 	-58.245242 	-57.069095 	-58.154483 	-58.568915 	-62.499592 	-59.296026 	
10.232574 	-12.772763 	-18.326117 	-34.607513 	-45.109802 	-46.369150 	-57.533847 	-57.980563 	-57.551568 	-58.617767 	-58.473041 	-58.993815 	-58.374446 	-58.222282 	-59.255763 	-59.501544 	-58.629894 	-58.300788 	-59.145455 	-57.860270 	
