9.574407 	4.908186 	0.861543 	-22.191445 	-27.619134 	-37.803811 	-45.313218 	-51.824411 	-59.082963 	-58.873322 	-59.940215 	-59.195728 	-58.167233 	-62.391265 	-60.491538 	-58.360668 	-59.211907 	
10.042323 	-2.326362 	-4.498831 	-6.016511 	-24.713954 	-32.447998 	-30.580154 	-57.611210 	-62.094184 	-57.122955 	-59.236386 	-59.731937 	-61.194043 	-60.036876 	-60.761132 	-57.896697 	
9.915867 	-6.407891 	-17.412615 	-27.501008 	-31.138013 	-31.354652 	-34.783886 	-57.836308 	-61.993023 	-58.356228 	-56.678663 	-56.568406 	-60.496337 	
9.224149 	8.537957 	-39.009701 	-59.152467 	-59.410981 	-60.160111 	-58.100582 	-60.079190 	-58.203725 	-58.042797 	-59.625781 	-61.775417 	-61.389470 	-59.950489 	-60.041489 	-58.910913 	-59.293755 	-59.042371 	
9.464104 	2.300990 	-3.983963 	-2.389317 	-4.433994 	-6.891698 	-8.394404 	-35.234283 	-41.073011 	-44.152007 	-43.621398 	-44.543307 	-52.138702 	-56.294244 	-58.436635 	-58.379225 	-56.514411 	
9.741955 	8.221291 	1.116512 	-3.660591 	-8.026329 	-6.798381 	-7.717487 	-9.087095 	-13.641965 	-13.723839 	-14.833945 	-20.102157 	-18.342456 	-20.023430 	-19.442785 	
9.639333 	-3.638209 	-6.694462 	-35.878831 	-40.830287 	-50.489922 	-61.294360 	-58.120721 	-59.734942 	-59.483870 	-58.793745 	-58.453980 	-59.520315 	-59.639843 	-57.807728 	-57.517390 	
10.020556 	-2.628433 	-2.425328 	-15.647391 	-28.553470 	-28.869689 	-46.752578 	-58.609039 	-58.883025 	-60.482526 	-59.869361 	-57.292452 	-60.275593 	-58.208507 	-58.246641 	-58.873945 	-59.868771 	-60.793871 	
9.735043 	-11.551742 	-12.591553 	-27.159950 	-33.703107 	-35.148457 	-34.881212 	-56.190027 	-58.474232 	-56.712514 	-60.157517 	-56.482410 	-58.168450 	-58.197111 	-58.091926 	-57.125369 	-58.167009 	-57.860223 	
9.739930 	-7.642476 	-9.823375 	-10.429693 	-29.268679 	-29.931504 	-34.571263 	-42.832102 	-51.352745 	-50.841478 	-53.237586 	-57.374124 	-58.175840 	-57.130321 	-59.481059 	-58.012970 	-57.670647 	-59.594014 	-57.364594 	-59.795299 	-57.899602 	-57.915101 	
9.995730 	-8.480340 	-18.388334 	-24.236593 	-29.606199 	-57.672844 	-56.543122 	-57.164608 	-58.036115 	-59.445162 	-57.077391 	-59.178559 	-58.563462 	-57.812210 	-57.013307 	
9.613450 	2.181131 	-0.228334 	0.588017 	-49.743201 	-56.685543 	-58.784771 	-60.320516 	-60.465404 	-59.584928 	-60.834653 	-58.992248 	-60.157748 	-60.809231 	-59.466862 	-63.812121 	-60.424986 	-57.912865 	-62.231641 	-61.033314 	
9.631187 	4.541621 	2.951728 	2.194529 	-4.077865 	-8.183346 	-9.236023 	-9.138191 	-10.875273 	-20.068297 	-26.863726 	-27.739515 	-30.228054 	-30.392443 	-30.284854 	-32.783964 	-34.123709 	-33.063968 	-36.361576 	
10.098207 	-10.466589 	-10.812676 	-11.305278 	-32.541814 	-33.814475 	-42.465658 	-54.742211 	-59.034908 	-58.592854 	-59.602404 	-57.416596 	-60.698227 	-58.676222 	-59.516912 	-57.461153 	-60.370401 	-58.214842 	
9.797589 	3.413919 	2.529824 	-0.874414 	-1.712115 	-5.085024 	-5.022684 	-10.149392 	-8.694203 	-14.967403 	-19.796548 	-22.253686 	-24.260811 	-22.490918 	-24.788650 	-26.314923 	-26.474090 	-25.492063 	-27.274145 	-29.489216 	-33.475341 	-32.068286 	-34.449459 	-34.784814 	
10.070487 	2.215474 	-7.444373 	-37.559778 	-49.542393 	-59.629859 	-59.356099 	-61.017653 	-58.978855 	-57.765736 	-59.858268 	-60.548129 	-58.564394 	-57.771383 	-57.980311 	-60.632993 	-61.865166 	
9.424765 	0.303328 	-4.027729 	-4.152487 	-7.128083 	-7.073658 	-12.288024 	-23.045451 	-23.601438 	-23.601604 	-26.113396 	-28.436506 	-27.104368 	-27.596080 	-31.932787 	-29.896811 	-29.082270 	-29.284296 	-31.384817 	
9.854125 	-11.934367 	-16.628517 	-19.183541 	-25.783838 	-31.865108 	-38.762191 	-39.178370 	-45.194349 	-48.141506 	-51.064208 	-51.886617 	-55.305561 	-59.025555 	-58.942124 	-56.286470 	-55.945184 	-58.575879 	-57.557078 	-58.970054 	-59.066858 	-57.596261 	
9.939955 	-23.136621 	-49.103555 	-58.575915 	-58.750568 	-57.525167 	-59.905419 	-60.028306 	-60.172450 	-57.548493 	-58.600160 	-58.314067 	-59.863722 	-58.536415 	-61.375504 	-57.896711 	-59.636396 	-58.778821 	
9.697861 	-1.941736 	-1.430370 	-1.718391 	-9.347708 	-10.001759 	-13.325869 	-15.453250 	-23.497102 	-35.266855 	-43.530799 	-58.324982 	-59.414896 	-59.158997 	-59.142596 	-58.511023 	-58.562657 	-59.564508 	-58.406922 	-58.559148 	-58.966684 	-60.756502 	-59.782522 	-59.273963 	-61.754080 	
