9.532342 	0.457927 	2.093616 	-7.151093 	-8.684738 	-9.474259 	-20.520575 	-24.935904 	-24.983427 	-26.330429 	-27.743989 	-40.935135 	-40.938647 	-40.194014 	-45.807102 	-49.254526 	-57.944389 	-60.990257 	-58.788455 	-57.029074 	-57.168260 	-57.090944 	
9.506569 	-4.257110 	-5.391018 	-17.017447 	-29.981142 	-58.402748 	-57.910959 	-56.947761 	-59.689021 	-56.777434 	-58.649184 	-58.842310 	-61.757325 	-60.441333 	-56.690201 	
9.495282 	2.866102 	0.076468 	-1.031471 	-42.360334 	-47.010588 	-47.272529 	-51.966486 	-57.957137 	-58.803498 	-58.306543 	-63.228583 	-57.778723 	-58.926249 	-58.860226 	-60.176830 	-57.956376 	-61.224766 	-58.649323 	-61.169535 	
9.907235 	1.980234 	-0.068187 	-1.922302 	-9.238736 	-12.237561 	-17.037848 	-19.828850 	-18.034926 	-28.489064 	-33.343754 	-33.539366 	-37.520767 	-39.800636 	-41.937040 	-57.953821 	-56.532085 	-56.648694 	-56.186574 	-57.325952 	-57.447681 	
9.644685 	-5.492540 	-12.745219 	-23.025893 	-26.036214 	-31.064438 	-39.284474 	-44.340175 	-56.551899 	-59.181976 	-57.557903 	-59.772218 	-57.684512 	-60.894702 	-59.212082 	-59.052150 	-58.806718 	-58.576910 	-56.864800 	-58.274005 	-58.735719 	
9.693205 	-12.349958 	-19.242950 	-33.612271 	-50.734794 	-52.931092 	-62.148790 	-57.641501 	-59.667983 	-57.299835 	-56.765634 	-59.431393 	-59.139531 	-56.675957 	-60.629426 	
9.854079 	6.696857 	4.999703 	3.961991 	4.648842 	-3.412929 	-2.092546 	-1.953924 	-5.999899 	-3.441958 	-4.099893 	-5.547487 	-3.944520 	-4.403212 	-12.748733 	-5.755881 	-6.295383 	-8.080270 	-6.547735 	-6.148279 	-7.521019 	-7.349636 	-7.908134 	-7.913505 	-7.237470 	-6.998187 	
9.997619 	-0.952534 	-15.851254 	-32.959228 	-37.018811 	-59.353869 	-57.594174 	-57.478115 	-61.489410 	-58.921392 	-59.484438 	-58.070262 	-60.683476 	-57.751442 	
9.725293 	-7.950904 	-10.942065 	-29.990763 	-55.587100 	-57.190100 	-59.357429 	-58.928012 	-57.702596 	-59.382869 	-59.182699 	-58.290505 	-59.663969 	-57.619889 	-57.822765 	
9.667818 	2.438993 	1.249524 	-4.529463 	-8.329599 	-7.410422 	-10.033584 	-12.482292 	-26.785634 	-36.751002 	-40.716062 	-46.921698 	-60.351098 	-57.319661 	-59.130235 	-56.730479 	-57.854572 	-57.534835 	
9.725779 	6.102167 	3.814195 	0.509112 	-0.018017 	-1.546377 	-2.355950 	-5.552359 	-5.970269 	-6.360042 	-6.445379 	-10.464603 	-8.974443 	
9.435423 	-4.808759 	-11.161088 	-46.996993 	-53.873011 	-58.219632 	-58.992083 	-59.462966 	-59.853799 	-58.715392 	-59.847498 	-59.002585 	-60.500059 	-58.463563 	-59.948272 	-57.240810 	-60.699349 	
9.233469 	-16.405372 	-20.188995 	-23.161356 	-36.368531 	-34.853329 	-32.091505 	-41.529911 	-44.062705 	-44.221567 	-49.496726 	-51.447458 	-53.857759 	-54.897657 	-56.742635 	-56.823400 	-57.378892 	-57.655237 	
9.628700 	-1.994271 	0.315966 	-0.323519 	-1.329415 	-4.629034 	-1.025726 	-8.974342 	-9.521563 	-9.886301 	-12.604164 	-12.954360 	-11.211693 	-11.906596 	-13.575470 	-15.294567 	-13.974726 	-15.890568 	-15.140634 	-16.823308 	
9.613857 	0.778339 	-5.700959 	-5.071902 	-15.653048 	-18.872910 	-33.355987 	-37.261841 	-47.414093 	-50.586025 	-56.321729 	-57.925734 	-57.492659 	-57.243198 	-56.725996 	
8.990155 	-7.095786 	-20.486899 	-20.854480 	-29.987590 	-47.835940 	-50.211912 	-58.024485 	-57.653733 	-56.468188 	-56.981922 	-56.821616 	-57.737022 	-56.487205 	-58.029266 	-60.170238 	
9.629406 	-1.388422 	-6.786221 	-10.402433 	-16.984274 	-35.452726 	-38.760648 	-42.188773 	-47.585565 	-47.549655 	-50.331166 	-55.358526 	-52.148788 	-56.059116 	-56.382585 	-57.734273 	-57.799206 	-56.839801 	-56.646532 	-57.869821 	-60.836298 	
9.926567 	6.405435 	-1.203375 	-4.463346 	-5.911902 	-11.939759 	-35.272405 	-35.763592 	-38.660582 	-39.371481 	-41.911879 	-53.119084 	-55.579439 	-53.722333 	-58.656051 	-56.065793 	-55.959775 	-55.498293 	-55.941943 	-57.816637 	
9.683455 	-4.837367 	-31.370826 	-50.209938 	-57.484101 	-58.972656 	-58.186906 	-58.257264 	-58.455750 	-58.017979 	-57.902794 	-57.669584 	-57.859273 	-59.613002 	-59.504160 	-59.991286 	-60.555687 	
9.943016 	-26.988771 	-32.209727 	-32.635135 	-35.116735 	-35.010141 	-43.935676 	-46.674136 	-48.598774 	-57.260804 	-60.984653 	-59.967239 	-58.132250 	-58.843781 	-58.964324 	-58.580957 	-57.840781 	
9.899609 	-3.370907 	-8.454616 	-9.400932 	-29.242297 	-44.083599 	-48.008690 	-59.631159 	-57.582681 	-58.091279 	-58.724902 	-61.631491 	-60.515345 	-58.773039 	-59.589416 	-59.179814 	-59.211210 	-59.539881 	
