9.628544 	-1.581570 	-4.105603 	-18.881107 	-32.455898 	-43.641282 	-58.808207 	-58.823660 	-59.960767 	-58.495067 	-59.967506 	-60.771078 	-58.382213 	-60.113079 	-60.747110 	-57.974083 	-58.992326 	-59.933356 	-58.952155 	-58.891333 	
9.813204 	1.131512 	-0.780106 	1.037131 	-5.511554 	-18.142199 	-19.657009 	-27.362881 	-25.716403 	-26.354190 	-29.736654 	-40.860281 	-41.443766 	-44.734692 	-47.399479 	-50.822462 	-50.762441 	-52.686387 	-52.100670 	-56.711930 	-56.528039 	-55.740321 	-56.910881 	-57.623242 	-57.639295 	
9.434201 	8.538191 	-11.633966 	-15.862847 	-13.992602 	-17.555757 	-19.790921 	-26.240613 	-32.621754 	-47.101697 	-50.831044 	-58.048511 	-60.326262 	-57.609767 	-56.976886 	-59.254556 	-62.561835 	
9.611575 	4.732218 	-4.340590 	-13.187056 	-25.293592 	-54.542212 	-60.810344 	-57.733821 	-58.622203 	-58.978647 	-58.278354 	-57.972483 	-59.384032 	-60.327038 	-57.505874 	-61.129694 	-59.505206 	-58.970123 	-61.626434 	
9.906852 	-0.954645 	-1.313052 	-0.825300 	-5.114032 	-13.811651 	-28.831034 	-43.350264 	-54.659964 	-56.747166 	-59.334687 	-58.876851 	-62.202187 	-59.562378 	-57.081158 	-58.867883 	-60.197622 	-57.683574 	-59.401850 	-57.970939 	-57.442137 	-57.625600 	
10.190854 	-11.953730 	-14.262827 	-15.323881 	-30.438760 	-56.268643 	-56.480529 	-58.775495 	-57.356156 	-57.627904 	-59.031262 	-58.315369 	-57.840233 	-61.129515 	-59.657050 	-57.516130 	-59.918772 	
9.547864 	-48.701993 	-57.317098 	-60.343599 	-58.880925 	-58.045008 	-59.807538 	-58.487272 	-58.792572 	-62.630458 	-59.675584 	-61.045994 	-58.998657 	-58.318037 	
9.558217 	4.954761 	1.150687 	-22.313681 	-58.375367 	-60.084812 	-58.460709 	-57.522109 	-58.789909 	-58.539972 	-58.380190 	-60.708724 	-60.995858 	-59.406578 	-59.590886 	-61.444480 	-58.633479 	-58.902032 	-58.429607 	-58.137220 	-59.451655 	-57.702633 	
9.362979 	-7.764498 	-10.092392 	-44.171051 	-57.269766 	-57.563185 	-59.582016 	-58.237255 	-57.555288 	
9.630237 	-12.784555 	-25.265672 	-56.658640 	-56.699492 	-58.823823 	-56.377942 	-59.362873 	-57.910478 	
10.214575 	-5.034322 	-22.657930 	-47.300427 	-52.698887 	-54.924058 	-58.600571 	-60.134294 	-59.562861 	-59.450770 	-59.974559 	-57.590529 	-58.137953 	-59.564808 	-63.277146 	-59.634522 	-57.596779 	-58.971817 	-59.637280 	
9.872805 	-0.468190 	-5.101720 	-7.183111 	-8.765538 	-14.097694 	-28.853567 	-30.778403 	-39.391675 	-45.244417 	-44.895659 	-47.215518 	-57.381739 	-57.760271 	-57.035363 	-59.463730 	-56.590513 	-60.173976 	-59.571191 	-57.758545 	-58.561722 	-59.037066 	-57.968944 	
9.501189 	2.182912 	-2.903475 	-10.682705 	-12.042897 	-12.710276 	-21.008820 	-39.009190 	-62.667901 	-58.153828 	-61.610061 	-60.280416 	-58.682279 	-60.213686 	-62.687897 	-59.741405 	-59.793738 	-59.352959 	-60.404349 	-61.105236 	-59.110734 	-63.925789 	-58.835602 	-59.684319 	-58.783218 	-60.218161 	
9.771618 	-0.468050 	-42.803326 	-51.983760 	-58.613878 	-58.701537 	-58.479335 	-57.311028 	-60.232635 	-58.187642 	
9.750266 	-58.829129 	-57.289231 	-59.818660 	-58.981485 	-58.672367 	-60.909424 	-63.101705 	-58.009997 	-59.645593 	-58.538083 	-58.186804 	-60.114839 	-61.539908 	-60.755306 	
9.727487 	-25.161039 	-55.837231 	-58.408998 	-60.597635 	-58.963440 	-59.314688 	-60.448390 	-58.879790 	-61.430642 	-59.661131 	-58.892609 	-58.823991 	-63.445322 	-59.419531 	-58.168866 	
9.863408 	-31.771680 	-34.655536 	-52.894950 	-56.248009 	-58.953666 	-58.123570 	-62.231855 	-58.293972 	-58.116370 	-58.489214 	-58.384518 	-58.952095 	-57.547877 	-59.896739 	-62.317979 	-59.525859 	
9.752163 	-24.610839 	-52.652174 	-55.813395 	-57.355860 	-58.471381 	-60.090458 	-59.295387 	-58.347932 	-57.473594 	-59.706310 	
9.810356 	2.327191 	-7.506810 	-13.316994 	-18.839762 	-23.158926 	-38.699882 	-56.289807 	-58.981579 	-58.457016 	-58.417919 	-58.909256 	-57.819204 	-58.179984 	-58.368339 	-57.299253 	-59.386122 	-58.583095 	-59.555389 	-57.795858 	-61.336600 	
9.689177 	2.595206 	-23.979167 	-23.990846 	-23.213001 	-24.796027 	-26.364994 	-30.536947 	-33.522375 	-32.018322 	-32.314077 	-31.798640 	-38.121430 	-39.222890 	-47.082618 	-46.587747 	-47.814887 	
