9.681841 	5.114271 	0.633377 	-2.348094 	-2.198845 	-1.146824 	-8.470326 	-7.896664 	-8.351102 	-11.688438 	-14.749163 	-17.017606 	-24.534069 	-27.292927 	-27.957308 	-29.337987 	-29.325833 	-33.318284 	-39.082914 	-42.077605 	-43.759866 	-41.791312 	
9.655868 	3.869451 	2.362177 	1.136072 	-5.303466 	-8.634309 	-8.659465 	-10.429833 	-9.870363 	-8.896125 	-11.445758 	-26.435413 	-27.374769 	-26.858047 	-32.013296 	-32.282095 	-33.353959 	-34.969861 	-35.244463 	-40.230304 	
9.926263 	-15.976810 	-21.170624 	-22.312291 	-36.341510 	-35.679114 	-36.945394 	-38.643423 	-45.287086 	-45.770742 	-48.126512 	-50.253385 	-50.590872 	
9.897555 	-1.616143 	-2.853496 	-8.577870 	-17.126257 	-27.057956 	-28.594987 	-28.474225 	-31.269426 	-32.381916 	-42.597756 	-48.009267 	-55.130856 	-57.689223 	-57.532940 	-55.933656 	-57.663369 	-58.469387 	
9.547492 	5.698025 	2.348993 	-1.610582 	-2.184861 	-3.090796 	-4.166058 	-5.392414 	-14.438382 	-12.807910 	-11.372679 	-15.869393 	-15.503218 	-16.513470 	-20.659410 	-21.803143 	-24.072805 	-25.329183 	-27.029180 	-29.973409 	-29.986990 	-31.643310 	-33.575723 	-33.135322 	-32.875985 	-36.050739 	-35.693570 	-35.920282 	-37.606345 	-38.396156 	-42.259330 	
9.877175 	-0.486696 	-14.443542 	-19.953867 	-17.443132 	-24.051268 	-23.254206 	-20.924269 	-23.904711 	-25.173911 	-25.252295 	-24.131719 	-26.274340 	-29.398922 	-31.278754 	-30.094155 	
9.412884 	1.056918 	-3.172308 	-0.505124 	-2.168910 	-3.583587 	-4.939947 	-6.840247 	-5.644078 	-5.471939 	-7.838128 	-7.991331 	-10.307192 	-16.708666 	-17.174843 	-19.520855 	-20.646605 	-22.703080 	-22.678368 	-24.867523 	-22.819833 	-25.531105 	
9.341535 	3.740844 	1.586059 	-3.765785 	-9.988215 	-11.783792 	-20.948522 	-17.825622 	-24.396637 	-27.303352 	-29.542568 	-32.605344 	-39.454089 	-43.138769 	-49.263653 	-54.658611 	-56.516883 	-59.187225 	-57.344208 	-57.460461 	-58.347849 	
9.524256 	-5.511881 	-17.838254 	-19.113475 	-19.093464 	-28.186863 	-37.790758 	-37.511515 	-40.112013 	-43.496821 	-47.343886 	-57.782549 	-59.571872 	-59.407745 	-59.533195 	-58.420631 	-59.432194 	-58.117580 	-58.012669 	
9.988061 	-2.098284 	0.169914 	0.495302 	-1.230733 	1.577899 	0.843150 	-6.219697 	-7.256373 	-5.476707 	-5.564915 	-8.135339 	-6.324656 	-7.942536 	-8.196559 	-8.836053 	
9.678501 	-37.207271 	-58.523447 	-57.892643 	-57.892755 	-59.319531 	-59.954510 	-61.127115 	-58.099824 	-60.560404 	-57.136880 	-58.274567 	
9.462729 	1.154194 	-0.511820 	-10.853403 	-14.772070 	-14.663846 	-19.049856 	-23.275491 	-37.651213 	-37.995415 	-47.603711 	-47.392311 	-49.915370 	-55.168737 	-56.732154 	
9.798121 	0.443497 	-0.179279 	-1.027296 	-3.729115 	-17.584662 	-21.814754 	-30.196815 	-31.393504 	-37.091754 	-43.573241 	-47.482279 	-47.120699 	-49.844662 	-51.423456 	-52.833111 	
9.511235 	5.800935 	0.031833 	-0.721054 	-4.689609 	-8.260415 	-8.441556 	-11.358449 	-16.695099 	-17.235553 	-18.117925 	-19.433589 	-20.175889 	-23.896053 	-28.699266 	-28.419913 	-27.846025 	-29.916030 	-28.390216 	-30.853523 	-32.566253 	-36.417430 	-41.494838 	-37.489783 	-48.679253 	
10.195317 	5.745471 	-6.206980 	-6.188688 	-7.210217 	-16.127148 	-20.810237 	-23.222780 	-45.897893 	-47.471228 	-48.446160 	-48.680838 	-51.642758 	-55.074829 	-56.320675 	-55.413095 	-59.531490 	
10.012080 	-11.227682 	-16.306353 	-29.076814 	-59.314977 	-58.318289 	-58.972564 	-59.839213 	-58.774353 	-61.261780 	-58.051803 	-57.382669 	-59.146228 	-57.293492 	
8.010855 	9.257537 	3.770441 	-35.031821 	-41.373773 	-53.564561 	-58.037080 	-57.088478 	-55.775364 	-57.623665 	-57.083227 	-57.801825 	-57.192372 	-59.019979 	-58.019308 	-60.128319 	-58.140723 	-58.101242 	
9.599904 	-13.506752 	-12.045000 	-13.018684 	-16.284123 	-21.692228 	-21.298862 	-23.543373 	-26.700107 	-30.472187 	-29.262574 	-36.999423 	-35.295563 	-41.696275 	-42.015099 	-43.387787 	-45.904454 	-47.262332 	-51.826920 	-53.770153 	-54.138545 	-56.927449 	
9.548628 	1.302364 	-6.187056 	-9.665437 	-20.389950 	-30.845706 	-35.310630 	-46.225381 	-57.673568 	-57.123104 	-59.844828 	-58.201621 	-57.285731 	-56.775036 	-58.422043 	
9.748550 	-10.725813 	-16.597827 	-22.932815 	-22.970223 	-23.448175 	-29.926644 	-29.296447 	-32.398477 	-32.863201 	-33.844259 	-37.399155 	-40.154499 	-39.877359 	-44.149274 	-44.280343 	
9.299251 	-0.956804 	-5.512561 	-11.235717 	-11.873129 	-17.255501 	-20.217503 	-23.366000 	-24.090993 	-32.157220 	-33.782134 	-36.080640 	-38.111741 	-38.402982 	-39.690140 	-41.494982 	-42.176964 	-43.000870 	-42.534482 	-45.753903 	-50.515189 	-46.730547 	-50.169577 	
