9.937094 	3.361899 	6.062000 	4.793057 	2.678627 	2.672225 	1.289466 	-0.604833 	-4.483953 	-1.062981 	-1.356228 	-0.072773 	-1.181173 	-2.840676 	-2.175569 	-1.028616 	-2.024297 	-1.208326 	-4.836231 	-3.458698 	-5.498822 	-2.142341 	-2.724503 	-4.628417 	-2.823676 	-3.868115 	-3.160600 	-3.547787 	-3.660252 	-4.034216 	-5.617135 	-3.290121 	-3.491940 	-3.499826 	-3.092355 	-3.876314 	-5.188862 	-5.081000 	-5.779028 	-5.499767 	-6.485508 	-4.889444 	-5.705494 	-4.237249 	-5.519085 	-5.841690 	
9.704542 	5.686150 	4.079975 	1.300352 	1.437298 	1.869180 	0.343910 	-1.803128 	-3.577311 	-3.802812 	-5.090868 	-5.064639 	-4.486745 	-4.666417 	-6.364556 	-8.008598 	-9.001047 	-10.128883 	-8.575101 	-10.272307 	-10.814162 	-10.596048 	-13.310663 	-10.028529 	
9.842774 	-14.346117 	-15.803476 	-26.850315 	-43.397038 	-49.038694 	-53.448720 	-53.594900 	-53.221609 	-54.761251 	-60.282843 	-57.190917 	-56.119535 	-57.347390 	
9.756452 	2.828942 	-14.034575 	-13.360731 	-12.609631 	-14.489767 	-20.159358 	-23.308957 	-24.533277 	-24.099137 	-25.844121 	-27.394943 	-28.690525 	-26.814621 	-31.988439 	-34.658813 	-31.891969 	-33.816919 	
10.235479 	4.443893 	-0.554259 	-4.694784 	-5.871623 	-7.443187 	-7.980998 	-10.706984 	-15.350197 	-14.749299 	-22.061881 	-21.234548 	-23.575121 	-22.832551 	-23.851977 	-24.593238 	
9.476497 	3.681231 	1.124703 	-2.694838 	-0.669982 	-4.639947 	-6.414480 	-12.411269 	-16.554857 	-22.817098 	-23.510123 	-27.852522 	-23.956666 	-25.354801 	-25.405117 	-25.833519 	-27.307833 	-29.546782 	-29.619273 	-30.080722 	-33.468437 	-31.826005 	-31.830008 	-32.673573 	-32.285171 	
9.714746 	-3.151184 	-11.899931 	-13.386420 	-35.588578 	-39.418881 	-43.708829 	-44.065374 	-43.292130 	-44.829979 	-46.568860 	-51.379251 	-57.933128 	
9.793344 	-5.866979 	-8.721196 	-10.835905 	-11.016112 	-13.966911 	-28.528118 	-28.092214 	-30.401068 	-46.069120 	-47.386105 	-47.830348 	-52.100631 	-52.762902 	-56.072221 	-56.059084 	-56.017179 	-56.890299 	
9.173921 	6.829114 	2.751163 	3.922038 	1.433461 	-3.522963 	-6.273847 	-9.445432 	-10.694302 	-18.792332 	-17.850752 	-18.229521 	-20.162954 	-23.004473 	-25.274679 	-26.457192 	
9.583632 	1.239663 	-5.410172 	-4.461057 	-19.227673 	-31.902210 	-40.200139 	-44.440372 	-55.412156 	-58.877795 	-61.587121 	-57.681072 	-58.511263 	-57.568323 	-57.636128 	-57.731239 	-58.240728 	-58.754702 	-57.779298 	-57.594870 	
9.921474 	6.509082 	3.778487 	-0.559025 	0.464637 	0.380889 	-3.356380 	-3.446027 	-3.832163 	-5.763674 	-5.954801 	-7.252309 	-9.017808 	-8.242961 	-7.899023 	-12.788138 	-9.882604 	-10.818216 	-12.059852 	-11.876584 	
9.763350 	4.654495 	4.731390 	3.168413 	5.116747 	1.598790 	2.629117 	1.862212 	2.902692 	-0.931906 	2.775959 	-0.031943 	-1.525526 	0.317356 	0.762144 	0.860988 	0.707417 	1.184297 	1.063078 	-0.128212 	-3.374533 	0.261442 	0.127194 	-3.052051 	-0.652131 	-2.040269 	-1.636115 	-0.077515 	0.105871 	-3.433081 	-0.214497 	-1.676765 	-1.982858 	-3.552839 	-3.516639 	-1.141073 	-1.248125 	-1.405218 	-0.534635 	-1.185386 	-1.769037 	-0.563647 	-2.203159 	-2.062854 	-0.766203 	-0.687961 	0.287787 	-4.845928 	-1.867581 	0.001373 	-4.163198 	-1.510458 	-0.441855 	-0.489767 	0.606210 	-1.783815 	-0.643659 	-0.951425 	-0.171318 	-0.507099 	-3.633133 	-1.360073 	-1.245783 	-1.925352 	-1.537843 	-0.669011 	-3.509902 	-3.458197 	-1.508760 	-1.274417 	-4.199636 	-1.166305 	-2.419149 	-3.992800 	-0.379947 	-0.091279 	-0.570284 	-1.501581 	-0.465587 	-2.564757 	-1.934291 	-3.106469 	-0.982589 	-2.874509 	-1.270716 	-0.690334 	-0.581749 	-0.749933 	-0.136269 	-3.630030 	-2.934599 	-4.165883 	-5.470191 	-2.124498 	-1.205149 	-2.920272 	-1.848400 	-1.549057 	-1.448136 	-2.108088 	-1.647168 	-0.612474 	-2.478147 	-1.663026 	-1.469516 	-0.345629 	-2.939818 	-2.286829 	-1.568475 	-1.637540 	-1.938206 	-0.967962 	-1.887716 	-1.551168 	-2.093762 	-2.016897 	-0.366122 	-0.806011 	-0.789333 	-1.939492 	-1.620498 	-1.217316 	-1.149872 	-2.184295 	-3.086155 	-2.482697 	-0.727997 	-2.614350 	-1.936053 	-2.093561 	-5.484027 	-2.443316 	-2.057221 	-2.794072 	-1.618597 	-1.842357 	-1.974740 	-3.422368 	-2.169484 	-2.459840 	-4.598847 	-3.097680 	-2.085882 	-3.554350 	-2.034020 	-2.759867 	-1.610728 	-2.018587 	-1.779313 	-1.610151 	-3.476639 	-2.815848 	-4.191793 	-3.546520 	-5.055097 	-4.575264 	-1.117468 	-1.771948 	-0.511421 	-2.347403 	-1.815253 	-3.897681 	-1.066379 	-3.271255 	-0.675788 	-1.323083 	-2.772431 	-2.348946 	-1.572579 	-5.982917 	-1.624973 	-2.453967 	-1.738487 	-3.348135 	-4.325950 	-1.586185 	-3.373719 	-1.677118 	-3.924259 	-3.405210 	-1.963933 	-1.526338 	-4.939470 	-2.565325 	-2.861862 	-2.647810 	-2.684036 	-3.015966 	-4.459562 	-3.882402 	-3.119050 	-2.058490 	-1.861811 	-3.494822 	-2.062295 	-2.153717 	-3.383712 	-3.540780 	-2.509603 	-2.423972 	-2.682739 	-1.923079 	-1.034914 	-1.759226 	-2.736670 	-5.929132 	-3.005372 	-4.788987 	-1.459415 	-3.103132 	-1.762801 	-1.299145 	-2.416215 	-2.384963 	-3.575795 	-1.266526 	-5.550246 	-2.417599 	-1.470615 	-2.160504 	-5.504749 	-2.653108 	-1.954558 	-2.829013 	-1.838333 	-1.845202 	-4.569725 	-2.939351 	-4.628540 	-2.942987 	-3.189206 	-4.001349 	-1.106082 	-4.324101 	-1.783653 	-2.477470 	-3.866065 	-1.974728 	-2.265043 	-3.452170 	-2.486295 	-2.116930 	-1.498016 	-3.127415 	-2.535970 	-3.228473 	-6.643818 	-1.001247 	-3.684984 	-1.783283 	-2.110476 	-3.761028 	-3.654338 	-2.688706 	-1.532443 	-1.277389 	-1.897961 	-3.938356 	-3.166057 	-5.120630 	-5.496919 	-5.388764 	-3.244793 	-2.783080 	-6.581223 	-2.921606 	-0.905528 	-3.634354 	-4.188315 	-4.645575 	-2.543711 	-2.820375 	-1.764595 	-2.935855 	-2.986168 	-3.454453 	-3.401612 	-4.391648 	-3.482452 	-3.622783 	-0.911964 	-2.386181 	-4.077466 	-2.163287 	-1.944377 	-5.772255 	-2.678956 	-4.431374 	-2.355716 	-2.808241 	-2.677946 	-3.279068 	-3.506303 	-3.013722 	-5.809175 	-2.220964 	-3.148457 	-2.393987 	-3.369340 	-1.836758 	-1.710709 	-3.851096 	-3.424531 	-2.824108 	-2.517982 	-3.281125 	-3.927712 	-3.514743 	-3.442085 	-4.813962 	-2.305758 	-3.416944 	-5.621829 	-2.499103 	-2.415761 	-4.556649 	-2.613184 	-5.524754 	-4.719340 	-3.740027 	-3.311353 	-3.616683 	-1.938090 	-1.793446 	-3.493088 	-3.583402 	-1.758054 	-1.982790 	-4.600033 	-2.394684 	-2.681274 	-5.450804 	-3.660985 	-3.656445 	-1.356901 	-4.769597 	-2.581082 	-3.053926 	-3.344555 	-4.864591 	-2.565157 	-1.826531 	-4.794942 	-4.497347 	-1.643462 	-5.358286 	-2.633904 	-3.682438 	-2.676726 	-3.411472 	-3.703120 	-2.436428 	-2.674498 	-4.692740 	-3.824327 	-2.554223 	-2.559748 	-2.228746 	-2.977409 	-4.558911 	-3.638308 	-3.099556 	-4.125264 	-2.460257 	-1.917808 	-4.163014 	-3.887479 	-2.527184 	-3.807239 	-2.391313 	-2.667479 	-3.998888 	-3.763936 	-3.883317 	-3.104051 	-4.904369 	-6.457731 	-5.593216 	-4.202334 	-4.273654 	-2.370918 	-3.609983 	-2.217859 	-3.818862 	-4.129009 	-2.468920 	-0.929464 	-4.358901 	-4.673637 	-4.985209 	-3.363509 	-3.494663 	-3.166712 	-2.574120 	-2.411191 	-3.121303 	-3.410396 	-1.938258 	-5.571432 	-2.172303 	-4.645610 	-2.029820 	-2.258996 	-3.707469 	-4.264255 	-2.572209 	-3.335420 	-3.051854 	-3.773649 	-2.474844 	-3.236081 	-3.232109 	-3.320971 	-2.206049 	-4.422563 	-3.490574 	-3.372629 	-3.814556 	-5.157129 	-6.001776 	-5.438770 	-4.473315 	-2.568263 	-1.494731 	-3.457499 	-4.434532 	-6.820121 	-4.270031 	-3.985813 	-1.699528 	-3.060208 	-4.852656 	-3.705919 	-2.574316 	-3.942788 	-4.302847 	-2.889067 	-1.006028 	-4.053266 	-4.319593 	-3.625193 	-2.565468 	-4.406440 	-2.844056 	-2.529226 	-3.489031 	-3.806775 	-2.304595 	-2.908305 	-2.628598 	-2.223001 	-1.897571 	-6.877862 	-1.980177 	-2.677408 	-3.579954 	-5.337597 	-6.101882 	-6.326688 	-2.655177 	-2.646831 	-2.949391 	-2.385835 	-1.818963 	-2.784994 	-3.751562 	-4.942071 	-4.986346 	-3.463213 	-4.426529 	-2.910546 	-4.896973 	-1.883544 	-3.124417 	-2.967459 	-2.973810 	-3.124435 	-4.782137 	-2.198630 	-4.273604 	-2.973108 	-4.629680 	-4.219561 	-4.048844 	-3.859983 	-4.669511 	-1.923416 	-4.804585 	-3.339168 	-2.602165 	-3.557929 	-4.703532 	-4.515093 	-4.262340 	-3.078097 	-3.887529 	-5.111563 	-4.477987 	-3.453034 	-2.383290 	-5.452899 	-2.639230 	-3.385861 	-2.737074 	-2.293504 	-4.109229 	-2.641050 	-3.647782 	-5.463991 	-2.587406 	-5.456869 	-2.383930 	-3.694935 	-2.083170 	-5.549145 	-3.321837 	-5.542452 	-6.326861 	-3.277262 	-5.992998 	-2.814913 	-4.160191 	-3.517346 	-4.534138 	-4.208840 	-1.817602 	-3.174299 	-2.529644 	-4.602413 	-2.637911 	-5.904735 	-3.310741 	-2.865314 	-3.561341 	-2.817397 	-3.828863 	-3.147759 	-4.632749 	-5.498516 	-2.572049 	-4.146783 	-4.214539 	-3.647860 	-4.860196 	-3.112290 	-5.254235 	-3.200099 	-3.608092 	-6.530320 	-2.435422 	-4.512675 	-4.329422 	-2.660547 	-3.798871 	-3.307084 	-2.703031 	-3.022130 	-5.931565 	-2.776618 	-3.104337 	-4.051399 	-1.733901 	-6.990068 	-5.778401 	-3.453599 	-4.155341 	-3.421860 	-5.010779 	-3.200942 	-4.049775 	-2.642394 	-1.865141 	-3.661161 	-3.132606 	-3.953372 	-4.552312 	-2.383469 	-3.183538 	-4.163160 	-2.867117 	-8.128957 	-3.386048 	-3.349731 	-2.447621 	-3.229563 	-4.786884 	-4.282753 	-3.505226 	-3.459422 	-4.171542 	-2.423022 	-2.897551 	-2.546467 	-3.790674 	-4.799287 	-4.706490 	-5.298339 	-3.192089 	-3.316308 	-6.453044 	-5.882037 	-3.407064 	-2.839824 	-2.927630 	-6.128573 	-5.835248 	-3.184087 	-4.005818 	-2.765437 	-4.378385 	-5.331126 	-5.337937 	-4.599993 	-3.160360 	-3.106164 	-5.997313 	-4.916815 	-4.582004 	-3.681008 	-2.758653 	-3.250348 	-4.385638 	-4.247115 	-3.571094 	-4.450598 	-5.116784 	-5.412969 	-4.877983 	-2.758626 	-3.247496 	-4.065053 	-5.224029 	-3.125854 	-3.922547 	-3.765072 	-4.513461 	-4.212517 	-4.520035 	-3.281405 	-5.146438 	-2.473136 	-5.533381 	-3.903820 	-4.227486 	-2.524121 	-4.495604 	-4.611131 	-3.780252 	-3.139134 	-5.063707 	-3.287090 	-5.277567 	-2.484388 	-2.544596 	-6.641864 	-3.671136 	-5.344238 	-4.318498 	-4.982473 	-2.818275 	-2.828932 	-4.145800 	-7.954462 	-3.112708 	-3.491473 	-5.320691 	-1.759103 	-4.650781 	-3.955985 	-3.359954 	-2.993590 	-4.443633 	-2.783914 	-3.227675 	-2.786213 	-3.347591 	-4.064977 	-4.299915 	-3.362706 	-4.914600 	-4.366080 	-3.642449 	-3.275093 	-4.923915 	-5.476310 	-4.388904 	-4.851795 	-2.897995 	-3.588465 	-3.911952 	-3.833147 	-4.021158 	-3.394802 	-5.041895 	-5.728228 	-5.074269 	-6.135652 	-4.418918 	-6.132520 	-4.222301 	-5.268725 	-3.333758 	-3.099505 	-4.102539 	-2.422131 	-3.024785 	-5.068460 	-5.997435 	-3.387229 	-2.749170 	-5.112710 	-4.186679 	-2.863403 	-5.705615 	-3.940665 	-6.357541 	-6.290675 	-4.001264 	-4.637220 	-4.329628 	-4.118025 	-3.768046 	-4.505473 	-3.268894 	-3.023457 	-2.803033 	-5.181831 	-2.415810 	-3.147142 	-2.233041 	-2.576219 	-3.566957 	-5.228864 	-6.661882 	-4.427314 	-2.857804 	-3.496303 	-2.146105 	-3.625002 	-4.213072 	-2.587444 	-2.778637 	-3.744128 	-4.746157 	-3.976599 	-5.054805 	-3.821209 	-3.504655 	-3.409499 	-4.850213 	-2.470003 	-4.829480 	-4.586043 	-5.675165 	-5.010227 	-3.745816 	-2.643674 	-4.207579 	-3.986943 	-3.280603 	-3.105830 	-3.539129 	-4.524800 	-2.627544 	-4.890124 	-2.525657 	-3.877258 	-3.940613 	-3.467105 	-6.668975 	-3.325096 	-6.180162 	-6.091099 	-2.608520 	-3.590674 	-2.739171 	-5.962931 	-4.180187 	-2.927677 	-2.234572 	-3.274023 	-2.843589 	-3.359352 	-5.462631 	-3.261095 	-3.979149 	-4.215734 	-5.300030 	-3.218477 	-7.739755 	-4.088850 	-4.138783 	-3.987671 	-3.141118 	-3.221738 	-4.113042 	-2.733391 	-3.299761 	-3.024241 	-4.374348 	-5.746287 	-5.911832 	-3.641704 	-3.563389 	-2.673540 	-6.943427 	-4.104011 	-4.289213 	-4.647484 	-4.108181 	-2.992907 	-4.486194 	-3.614600 	-4.931009 	-4.071421 	-5.178297 	-7.497204 	-4.298167 	-5.292514 	-3.619322 	-3.886612 	-3.901071 	-3.928912 	-4.150204 	-3.977171 	-3.003441 	-7.494349 	-6.751979 	-4.259338 	-3.351134 	-2.546324 	-3.574177 	-3.450833 	-3.913652 	-5.203584 	-3.739949 	-3.612946 	-7.462813 	-2.579496 	-3.305112 	-7.049226 	-3.241371 	-4.275181 	-5.201194 	-3.460252 	-3.302031 	-3.283432 	-4.626215 	-2.187430 	-8.702720 	-3.955178 	-3.068897 	-4.623817 	-5.796396 	-5.165165 	-3.664199 	-4.947927 	-3.029245 	-3.157426 	-4.921123 	-4.845565 	-3.094421 	-3.051778 	-2.229110 	-5.191292 	-4.459422 	-6.000273 	-2.588365 	-3.171228 	-2.426884 	-2.824110 	-3.528293 	-3.495176 	-4.697424 	-5.248116 	-5.283075 	-5.000601 	-3.702246 	-5.575376 	-3.903266 	-3.539433 	-4.937631 	-3.026490 	-4.015454 	-2.280808 	-4.129924 	-3.447215 	-2.665432 	-6.360675 	-3.181119 	-3.930664 	-5.353641 	-5.348955 	-3.919154 	-2.912830 	-5.620535 	-4.408379 	-3.235333 	-3.663059 	-4.891904 	-5.284692 	-3.946548 	-5.899182 	-3.536840 	-3.332607 	-7.326578 	-3.895571 	-4.350045 	-3.269447 	-3.340048 	-5.162911 	-4.095643 	-4.846359 	-4.020021 	-6.305164 	-2.732257 	-3.568808 	-6.218809 	-4.350054 	-4.935171 	-3.554205 	-4.080642 	-4.932491 	-3.450589 	-6.151684 	-3.543831 	-6.038735 	-3.399568 	-3.808292 	-5.953608 	-4.215722 	-4.308749 	-2.933235 	-6.054899 	-3.956830 	-4.231894 	-5.865723 	-3.309687 	-4.131927 	-3.531492 	-4.632690 	-3.990061 	-8.142901 	-3.135008 	-5.708654 	-4.458069 	-3.777348 	-3.823185 	-4.059820 	-3.042841 	-3.788582 	-4.064259 	-4.204247 	-2.612579 	-4.372087 	-3.945618 	-4.588917 	-4.836980 	-4.036010 	-6.520737 	-7.069789 	-4.947864 	-3.162840 	-5.194916 	-4.421965 	-4.520120 	-4.484001 	-3.232140 	-4.523743 	-5.883051 	-3.600344 	-3.996963 	-4.201752 	-5.459837 	-3.231494 	-4.027184 	-6.505938 	-4.601793 	-3.407630 	-3.023025 	-7.042488 	-4.963120 	-2.464345 	-4.726885 	-5.830904 	-6.753070 	-5.267850 	-3.630664 	-2.177060 	-6.160514 	-6.322002 	-4.502256 	-6.294906 	-5.920242 	-4.957334 	-5.625461 	-3.449439 	-3.163361 	-5.842671 	-4.537402 	-6.349584 	-2.614103 	-4.690939 	-3.339181 	-4.412231 	-5.351605 	-2.737331 	-4.190202 	-3.861859 	-3.500959 	-3.950521 	-5.862250 	-2.987939 	-5.561480 	-3.520643 	-4.248928 	-4.386672 	-4.937725 	-6.847204 	-4.255063 	-3.788685 	-3.990077 	-3.738341 	-3.166219 	-3.233989 	-3.428186 	-3.997054 	-2.571538 	-5.088159 	-3.945137 	-3.383536 	-5.955493 	-5.018878 	-4.508450 	-4.808994 	-4.292836 	-3.847386 	-4.968697 	-3.885022 	-3.890955 	-4.632106 	-4.614139 	-4.998719 	-3.507476 	-6.429806 	-3.449510 	-4.984816 	-6.812875 	-6.816171 	-4.355442 	-2.657095 	-5.167821 	-4.116412 	-4.020621 	-4.868947 	-4.233248 	-3.396420 	-4.652979 	-7.134991 	-3.655315 	-4.127510 	-5.685074 	-4.681149 	-8.681316 	-5.203543 	-5.277927 	-5.806668 	-4.667096 	-4.082665 	-5.756388 	-5.118886 	-4.444910 	-4.467952 	-5.040488 	-4.965352 	-6.414948 	-2.812027 	-2.703951 	-9.350091 	-4.468267 	-3.046373 	-4.903839 	-2.475200 	-5.351714 	-3.931673 	-3.725237 	-4.497334 	-8.239626 	-7.075113 	-5.881315 	-6.596477 	-3.715192 	-5.628838 	-3.450920 	-3.306302 	-5.215364 	-4.398401 	-3.395588 	-4.517931 	-4.057449 	-4.399408 	-3.393408 	-7.850159 	-5.210941 	-4.073366 	-4.279337 	-2.361962 	-4.824500 	-3.802402 	-5.638049 	-3.380864 	-4.548251 	-5.036000 	-5.979970 	-3.306606 	-4.578728 	-3.680001 	-3.939029 	-4.022722 	-4.751720 	-4.147825 	-4.785605 	-5.117215 	-4.155194 	-4.714718 	-6.456052 	-3.894278 	-5.553809 	-4.777445 	-5.513807 	-4.716165 	-3.450190 	-3.564990 	-3.244784 	-3.486294 	-5.283780 	-3.424533 	-4.805188 	-5.174766 	-5.409742 	-4.760751 	-4.911130 	-6.070242 	-4.687453 	-3.304001 	-5.070161 	-3.270334 	-3.060713 	-4.914916 	-5.014463 	-7.820503 	-7.260027 	-4.185326 	-4.962960 	-3.013843 	-3.664748 	-3.989967 	-6.670458 	-3.207274 	-5.934094 	-3.186775 	-5.044787 	-6.389043 	-5.616970 	-3.893479 	-5.015271 	-4.431746 	-6.512371 	-5.747701 	-2.917850 	-4.051146 	-3.939676 	-6.340272 	-5.031706 	-7.332123 	-3.660459 	-4.539363 	-5.970378 	-4.966722 	-5.042798 	-6.040597 	-4.110304 	-3.006400 	-4.976639 	-5.418084 	-4.484471 	-3.879822 	-4.511564 	-4.197204 	-6.530544 	-7.303811 	-2.994543 	-8.766506 	-5.497213 	-4.610718 	-5.672184 	-4.668535 	-3.300450 	-4.179948 	-3.865995 	-5.663842 	-4.695708 	-4.403639 	-4.295093 	-4.225091 	-5.706228 	-5.543983 	-6.161357 	-3.121631 	-4.485240 	-3.625409 	-3.297889 	-5.061587 	-3.714216 	-5.309760 	-3.026314 	-3.648831 	-5.230142 	-4.128916 	-3.532553 	-5.059427 	-4.040836 	-3.880392 	-6.969964 	-5.338158 	-4.284425 	-3.814381 	-3.447322 	-5.085702 	-6.071870 	-3.676517 	-4.176327 	-5.823768 	-2.375094 	-4.187102 	-4.334325 	-4.115013 	-4.284792 	-3.413681 	-3.531908 	-3.176969 	-8.764397 	-4.175133 	-5.909517 	-4.300994 	-4.766481 	-6.188568 	-3.600181 	-7.140672 	-5.340128 	-5.418516 	-3.537108 	-6.092532 	-7.459629 	-5.060518 	-3.565580 	-3.073373 	-4.004709 	-5.393108 	-3.567695 	-5.805382 	-4.060465 	-3.958705 	-2.986584 	-5.334303 	-6.482333 	-6.116138 	-2.916602 	-3.023594 	-3.285286 	-4.862397 	-7.152442 	-4.517957 	-3.585573 	-6.549354 	-3.371356 	-4.785560 	-3.651046 	-4.584152 	-4.272426 	-3.886471 	-4.030202 	-5.046463 	-4.397683 	-3.159406 	-5.007325 	-5.961530 	-5.230351 	-4.051802 	-4.156905 	-4.584863 	-6.248260 	-6.192538 	-3.373442 	-3.689269 	-3.472076 	-5.772419 	-4.444686 	-6.052513 	-4.494681 	-4.452218 	-7.122205 	-4.803485 	-4.286902 	-4.004852 	-5.353507 	-3.792906 	-4.284553 	-2.798071 	-4.861385 	-3.476499 	-3.103504 	-5.612011 	-4.304871 	-5.443752 	-4.344356 	-4.124224 	-6.799781 	-6.766925 	-5.549628 	-4.659814 	-5.530322 	-3.929058 	-9.801448 	-4.633782 	-8.299257 	-4.740419 	-6.342160 	-5.452237 	-3.730970 	-4.214025 	-3.584852 	-5.523682 	
9.945566 	-0.579523 	2.507827 	3.855249 	-0.637806 	-4.100897 	-5.526260 	-9.632140 	-7.183750 	-9.749812 	-10.516416 	-8.975785 	-10.627990 	-12.404690 	-14.910562 	-13.224626 	-14.351567 	-14.851956 	-16.366375 	-19.243645 	-16.928209 	-20.990458 	
9.378493 	8.299395 	-7.969359 	-13.272884 	-18.333059 	-18.303778 	-28.762990 	-36.027567 	-47.965898 	-56.376481 	-57.774649 	-61.927831 	-58.985077 	-59.628596 	-59.419299 	-58.626478 	-59.847261 	-58.942055 	-58.208689 	-58.534378 	-58.476494 	-57.962512 	-60.848391 	-59.370439 	-59.190147 	-57.634518 	-59.239382 	-57.647014 	-60.422665 	-58.221089 	-61.522577 	
9.387757 	-14.627123 	-18.248473 	-21.109424 	-24.000265 	-30.733477 	-32.890771 	-43.850380 	-56.888098 	-55.761562 	-57.987301 	-57.734782 	-57.512558 	-58.237744 	-57.362956 	-60.552839 	-57.417114 	
10.036215 	-1.292222 	-1.842859 	-3.928303 	-6.416002 	-9.333623 	-9.307198 	-9.203541 	-12.288961 	-12.727773 	-12.648958 	-11.690812 	-15.060923 	-16.592977 	-14.034408 	-20.112432 	-17.921278 	-18.112444 	-17.642208 	-19.574776 	-19.598114 	
9.634840 	-1.027729 	-3.111942 	-5.503523 	-19.010369 	-17.306840 	-17.715765 	-22.316779 	-26.295033 	-27.157078 	-31.909735 	-33.721368 	-34.369132 	-36.573284 	-39.472680 	-35.678912 	-36.456468 	-39.503180 	-40.258462 	-43.389690 	
9.554046 	0.873886 	-6.823194 	-14.104665 	-19.255040 	-20.196348 	-29.876981 	-30.968545 	-40.467636 	-40.149376 	-41.288944 	-40.344281 	-43.922027 	-49.392032 	-50.769259 	-52.408497 	-52.194274 	-54.102404 	-53.416699 	-53.270294 	-53.852524 	-52.456690 	-54.787807 	-57.414720 	
9.507179 	5.601941 	5.325642 	1.927897 	0.159675 	-1.246628 	-7.267030 	-4.697634 	-5.791049 	-6.975547 	-14.790855 	-20.274469 	-24.206703 	-27.448532 	-26.901103 	-28.887205 	-28.964504 	-30.200097 	-31.430564 	-34.372725 	
9.520391 	4.767487 	2.767006 	0.728361 	-0.591937 	-0.673847 	-3.581731 	-7.924278 	-10.038178 	-13.324459 	-13.376949 	-20.864120 	-19.741645 	-21.392385 	-22.951960 	-27.279270 	-26.882457 	-26.783893 	-30.040757 	-33.623906 	
