9.747786 	5.002705 	-2.928865 	-3.819340 	-6.535609 	-8.692122 	-12.113461 	-8.844116 	-8.733144 	-9.466970 	-11.715679 	-11.714399 	-13.415392 	
9.926396 	-2.436603 	-13.965787 	-25.680943 	-41.662509 	-41.572310 	-51.688453 	-48.904900 	-54.392854 	-56.725437 	-57.784753 	-58.020659 	-55.531644 	-56.072703 	-56.997100 	-56.515355 	
9.525957 	5.377967 	-7.830175 	-12.457364 	-13.036110 	-16.366361 	-28.337429 	-29.282390 	-31.239289 	-36.289259 	-34.542446 	-36.144179 	-40.779963 	-40.018807 	
9.582295 	8.055077 	5.647056 	6.141818 	0.819618 	-0.083223 	-1.894974 	-2.237294 	-10.012318 	-13.908942 	-23.444008 	-22.514536 	
9.668023 	4.635797 	3.544340 	-14.612194 	-23.207383 	-26.890411 	-29.444101 	-27.782644 	-30.295271 	-33.152789 	-33.650610 	-32.597075 	-31.995722 	
9.489741 	4.396586 	-2.695764 	-4.665231 	-5.593169 	-6.272954 	-7.099787 	-13.575471 	-13.799177 	-18.670768 	-20.691296 	-23.949470 	-26.030476 	-24.675605 	-26.716404 	-26.748984 	-28.321089 	
9.827867 	4.270234 	1.266900 	-8.727837 	-14.111776 	-12.949569 	-15.519110 	-18.565290 	-23.429763 	-43.641374 	-49.755571 	-54.944450 	-55.140849 	-56.157703 	-56.717245 	-58.628498 	-57.221854 	-57.744294 	
10.125812 	3.211528 	-19.243091 	-27.079267 	-27.286650 	-34.217267 	-41.140916 	-53.502478 	-59.925198 	-57.557364 	-57.530731 	-60.766926 	-59.609189 	-56.734411 	
9.873519 	-1.008843 	-3.957189 	-8.581209 	-21.481147 	-44.198479 	-56.934330 	-57.553378 	-58.572003 	-64.670327 	-59.481475 	-57.671672 	-57.242170 	-58.248957 	-60.877437 	-58.589503 	-59.525346 	-59.443765 	
9.811482 	8.737109 	2.002877 	1.083547 	-17.764014 	-32.803107 	-54.379097 	-57.497171 	-58.210560 	-57.303253 	
10.036552 	3.490054 	-3.424815 	-2.392730 	-59.510545 	-59.959015 	-59.336232 	-59.089220 	-57.616581 	-58.551961 	-58.252446 	-58.637774 	-57.859149 	-58.923426 	-59.126096 	-61.049028 	-59.272828 	
9.447644 	-5.785529 	-4.957363 	-5.045467 	-7.248814 	-7.593423 	-9.689130 	-12.829785 	-11.779458 	-14.302738 	-15.597551 	-18.248341 	-17.285087 	-20.367236 	
9.955782 	0.493446 	3.651686 	3.376898 	1.845407 	-10.424250 	-11.359940 	-11.968551 	-16.214015 	-18.757593 	-19.101347 	-20.376968 	-24.378644 	-26.232172 	-30.291816 	-29.743241 	-32.482867 	
9.582119 	-5.851539 	-14.076539 	-17.160554 	-18.488390 	-17.953162 	-36.058350 	-43.003926 	-46.152095 	-60.078777 	-58.225532 	-59.253809 	-59.476789 	-59.498553 	-58.874085 	-58.734040 	-58.958510 	-59.238569 	-60.147837 	-58.534071 	-58.873591 	
9.437757 	-6.082471 	-7.403162 	-16.372334 	-20.676211 	-23.237974 	-24.697538 	-25.937332 	-41.719820 	-45.525089 	-45.385633 	-49.745452 	-50.017120 	-50.524614 	-51.920347 	-58.272633 	-58.451657 	
9.723362 	1.552989 	-5.569601 	-8.071997 	-9.089881 	-6.526523 	-18.490923 	-28.870242 	-29.230013 	-28.990988 	-31.744829 	-34.513094 	-36.182481 	-41.732153 	
9.890216 	6.727830 	-7.899640 	-10.713925 	-56.041137 	-55.866809 	-57.206102 	-57.722957 	-58.869565 	-57.877780 	-57.224427 	-59.451476 	-58.256221 	-58.706040 	-58.988623 	-60.244826 	-57.528131 	-58.015903 	-58.639199 	
10.179263 	5.751137 	-12.357202 	-10.729542 	-12.016185 	-13.211806 	-18.204309 	-21.594789 	-29.642856 	-42.919012 	-42.329681 	-57.078746 	-58.556290 	-57.549029 	-57.630384 	-57.798987 	-59.597824 	-60.952101 	-59.373637 	-57.377714 	-58.700829 	-60.907960 	
9.734507 	1.441392 	-8.399930 	-12.183071 	-13.474968 	-16.968178 	-23.813090 	-22.714568 	-23.476360 	-25.456992 	-25.838711 	-28.500751 	-33.079402 	-34.866442 	-37.461017 	-35.247826 	
9.630969 	1.215107 	1.143942 	2.164324 	-0.328301 	0.016113 	-0.767607 	-1.126801 	-4.625892 	-7.718282 	-14.600810 	-16.981351 	-30.506558 	-30.655998 	-34.744279 	-34.224572 	-37.423683 	-41.610257 	-43.815876 	
8.948996 	0.312428 	-2.504657 	-11.915994 	-30.402062 	-33.371313 	-48.245342 	-57.718166 	-57.358505 	-59.007654 	-58.731625 	-58.381152 	-58.388393 	-57.796713 	-59.221037 	-58.425122 	-61.085326 	-59.249844 	-59.721979 	-59.651508 	
9.780904 	2.082681 	-5.265260 	-5.671574 	-6.144976 	-5.810847 	-8.029197 	-11.069080 	-15.114697 	-15.310014 	-26.036956 	-28.076015 	-32.328462 	-30.345822 	-34.169205 	-33.077159 	-36.252152 	-40.728837 	-37.868747 	-40.642765 	-42.180081 	
9.583961 	5.977700 	-2.652309 	-5.469731 	-9.516657 	-12.464318 	-14.177652 	-16.105821 	-19.128896 	-18.708086 	-20.418198 	-19.803471 	-20.262645 	-21.575932 	-24.450193 	-21.644166 	-23.212025 	-23.256728 	-23.973584 	-26.695677 	
