10.084751 	-4.637783 	-4.184661 	-27.558347 	-29.219093 	-37.684475 	-46.987328 	-57.512153 	-58.309747 	-58.382385 	-56.872940 	-55.905946 	-57.813793 	
9.168367 	9.061284 	0.849753 	-17.272889 	-35.137564 	-59.006531 	-59.949953 	-62.591336 	-57.339830 	-58.911363 	-58.319836 	-58.091588 	-61.597283 	-58.408621 	-59.378029 	-58.377546 	-58.869668 	
10.017122 	-4.421619 	-19.741189 	-19.045545 	-32.552846 	-34.734661 	-57.240105 	-57.824849 	-60.265698 	-59.296424 	-57.846680 	-60.941553 	-58.275011 	-60.361688 	-58.201013 	-58.985514 	-59.038115 	-59.547357 	-59.062301 	
9.911632 	-21.891208 	-30.578745 	-43.367595 	-36.416529 	-39.774566 	-43.867953 	-45.097971 	-55.678129 	-59.971152 	-57.465279 	-57.743897 	-56.749623 	-56.898652 	-57.423637 	
9.948121 	5.081568 	2.497339 	-1.086188 	-7.563728 	-18.073742 	-21.740321 	-24.996599 	-28.471451 	-29.238249 	-40.258280 	-46.872651 	-61.402409 	-57.902932 	-57.935197 	-57.290592 	-59.289777 	-59.456509 	-58.791674 	-58.824254 	-61.824335 	
9.995370 	-55.863411 	-60.389222 	-59.716859 	-58.043290 	-57.636593 	-59.462887 	-58.197519 	-58.882455 	-58.126901 	-57.768906 	
10.042578 	-31.363904 	-37.277234 	-41.265691 	-59.750152 	-57.617060 	-57.936410 	-59.275669 	-62.324052 	-58.030867 	-62.160002 	-58.887976 	-60.600523 	-59.111990 	-58.238659 	-58.261084 	-60.180899 	
10.080824 	-18.270515 	-27.288018 	-51.328227 	-55.587197 	-56.330915 	-56.872545 	-62.161434 	-57.349768 	-59.244996 	-59.212264 	-60.201106 	-58.463258 	-58.939534 	-59.884705 	-60.264416 	-59.402386 	-59.116896 	-58.064351 	-60.350993 	
9.619900 	-0.370926 	-0.602375 	-35.473624 	-44.924556 	-57.759922 	-61.110004 	-60.384466 	-58.500189 	-59.245112 	-59.123533 	-58.548475 	-59.288654 	-57.551882 	-57.784453 	
9.549632 	-31.907243 	-38.417182 	-48.436913 	-51.288446 	-53.179118 	-53.705194 	-57.688110 	-59.359933 	-59.793080 	-58.973425 	-56.789278 	-58.200979 	
9.830826 	-0.533611 	-35.812417 	-36.279380 	-49.934710 	-58.409045 	-59.581079 	-57.354782 	-58.738749 	-58.821865 	-60.388396 	-58.728546 	-58.237142 	-59.725638 	-58.938600 	
8.373278 	9.119103 	-2.652137 	-7.615288 	-20.712309 	-41.123610 	-49.862751 	-60.424572 	-59.225491 	-58.438131 	-59.928728 	-58.627545 	-59.172151 	-59.605889 	-59.142826 	-59.787089 	-59.778300 	-63.229649 	-59.104046 	-58.478265 	-58.595746 	-60.729573 	-60.562977 	-60.027055 	-62.477867 	-59.062464 	-59.708379 	
9.733203 	-9.160267 	-18.536388 	-35.566532 	-38.325279 	-41.691338 	-43.181812 	-57.029487 	-62.937672 	-59.264624 	-58.603980 	-58.993645 	-58.226629 	-60.394855 	-59.443855 	-59.085228 	-57.822541 	-59.262187 	-57.937815 	-58.366999 	-57.684928 	-59.324228 	-59.544570 	
10.169257 	-15.260858 	-19.426114 	-51.509670 	-58.380879 	-58.354328 	-57.800793 	-58.605254 	-59.511745 	-59.282101 	-59.022302 	-57.257754 	-57.658793 	-61.378302 	-59.236158 	-58.144642 	
10.002780 	-22.344844 	-30.502950 	-29.366140 	-57.790401 	-57.549314 	-57.160069 	-56.956134 	-56.618620 	-59.236371 	-59.087358 	
9.541400 	2.417131 	-37.606946 	-58.799627 	-58.811949 	-59.179228 	-59.409763 	-58.476892 	-60.219797 	-59.460238 	-60.373554 	-59.016440 	-60.790089 	-58.203291 	-60.549455 	-58.755625 	
10.049394 	3.092553 	-21.237473 	-22.820229 	-38.624175 	-57.716973 	-59.313167 	-58.872065 	-58.097190 	-59.628981 	-59.421321 	-59.123241 	-60.423585 	-58.700938 	-57.943290 	-61.928608 	-60.822476 	-65.244623 	-60.386022 	-58.408550 	-58.594193 	-59.541641 	-58.464188 	-61.598085 	
9.678620 	-25.026177 	-39.824773 	-57.789323 	-58.737460 	-60.303423 	-60.515316 	-59.616625 	-61.055632 	-59.557474 	-58.272453 	-61.199148 	-58.255075 	-59.077484 	-58.386978 	
10.123941 	-10.533832 	-11.772577 	-27.032826 	-32.785898 	-57.042038 	-58.781964 	-57.174884 	-63.101736 	-59.237296 	-57.175706 	-57.487663 	-57.402070 	-59.178347 	-57.855000 	
9.685698 	-15.303193 	-15.501117 	-19.948733 	-24.272725 	-28.038394 	-42.652101 	-55.481464 	-58.191908 	-58.914858 	-57.703482 	-58.932955 	-58.217144 	-59.470837 	-59.047103 	-59.767649 	-59.016407 	
