9.988627 	-0.895970 	0.247776 	-4.039445 	-5.629205 	-18.867039 	-24.379882 	-36.800377 	-47.250343 	-54.634994 	-59.367449 	-58.189815 	-60.584079 	-57.701721 	-59.940659 	-58.931927 	-58.654034 	-59.772054 	-60.388182 	-57.934790 	
9.960060 	-12.145972 	-18.237778 	-22.363796 	-25.815427 	-47.051984 	-47.859000 	-55.468309 	-59.503527 	-59.781001 	-60.351560 	-58.073337 	-58.091188 	-59.281106 	-58.833691 	-59.771888 	-58.994826 	-58.552411 	-60.942677 	-58.859288 	-59.176444 	-59.180234 	
9.970585 	-4.947323 	-15.132358 	-25.596705 	-31.642784 	-57.921735 	-59.665402 	-59.781315 	-58.718759 	-58.229906 	-57.732135 	-58.941814 	-58.560097 	-57.879910 	-60.864106 	
9.710215 	-7.256006 	-30.699727 	-32.884743 	-43.113266 	-58.171839 	-58.831400 	-59.208339 	-59.572322 	-61.903972 	-59.687778 	-60.319493 	-59.032052 	-59.669603 	-58.592620 	-59.751799 	-59.438345 	-57.387040 	-58.916054 	
9.757552 	3.828716 	-7.224532 	-8.325555 	-12.347017 	-35.482540 	-36.828875 	-42.248397 	-48.047374 	-58.628493 	-62.266155 	-59.753416 	-58.471253 	-57.533303 	-58.275467 	-59.079611 	-58.080504 	-58.737736 	
10.028246 	1.532099 	2.597114 	-32.496068 	-31.759620 	-34.509931 	-37.169735 	-40.314159 	-49.667122 	-59.912205 	-58.180814 	-57.692058 	-58.557866 	-58.700316 	-58.922614 	-58.069164 	-61.487465 	-60.244275 	-58.503946 	-60.499479 	-58.412530 	
9.878971 	-0.480741 	-6.472920 	-11.595272 	-16.257521 	-16.928154 	-20.744838 	-23.366761 	-26.289361 	-29.287526 	-28.336281 	-32.361879 	-33.365373 	-32.286989 	-42.025939 	-44.175551 	-45.839974 	-45.487902 	-45.385858 	-46.223286 	-52.670223 	-55.544313 	-55.246485 	-57.043685 	-57.099448 	
9.747914 	0.558448 	-6.498639 	-12.674872 	-25.815385 	-37.151603 	-39.027711 	-47.450263 	-54.813626 	-57.303656 	-58.725250 	-58.079234 	-59.784177 	-60.177439 	-58.937890 	-59.533351 	-59.331561 	-59.542486 	-58.069532 	-59.667717 	-58.059353 	-59.310110 	-59.118084 	-61.916448 	-59.431577 	-59.811161 	-61.530837 	
10.226423 	1.816444 	-39.444620 	-58.114731 	-58.750122 	-57.213330 	-57.395685 	-58.844917 	-57.576445 	-59.439937 	-57.713339 	
9.770097 	-5.836033 	-5.994899 	-10.879192 	-19.210469 	-27.140182 	-29.776980 	-33.259910 	-42.099152 	-46.052913 	-49.744793 	-58.371883 	-62.104038 	-60.594701 	-57.775390 	-58.611421 	-58.963402 	-58.011118 	-57.991659 	-58.967352 	-60.621874 	
9.687292 	-1.766488 	-13.963420 	-25.739206 	-33.211359 	-34.522783 	-38.636961 	-47.812861 	-51.013739 	-56.502050 	-59.335952 	-58.839994 	-62.652863 	-58.945516 	-58.354078 	-57.931073 	-59.469712 	-57.512889 	
9.507901 	5.959556 	3.181277 	-4.859528 	-60.282822 	-58.872822 	-59.323561 	-59.922652 	-58.841323 	-58.663013 	-59.798114 	-58.150102 	-60.439712 	-58.883797 	-59.780039 	-58.050111 	-62.360437 	
9.879469 	-8.107509 	-24.775552 	-25.476307 	-31.993914 	-53.814678 	-58.355769 	-59.409135 	-61.919246 	-59.136856 	-57.465044 	-58.710189 	-57.177917 	
9.386989 	-1.949060 	-10.014787 	-15.201956 	-18.262232 	-19.098712 	-26.840979 	-40.842061 	-44.356997 	-44.082544 	-43.248891 	-49.589785 	-55.470537 	
9.690164 	-1.346053 	-11.762380 	-21.292183 	-47.884524 	-57.413940 	-59.202352 	-58.308381 	-60.479430 	-58.250358 	-58.867306 	-60.753119 	-58.021088 	
9.948513 	-0.434134 	-21.494519 	-22.231979 	-29.416883 	-27.406339 	-37.085385 	-35.129862 	-40.677296 	-42.504711 	-55.137692 	-61.881024 	-60.791639 	-61.425429 	-59.275657 	-58.233497 	-57.790620 	-58.258580 	-59.561273 	-58.983582 	-62.249145 	-58.264565 	-60.934546 	-58.315099 	
10.196763 	-32.330051 	-32.964712 	-57.358959 	-59.512926 	-58.805214 	-58.366901 	-59.964973 	-58.259929 	-59.425242 	-59.341083 	-59.009490 	-60.142819 	
9.705850 	-5.676845 	-17.186976 	-16.840990 	-21.186197 	-34.209428 	-47.023839 	-57.802396 	-62.061679 	-58.712927 	-59.187025 	-60.292209 	-59.161438 	-58.654550 	-59.200558 	-58.560935 	-57.938898 	-60.144844 	-61.086137 	-59.133714 	-59.276229 	
9.995281 	-6.087704 	-9.598281 	-30.094768 	-38.697434 	-55.361565 	-57.722171 	-57.573223 	-58.475727 	-60.682765 	-58.176405 	-58.033609 	-60.206174 	-58.594536 	-57.693920 	-58.084011 	-58.452131 	-58.009685 	-59.031875 	-59.583366 	-60.375387 	-59.647659 	
9.575038 	-7.234977 	-12.767936 	-22.632580 	-25.089480 	-31.868225 	-46.066798 	-49.970890 	-58.097712 	-58.072643 	-58.737268 	-57.905405 	-59.444227 	-59.397133 	-60.768546 	-59.777876 	-57.664136 	
