9.997191 	-15.984339 	-26.372845 	-27.028881 	-29.536659 	-34.059046 	-37.830126 	-57.320243 	-57.218363 	-57.502270 	-57.277816 	-60.405555 	-60.118711 	-58.601087 	-57.371154 	
10.012802 	-3.480226 	-6.747725 	-13.651289 	-16.707747 	-27.142164 	-27.802635 	-58.584120 	-58.563654 	-57.216270 	-60.082827 	-59.201148 	-59.123354 	-57.764939 	-59.440985 	-58.826602 	-58.238701 	-59.266914 	-58.151310 	-57.865000 	-57.985359 	
9.993151 	-7.328577 	-8.018067 	-25.306025 	-30.171714 	-29.537061 	-38.627263 	-46.203424 	-53.922794 	-56.841362 	-57.188005 	-57.376554 	-58.295109 	-58.137762 	-57.562190 	-58.107794 	
9.895407 	4.315088 	-9.703276 	-31.736687 	-41.869944 	-57.897087 	-59.126308 	-58.168419 	-59.736424 	-60.249954 	-59.662764 	-58.253405 	-61.515926 	-58.621592 	
9.822083 	-2.808041 	-14.654988 	-21.164192 	-39.082702 	-36.767046 	-59.398532 	-57.694442 	-58.492504 	-60.280319 	-59.972083 	-60.169096 	-57.938223 	-58.604889 	-61.019380 	-59.602489 	-60.529767 	-61.213770 	-59.140786 	-58.025943 	-58.829666 	-58.146737 	-60.544756 	-60.000587 	-58.426179 	
9.824439 	-2.270394 	-14.588277 	-16.926206 	-16.689338 	-21.803738 	-34.032498 	-42.617496 	-57.140505 	-58.999154 	-56.926270 	-59.353184 	-59.834175 	-57.860082 	-59.920039 	
10.251791 	-23.803308 	-40.382037 	-49.225638 	-53.668742 	-57.959438 	-57.910008 	-58.283715 	-58.451654 	-59.258908 	-57.904042 	-57.317986 	-58.964765 	-58.393584 	-61.237786 	
9.679296 	-43.362847 	-49.697788 	-58.732260 	-58.007107 	-61.671076 	-58.921381 	-58.678826 	-58.983440 	-58.212595 	-59.804504 	-58.288035 	-58.850370 	-58.831677 	-59.045746 	-60.639813 	-58.458955 	
9.746452 	-7.556396 	-12.557492 	-16.984419 	-31.317212 	-33.173549 	-58.194067 	-61.223445 	-61.027386 	-58.296024 	-58.468399 	-60.382608 	-56.744709 	-58.883311 	-58.318782 	
9.943226 	4.686615 	-6.088896 	-6.826249 	-13.097220 	-25.436595 	-31.066244 	-31.719258 	-44.254292 	-60.753933 	-60.978858 	-58.323883 	-57.422511 	-57.626117 	-60.710966 	-58.094870 	-58.931214 	-58.586417 	-59.087747 	-59.974219 	-57.949110 	-58.916703 	
10.275867 	-59.315710 	-59.436718 	-58.925191 	-57.661552 	-57.002318 	-58.030295 	-58.021717 	-57.385120 	
10.083443 	1.098570 	-7.246156 	-19.263619 	-50.725474 	-57.883600 	-60.244171 	-58.298911 	-58.196003 	-58.475804 	-58.109293 	-58.237697 	-59.389240 	-57.379030 	-61.032629 	-57.284867 	
10.064691 	-12.695886 	-16.314695 	-15.942899 	-25.317993 	-34.858355 	-39.887514 	-46.311820 	-53.013712 	-57.775204 	-58.048451 	-57.064949 	-58.065472 	-58.698658 	-58.691236 	-58.242795 	-58.586119 	-58.303848 	
10.243731 	-7.828652 	-21.508893 	-37.673250 	-59.097492 	-58.981952 	-58.432643 	-56.473551 	-57.640459 	
9.913662 	-0.588467 	0.386490 	-2.415498 	-3.514831 	-6.180497 	-10.140054 	-8.970904 	-10.703077 	-18.171690 	-17.894280 	-20.397651 	-18.753651 	-20.063613 	-21.293211 	-23.784852 	-25.154833 	-26.332790 	-28.616776 	-32.681831 	
9.922826 	3.906663 	-0.728753 	-11.717553 	-16.014384 	-23.967373 	-37.778954 	-45.766616 	-45.323620 	-57.573678 	-60.252950 	-62.234902 	-60.896144 	-57.942746 	-56.569261 	-59.296129 	-57.485536 	
9.879304 	-35.689538 	-46.596060 	-49.723062 	-58.408526 	-56.980611 	-60.326969 	-57.754075 	-59.876848 	-58.229972 	-57.031445 	-57.177810 	-59.049887 	
10.166895 	-0.358676 	-11.348887 	-13.169415 	-27.470418 	-32.805963 	-34.286345 	-45.248828 	-61.408044 	-58.254280 	-59.715717 	-59.520264 	-63.132569 	-60.030661 	-63.826281 	-58.111380 	-58.474703 	-58.918111 	-58.107340 	-58.836093 	-60.011888 	-59.220628 	-59.771114 	-59.801270 	
9.667235 	5.710887 	4.555102 	-1.574102 	-7.477862 	-14.649554 	-18.223051 	-20.304527 	-22.179737 	-43.413422 	-49.489685 	-57.571174 	-58.743870 	-59.240478 	-60.320726 	-58.260780 	-60.364114 	-58.683005 	-59.110115 	-60.304961 	-59.648279 	-58.608869 	
9.729417 	-7.872967 	-8.937759 	-29.171168 	-35.491101 	-41.438434 	-58.764431 	-60.154608 	-57.557013 	-59.240321 	-58.487908 	-57.055346 	
