9.520865 	8.288500 	-27.173464 	-59.982507 	-57.462271 	-59.813234 	-59.086870 	-59.690327 	-58.092642 	-60.669739 	-62.834362 	-57.055835 	-58.993575 	-58.698604 	-62.993809 	-59.694762 	-58.602620 	-60.733864 	
10.052909 	-10.266976 	-14.178306 	-56.064403 	-58.541790 	-57.258650 	-59.280458 	-60.272221 	-57.959043 	-59.559721 	-59.023114 	-57.296066 	
9.886700 	-4.882600 	-7.833065 	-9.436628 	-21.516777 	-21.364081 	-39.488497 	-43.288352 	-50.375437 	-58.882624 	-58.002624 	-57.638392 	-59.340167 	-60.299028 	-58.268535 	-58.846788 	-58.408950 	-59.883631 	-58.617705 	-58.906624 	-58.969831 	-61.602412 	-58.406734 	-59.837473 	-57.620419 	
9.500844 	-10.425445 	-7.504084 	-6.816592 	-16.194447 	-24.292139 	-29.365234 	-32.728438 	-31.953105 	-36.959114 	-43.400423 	-48.112265 	-58.005687 	-59.008656 	-60.910806 	-60.481843 	-56.902850 	-58.235384 	-58.343868 	-58.455572 	
9.493583 	-6.863580 	-17.794932 	-18.874302 	-27.050433 	-41.470824 	-44.068357 	-48.294065 	-50.936907 	-59.858410 	-60.372852 	-61.581794 	-58.923141 	-59.295817 	-60.207313 	-62.155970 	-59.541216 	-59.030319 	-61.800453 	-58.476312 	-58.497937 	-59.417480 	-59.135539 	-59.257449 	-58.590965 	
9.527163 	-10.165322 	-16.559560 	-20.675527 	-23.393588 	-28.669315 	-44.018677 	-52.220802 	-53.274473 	-58.145324 	-59.543485 	-59.929941 	-60.561282 	-59.656936 	-60.085198 	-61.291934 	-59.679585 	-59.344821 	-57.354441 	-61.075276 	-58.576761 	-58.454002 	-58.550539 	-59.785081 	-59.988407 	
10.350852 	-15.083391 	-30.707009 	-31.480870 	-40.400898 	-49.639551 	-48.229141 	-51.879537 	-57.846231 	-57.430614 	-59.149145 	-61.864548 	-57.609355 	-58.752170 	-56.858402 	-60.407696 	-59.428733 	
10.010017 	2.072535 	-7.261763 	-11.644801 	-22.097046 	-40.383032 	-44.453148 	-53.326334 	-57.766625 	-59.475724 	-57.409422 	-58.250306 	-59.780230 	-57.567778 	-58.531172 	-58.903724 	
9.572949 	-30.133319 	-58.321946 	-58.770624 	-58.635370 	-59.149865 	-58.169420 	-57.700784 	-60.201072 	-61.690900 	-59.009110 	-58.184561 	-58.221724 	-59.383108 	-57.742403 	-57.919848 	-58.529552 	-58.838309 	-60.147651 	
10.196855 	3.174253 	-6.716187 	-4.333490 	-7.543011 	-11.948653 	-15.556293 	-28.139034 	-61.931872 	-57.669817 	-58.962251 	-60.841820 	-59.695713 	-57.680127 	-57.669447 	-58.795757 	-58.619027 	-61.262312 	-60.066620 	-58.581035 	-61.108392 	-60.685025 	
9.949455 	-5.955276 	-25.773319 	-52.528138 	-58.363007 	-58.812610 	-57.418343 	-58.545748 	-58.330721 	-60.421618 	-58.757351 	-59.863772 	-58.322064 	-58.651866 	-60.355834 	-60.850731 	-58.841643 	-58.279533 	
10.008892 	-3.867609 	-14.513083 	-24.327695 	-25.617238 	-49.741565 	-57.635010 	-59.847978 	-58.988072 	-59.695926 	-58.869612 	-60.958024 	-58.531527 	-58.638458 	-58.216369 	-57.180754 	-58.328642 	-58.571510 	
9.830996 	2.202462 	-2.609005 	-2.018072 	-2.540695 	-4.713045 	-8.039988 	-15.177155 	-34.456587 	-36.567823 	-44.243890 	-47.112273 	-49.288292 	-50.677661 	-54.494231 	-54.270577 	-53.561348 	-59.831270 	-55.565669 	-56.729071 	-57.649562 	
9.708779 	8.361831 	-24.329259 	-37.637089 	-39.899784 	-58.348533 	-59.792258 	-58.419433 	-58.855699 	-58.547602 	-58.950411 	-58.748523 	-57.913516 	-58.992158 	-62.238738 	-64.492297 	-60.569599 	-58.956911 	
10.094589 	-33.538503 	-58.192808 	-58.525980 	-57.216127 	-59.553982 	-57.847198 	-57.772496 	-57.557798 	-57.825333 	-58.638519 	-58.157212 	
9.534356 	-19.033051 	-29.659908 	-58.201018 	-59.848950 	-59.111206 	-58.425243 	-59.247121 	-58.684200 	-61.123203 	
9.851703 	-7.403895 	-9.387995 	-63.001595 	-58.257151 	-58.957603 	-58.016922 	-59.533729 	-57.600180 	-59.337698 	-59.502440 	-57.463075 	-60.189364 	
9.945219 	-2.261005 	-2.805331 	-12.376816 	-25.611293 	-26.342709 	-45.230679 	-50.587254 	-58.452032 	-58.171722 	-62.012801 	-58.723654 	-58.957990 	-58.284192 	-61.083582 	-58.806601 	-58.752556 	-60.272946 	
9.917772 	-4.814266 	-8.035001 	-6.192097 	-12.050210 	-18.339557 	-26.427891 	-29.349693 	-32.693301 	-37.586718 	-38.703214 	-44.622428 	-50.257684 	-59.283854 	-58.971691 	-59.386334 	-58.414029 	-56.886037 	-59.229531 	-58.590199 	-58.364232 	
9.925024 	-13.405471 	-22.274566 	-25.677698 	-28.569530 	-59.676388 	-59.306246 	-59.783498 	-59.324693 	-60.967913 	-57.607086 	-59.827211 	-59.807028 	-58.338990 	-58.806578 	-59.466575 	
