9.618151 	6.244136 	4.083008 	-8.364504 	-6.064601 	-6.922460 	-15.534722 	-17.735588 	-21.440155 	-39.226214 	-45.768219 	-46.542857 	-50.840584 	-56.504792 	-54.653039 	-55.698097 	-55.856983 	-55.857673 	-57.102609 	-57.824164 	
8.996591 	-4.046692 	-5.388629 	-23.035764 	-25.043903 	-28.016168 	-29.364672 	-31.968464 	-34.247333 	-34.652085 	-36.810617 	-42.014664 	-41.605024 	
9.824585 	-2.013991 	-9.816320 	-15.102258 	-46.324883 	-47.838133 	-44.498649 	-47.637077 	-59.022753 	-58.800724 	-60.193851 	-60.444938 	-58.256152 	-58.429038 	-58.582878 	-58.669596 	-57.894604 	-58.261450 	
9.314759 	2.833860 	-12.934518 	-23.504450 	-25.816876 	-24.028765 	-44.146860 	-48.718458 	-52.783644 	-54.178551 	-57.428983 	-60.193663 	-59.574705 	
9.622639 	-9.544175 	-16.547530 	-42.552333 	-58.940047 	-59.899955 	-58.586292 	-64.040437 	-59.788949 	-57.798066 	-59.711982 	-58.759362 	-60.386247 	-59.270507 	-58.477228 	-58.682630 	-60.623689 	
9.877655 	2.094279 	-7.213910 	-17.117386 	-33.975940 	-46.805060 	-58.710250 	-57.917613 	-60.187519 	-59.857512 	-58.495703 	-58.163333 	-57.846210 	-61.703448 	
10.126226 	6.912385 	1.818897 	-12.439241 	-11.012912 	-13.364328 	-23.913557 	-28.332374 	-26.172005 	-28.793280 	-39.432385 	-45.628836 	-55.439266 	-55.012232 	-57.567990 	-60.138683 	-56.347894 	-60.107801 	-58.732525 	-57.828547 	-56.581492 	-57.373673 	-56.442782 	-58.524337 	-58.507992 	-56.743364 	-58.987986 	-58.014193 	
9.763934 	-0.427412 	3.250157 	0.791176 	-1.513553 	-6.700348 	-20.087525 	-20.454519 	-29.689489 	-48.899252 	-51.413794 	-57.734949 	-59.399799 	-56.326431 	-61.518095 	-56.854664 	-56.284258 	-58.561566 	-57.920646 	
9.397740 	-12.012416 	-15.720546 	-37.021099 	-48.177554 	-49.287212 	-51.841892 	-58.418345 	-59.794791 	-58.156513 	-60.601818 	-60.821105 	-59.998493 	-59.135692 	-60.765030 	-58.955070 	-59.178198 	-58.598260 	
9.611910 	5.414114 	-6.098725 	-15.755692 	-27.546989 	-31.876285 	-35.658501 	-34.744214 	-51.406695 	-54.347763 	-53.960427 	-57.955820 	-57.181936 	-56.148984 	
10.147603 	-21.485425 	-22.698692 	-24.898234 	-37.157264 	-37.796800 	-49.215557 	-56.084224 	-58.152528 	-58.637519 	-59.846132 	-62.086137 	-57.006010 	-58.432799 	-59.849854 	
9.759009 	-12.715222 	-15.798917 	-19.799003 	-20.128062 	-24.984524 	-25.777864 	-43.257705 	-41.696418 	-44.256824 	-49.220553 	-58.831301 	-60.146827 	-57.236578 	-58.212093 	-58.717186 	-58.424971 	-60.646602 	-57.550663 	-57.917287 	-58.094187 	
9.874961 	5.754318 	2.889473 	-1.467033 	-2.609685 	-8.579009 	-6.560707 	-8.819491 	-9.244346 	-9.781940 	-8.408143 	-9.811321 	-10.084637 	-10.283256 	-13.787950 	-13.348283 	-13.793084 	-16.404039 	
9.459429 	-0.637347 	-3.164035 	-19.928004 	-33.656342 	-49.068942 	-59.939630 	-57.379697 	-58.479304 	-58.000632 	-60.020444 	-58.391854 	-59.678396 	-59.790303 	
9.959133 	-14.889972 	-37.168304 	-57.358397 	-58.417408 	-57.797620 	-58.189757 	-56.646215 	-58.206952 	
10.142461 	-2.088828 	-4.670533 	-14.113885 	-23.720502 	-27.316476 	-28.537812 	-29.256973 	-38.737382 	-52.200245 	-56.681296 	-55.143587 	-57.104076 	-56.874281 	-57.373716 	-56.225810 	
9.971793 	0.371939 	-19.994059 	-24.838920 	-23.554605 	-29.141288 	-30.673100 	-50.354202 	-59.271568 	-59.587929 	-57.387934 	-58.781590 	-58.797635 	-58.110393 	-58.610034 	-57.985256 	-60.249570 	-58.726938 	-58.806345 	-60.974836 	-58.742774 	-61.844761 	-59.139076 	-61.202883 	
9.771475 	6.823840 	1.004910 	-1.784306 	-11.875508 	-39.571033 	-47.866547 	-51.128675 	-58.300708 	-57.842322 	-58.206389 	-59.082684 	-59.072419 	-58.617425 	-58.750706 	-59.343291 	-59.033715 	-59.583574 	-61.490755 	-57.612835 	-59.792782 	-62.801094 	-59.403278 	-59.078018 	-59.190084 	-57.738963 	
9.638498 	3.881000 	3.003386 	1.458545 	0.824521 	2.454036 	-0.548592 	-0.195904 	-8.625493 	-9.872177 	-11.055478 	-12.847400 	-10.614068 	-13.890989 	-16.938696 	-15.208455 	-15.425231 	
9.377180 	4.064920 	-1.912099 	-41.099835 	-59.757403 	-58.525844 	-59.429325 	-59.412180 	-57.838704 	-58.264869 	-57.019888 	-59.808216 	
9.487600 	5.848435 	-20.666616 	-26.737304 	-38.020608 	-39.955632 	-42.473302 	-49.945033 	-59.288007 	-56.652357 	-59.265932 	-61.403468 	-58.070504 	-59.576270 	-57.639086 	-59.342622 	-57.034250 	-57.765958 	
9.494769 	5.436508 	2.558125 	-0.403843 	2.533252 	-0.605526 	-0.645999 	-4.527799 	-10.762423 	-12.586263 	-14.832406 	-15.782855 	-18.267070 	-19.328250 	-19.734795 	-20.480176 	-21.251111 	-20.627887 	-22.803317 	-23.224227 	-24.031180 	
9.521966 	3.239517 	1.288171 	-1.609961 	-12.867260 	-19.458041 	-29.512143 	-37.887774 	-38.974746 	-40.890544 	-40.376398 	-43.024699 	-45.389619 	-45.206980 	-45.672491 	-47.383724 	-49.346502 	-47.635392 	-48.640754 	-52.248770 	-57.327089 	
