9.909074 	-2.374272 	-4.299977 	-12.185023 	-22.566134 	-33.933392 	-41.952301 	-39.750853 	-45.350142 	-50.822895 	-54.803679 	-54.170827 	-58.132086 	-58.849862 	-59.315846 	-58.632519 	-57.449663 	-57.678252 	-57.191910 	-58.424507 	-60.091768 	-60.923609 	-60.427331 	
9.954222 	-5.494099 	-4.088452 	-9.863483 	-23.828365 	-35.380734 	-61.595137 	-60.183460 	-59.046086 	-59.293455 	-57.622069 	-59.594537 	-60.611533 	-59.238466 	-59.707688 	-57.110138 	
9.557435 	3.030969 	-4.004630 	-11.574620 	-12.112779 	-13.284588 	-22.569434 	-22.995289 	-29.281119 	-32.186725 	-34.592662 	-35.613409 	-37.817731 	-40.792074 	-43.001683 	-44.614666 	-41.723176 	-46.638255 	-44.229361 	-46.068278 	-45.873482 	
9.347335 	4.487204 	-5.334072 	-8.628040 	-14.561911 	-15.416722 	-21.593400 	-23.662391 	-30.483836 	-54.498437 	-57.444211 	-58.641521 	-56.465211 	
9.797643 	-24.886147 	-59.990518 	-60.420288 	-57.850077 	-60.457729 	-60.688146 	-58.569730 	-58.192727 	-59.893023 	-60.484867 	-58.057355 	-58.454051 	-59.112497 	
9.692836 	-3.165312 	-0.932963 	-2.194998 	-5.669675 	-19.457976 	-58.814518 	-63.908668 	-61.501106 	-57.904987 	-58.572684 	-58.331959 	-63.241206 	-60.348651 	-58.916618 	-59.685197 	-59.515261 	-58.703095 	-60.835673 	
9.516212 	0.033444 	-1.516188 	-6.914393 	-14.655539 	-19.410239 	-27.698477 	-24.837613 	-30.501040 	-33.969625 	-36.839914 	-37.932367 	-58.696920 	-57.820911 	-58.626000 	-62.563612 	-59.454388 	-60.179718 	-60.308573 	-59.226951 	-59.126012 	-58.851708 	-59.922842 	-61.633738 	-62.316519 	-60.300494 	-61.830997 	-58.625481 	-59.340422 	-59.384006 	
9.702408 	-47.557699 	-46.662280 	-50.581107 	-57.594008 	-59.261467 	-57.825661 	-56.675687 	-59.512835 	-59.858991 	-58.435984 	-57.438018 	
9.689087 	6.901438 	0.511928 	-13.314092 	-16.827611 	-19.080874 	-57.414440 	-58.902228 	-58.314050 	-59.132153 	-58.437233 	-58.580188 	-60.205274 	-58.408681 	-59.479501 	-58.939488 	-61.496269 	-57.651191 	-57.423269 	-58.574505 	-61.295387 	
9.875808 	-18.823993 	-20.506578 	-27.741394 	-48.359151 	-55.894816 	-58.617155 	-57.862256 	-57.158095 	-58.199936 	-58.754820 	-60.596925 	-59.175537 	-60.729436 	
9.981106 	-9.710076 	-14.857686 	-14.299156 	-21.170753 	-32.160743 	-38.176133 	-57.107308 	-56.221682 	-58.968492 	-58.757300 	-60.398067 	-60.034142 	-58.491930 	-59.024031 	-59.019818 	-58.856286 	-59.160236 	-59.180824 	-58.649277 	-58.674572 	-58.805838 	-61.601781 	-59.979316 	-58.625382 	-58.201802 	-61.947088 	-58.027552 	
10.250039 	-18.685890 	-59.172440 	-60.236967 	-59.036137 	-57.154798 	-57.414574 	-56.699235 	-57.178281 	-58.656148 	-58.153855 	-61.212718 	-57.619294 	-57.524078 	
10.000032 	7.388862 	2.210405 	-14.812324 	-16.080567 	-19.591105 	-26.451174 	-58.282557 	-57.830352 	-59.435461 	-58.940005 	-58.087276 	-60.618030 	-60.429937 	-57.481382 	-60.214450 	-58.922306 	-57.748049 	-61.280771 	-58.209496 	
9.915391 	-12.117973 	-28.043741 	-57.414339 	-60.634336 	-59.447868 	-58.715426 	-58.974118 	-58.321054 	-58.968578 	-58.758970 	-60.192862 	-58.263319 	-62.151231 	-57.136503 	-58.690800 	-57.652625 	
9.464074 	-2.805969 	-6.561117 	-13.817104 	-48.224380 	-48.473658 	-59.106265 	-58.669534 	-58.426205 	-58.783181 	-58.610586 	-58.747654 	-60.982880 	-59.277793 	-58.022284 	-60.998711 	-59.354500 	
9.669595 	-5.675465 	-8.834679 	-11.143971 	-12.377909 	-19.477740 	-27.593548 	-28.351390 	-32.384995 	-36.801580 	-48.191120 	-49.620521 	-53.668588 	-56.089250 	-57.363279 	-58.206641 	-59.566691 	-59.376648 	-58.501568 	-57.324802 	-56.083874 	-57.116854 	
10.083980 	2.607262 	-4.551113 	-43.699188 	-52.355340 	-54.376162 	-57.778410 	-57.774711 	-58.023234 	-58.888292 	-59.724984 	-58.731682 	-60.895789 	-59.027317 	-58.691943 	-64.029296 	-58.969545 	-62.410265 	-59.562227 	-62.788956 	-58.023512 	-58.467592 	-58.286898 	-58.861194 	-57.757241 	-59.908690 	-59.987386 	
9.486552 	-54.050196 	-56.667754 	-55.626704 	-60.440076 	-59.567402 	-60.200656 	-59.694676 	-59.306850 	-62.587361 	-59.057584 	-58.960939 	-58.873570 	-59.392917 	-58.236832 	
9.563212 	-11.755548 	-48.576979 	-57.433290 	-60.758121 	-59.010717 	-59.372710 	-58.786641 	-60.375063 	-59.080305 	-60.126763 	-58.081087 	-58.762148 	-59.228916 	-58.685466 	-59.118448 	-59.966862 	-60.346624 	-58.844978 	
9.588245 	-23.854306 	-20.987224 	-29.648243 	-47.828032 	-43.248560 	-56.408591 	-57.665939 	-59.609033 	-59.510366 	-58.320183 	-60.313788 	-60.254433 	-57.065964 	-59.607640 	-57.853844 	
