9.654971 	3.358506 	4.120616 	2.486757 	2.643806 	1.682515 	1.304832 	-8.547385 	-8.974521 	-8.536564 	-7.826950 	-14.897940 	-8.981285 	-11.234226 	-10.496541 	-12.879198 	-10.273365 	-13.576850 	
9.477803 	3.800461 	-1.788974 	-8.320581 	-11.956592 	-15.526999 	-21.777185 	-23.197340 	-21.684741 	-27.498767 	-26.293849 	-30.286538 	-31.788505 	
9.898733 	5.497662 	1.711975 	0.596803 	-1.437934 	-4.649385 	-17.493659 	-19.539797 	-18.679212 	-23.762616 	-33.573615 	-35.061312 	-35.488526 	-41.063166 	-43.279010 	-45.163434 	-44.993719 	-48.197867 	-49.753507 	-49.142998 	-51.099011 	-51.347778 	-54.854419 	-57.018927 	
9.411255 	-2.283876 	-2.794554 	-2.684258 	-24.238220 	-25.772081 	-46.734921 	-56.793505 	-59.001409 	-57.460555 	-58.213599 	-64.116825 	-58.877661 	-57.182412 	-58.824844 	
9.832346 	6.702282 	4.581387 	0.158548 	-0.695645 	-8.771215 	-9.397532 	-10.538426 	-10.028728 	-14.312642 	-17.957702 	-17.911957 	-22.375610 	-23.682834 	-21.839633 	-22.162699 	-23.163427 	-22.156975 	-25.027220 	-31.907885 	
10.001864 	1.444039 	1.483790 	-3.765442 	-1.298941 	-6.781841 	-5.918273 	-5.776812 	-18.503649 	-18.207112 	-20.240627 	-21.654568 	-23.301908 	-27.745915 	-29.907382 	-31.026149 	-28.573054 	-30.876966 	-31.397072 	-33.148318 	-33.217195 	
9.566009 	-0.914025 	0.334289 	-0.994685 	-1.306438 	-1.426092 	-3.733650 	-5.642052 	-11.080165 	-10.332808 	-10.344011 	-10.778075 	-13.967232 	-11.990926 	-14.876758 	-10.524587 	-11.784452 	-12.632835 	-14.313768 	-15.156422 	-15.129487 	-14.072278 	-19.389883 	
9.985395 	-8.303740 	-10.418652 	-20.932581 	-24.790158 	-27.915762 	-44.627195 	-58.734103 	-54.460871 	-59.571471 	-58.744600 	-58.784796 	-58.863301 	-59.895888 	-59.413438 	-59.286040 	-58.712273 	-59.036022 	-58.849232 	-59.037797 	-58.402155 	
9.650301 	6.167489 	0.682583 	0.752205 	-7.604787 	-8.733836 	-14.379863 	-16.042005 	-18.664418 	-26.604404 	-33.487476 	-38.271878 	-50.723768 	-54.891888 	-57.575912 	-56.436381 	-56.771944 	-56.426850 	-57.466146 	
9.601176 	4.624590 	-10.038897 	-33.270038 	-47.840763 	-54.458154 	-58.202248 	-58.341214 	-58.512027 	-59.232025 	-59.551946 	-59.815845 	-58.019921 	-58.713052 	-60.422526 	-57.356025 	-60.268117 	
9.514347 	4.630559 	2.702537 	3.958380 	1.119069 	-0.450491 	-0.847641 	-0.668359 	-1.004907 	-1.366523 	-4.695312 	-6.712036 	-7.728403 	-10.345412 	-8.783859 	-10.013270 	-14.465902 	-15.217690 	-15.044106 	-15.358670 	
9.926908 	-8.000445 	-12.023276 	-21.954659 	-31.528537 	-33.782401 	-40.223190 	-55.470519 	-55.347360 	-56.540530 	-57.493415 	-56.770283 	-57.234053 	-56.890949 	
9.829848 	6.817194 	6.173927 	5.818804 	3.524563 	2.101597 	2.770589 	3.280719 	1.334794 	1.916358 	1.792936 	2.325767 	0.797933 	1.799566 	2.164273 	1.552439 	1.934861 	-0.144567 	-0.062342 	1.239873 	-1.988452 	1.657294 	2.190863 	-2.856224 	-0.441271 	-2.118010 	0.052668 	-0.805224 	-0.317063 	-1.037439 	0.971798 	1.412833 	1.521387 	0.088297 	-0.583116 	-0.347892 	-1.611429 	0.664961 	0.041553 	0.436570 	-0.571772 	-1.167940 	0.862761 	0.371416 	-2.714444 	0.878817 	-0.384951 	-1.861382 	-0.819911 	-1.822744 	0.609965 	-1.381628 	-2.575524 	-1.705360 	-0.094403 	-0.043027 	-1.683971 	0.900101 	0.397484 	-0.774595 	-0.627318 	-2.751038 	-0.250992 	-0.614587 	-0.849351 	0.247088 	-0.987234 	-1.469622 	-2.931747 	-2.649468 	-2.317341 	-2.109267 	-0.769672 	-0.946219 	-0.613600 	-0.795810 	-0.228095 	-0.023505 	-1.913122 	-0.759717 	-2.201335 	-1.791045 	-0.464820 	0.714494 	-0.315900 	-1.973996 	-2.498816 	-1.610095 	0.150464 	-0.490245 	-3.581862 	-3.801851 	-0.706741 	-1.770687 	-3.317919 	-2.245556 	-2.325889 	-0.487216 	-3.971788 	-1.535008 	-1.018953 	-2.554812 	-3.784103 	-0.676124 	-0.168429 	-3.575298 	-2.808983 	-2.084496 	-1.929081 	-4.714654 	-0.541531 	-1.231971 	-1.708440 	-1.825750 	-1.002087 	-1.239513 	-3.235133 	-4.637516 	-1.423730 	-3.744523 	-1.764549 	-4.326469 	-0.599451 	-3.469587 	-1.756867 	-1.754203 	-1.025557 	-0.437387 	-4.183938 	-1.414256 	-1.774861 	-4.703308 	-3.616129 	-3.774154 	-3.504845 	-1.990318 	-2.864248 	-1.539499 	-1.345569 	-2.457742 	-0.960349 	-1.630319 	-7.561894 	-1.763890 	-2.877600 	-2.761347 	-2.540776 	-1.045243 	-2.939355 	-3.741762 	-1.702869 	-2.210507 	-4.594790 	-0.767186 	-1.163907 	-1.674660 	-1.789846 	-7.648701 	-3.418665 	0.023182 	-1.942010 	-1.074439 	-2.013385 	-1.302429 	-1.851894 	-2.923740 	-0.723357 	-1.459012 	-1.946307 	-3.837349 	-3.947758 	-1.819727 	-1.884011 	-3.901395 	-1.193031 	-2.502885 	-1.718133 	-1.826326 	-1.929794 	-4.012477 	-1.614434 	-2.694590 	-1.577702 	-2.817547 	-2.136928 	-2.057906 	-3.956286 	-3.951142 	-2.239318 	-5.206830 	-2.851345 	-4.153731 	-3.643538 	-4.943404 	-2.563115 	-3.007342 	-4.486188 	-5.313033 	-3.072438 	-0.760063 	-1.420914 	-5.449345 	-2.701597 	-2.313122 	-4.893052 	-3.306503 	-2.153925 	-1.282722 	-2.698274 	-4.109096 	-1.829003 	-1.885587 	-2.327072 	-2.465909 	-1.850467 	-1.739594 	-7.028126 	-5.454115 	-4.272947 	-2.395555 	-3.320706 	-4.343634 	-1.806643 	-2.972703 	-0.914323 	-0.919563 	-2.003074 	-1.076873 	-1.127651 	-3.736228 	-2.108345 	-2.959686 	-2.049010 	-2.242484 	-2.690706 	-1.909855 	-1.481347 	-0.516087 	-3.649354 	-3.663405 	-1.990330 	-3.869566 	-0.480091 	-2.312939 	-2.631641 	-1.910946 	-1.725031 	-3.578489 	-3.812064 	-2.284904 	-3.059468 	-1.586584 	-3.745428 	-1.927923 	-3.206578 	-2.065855 	-2.474095 	-3.465519 	-2.643030 	-4.566449 	-4.852766 	-0.794737 	-8.684544 	-3.666400 	-2.089900 	-2.181006 	-3.161129 	-2.033576 	-1.436590 	-0.766078 	-3.250834 	-2.202857 	-3.097723 	-2.258932 	-1.566144 	-1.499539 	-3.843212 	-2.718305 	-2.579074 	-5.195073 	-2.418789 	-3.564180 	-3.160534 	-2.612926 	-1.314905 	-2.804480 	-2.952997 	-3.982819 	-3.781948 	-1.231019 	-2.315977 	-2.080433 	-2.629135 	-3.701025 	-2.733681 	-2.233706 	-4.089829 	-0.777832 	-3.744031 	-2.043052 	-4.103559 	-2.545060 	-6.053070 	-3.005511 	-4.303435 	-4.323797 	-3.565266 	-3.060916 	-1.451155 	-2.504750 	-2.531896 	-2.023890 	-2.022419 	-1.708566 	-1.333552 	-2.144731 	-2.604236 	-1.786629 	-2.245301 	-6.750786 	-1.236539 	-4.329095 	-2.454180 	-3.542742 	-3.757118 	-2.778313 	-3.122705 	-4.560839 	-1.688215 	-3.060067 	-1.623653 	-1.614287 	-3.762773 	-4.078145 	-2.624173 	-4.107145 	-3.266024 	-3.445322 	-2.020624 	-3.461969 	-2.973315 	-3.093975 	-2.759780 	-1.631556 	-3.705174 	-4.833608 	-2.122982 	-4.349548 	-3.249563 	-5.572660 	-3.809649 	-3.751503 	-1.763381 	-2.701313 	-1.714478 	-2.443639 	-3.348531 	-2.917317 	-4.578990 	-3.231003 	-3.131367 	-4.371008 	-2.860837 	-2.237221 	-3.221785 	-2.480866 	-2.083376 	-2.909520 	-2.593134 	-3.196708 	-4.688570 	-2.731789 	-2.154469 	-2.610742 	-2.906744 	-2.375697 	-2.294215 	-2.147426 	-1.807945 	-1.963220 	-3.120989 	-2.867902 	-2.892086 	-3.808802 	-3.450625 	-3.448717 	-3.286847 	-3.409315 	-5.274785 	-1.987530 	-4.183867 	-3.945159 	-1.888121 	-1.505533 	-2.905987 	-3.933114 	-2.933974 	-1.939719 	-2.866256 	-2.353911 	-2.360175 	-1.868095 	-3.767748 	-2.016654 	-4.554847 	-1.976953 	-3.974739 	-2.365101 	-4.009339 	-4.225822 	-3.184995 	-4.143918 	-4.418768 	-4.841836 	-3.982152 	-2.863437 	-2.026941 	-3.382333 	-2.958074 	-3.638582 	-2.937929 	-2.244133 	-4.764554 	-4.407290 	-4.484708 	-1.982121 	-4.365369 	-2.764558 	-1.625985 	-3.693106 	-2.287267 	-3.324802 	-3.543653 	-1.924469 	-2.464275 	-2.366577 	-2.947499 	-2.714757 	-4.064731 	-3.390914 	-3.555623 	-3.279086 	-3.206363 	-3.108660 	-3.600023 	-5.197314 	-2.905617 	-5.070953 	-4.033961 	-4.724271 	-1.825765 	-4.505065 	-3.089729 	-3.810223 	-3.692960 	-1.783031 	-1.051838 	-3.885724 	-3.836193 	-4.989246 	-2.079220 	-3.568008 	-1.147572 	-3.316865 	-6.595562 	-2.967897 	-3.415850 	-2.060880 	-2.713710 	-4.260059 	-2.982065 	-2.646425 	-5.818654 	-3.434829 	-3.913794 	-1.325374 	-4.154509 	-5.609119 	-3.040246 	-2.906489 	-3.786209 	-5.541551 	-5.901375 	-3.559881 	-4.783980 	-3.249806 	-2.371495 	-3.318005 	-2.437292 	-3.201821 	-2.767006 	-2.541208 	-2.585260 	-3.585089 	-2.753841 	-3.872535 	-5.305506 	-3.326502 	-2.657718 	-5.008622 	-2.929819 	-3.403226 	-4.013098 	-3.077560 	-2.440739 	-3.044077 	-5.583955 	-3.183127 	-3.735895 	-2.945770 	-4.955700 	-2.101695 	-2.434386 	-3.173818 	-3.230069 	-3.218875 	-1.742623 	-2.104327 	-3.824831 	-2.283093 	-2.758504 	-5.397934 	-3.622005 	-2.171828 	-2.540807 	-5.701088 	-3.401972 	-1.877075 	-3.435760 	-2.233959 	-3.556094 	-5.236143 	-6.739665 	-5.046578 	-3.124898 	-3.614102 	-5.001863 	-5.308733 	-2.299960 	-2.860087 	-3.712869 	-6.051806 	-4.078508 	-3.564837 	-4.408919 	-4.510948 	-3.883046 	-3.200461 	-2.677964 	-2.940671 	-2.670506 	-3.747909 	-4.540894 	-3.638952 	-5.962405 	-4.565847 	-3.548379 	-3.930408 	-2.170144 	-3.652090 	-3.051032 	-3.867556 	-5.093983 	-5.200684 	-4.733772 	-3.599570 	-3.462946 	-3.428767 	-3.211218 	-4.040733 	-4.312178 	-3.120829 	-2.239912 	-5.719168 	-5.215836 	-4.166053 	-3.871978 	-4.118645 	-3.235164 	-2.783722 	-2.196456 	-2.646045 	-2.176217 	-3.342629 	-4.025062 	-3.499921 	-4.677564 	-6.264141 	-2.979483 	-2.470141 	-4.085813 	-4.784355 	-6.826527 	-2.836256 	-3.087607 	-4.338722 	-2.215322 	-4.345569 	-3.420957 	-4.295189 	-4.241593 	-2.326675 	-3.353874 	-3.760880 	-3.250248 	-2.138086 	-4.294700 	-2.994796 	-4.337308 	-2.464437 	-3.349402 	-3.360422 	-3.534080 	-3.309970 	-3.079794 	-6.025918 	-4.572760 	-2.985116 	-4.952768 	-3.693007 	-5.104068 	-2.725466 	-3.957498 	-3.511444 	-3.533660 	-4.078836 	-3.197140 	-3.897026 	-5.275912 	-4.158667 	-4.283766 	-3.462762 	-4.665591 	-6.893726 	-5.756897 	-4.029510 	-3.140053 	-3.065198 	-5.248657 	-1.525056 	-2.294850 	-6.515796 	-4.145787 	-2.361409 	-4.639009 	-6.646864 	-4.396868 	-5.078821 	-3.163388 	-3.830634 	-4.908211 	-2.427554 	-1.626656 	-4.124170 	-6.056456 	-4.542240 	-4.988916 	-4.676220 	-5.806355 	-6.139581 	-3.622026 	-3.767999 	-5.346252 	-3.318500 	-3.403752 	-3.239772 	-4.276453 	-3.502093 	-6.401060 	-5.090607 	-6.903034 	-3.398779 	-2.290700 	-3.140624 	-5.607953 	-2.538655 	-6.862882 	-5.103588 	-4.146808 	-3.776674 	-2.969328 	-3.258063 	-3.868451 	-2.625102 	-3.444749 	-2.873927 	-2.769439 	-3.195666 	-1.847548 	-3.601870 	-2.467303 	-3.840608 	-2.741062 	-4.539105 	-4.037150 	-3.975748 	-5.136660 	-4.733587 	-3.056977 	-4.546364 	-3.483365 	-4.394884 	-2.774276 	-2.951885 	-4.864897 	-2.576843 	-7.364800 	-3.498668 	-4.916750 	-2.651085 	-4.561077 	-4.308153 	-4.020461 	-3.935378 	-3.659836 	-3.676276 	-3.140530 	-3.052242 	-5.146242 	-5.079497 	-3.786050 	-1.969568 	-6.349142 	-3.877611 	-2.573677 	-4.538888 	-3.211328 	-2.871161 	-3.615548 	-2.573674 	-4.459799 	-4.018807 	-5.391782 	-5.477557 	-2.743826 	-2.520975 	-3.977518 	-4.424151 	-4.907767 	-6.296120 	-4.788445 	-2.958362 	-3.737234 	-2.929719 	-3.848165 	-4.226051 	-5.375182 	-6.972151 	-4.178754 	-3.592931 	-3.291067 	-3.168288 	-6.377026 	-3.359724 	-6.968009 	-4.256042 	-4.064768 	-3.537383 	-3.225490 	-5.795278 	-4.016173 	-2.270493 	-4.775724 	-3.407987 	-5.051480 	-5.088072 	-2.783576 	-3.493535 	-3.443756 	-4.274577 	-7.101783 	-5.975315 	-3.983169 	-4.847323 	-5.580472 	-2.772267 	-3.128780 	-3.258692 	-5.497916 	-3.559715 	-3.734422 	-3.396501 	-4.763932 	-5.804830 	-4.388439 	-4.878948 	-4.815297 	-2.775812 	-4.184916 	-4.207878 	-4.021389 	-4.190129 	-3.201484 	-4.961811 	-3.926878 	-4.409634 	-2.151400 	-3.244893 	-3.050739 	-3.938253 	-2.895784 	-4.501282 	-4.438128 	-5.860992 	-4.444813 	-4.188904 	-3.193576 	-3.970081 	-3.923881 	-4.455228 	-2.008691 	-3.341870 	-4.190447 	-3.291793 	-4.190298 	-3.117037 	-4.824751 	-3.158986 	-3.284363 	-4.397521 	-3.496599 	-4.846830 	-3.918548 	-3.920860 	-7.948389 	-2.960464 	-4.317240 	-5.377032 	-5.002469 	-5.288216 	-3.366618 	-3.934460 	-4.178192 	-4.973016 	-5.622107 	-3.510307 	-6.249892 	-3.921109 	-5.335163 	-2.676048 	-5.535385 	-3.840739 	-3.662875 	-4.505698 	-3.618720 	-2.970774 	-3.762383 	-4.742971 	-2.408823 	-2.777756 	-3.894961 	-3.750100 	-4.162926 	-7.115017 	-3.551010 	-2.756463 	-2.559524 	-3.258265 	-2.235610 	-6.601578 	-5.427089 	-6.207430 	-2.585243 	-3.218826 	-4.176528 	-4.367511 	-3.357423 	-3.584766 	-2.953943 	-3.459799 	-5.843261 	-3.479081 	-6.872101 	-8.085144 	-4.236160 	-2.694250 	-4.703083 	-4.225690 	-2.551926 	-4.880141 	-3.197290 	-4.627428 	-2.217709 	-5.812646 	-3.502072 	-4.032525 	-2.987611 	-4.328236 	-2.727365 	-3.627038 	-4.482415 	-5.243315 	-3.918136 	-4.857394 	-4.408371 	-5.348101 	-3.952888 	-3.442422 	-3.289072 	-4.262058 	-5.396728 	-3.352389 	-3.053522 	-3.664031 	-6.771143 	-3.244448 	-2.982566 	-4.707926 	-4.656928 	-3.575050 	-5.159155 	-4.931646 	-4.863828 	-3.256483 	-4.976883 	-4.831847 	-4.791242 	-3.546599 	-4.048524 	-5.069438 	-3.697663 	-3.884556 	-4.388241 	-3.070108 	-4.363047 	-3.635207 	-2.922151 	-4.405176 	-6.326691 	-5.615545 	-6.267094 	-8.674260 	-5.499707 	-4.130825 	-3.137399 	-3.681955 	-4.961744 	-5.243035 	-4.202577 	-4.147042 	-3.069838 	-3.465581 	-4.390324 	-3.798540 	-4.236781 	-4.372139 	-3.933673 	-4.283633 	-3.899870 	-3.482277 	-3.259942 	-3.313149 	-4.190335 	-3.586109 	-3.902440 	-5.104813 	-5.638224 	-3.089146 	-4.599007 	-4.327972 	-3.954035 	-3.238987 	-3.853389 	-8.099274 	-3.110804 	-4.560528 	-3.446841 	-6.361553 	-4.508247 	-4.791086 	-3.751858 	-2.982697 	-7.478308 	-3.595886 	-4.562983 	-4.298227 	-3.336983 	-4.519865 	-4.654441 	-4.122238 	-5.393265 	-4.819785 	-3.494505 	-6.696294 	-5.711075 	-4.942685 	-4.542773 	-5.623739 	-3.632788 	-3.729638 	-3.350368 	-3.611943 	-3.422133 	-4.249574 	-3.185821 	-6.234720 	-4.906108 	-4.241521 	-2.602834 	-4.153428 	-3.658670 	-3.856980 	-3.713347 	-3.649386 	-4.237640 	-6.711720 	-4.578915 	-5.245478 	-4.067822 	-5.484499 	-4.076333 	-4.734149 	-4.395169 	-6.842421 	-4.067311 	-6.446150 	-4.608866 	-3.839006 	-3.969728 	-4.057852 	-6.765461 	-5.527450 	-3.439084 	-7.110211 	-4.530507 	-6.814582 	-2.976700 	-4.373488 	-2.908797 	-4.221628 	-4.995780 	-2.877266 	-4.122026 	-3.900018 	-4.502563 	-5.473184 	-6.092207 	-2.947975 	-3.328457 	-3.238128 	-3.932213 	-3.763263 	-5.319426 	-5.972874 	-3.451331 	-3.764912 	-3.819576 	-3.760877 	-5.988899 	-4.152845 	-3.618076 	-3.312801 	-2.747350 	-7.920217 	-3.956998 	-3.224370 	-3.024958 	-3.955210 	-3.050584 	-2.510180 	-5.733558 	-3.729202 	-5.252399 	-3.807620 	-4.593690 	-3.657051 	-3.345279 	-4.577008 	-4.741942 	-5.507594 	-5.052728 	-4.420831 	-6.036314 	-4.385952 	-2.553757 	-6.023993 	-4.285178 	-4.588377 	-3.549840 	-4.852693 	-4.588882 	-5.017304 	-4.799177 	-4.199144 	-3.700819 	-4.763630 	-4.449904 	-4.298574 	-5.879747 	-4.255824 	-5.145559 	-4.853834 	-5.370921 	-6.795018 	-4.105859 	-3.627924 	-2.874840 	-5.726888 	-4.998678 	-4.795468 	-7.765070 	-4.230417 	-3.558522 	-5.768971 	-4.907449 	-5.420579 	-3.785254 	-3.591824 	-3.544116 	-3.908601 	-3.721482 	-5.482924 	-3.252346 	-3.757442 	-3.996638 	-4.413161 	-4.862778 	-4.464690 	-4.423937 	-4.955061 	-3.385321 	-5.283298 	-3.848368 	-5.541470 	-4.004567 	-3.712992 	-3.262722 	-2.474268 	-6.338387 	-5.380232 	-3.431690 	-5.391652 	-4.072295 	-5.168494 	-5.821907 	-3.758709 	-4.250596 	-2.616437 	-2.980277 	-4.797925 	-5.076142 	-6.175006 	-6.673967 	-4.903546 	-4.890242 	-6.496058 	-3.844726 	-4.046663 	-4.542801 	-3.819029 	-5.102133 	-4.690768 	-4.482672 	-3.847767 	-4.037892 	-4.403910 	-4.981911 	-4.334803 	-6.197454 	-6.635322 	-3.240781 	-9.011358 	-5.626735 	-5.110596 	-5.263649 	-5.044110 	-3.976702 	-3.257809 	-6.275818 	-3.593995 	-3.132488 	-5.496700 	-4.044098 	-3.913394 	-6.273908 	-5.719049 	-3.387374 	-6.000082 	-4.284307 	-3.579581 	-5.425317 	-5.230034 	-4.299939 	-6.264461 	
9.356833 	-4.217287 	-11.888092 	-13.632884 	-27.404568 	-29.904777 	-38.328106 	-39.272008 	-45.290655 	-46.080692 	-54.252419 	-55.005908 	-57.803463 	-58.110472 	-57.357088 	
9.506506 	1.960415 	-6.494904 	-7.538954 	-6.294517 	-11.004247 	-11.302677 	-10.963432 	-12.363512 	-15.478365 	-16.397405 	-14.023077 	-14.113848 	-14.699602 	-14.671539 	-14.885476 	-15.182528 	-16.912715 	
9.982880 	7.416542 	-0.016133 	-1.501950 	-4.480409 	-7.244580 	-5.137971 	-21.340457 	-24.661467 	-29.078547 	-48.392227 	-53.791938 	-51.400468 	-52.362759 	-58.089686 	-58.113780 	-56.480420 	-58.587407 	-57.818374 	-56.271323 	-57.591913 	-58.350664 	-58.826780 	
9.733646 	3.220542 	1.836558 	1.609232 	-5.025804 	-4.561839 	-7.068451 	-10.513344 	-13.555300 	-25.571282 	-37.958129 	-42.018693 	-46.867906 	-48.328151 	-52.919942 	-56.248232 	-53.499173 	-54.629593 	
9.579964 	-5.907425 	-10.654505 	-20.047556 	-19.145788 	-21.818842 	-25.227050 	-22.193771 	-25.840770 	-24.517247 	-28.079550 	-26.597077 	-27.628193 	-28.394764 	-30.948932 	
9.555883 	3.145298 	1.644088 	1.251660 	3.623593 	2.801295 	1.316152 	-1.587898 	-0.447286 	-3.712434 	-6.413786 	0.228535 	-0.387761 	-2.233718 	-1.260820 	-0.776381 	-3.232917 	-4.639345 	-2.851907 	-1.356844 	-1.910041 	-1.280518 	-2.511680 	-2.444411 	-4.955977 	-2.332936 	-4.001818 	-2.845649 	-4.891310 	-4.125706 	-3.516563 	-3.917872 	-3.099640 	-5.467159 	-4.280777 	-4.262147 	-5.320588 	-3.707171 	-7.477037 	-3.926378 	-4.427001 	-4.354497 	-3.940417 	-4.824493 	-5.339178 	-3.957138 	-4.521062 	-6.753742 	-4.517434 	-5.762229 	-4.856902 	
9.423451 	-12.741486 	-21.453534 	-30.006176 	-32.600880 	-33.041950 	-34.935083 	-55.103273 	-56.545229 	-59.438833 	-56.364067 	-56.487238 	-63.850158 	-57.855863 	-60.624909 	-57.366386 	
