9.748772 	-5.978037 	-20.751212 	-28.912450 	-47.154453 	-60.538763 	-58.327390 	-58.355073 	-60.030936 	-57.868609 	-57.738510 	-58.226101 	-58.799370 	-58.873295 	-58.905227 	-58.925750 	-57.807319 	-60.080318 	-59.626118 	-58.566032 	-61.642869 	
9.748089 	4.738460 	-13.865655 	-20.293141 	-20.887784 	-29.124260 	-31.689943 	-30.947499 	-51.368124 	-51.783212 	-58.855238 	-59.211096 	-60.809476 	-58.949507 	-58.526919 	-58.911693 	-61.983898 	-59.364850 	-57.920328 	-61.477865 	-57.617104 	-60.714522 	-59.086673 	
9.958507 	-26.194970 	-30.197186 	-60.120248 	-60.451940 	-59.567350 	-58.265794 	-59.811028 	-59.896918 	-59.677205 	-58.664648 	-57.674686 	-59.617684 	-58.420646 	-60.473213 	-57.343972 	
10.208700 	-0.257199 	-12.190173 	-13.779841 	-28.500980 	-33.990628 	-56.236846 	-57.049822 	-58.869476 	-56.719427 	-57.732122 	-56.933425 	-58.775489 	-56.892950 	
9.859307 	-0.042677 	-4.379971 	-6.244677 	-22.465660 	-21.941385 	-27.302888 	-29.477813 	-29.940978 	-57.427556 	-60.201219 	-59.123163 	-59.277126 	-59.296680 	-58.094294 	-57.770596 	-58.762267 	-58.633272 	-59.796976 	
9.912329 	-5.352328 	-11.531913 	-12.534458 	-35.202001 	-55.621517 	-58.645270 	-60.088818 	-57.630827 	-61.397808 	-57.651918 	-58.056049 	-59.543669 	-59.370622 	
9.747422 	-21.550733 	-22.003206 	-42.036822 	-49.989960 	-59.670619 	-59.934238 	-61.723266 	-61.235642 	-58.997911 	-59.759664 	-57.355678 	-58.040632 	-58.413197 	
9.491207 	2.388953 	1.084562 	-2.393173 	-12.296844 	-16.516114 	-20.039114 	-25.317910 	-34.174815 	-34.459508 	-34.593982 	-37.872894 	-38.359291 	-38.739489 	-40.148443 	-45.116685 	-44.618618 	-43.884797 	-45.030154 	-49.340789 	-50.931617 	-50.686513 	-51.270808 	
9.484410 	4.499520 	1.046281 	-35.219745 	-39.577621 	-43.094530 	-49.390203 	-55.400316 	-58.195891 	-59.976783 	-58.858423 	-58.978042 	-58.487253 	-58.953944 	-59.198812 	-58.740179 	-59.025613 	-60.318734 	-58.358644 	-60.754947 	-60.171444 	-59.948319 	-59.430986 	-59.415645 	
10.032752 	-27.216143 	-45.527534 	-54.137956 	-59.508615 	-57.903346 	-60.345231 	-59.642071 	-60.067737 	-57.877930 	-58.897126 	-64.628544 	-59.128694 	-59.148576 	-59.472859 	-60.913282 	-59.963543 	-61.808092 	-61.678961 	-59.441528 	-58.280344 	-62.879069 	-59.296154 	-58.472216 	
9.800416 	0.788997 	0.662402 	-0.914573 	-18.815880 	-48.654607 	-50.564512 	-58.009254 	-59.130124 	-58.385244 	-58.504231 	-58.006839 	-57.329362 	-61.832978 	-59.145643 	-58.113882 	
9.660021 	-8.505740 	-11.903975 	-14.079049 	-12.422456 	-31.117399 	-58.356040 	-58.804622 	-58.183416 	-57.423433 	
9.755820 	1.099930 	-5.334245 	-31.586890 	-33.902085 	-58.167245 	-59.211899 	-59.270267 	-59.538062 	-62.615506 	-58.434722 	-59.768972 	-60.440217 	-60.566648 	-59.422006 	-57.950584 	-58.546761 	
9.714398 	-17.106171 	-16.604294 	-36.691941 	-57.329167 	-58.424919 	-60.409757 	-61.063804 	-61.715622 	-58.538129 	-62.507267 	-58.099721 	-58.305710 	-57.843135 	-58.331701 	-59.285749 	-58.974513 	
9.629659 	8.362497 	-2.069308 	-12.213841 	-32.751760 	-42.906026 	-57.482880 	-58.693104 	-57.973046 	-59.294344 	-60.068258 	-58.262296 	-59.784506 	-59.294919 	-59.590903 	-57.831219 	-57.096510 	
9.904188 	-4.009816 	-3.428322 	-7.351418 	-7.066761 	-9.927723 	-15.473560 	-50.096875 	-57.690650 	-61.386290 	-61.710462 	-57.831524 	-59.609426 	-58.053745 	-57.803232 	-58.320989 	
9.490829 	3.994412 	-25.203398 	-36.983042 	-38.597343 	-57.136040 	-58.621064 	-58.726502 	-59.120386 	-59.375467 	-59.930918 	-60.405204 	-59.379740 	-61.202483 	-58.740541 	-59.257978 	-59.335471 	-61.773472 	-60.961641 	-59.521665 	-59.887764 	-60.488344 	
9.846471 	-22.846328 	-26.973428 	-39.526737 	-60.357463 	-59.993130 	-58.172612 	-59.045872 	-58.246344 	-59.657116 	-59.038470 	-63.305444 	-57.755626 	
10.086867 	-2.298167 	-10.624098 	-21.714165 	-44.622907 	-54.094813 	-57.398586 	-59.509029 	-59.993310 	-57.580258 	-57.953547 	-57.279231 	-59.882753 	-57.992665 	-58.339248 	-57.956812 	
9.910594 	-16.802709 	-54.372448 	-62.364322 	-57.602688 	-58.242898 	-59.223899 	-57.429118 	-58.853651 	-57.170083 	-58.226460 	-57.429552 	
