9.753078 	-10.325361 	-22.199021 	-21.176901 	-18.736257 	-40.428748 	-45.076037 	-46.904723 	-47.367920 	-53.906738 	-52.135665 	-54.806639 	
9.741377 	4.907948 	-1.201216 	-1.448643 	-8.738944 	-23.786779 	-21.761961 	-25.061432 	-23.350207 	-26.531027 	-24.545921 	-25.732219 	-28.081778 	-29.383065 	-32.270514 	-32.540982 	-34.149381 	
10.057153 	1.080156 	0.034283 	-6.149040 	-8.248086 	-10.630526 	-12.036461 	-12.900654 	-28.990527 	-27.198183 	-37.510461 	-40.242341 	-42.320815 	-44.681855 	-44.823390 	-47.202187 	-46.123282 	-48.194441 	-49.287161 	-50.335920 	-50.734091 	-50.921978 	
9.724733 	-3.180877 	-10.782471 	-12.174897 	-12.637399 	-16.180551 	-57.233700 	-56.150493 	-58.037875 	-58.043346 	
9.978838 	-13.625721 	-15.856633 	-32.493249 	-31.001813 	-36.715937 	-44.709477 	-59.686972 	-58.868891 	-57.877330 	-57.438102 	-57.424037 	-58.270249 	-57.740778 	-59.460527 	-65.443517 	-57.770009 	-57.113157 	
10.009923 	-6.910005 	-18.008065 	-34.011591 	-34.439092 	-34.483949 	-39.702582 	-36.396233 	-41.001709 	-47.437490 	-55.611371 	-54.714519 	-58.671765 	-56.379515 	-57.329776 	-56.208470 	
9.748786 	3.712747 	-8.391490 	-11.919554 	-14.130792 	-19.475077 	-22.135884 	-24.119605 	-24.566616 	-23.624960 	-27.585862 	-37.042228 	-39.747140 	-45.735474 	-56.161198 	-56.388233 	-55.745822 	-59.593821 	-59.639343 	
10.054445 	0.952396 	-4.016065 	-3.268417 	-5.106484 	-15.519710 	-22.243094 	-25.973578 	-37.699005 	-41.040158 	-53.432185 	-54.122454 	-58.055368 	-57.143540 	-56.604857 	-63.561154 	-60.883829 	-58.226049 	-55.250298 	-55.231220 	
10.025898 	-1.163356 	-1.654831 	-3.382805 	-2.585421 	-3.308281 	-5.742378 	-7.064149 	-9.349036 	-8.706313 	-10.774686 	-10.560822 	-10.855414 	-11.481882 	-14.547117 	-11.878479 	-13.419512 	-14.018633 	
9.794407 	-12.786714 	-18.548172 	-45.003689 	-52.481074 	-58.310052 	-58.154759 	-59.126664 	-59.421644 	-64.487405 	-58.328119 	-58.839213 	-58.541050 	-58.787121 	-57.464965 	-60.485691 	-59.276282 	
9.833485 	-2.623858 	-24.349310 	-27.317762 	-28.114018 	-40.842527 	-42.785755 	-49.514258 	-51.389936 	-58.082824 	-60.003586 	-58.721666 	-57.751144 	-57.182511 	-58.284254 	-58.489700 	-59.880189 	-58.208975 	
9.847438 	-22.982902 	-31.432191 	-35.042321 	-58.335901 	-57.466255 	-58.662445 	-57.131711 	-57.682866 	-58.918835 	-60.367111 	-58.516502 	
9.937499 	4.190112 	-4.726087 	-25.176499 	-35.616378 	-49.464015 	-56.808239 	-59.693814 	-57.993284 	-56.832296 	-59.030066 	-58.083511 	-58.858860 	-57.849422 	-58.808907 	-59.966319 	-58.103876 	-59.644729 	
9.783751 	6.880619 	-29.504733 	-36.514036 	-55.795389 	-57.424950 	-58.577489 	-56.986076 	-61.433222 	-58.653402 	-58.362764 	-59.016012 	-58.406954 	-61.215387 	-58.963191 	-58.609755 	-58.394124 	
9.621862 	8.727938 	4.500018 	-4.575224 	-15.564604 	-18.070666 	-34.686789 	-38.345419 	-53.448392 	-57.890219 	-59.431958 	-62.138499 	-60.211763 	-58.625263 	-58.731774 	-58.540968 	-63.514111 	-58.300999 	-59.050986 	-62.632198 	-60.120662 	-60.724317 	-58.805536 	-59.391638 	-61.212327 	-59.830580 	
9.472484 	-3.212649 	-13.362074 	-16.709504 	-28.668887 	-33.858999 	-33.959327 	-43.091626 	-45.884343 	-59.646365 	-60.195338 	-57.494297 	-60.006171 	-57.919830 	-60.179865 	-58.745500 	-57.515102 	-59.533619 	-60.164624 	-57.978303 	-60.048088 	-59.995536 	
9.644060 	6.805304 	-13.719568 	-31.420084 	-43.472732 	-45.716041 	-58.073184 	-57.744986 	-57.371034 	-61.502036 	-63.694317 	-56.904109 	-57.434777 	-60.268059 	-58.302467 	-60.855919 	
9.960270 	-0.935745 	-2.901791 	-22.548826 	-33.757533 	-48.468059 	-59.568619 	-59.631964 	-59.489860 	-59.489369 	-60.477159 	-61.356166 	-58.576233 	-58.262795 	-60.965801 	-60.203301 	-61.937428 	-58.784104 	-59.780677 	-58.613728 	-59.704098 	
9.850315 	-12.811811 	-16.954178 	-26.329705 	-55.942889 	-59.144262 	-58.603417 	-58.253082 	-58.976993 	-58.648483 	-58.085414 	-58.108562 	-58.880591 	
9.296937 	-22.591170 	-35.549385 	-48.811457 	-58.847884 	-64.073715 	-60.369087 	-59.160865 	-57.817049 	-59.068462 	-59.333385 	-59.804645 	-59.886349 	
