9.688668 	-37.273101 	-43.727544 	-44.578005 	-46.892468 	-56.841227 	-59.166555 	-58.931096 	-58.430239 	-59.857117 	-59.633892 	-61.010529 	-58.574231 	-58.988982 	-58.463238 	-61.128436 	-59.366620 	-58.862339 	-60.187696 	-60.005144 	-59.234234 	-59.047582 	-58.388921 	-58.147424 	-60.017620 	-59.422619 	
10.257291 	7.885479 	0.755322 	-26.279561 	-46.781805 	-58.735514 	-59.740654 	-60.857869 	-58.572261 	-57.505572 	-57.654003 	-58.410354 	-57.781485 	-57.711607 	-57.381568 	-58.815666 	-59.108536 	
10.198586 	-2.621728 	-18.585989 	-26.933888 	-27.485313 	-35.786771 	-38.980195 	-49.259925 	-50.718008 	-55.992183 	-57.611639 	-58.177891 	-60.198260 	-59.247717 	-58.537669 	-61.653684 	-57.410736 	-57.252553 	-59.620289 	
9.969575 	3.173739 	2.580533 	-2.913802 	-5.451404 	-29.497902 	-34.683837 	-35.538256 	-35.519164 	-36.786574 	-50.067177 	-51.747206 	-57.655461 	-62.722273 	-58.240373 	-58.537443 	-58.803726 	-59.248238 	-59.199640 	-58.542490 	-57.001837 	
9.345907 	5.182157 	0.816166 	-9.920994 	-8.623884 	-13.493569 	-13.983797 	-14.515494 	-21.210640 	-18.733552 	-22.715458 	-25.973552 	-36.529279 	-37.410789 	-39.083879 	-50.793382 	-49.830136 	-49.995273 	-52.428315 	-54.204391 	-56.041843 	-56.450953 	-56.928825 	-57.522950 	-58.247487 	-60.294266 	-60.265499 	-57.014165 	
9.813353 	4.859419 	0.407494 	2.501937 	1.390404 	-5.365932 	-40.158945 	-50.557592 	-43.298989 	-46.861283 	-52.924033 	-55.231088 	-53.784073 	-55.996372 	-55.780625 	-58.792700 	-58.370478 	-55.976145 	-56.292310 	
9.237803 	8.250944 	-52.771507 	-58.263598 	-60.621997 	-58.432687 	-58.709413 	-58.577264 	-59.026297 	-59.782234 	-65.192637 	-61.223743 	-58.140026 	-57.896356 	-60.817058 	
9.845667 	-2.226883 	-3.451316 	-18.658563 	-30.001187 	-41.119618 	-56.051568 	-57.940205 	-57.846590 	-59.436237 	-56.944280 	-59.722791 	
9.157316 	-0.586802 	-0.297804 	-3.430965 	-40.854352 	-41.019740 	-58.610040 	-58.179369 	-60.164167 	-60.789491 	-59.877901 	-58.434979 	-60.718977 	-59.123743 	-58.466872 	-62.942619 	-59.340247 	-58.821608 	-59.422682 	-60.778059 	
9.918192 	-8.067835 	-14.268319 	-18.560998 	-20.434384 	-32.176779 	-43.303990 	-57.773110 	-58.855117 	-57.381078 	-58.251919 	-58.933557 	-58.861470 	-58.556374 	-57.677539 	-59.084065 	-62.828819 	-58.822838 	-58.785183 	-61.502334 	-60.513723 	-59.050122 	
9.556043 	-8.912634 	-13.613182 	-32.172124 	-30.442932 	-58.764634 	-59.209527 	-58.330919 	-59.368601 	-59.271710 	-58.650788 	-59.176560 	-59.298067 	-59.685916 	-60.131221 	-59.608222 	-57.782629 	
9.623487 	-9.669606 	-24.723188 	-34.336551 	-59.095968 	-59.583612 	-58.008221 	-60.342395 	-59.520984 	-57.867919 	-57.313777 	-61.091527 	-61.178584 	-61.223115 	-59.281138 	-59.000507 	-58.646629 	
10.437672 	-13.751637 	-28.012654 	-31.719367 	-41.013654 	-48.847251 	-60.481246 	-57.618588 	-58.552527 	-59.703151 	-59.613985 	-59.734729 	-57.141373 	-57.089684 	-62.237850 	-58.640949 	-56.878118 	-60.004487 	
9.307669 	0.800576 	-1.539620 	-6.634344 	-10.261826 	-18.784500 	-24.316788 	-27.785211 	-34.390010 	-36.049116 	-34.946964 	-39.019935 	-37.355724 	-42.838775 	-54.544270 	-54.020541 	-60.514566 	-56.913270 	-58.094891 	-59.315240 	-57.020499 	-57.813717 	-58.195911 	-58.128427 	-61.039533 	-58.405212 	-58.937683 	
9.823997 	3.797318 	0.712580 	2.342792 	-6.299700 	-14.076448 	-16.755955 	-21.048914 	-31.438985 	-36.537608 	-44.385860 	-43.972436 	-57.946801 	-57.146671 	-56.455319 	-59.259203 	-58.101219 	-58.012049 	-57.793452 	
9.263949 	5.819931 	2.482668 	-4.297245 	-12.894985 	-18.252922 	-27.819622 	-41.889955 	-48.154136 	-54.755691 	-59.365040 	-58.111098 	-58.608737 	-59.587499 	-59.720921 	-62.518506 	-60.838808 	-60.718970 	-59.487824 	-59.949367 	-59.334109 	-58.605190 	-60.756146 	-59.276545 	
9.896086 	-28.940107 	-46.009503 	-59.966994 	-57.586566 	-61.809097 	-59.287202 	-61.134294 	-60.414793 	-58.044319 	-60.483208 	-59.040720 	-59.387513 	-60.072251 	-59.816816 	-57.048195 	-58.670023 	-59.181456 	
9.632057 	-13.139896 	-34.641904 	-56.903415 	-60.821481 	-58.768618 	-57.854801 	-58.619457 	-60.473274 	-58.803701 	-59.603859 	-57.849708 	-58.144106 	-62.436311 	-57.640976 	-60.965831 	
9.540153 	8.330268 	-17.296719 	-56.822586 	-57.075995 	-57.980027 	-58.080763 	-61.041951 	-57.794425 	-58.164909 	-56.806651 	-57.104922 	
10.211789 	5.341542 	-1.222078 	-5.606611 	-9.590385 	-14.789791 	-16.768372 	-22.307595 	-25.460829 	-37.419765 	-58.085983 	-57.061251 	-60.022886 	-58.190048 	-56.911293 	-57.339695 	-58.522744 	-58.065609 	-57.969462 	-58.231491 	-58.484200 	-59.691968 	-62.101042 	
