9.722954 	3.194383 	-2.368213 	-0.777966 	-1.388134 	-6.385745 	-8.631898 	-9.246306 	-12.121004 	-13.764033 	-15.267197 	-17.366625 	-19.332978 	-22.730070 	-23.813677 	-26.480104 	-26.109172 	-25.381720 	-26.427316 	-28.417193 	-29.562792 	-30.053586 	-30.389129 	
9.491850 	5.839772 	2.478027 	0.652513 	-6.311576 	-8.379544 	-11.145375 	-13.303397 	-18.116235 	-16.591023 	-16.733097 	-17.582631 	-17.912629 	-22.009950 	-19.671643 	-19.931699 	-22.713017 	-21.145444 	-22.046380 	-24.906810 	
9.610248 	0.713328 	-2.129601 	-11.268269 	-13.963704 	-24.233020 	-26.413313 	-28.513937 	-37.521976 	-36.431029 	-36.543991 	-37.368434 	-40.388630 	-41.573154 	-43.439410 	-43.420892 	-43.512309 	-45.685671 	-48.493182 	-48.328284 	-47.807712 	-49.979132 	-49.434632 	-51.265610 	
9.751532 	-2.082040 	-15.305162 	-18.213016 	-31.566762 	-44.403500 	-45.697195 	-52.623817 	-53.872693 	-57.066530 	-56.901488 	-56.910137 	-57.742010 	
9.173836 	-3.703348 	-9.265127 	-33.477212 	-33.432415 	-38.960626 	-44.355954 	-47.619013 	-46.766340 	-48.632885 	-58.366696 	-57.940653 	-56.493992 	-57.251811 	-57.570727 	
9.685749 	0.962743 	-14.160708 	-17.796520 	-21.532093 	-21.166910 	-26.105789 	-29.030950 	-38.899550 	-39.324199 	-43.504078 	-45.738155 	-45.254223 	-47.746678 	
9.495379 	1.938417 	1.021551 	-4.011465 	-3.317261 	-3.665623 	-6.598949 	-7.713025 	-10.074554 	-12.287221 	-13.243753 	-13.265409 	-14.846678 	-16.440293 	-15.293761 	-19.020536 	-23.747308 	-26.971866 	-30.241983 	-33.399046 	-34.218881 	-35.136657 	-36.517230 	-35.494774 	-36.539622 	-35.840743 	-39.195719 	-38.178030 	
9.722822 	-7.429677 	-13.230992 	-12.769757 	-17.010028 	-29.223624 	-41.371343 	-42.189782 	-43.973834 	-44.774051 	-45.456595 	-45.998695 	-47.086005 	-53.063134 	-55.281844 	-56.131413 	
9.960330 	0.221170 	-5.472127 	-7.002431 	-18.473254 	-34.370724 	-57.552478 	-58.328886 	-60.291833 	-56.694317 	-59.326411 	-61.092332 	-58.513150 	-58.120008 	-59.888284 	
9.780026 	-6.918366 	-7.879858 	-13.016472 	-21.820711 	-28.437798 	-27.718827 	-36.232930 	-36.895233 	-42.575532 	-43.690634 	-50.324829 	-55.063115 	-52.119881 	-52.634355 	-54.353078 	-56.244635 	
10.099596 	4.808232 	-4.505496 	-10.569580 	-21.500730 	-25.956007 	-23.988903 	-25.867227 	-26.594507 	-32.388789 	-28.748151 	-32.996064 	-33.637312 	-32.947141 	-36.029992 	-34.103721 	-39.174476 	-43.760309 	-42.795739 	-44.348716 	
9.816822 	6.806414 	3.852542 	1.690238 	-9.749410 	-10.352279 	-9.874558 	-9.880458 	-10.380634 	-10.730547 	-11.399865 	-12.385064 	-13.383418 	-14.324144 	-12.928965 	-14.023891 	-15.948883 	-17.541601 	
9.459405 	4.892958 	-12.985713 	-20.476972 	-23.328882 	-32.662233 	-43.705979 	-42.056184 	-43.122310 	-42.832936 	-47.984064 	-57.621309 	-59.072298 	-58.468026 	-60.764754 	-58.208639 	-59.810148 	-59.572363 	-58.125252 	-58.821248 	-59.225240 	
9.522995 	-7.756031 	-11.391019 	-10.709473 	-22.176164 	-19.725725 	-21.540342 	-20.357392 	-28.798796 	
9.300842 	6.418212 	0.634521 	-9.678427 	-10.827355 	-17.727326 	-16.147859 	-19.079927 	-27.457511 	-29.552596 	-32.208854 	-30.354614 	-32.836379 	-31.481875 	-33.105741 	-36.029259 	-36.979992 	-42.235239 	-42.246385 	-43.059288 	-45.915830 	-50.179731 	-46.048049 	
9.641690 	-5.794551 	-10.472616 	-8.680931 	-10.238009 	-15.543226 	-23.642022 	-23.524512 	-33.354936 	-37.752660 	-37.195624 	-38.816769 	-41.531149 	-41.503277 	-45.311513 	-43.746440 	-51.147879 	-52.826928 	-56.015365 	-54.684496 	-55.869916 	-55.590858 	
9.608119 	7.022831 	6.348302 	6.776690 	4.816904 	5.402517 	6.073258 	4.679746 	4.167308 	4.677569 	5.802625 	5.338609 	6.034461 	5.111513 	4.074018 	2.208687 	1.553202 	4.744228 	4.525466 	3.978658 	2.221015 	4.519621 	0.901113 	3.107056 	3.251425 	4.574479 	4.414075 	-0.559260 	3.735984 	2.788463 	3.654216 	2.661603 	4.393669 	2.533755 	2.340903 	1.965137 	3.288544 	2.572994 	-0.177765 	2.206854 	1.388801 	3.159558 	2.169726 	2.813740 	0.635724 	4.332133 	0.779893 	2.359841 	3.631948 	2.959660 	3.044157 	3.304894 	2.094028 	3.235418 	0.480448 	1.194228 	-0.634828 	2.415703 	1.127301 	3.319552 	2.513957 	3.274674 	1.032607 	3.341873 	1.423156 	-0.485579 	1.982564 	2.570827 	0.418631 	1.987061 	3.195678 	-0.689651 	2.970459 	-3.801278 	-1.569543 	2.919988 	0.389547 	2.409002 	3.677412 	1.281295 	2.407729 	2.454159 	1.851948 	-0.015621 	2.484107 	1.349257 	1.728105 	-3.387632 	1.017126 	2.390721 	1.012608 	2.868539 	1.337522 	2.566502 	0.239946 	2.590266 	1.173973 	2.295894 	-0.682432 	1.850126 	-2.360468 	1.026121 	2.023900 	-3.413639 	1.154566 	0.364422 	0.055591 	1.507173 	2.487783 	1.495792 	1.795212 	2.007990 	1.215156 	0.710281 	-0.387280 	0.981726 	2.129534 	0.074638 	1.504257 	-0.125492 	2.690473 	0.706939 	1.204466 	1.584365 	1.161939 	1.338991 	1.060591 	0.482549 	0.996272 	1.239671 	0.600948 	1.817444 	1.244428 	0.069628 	-2.062313 	1.863408 	2.766720 	0.678586 	-0.183006 	0.933492 	0.588663 	1.334978 	2.205423 	1.527681 	0.419381 	-1.544808 	-1.202603 	1.937536 	-1.712823 	-0.482371 	2.334804 	-1.115466 	0.176015 	2.138816 	-0.454366 	-0.471792 	-2.202815 	0.470748 	-1.755725 	0.644651 	1.442048 	0.909142 	-1.186566 	0.755034 	0.486493 	2.015660 	-0.703087 	-0.536706 	-0.595749 	2.253316 	0.017572 	1.069300 	0.703966 	1.006543 	0.807292 	-1.915495 	0.739065 	1.986133 	0.675812 	0.537985 	1.201332 	0.327878 	0.243335 	0.317153 	0.212139 	1.439499 	1.891918 	0.862982 	0.010284 	0.897589 	0.795442 	1.797365 	-1.703805 	-0.712962 	0.270143 	-1.326909 	-1.070101 	0.491893 	0.948888 	0.768292 	0.471851 	-0.173664 	0.905425 	0.477615 	-0.193489 	1.600970 	-0.622421 	0.589466 	1.164002 	1.976944 	0.725998 	0.214420 	1.027601 	-0.266924 	-1.568402 	1.460951 	-2.263828 	0.180787 	-1.734296 	0.022911 	-2.606158 	0.055322 	1.511832 	-1.789555 	0.690059 	0.328909 	-0.656704 	1.275929 	0.485287 	-1.765264 	-3.251508 	0.231100 	-0.581557 	1.282698 	-0.356578 	-1.716273 	-0.559539 	0.238043 	-0.888688 	0.591199 	0.305723 	-5.482103 	-2.454432 	1.101923 	-1.369320 	1.444153 	0.178403 	-0.905801 	-0.056032 	-0.454170 	0.891073 	-2.607013 	-1.457298 	0.979970 	-0.376382 	-1.431886 	-0.391956 	0.388300 	-0.957782 	0.543799 	0.023181 	-2.056726 	0.128455 	-0.069440 	0.284627 	-1.336522 	-0.506173 	-0.013421 	-0.552783 	-0.860229 	-1.915639 	1.066686 	1.586503 	0.137194 	0.555534 	-3.215419 	0.644443 	0.908972 	0.075196 	-0.986051 	0.193005 	-0.742688 	0.537065 	-1.380615 	-0.959322 	-0.518194 	1.368508 	1.404265 	0.055477 	0.116855 	0.866601 	0.925252 	-1.170756 	-3.013996 	-3.921065 	-0.236906 	0.539887 	0.156669 	0.012476 	0.774777 	-0.585401 	-2.029382 	0.177345 	-4.550818 	-1.138789 	-1.737199 	-1.352820 	-1.240679 	0.188514 	-0.525135 	0.080179 	-0.246175 	0.041481 	-3.308038 	-0.589524 	0.608717 	-1.357651 	0.049927 	-0.719766 	0.896764 	-0.496364 	1.065374 	-0.317692 	-0.397608 	-1.185601 	-1.826319 	-1.237675 	-0.211617 	0.763023 	-0.184652 	0.279462 	-0.132268 	-0.236531 	-0.961697 	-0.865871 	-1.447055 	-5.073424 	-0.330917 	-1.966887 	-1.847753 	-1.391844 	0.096887 	-1.966909 	-0.432539 	-0.468349 	-1.662761 	-1.106031 	-0.908274 	-0.077589 	-1.286760 	-0.976112 	-0.876224 	-2.207479 	1.042637 	-1.374405 	-0.542508 	-3.091813 	-0.415888 	-0.940057 	-0.210692 	-0.588511 	0.206636 	-0.806060 	-1.337606 	-0.825304 	-1.345244 	-0.730218 	-0.620362 	-0.992700 	-1.155802 	-0.994869 	-0.171657 	0.243086 	-0.819985 	-1.122705 	-1.040676 	-0.476357 	0.038824 	-1.164390 	-0.243930 	0.126015 	-0.669329 	0.136503 	-1.773142 	-1.429186 	-0.607102 	0.055441 	-0.646216 	-1.572222 	-1.207591 	-0.898038 	-1.018420 	0.366831 	-1.534132 	-1.522517 	-1.835083 	0.371848 	-0.471719 	-1.117804 	1.050322 	0.441358 	-2.524611 	-2.097136 	0.244641 	-2.762221 	-1.317316 	-0.760362 	0.968462 	-2.289571 	-0.971245 	-0.055751 	0.002842 	-0.319166 	-1.669337 	-0.323750 	-0.235181 	-2.900245 	-0.825835 	-0.255668 	-0.023998 	-0.820264 	-0.103260 	-0.109078 	-0.568926 	0.046793 	-0.496546 	-1.127881 	0.018480 	-6.547176 	0.056484 	-2.823007 	-0.524465 	-0.567459 	0.222413 	-1.850006 	-1.655182 	0.453531 	0.040140 	-1.286125 	-0.365883 	-4.372880 	-3.258518 	-1.237512 	0.596381 	-0.488945 	-2.595677 	0.345530 	0.430621 	-0.968203 	-1.046298 	-1.624769 	0.265087 	-2.123710 	-0.627674 	0.145065 	-1.313673 	-1.986711 	-2.226654 	-1.495549 	-2.726948 	-2.323845 	-2.856310 	-2.242083 	-0.698799 	-1.905128 	0.015644 	-4.431590 	-2.238690 	-1.167382 	-2.158806 	-1.700770 	-0.962379 	0.134126 	-1.747381 	0.343434 	-1.454366 	-1.156226 	-3.071538 	-0.315034 	-2.625918 	-0.446059 	-0.935669 	-1.712614 	-1.230371 	-0.186825 	-2.248819 	-0.932699 	-0.606169 	-4.436217 	-1.062798 	-0.965227 	-2.170392 	-0.985866 	0.454909 	0.046179 	-1.118073 	-1.071043 	-2.895707 	-1.700030 	-0.314690 	-2.234814 	-3.101107 	0.130097 	-0.226142 	-1.004646 	-0.910762 	-1.536984 	-0.648198 	0.242239 	0.197130 	-0.981407 	-0.860840 	-3.670821 	0.215914 	-5.097551 	-0.292118 	-1.300078 	0.067742 	-0.792390 	-0.540948 	-1.478276 	-2.611951 	-0.687427 	-4.762771 	-0.566939 	0.121404 	0.001441 	-0.669799 	-2.796196 	-2.440431 	-2.849688 	-0.825940 	-3.208207 	-0.374026 	-1.579437 	-0.614754 	-1.012342 	0.427524 	-0.158380 	-1.616251 	-1.686182 	-0.785509 	-1.570495 	-0.441913 	-1.504586 	-0.024559 	0.053291 	-1.925990 	-2.036854 	0.304212 	-0.357396 	-0.475076 	-1.002094 	-0.353684 	-2.249004 	-0.177628 	-1.328954 	-2.132528 	-0.632817 	-0.701541 	0.015709 	-2.299976 	0.611256 	-4.630737 	-0.686580 	-0.162156 	-3.439848 	-2.472025 	-2.423786 	-2.850277 	-2.023166 	-2.095360 	-0.990342 	-1.790485 	-1.204003 	0.144509 	-3.466887 	-1.025652 	-0.495609 	-2.046850 	-1.257796 	-0.615552 	-2.518495 	-0.455105 	-0.592498 	-0.328414 	-3.595023 	-0.720461 	-1.399601 	-0.899995 	-2.559336 	-2.011312 	-0.937625 	-0.164533 	-1.230229 	-0.363783 	-1.932458 	-2.381945 	-1.568615 	-1.834286 	-0.018458 	-0.699152 	-0.900688 	-1.560376 	0.092068 	-1.113964 	-0.345730 	-1.587697 	-1.272196 	-0.472329 	-1.064197 	-0.247624 	-2.443768 	-1.232188 	-2.219509 	-1.743926 	-2.659091 	-1.842035 	-1.260016 	-0.577142 	-4.127829 	-1.210762 	-3.065652 	-6.982038 	-2.078667 	-5.991417 	-2.142078 	-0.941058 	-2.142098 	-1.596989 	0.270173 	-1.918419 	-1.795008 	-2.352288 	-1.587543 	-0.922010 	-1.402117 	-1.196742 	-1.578681 	-0.392274 	-2.660815 	-0.969162 	-3.498348 	-3.332313 	-0.836996 	-0.986436 	-1.711431 	-1.598914 	-1.187204 	-2.867565 	-0.143731 	-0.037873 	-1.313274 	-1.222994 	-1.100927 	-4.792506 	-2.349783 	-1.462267 	-1.325793 	-3.047170 	-0.976090 	-0.819144 	-0.273204 	-1.958315 	-3.330111 	0.289585 	-0.924650 	-0.545567 	-0.331966 	-0.943222 	-3.170130 	-1.357285 	-0.624094 	-1.273625 	-0.458200 	-1.302072 	-1.736830 	-1.447822 	-2.398414 	-1.496856 	-1.294794 	0.258647 	-2.384808 	-3.425638 	-1.557657 	-0.856483 	-1.943106 	-1.124813 	-0.788058 	-1.208468 	-3.942075 	-0.900506 	-2.478901 	-1.743678 	-1.557029 	-1.122176 	-2.000232 	-1.417617 	0.090356 	-1.714349 	-1.722334 	-0.551548 	-5.314643 	-1.582076 	-1.127245 	-2.356403 	-0.443467 	-1.937999 	-0.654172 	-1.296195 	-2.304762 	-1.764131 	-1.285836 	-1.464795 	-2.060070 	-2.212787 	-4.366744 	-3.663528 	-1.748868 	-4.494163 	-0.843233 	-0.646710 	-3.631438 	-0.942017 	-1.585705 	-0.793476 	-3.286899 	-1.461232 	-0.889465 	-1.945845 	-4.381819 	-0.317491 	-3.236098 	-3.220541 	-1.544892 	-1.278083 	-3.542596 	-2.779712 	0.463634 	-2.285015 	-3.769447 	-0.685833 	-1.457639 	-2.571119 	-0.868749 	-0.325536 	-1.527143 	-0.769481 	-1.514999 	-1.454791 	-4.128273 	-2.561742 	-3.086186 	-2.631915 	-3.989869 	-5.084172 	-1.990802 	-1.015666 	-2.240098 	-0.545552 	-2.392953 	-0.420513 	-1.823674 	-2.519678 	-1.509068 	-3.495093 	-2.191966 	-1.446758 	-0.541608 	-0.652588 	-0.501913 	-1.712258 	-0.495656 	-1.258140 	-0.828745 	-3.366599 	-2.142120 	-2.890531 	-3.226114 	-2.907655 	-1.356779 	-4.323164 	-0.715508 	-3.618560 	-1.648153 	-4.872403 	-0.745666 	-1.943735 	-2.131670 	-0.835871 	-2.958273 	-3.204998 	-0.045834 	-1.437513 	-2.517173 	-1.698354 	-1.742164 	-2.390181 	-1.730640 	-4.185729 	-1.309592 	-4.219663 	-0.474681 	-0.752749 	-0.781932 	-3.704655 	-2.314696 	0.169600 	-5.719764 	-3.716236 	-1.017319 	-3.940463 	-2.640604 	-1.308834 	-1.709943 	-1.548132 	-0.816143 	-1.140499 	-0.979502 	-2.052376 	-5.557596 	-3.393778 	-2.725848 	-1.203418 	-0.259781 	-1.422126 	-1.955906 	-1.202235 	-0.793087 	-4.962702 	-4.296327 	-3.056980 	-5.704181 	-1.846044 	-0.336402 	-1.127614 	-0.301039 	-3.663203 	-2.726301 	-1.375997 	-3.311928 	-3.186640 	-2.684452 	-3.974216 	-0.654899 	-1.034575 	-1.872972 	-3.773585 	-2.677290 	-1.044867 	-2.456609 	-1.308906 	-1.495969 	-0.366906 	-2.430100 	-5.604989 	-0.561345 	-4.097705 	-1.729276 	-2.126686 	-0.421168 	-0.248581 	-0.988454 	-0.459513 	-2.134365 	-1.716929 	-4.191584 	-1.146787 	-3.571530 	-1.298494 	-1.116405 	-1.891461 	-3.663745 	-0.354588 	-0.972352 	-1.450157 	-2.173608 	-0.650963 	-2.414794 	-2.836696 	-2.404761 	-1.770792 	-1.029554 	-1.470780 	-1.623465 	-1.476582 	-1.789148 	-4.459825 	-0.807660 	-1.265708 	-1.630477 	-1.682705 	-0.482001 	-1.806385 	-2.020812 	-1.297050 	-2.259009 	-3.067841 	-0.629549 	-1.065902 	-2.140677 	-1.548007 	-1.485403 	-1.082084 	-0.732087 	-3.479117 	-2.026507 	-3.276508 	-2.377193 	-2.585074 	-2.834036 	-3.242898 	-2.520406 	-2.451543 	-2.640373 	-0.640578 	-1.326461 	-0.713013 	-1.252634 	-0.893947 	-1.084712 	-1.953590 	-2.789894 	-4.028718 	-2.316822 	-1.078618 	-4.526551 	-2.367712 	-2.925805 	-2.025357 	-4.256076 	-0.604485 	-3.385697 	-1.858394 	-1.194604 	-1.633958 	-2.683122 	-2.571530 	-1.682289 	-2.704174 	-3.367316 	-2.073128 	-1.702994 	-3.480220 	-2.368343 	-3.830701 	-5.017724 	-1.660979 	-2.515045 	-2.468156 	-1.522714 	-1.749815 	-1.746922 	-1.443667 	-0.838388 	-1.644138 	-2.976198 	-2.820518 	-1.723715 	-1.613413 	-0.683450 	-1.571806 	-1.178396 	-1.550865 	-3.762591 	-1.556858 	-0.704204 	-4.146878 	-1.550349 	-0.631070 	-1.914940 	-1.034635 	-3.300272 	-2.025670 	-4.355203 	-2.563217 	-1.384480 	-3.242081 	-2.385756 	-4.492603 	-1.151184 	-2.385667 	-3.738566 	-1.948911 	-2.996887 	-1.880066 	-3.811791 	-0.394706 	-3.619818 	-3.128604 	-2.742127 	-1.340891 	-3.944135 	-1.224195 	-2.135147 	-1.664013 	-1.116516 	-3.956264 	-2.662772 	-2.694907 	-1.416174 	-0.821737 	-0.720703 	-1.373731 	-2.909877 	-3.406357 	-1.862964 	-1.616840 	-1.746768 	-5.009966 	-1.965362 	-0.757851 	-1.063738 	-7.056057 	-3.960822 	-2.351222 	-1.136075 	-2.318116 	-2.303883 	-1.465299 	-4.945092 	-2.447999 	-1.986488 	-0.935041 	-2.354287 	-3.304311 	-0.579514 	-2.444191 	-4.391068 	-3.249543 	-0.898213 	-2.876195 	-1.042186 	0.141095 	-2.090070 	-1.187524 	-1.137694 	-2.985736 	-2.437087 	-5.889721 	-2.003008 	-1.747895 	-2.228125 	-2.841782 	-2.712895 	-2.170522 	-2.650411 	-0.565348 	-1.181323 	-1.578654 	-2.441431 	-0.619432 	-2.353846 	-2.969667 	-1.120981 	-1.644322 	-1.049265 	-0.616810 	-0.779683 	-1.677930 	-1.799260 	-3.603283 	-1.532816 	-3.097748 	-2.034099 	-0.647930 	-3.218106 	-2.105589 	-4.032470 	-1.461684 	-1.763813 	-1.358058 	-1.614940 	-5.148272 	-1.441283 	-2.421005 	-3.181731 	-1.991070 	-1.328038 	-2.574158 	-3.031756 	-3.324827 	-1.956400 	-2.363923 	-3.400046 	-3.224904 	-1.647799 	-2.763245 	-2.136457 	-3.342752 	-1.701996 	-1.899970 	-1.552773 	-1.691049 	-1.087172 	-2.697887 	-2.942925 	-2.384550 	-1.203799 	-1.498516 	-1.961879 	-1.306003 	-2.981758 	-2.985583 	-1.149480 	-2.146789 	-9.009739 	-1.656864 	-2.084180 	-6.561169 	-1.881696 	-1.447248 	-0.730376 	-2.401860 	-2.223806 	-4.624868 	-1.464923 	-2.361239 	-3.118805 	-3.195497 	-6.584801 	-1.998627 	-3.965498 	-3.203280 	-3.159521 	-2.706603 	-2.298929 	-3.737902 	-3.024220 	-1.467393 	-2.250425 	-4.568499 	-2.961711 	-1.758176 	-3.409125 	-2.764973 	-2.483684 	-1.894646 	-7.713952 	-1.923067 	-3.469268 	-4.208204 	-2.726168 	-2.427703 	-1.264096 	-2.964589 	-3.377683 	-2.815085 	-2.215228 	-2.987715 	-1.341113 	-2.743386 	-2.871018 	-2.800454 	-4.808647 	-2.512071 	-8.290040 	-2.812650 	-1.220764 	-1.963685 	-2.263576 	-1.719917 	-4.210492 	-2.300442 	-2.485944 	-2.480570 	-0.647683 	-0.818485 	-0.761508 	-2.992968 	-0.998926 	-2.293223 	-4.032689 	-1.402401 	-4.089266 	-3.472748 	-5.404182 	-0.907363 	-1.290622 	-2.901103 	-1.186122 	-3.835293 	-1.937404 	-3.595539 	-3.583867 	-5.216922 	-1.486064 	-13.243087 	-4.319394 	-3.035287 	-2.782257 	-1.754297 	-1.999542 	-2.092150 	-3.106759 	-1.774664 	-2.951906 	-3.155172 	-3.799777 	-1.925409 	-3.044332 	-2.184907 	-1.831515 	-0.995815 	-6.482997 	-2.656543 	-0.925927 	-1.493374 	-2.055969 	-2.699315 	-2.439305 	-0.968849 	-2.720254 	-2.352569 	-3.131379 	-1.799300 	-2.719474 	-1.383187 	-4.384662 	-2.772999 	-2.999329 	-1.662855 	-1.612579 	-2.540816 	-3.521511 	-2.567293 	-2.279414 	-2.520346 	-2.418735 	-2.422588 	-2.821308 	-2.374901 	-2.289058 	-2.905666 	-3.267019 	-2.912784 	-2.609043 	-2.071124 	-2.049793 	-3.180340 	-6.358489 	-4.045387 	-3.548885 	-1.088180 	-4.274829 	-2.773900 	-0.546436 	-3.052761 	-1.411969 	-1.022236 	-1.574841 	-1.570805 	-1.174774 	-2.627338 	-2.792810 	-2.907057 	-2.013486 	-3.454060 	-2.086458 	-6.493159 	-1.227320 	-1.078719 	-3.505540 	-2.296765 	-3.300675 	-4.823740 	-1.747431 	-2.440318 	-1.480444 	-2.294698 	-1.200576 	-2.160268 	-4.155492 	-8.038591 	-2.014020 	-4.247136 	-3.835911 	-4.789130 	-1.400332 	-4.291971 	-0.961711 	-5.120869 	-3.814919 	-2.500280 	-2.379747 	-5.908048 	-2.750463 	-5.074223 	-2.459831 	-2.013608 	-2.871861 	-3.530849 	-1.520510 	-2.285372 	-2.314141 	-1.393442 	-2.333624 	-2.001719 	-1.545292 	-2.425063 	-2.069873 	-2.872168 	-4.492320 	-1.866050 	-1.784088 	-3.208074 	-2.358911 	-2.496051 	-4.508013 	-1.299549 	-0.517922 	-4.932513 	-3.219741 	-2.051846 	-4.706564 	-1.772121 	-4.387218 	-2.248840 	-3.519234 	-0.700558 	-3.075346 	-1.847638 	-2.000667 	-0.789266 	-1.809854 	-1.667707 	-0.778504 	-4.440980 	-1.424611 	-2.327918 	-3.346699 	-2.926391 	-2.892228 	-1.793207 	-0.841891 	-2.168698 	-3.637340 	-1.297931 	-2.528264 	-3.382380 	-2.766700 	-3.562230 	-2.919257 	-2.225208 	-2.970814 	-2.034675 	-2.881706 	-2.245581 	-4.425119 	-3.162834 	-2.040562 	-2.202446 	-1.527716 	-2.576556 	-3.333976 	-1.394248 	-3.241089 	-3.901543 	-4.968863 	-2.916061 	-1.032016 	-3.712160 	-2.977885 	-3.096602 	-0.826971 	-1.779607 	-2.195284 	-4.103023 	-1.757366 	-4.734073 	-1.268108 	-2.078945 	-2.626730 	-2.217724 	-3.882302 	-2.538761 	-3.044886 	-2.617448 	-1.531349 	-1.723234 	-6.378716 	-1.666357 	-4.268490 	-4.331216 	-3.551072 	-3.277878 	-2.535015 	-2.346892 	-2.942816 	-2.003895 	-3.683309 	-1.435682 	-1.649672 	-2.968601 	-3.198428 	-2.105045 	-1.788444 	-2.968543 	-3.057052 	-2.555814 	-1.945692 	-2.348780 	-2.879018 	-2.179003 	-3.269754 	-5.047069 	-2.761290 	-3.027763 	-3.592735 	-2.753161 	-7.674018 	-0.641655 	-2.459091 	-2.561519 	-2.750344 	-3.806098 	-3.212074 	-2.565979 	-3.437056 	-2.819987 	-2.687760 	-3.732460 	-2.481945 	-2.356074 	-3.203826 	-3.349089 	-1.307641 	-2.362988 	-2.598151 	-2.596639 	-1.981278 	-1.962895 	-2.091879 	-3.014119 	-3.627822 	-1.450325 	-2.036852 	-2.931422 	-3.554309 	-3.004430 	-1.396212 	-3.013212 	-3.326263 	-4.697504 	-6.175254 	-2.600290 	-2.809426 	-2.647680 	-5.045941 	-2.888635 	-2.535859 	-3.953182 	-3.298164 	-2.797596 	-4.479096 	-3.523473 	-3.842777 	-3.133596 	-2.865435 	-2.756273 	-2.835182 	-2.202803 	-3.560614 	-1.741042 	-0.902973 	-5.902009 	-2.801898 	-6.235280 	-1.260133 	-4.039337 	-1.925959 	-3.482006 	-0.822193 	-1.549542 	-1.164657 	-3.861671 	-3.272275 	-2.036635 	-1.211085 	-2.643956 	-3.416100 	-3.954083 	-3.997907 	-1.759132 	-1.771757 	-3.350254 	-2.404085 	-2.086065 	-1.591178 	-2.836432 	-2.455057 	-5.074102 	-3.492049 	-1.679658 	-2.332351 	-2.160094 	-6.655687 	-1.244209 	-3.393251 	-3.064804 	-3.127014 	-5.434634 	-2.383162 	-2.741063 	-4.389750 	-3.998175 	-3.656865 	-1.039956 	-2.503699 	-1.672487 	-1.489786 	-5.729607 	-2.875934 	-0.689221 	-1.382430 	-2.929965 	-4.476679 	-4.282934 	-2.524259 	-2.791294 	-3.075005 	-2.143257 	-4.375118 	-4.046293 	-2.876560 	-2.262133 	-3.019785 	-3.190179 	-1.310796 	-3.636784 	-3.184623 	-2.625210 	-9.571361 	-1.676817 	-3.522302 	-2.219373 	-1.229468 	-2.316582 	-2.151723 	-3.554892 	-3.883179 	-4.055769 	-3.884201 	-3.278633 	-3.341330 	-1.852028 	-2.517526 	-2.455065 	-5.604765 	-1.132764 	-2.205946 	-2.904493 	-2.394299 	-2.294279 	-4.891294 	-3.449748 	-2.187447 	-2.302809 	-2.274285 	-2.545098 	-4.126508 	-1.542311 	-3.236762 	-8.883745 	-2.684781 	-2.444364 	-1.615193 	-2.025793 	-2.274597 	-2.686609 	-1.894670 	-3.481420 	-4.147389 	-4.160176 	-8.026973 	-5.541750 	-2.350210 	-2.684044 	-1.570407 	-2.245746 	-3.472419 	-3.467901 	-2.666125 	-4.108407 	-5.740467 	-2.135878 	-1.732895 	-1.958019 	-4.489173 	-2.665487 	-2.682922 	-4.013578 	-3.396650 	-3.186357 	-2.809320 	-3.748722 	-1.023458 	-4.171177 	-4.299905 	-4.987530 	-2.559062 	-4.450603 	-2.455158 	-2.833652 	-4.089889 	-2.029220 	-1.715673 	-2.228738 	-5.040275 	-4.703070 	-4.588917 	-2.593218 	-1.932447 	-3.136469 	-4.831558 	-5.616778 	-2.008012 	-2.064252 	-2.839033 	-4.280298 	-3.280691 	-3.297394 	-3.158781 	-2.813117 	-2.540631 	-3.055970 	-1.915347 	-3.261192 	-2.065851 	-2.698062 	-2.604394 	-1.899885 	-4.320815 	-7.383880 	-2.944612 	-7.346711 	-3.840916 	-2.812913 	-3.508364 	-5.172611 	-2.879797 	-3.947701 	-3.585594 	-2.679951 	-3.477127 	-1.959863 	-2.358387 	-2.211409 	-2.675282 	-6.598165 	-2.454380 	-2.653381 	-2.721185 	-1.671528 	-4.579903 	-4.849066 	-2.433291 	-2.749134 	-3.452165 	-3.051584 	-1.926786 	-3.801130 	-2.739055 	-1.919805 	-1.988583 	-2.078335 	-3.002763 	-1.669856 	-2.020881 	-1.549105 	-2.460588 	-1.697080 	-2.008261 	-3.052466 	-2.486594 	-3.415529 	-3.422900 	-2.045087 	-2.058647 	-2.596642 	-2.575421 	-1.333473 	-1.755419 	-2.162952 	-3.710635 	-3.768422 	-2.804952 	-2.468289 	-3.303737 	-1.529026 	-2.325315 	-2.725636 	-2.274841 	-2.547236 	-3.361452 	-3.978064 	-5.175082 	-2.915399 	-2.631158 	-3.650335 	-1.450230 	-3.176682 	-3.068136 	-1.616012 	-3.598721 	-1.342428 	-3.676161 	-4.662351 	-3.733115 	-4.282085 	-3.602722 	-2.194873 	-3.251441 	-2.977372 	-2.957481 	-3.379104 	-3.229953 	-1.455518 	-3.196426 	-5.081991 	-2.038535 	-2.188710 	-1.714830 	-4.070910 	-1.575440 	-3.324612 	-3.651207 	-2.757052 	-3.627594 	-2.578444 	-1.578378 	-2.802998 	-3.951355 	-4.434209 	-3.866804 	-2.280126 	-4.247632 	-3.422402 	-1.885869 	-2.926000 	-3.000290 	-4.338106 	-1.880261 	-2.385303 	-4.322370 	-6.762872 	-2.421134 	-1.286651 	-2.662722 	-4.483481 	-1.357230 	-1.826829 	-2.720538 	-2.273192 	-1.355852 	-3.377946 	-3.822550 	-1.357620 	-2.823147 	-2.975231 	-4.062458 	-1.471935 	-3.077038 	-1.741505 	-5.728134 	-3.584460 	-3.365070 	-5.162422 	-3.198727 	-1.953022 	-2.415410 	-3.300493 	-1.859132 	-1.771552 	-2.157857 	-3.600491 	-5.059137 	-3.002973 	-1.599061 	-2.755304 	-2.884753 	-3.275821 	-6.349968 	-2.798148 	-3.342834 	-3.689232 	-2.179676 	-2.244013 	-4.773206 	-4.703900 	-1.648008 	-2.270053 	-4.496324 	-4.877605 	-2.527526 	-3.447299 	-3.323869 	-2.795266 	-3.157637 	-2.251915 	-4.051681 	-2.313297 	-2.989949 	-4.997449 	-1.721070 	-1.605561 	-4.588227 	-2.658227 	-2.538761 	-3.078471 	-2.351441 	-1.830459 	-1.998771 	-3.191319 	-2.567334 	-2.694661 	-2.905121 	-6.892262 	-2.242322 	-2.132335 	-1.796779 	-2.820311 	-4.255065 	-2.394640 	-2.883889 	-3.066053 	-3.954942 	-2.926126 	-1.670914 	-2.850899 	-4.784798 	-4.909054 	-2.273309 	-2.455676 	-3.794356 	-3.790327 	-3.417036 	-3.771428 	-4.211921 	-2.796204 	-6.575850 	-2.239051 	-4.825737 	-3.954982 	-2.232263 	-3.170427 	-3.653592 	-4.208325 	-4.551233 	-6.477177 	-3.343332 	-3.453403 	-1.872894 	-4.518092 	-3.334491 	-4.067285 	-3.170352 	-4.154379 	-2.711351 	-5.955278 	-4.875560 	-2.555182 	-3.525627 	-3.144626 	-2.597331 	-2.743351 	-3.348787 	-1.611148 	-5.994496 	-3.372593 	-7.534398 	-2.779119 	-3.411386 	-1.961208 	-7.190537 	-4.823205 	-3.672131 	-4.612659 	-4.822525 	-3.773751 	-3.076447 	-2.172479 	-3.509957 	-2.288268 	-3.528923 	-7.239772 	-4.335955 	-3.145414 	-3.437112 	-4.034937 	-2.997373 	-6.223825 	-1.765740 	-6.490251 	-3.292531 	-1.859266 	-4.546699 	-4.801286 	-3.070791 	-7.444737 	-5.851740 	-2.132172 	-1.952125 	-4.413603 	-1.190606 	-2.565467 	-2.874490 	-2.441420 	-6.747348 	-4.700880 	-2.108815 	-2.540435 	-6.410200 	-3.402698 	-2.322288 	-2.494789 	-1.356172 	-3.456646 	-3.171045 	-2.746964 	-3.505129 	-5.174146 	-2.741406 	-2.044183 	-1.469106 	-4.525829 	-3.162487 	-7.005577 	-3.029320 	-4.426267 	-7.988442 	-3.484287 	-2.938472 	-5.619682 	-3.428285 	-2.155613 	-3.363693 	-3.212205 	-3.312267 	-4.505407 	-2.702126 	-3.420206 	-3.158157 	-2.871571 	-2.630123 	-2.038054 	-5.242132 	-2.091385 	-2.751859 	-1.806629 	-2.056734 	-1.645344 	-2.181925 	-3.377998 	-4.942191 	-5.302880 	-2.606052 	-3.451854 	-3.746244 	-2.756713 	-3.262913 	-5.927716 	-2.640671 	-2.998164 	-2.556514 	-1.483833 	-2.035745 	-5.168203 	-4.214291 	-2.872299 	-3.934056 	-3.154744 	-3.266829 	-2.823685 	-4.520859 	-4.006524 	-3.082002 	-3.014918 	-2.089847 	-4.334954 	-3.307944 	-2.474635 	-3.071361 	-2.254077 	-2.213191 	-2.411832 	-1.732547 	-3.248716 	-2.831845 	-3.921321 	-4.475393 	-2.320100 	-2.214335 	-2.038236 	-4.940791 	-3.247997 	-2.656847 	-1.976564 	-5.098914 	-3.748892 	-0.756932 	-2.101846 	-4.095323 	-3.359763 	-3.439943 	-1.483264 	-3.230964 	-1.999347 	-2.441933 	-2.212295 	-1.709003 	-3.165170 	-2.952918 	-1.983727 	-3.349837 	-5.805586 	-3.387472 	-3.505460 	-1.965298 	-2.320604 	-3.067262 	-4.365759 	-2.992633 	-4.225713 	-2.640738 	-3.673906 	-2.062795 	-3.208234 	-2.600846 	-3.845190 	-4.076602 	-3.992721 	-3.326381 	-3.138965 	-2.618655 	-1.624469 	-2.567861 	-3.467725 	-3.407067 	-3.938434 	-1.945814 	-2.524694 	-1.704948 	-3.233816 	-3.242875 	-2.504732 	-4.187631 	-3.474763 	-2.416909 	-2.084593 	-1.327278 	-3.363640 	-3.979095 	-1.746132 	-3.428272 	-2.103122 	-2.043250 	-3.283372 	-3.772845 	-2.841589 	-2.479591 	-3.468740 	-3.270828 	-5.695534 	-2.093786 	-2.767515 	-2.850368 	-2.931016 	-1.876307 	-2.289003 	-3.641196 	-4.702667 	-1.522418 	-2.861645 	-2.385290 	-6.632298 	-3.264895 	-5.158960 	-3.529038 	-3.190871 	-3.943797 	-1.867393 	-2.354912 	-3.129289 	-3.453552 	-3.069814 	-4.170443 	-3.453169 	-3.666549 	-3.395213 	-2.379794 	-1.922702 	-3.955693 	-3.237880 	-4.299304 	-3.061892 	-2.435062 	-2.239287 	-3.331995 	-2.893331 	-2.146829 	-2.772246 	-3.527482 	-5.146900 	-3.541938 	-2.344050 	-5.052531 	-3.912435 	-6.429187 	-2.699112 	-3.362512 	-1.958117 	-3.833175 	-3.619778 	-4.691686 	-2.548761 	-2.121586 	-1.778696 	-2.353263 	-3.903750 	-3.840736 	-3.395205 	-1.782580 	-2.031364 	-2.134416 	-2.902219 	-5.611433 	-4.758668 	-3.066640 	-2.708576 	-2.200421 	-5.028458 	-3.307210 	-2.314383 	-2.096364 	-3.081066 	-3.162218 	-5.597109 	-2.312291 	-1.821071 	-2.738729 	-2.282573 	-3.957743 	-7.491982 	-3.301496 	-2.651418 	-4.338126 	-2.830384 	-3.438753 	-3.887679 	-3.295710 	-3.420733 	-3.772222 	-3.695288 	-2.745464 	-2.313964 	-4.054188 	-2.638740 	-3.501754 	-5.213832 	-2.780475 	-2.673050 	-2.211328 	-2.478528 	-2.771881 	-1.914754 	-2.456626 	-5.955091 	-3.416611 	-4.603742 	-2.272680 	-1.771151 	-3.709488 	-3.235578 	-2.187649 	-2.249603 	-2.540129 	-2.794112 	-4.670020 	-3.579232 	-4.167284 	-3.846584 	-5.236181 	-5.260735 	-4.563596 	-3.758557 	-3.826847 	-2.440082 	-3.652436 	-3.613498 	-2.904352 	-2.789851 	-5.776352 	-4.046708 	-1.626313 	-4.622568 	-5.147560 	-2.836329 	-3.969147 	-4.700359 	-3.982923 	-4.844048 	-5.681018 	-2.522206 	-3.147250 	-4.003578 	-3.393142 	-4.766758 	-2.451808 	-4.136158 	-3.195042 	-3.531141 	-2.749715 	-1.710609 	-3.221009 	-3.079086 	-3.352941 	-2.231855 	-4.341003 	-4.640150 	-5.838027 	-0.865709 	-2.932030 	-5.376833 	-6.582369 	-1.749244 	-3.138813 	-4.515477 	-4.164698 	-4.112751 	-2.818522 	-2.677926 	-3.055491 	-1.247909 	-6.031423 	-4.426022 	-4.577168 	-2.750714 	-3.397978 	-2.587521 	-9.648934 	-3.125609 	-3.325694 	-3.791058 	-3.375813 	-3.199594 	-2.803880 	-3.272311 	-3.431408 	-1.984215 	-2.860226 	-5.990598 	-5.307471 	-4.489147 	-3.018578 	-1.370441 	-2.915048 	-2.231663 	-2.067785 	-2.315695 	-6.109928 	-4.792695 	-3.076155 	-2.124524 	-4.338097 	-3.606965 	-3.643030 	-2.000668 	-6.412671 	-1.685354 	-3.519732 	-5.077665 	-4.068888 	-3.350505 	-2.708923 	-8.040280 	-2.554417 	-3.082744 	-1.339714 	-2.253870 	-2.782033 	-2.556764 	-3.170917 	-2.739582 	-2.767770 	-4.078448 	-3.798470 	-3.573081 	-3.871286 	-3.589648 	-4.009812 	-2.739064 	-1.685548 	-3.900696 	-2.652950 	-5.196212 	-3.307426 	-4.567226 	-2.140389 	-3.730747 	-1.619437 	-4.270822 	-5.947926 	-7.690158 	-1.702507 	-3.000413 	-3.148506 	-4.530835 	-3.378614 	-1.846890 	-8.000188 	-3.245291 	-3.429647 	-3.057430 	-2.359099 	-2.218549 	-3.976212 	-4.844158 	-4.752805 	-5.482457 	-3.027751 	-2.832160 	-3.352307 	-6.113865 	-2.794973 	-5.186365 	-3.754144 	-2.892377 	-2.440320 	-2.865357 	-5.328594 	-2.893563 	-3.646786 	-2.506805 	-4.490822 	-5.711732 	-1.991479 	-3.632447 	-1.989537 	-4.883914 	-2.919959 	-2.743990 	-4.191993 	-3.972201 	-2.521115 	-5.041952 	-3.151930 	-3.814647 	-4.394849 	-2.968836 	-1.990564 	-3.230468 	-2.367495 	-4.193574 	-4.652583 	-3.191927 	-3.151413 	-3.352347 	-2.394816 	-5.968319 	-2.605505 	-3.183682 	-3.548205 	-3.397869 	-2.570173 	-3.513089 	-3.214177 	-2.426332 	-2.682320 	-6.045197 	-6.487877 	-2.312837 	-4.136139 	-3.498423 	-1.619963 	-1.837982 	-3.243731 	-2.606860 	-2.164252 	-2.319025 	-4.075439 	-3.287330 	-2.901847 	-6.122876 	-4.234534 	-4.186778 	-4.006966 	-3.842161 	-2.625761 	-2.007409 	-2.367129 	-9.811226 	-3.416828 	-3.729932 	-5.970791 	-4.879404 	-3.491777 	-2.924006 	-4.106274 	-3.897395 	-2.130472 	-1.703929 	-3.559107 	-2.596068 	-3.271729 	-2.820534 	-3.753225 	-2.168104 	-6.157406 	-2.384559 	-4.999671 	-4.797122 	-2.849500 	-2.473092 	-3.764214 	-2.421812 	-2.547413 	-2.924697 	-5.009512 	-3.818122 	-6.464988 	-3.708016 	-8.116190 	-4.420748 	-7.306374 	-4.080537 	-2.394677 	-3.446672 	-2.998372 	-2.598547 	-3.746934 	-2.219941 	-6.664677 	-2.108720 	-3.485198 	-5.404578 	-3.383192 	-3.174326 	-3.461466 	-4.459970 	-6.907053 	-4.551369 	-2.521892 	-3.176159 	-4.819540 	-1.669366 	-2.896018 	-7.585909 	-2.877025 	-4.088389 	-3.855434 	-2.715918 	-4.816123 	-4.504127 	-3.100807 	-3.382215 	-3.296540 	-4.758354 	-2.477520 	-6.208833 	-5.737936 	-5.353872 	-3.403942 	-4.266908 	-4.663930 	-5.438260 	-3.968742 	-2.577940 	-3.666705 	-2.183344 	-4.010936 	-2.725414 	-2.233908 	-2.526545 	-2.476719 	-5.276913 	-4.026256 	-1.781440 	-2.757916 	-5.182302 	-2.843755 	-5.608352 	-2.966799 	-4.142026 	-1.910106 	-3.082908 	-3.219448 	-2.560211 	-2.737558 	-4.217412 	-3.719374 	-5.254483 	-4.790700 	-1.631616 	-4.376474 	-8.478977 	-3.889205 	-3.045698 	-2.590267 	-2.899312 	-3.568563 	-9.322291 	-3.475305 	-2.398721 	-4.876289 	-2.821726 	-3.922891 	-6.493184 	-3.594171 	-4.611523 	-3.287645 	-2.925190 	-6.799145 	-5.290713 	-3.123143 	-4.124489 	-2.934471 	-4.308687 	-3.989104 	-3.436155 	-4.497511 	-2.686421 	-2.303034 	-3.335381 	-4.184177 	-3.307870 	-3.639351 	-5.123587 	-2.516814 	-3.994770 	-4.290399 	-4.596587 	-2.929364 	-4.473491 	-2.783199 	-4.097953 	-2.879112 	-2.601291 	-3.819043 	-2.615582 	-3.164885 	-4.968537 	-3.346369 	-2.377960 	-4.523786 	-2.850878 	-3.660822 	-3.159493 	-6.193314 	-1.972305 	-3.625867 	-2.327038 	-7.492319 	-2.814902 	-3.784655 	-5.023248 	-5.592968 	-5.611037 	-2.737130 	-4.379282 	-3.609341 	-4.477618 	-4.890302 	-3.722069 	-3.933405 	-2.604986 	-2.743657 	-2.961372 	-5.690237 	-3.571106 	-3.437878 	-3.537985 	-5.176385 	-3.892403 	-3.499622 	-3.130037 	-3.974430 	-1.841136 	-2.787699 	-3.429604 	-2.750647 	-3.862956 	-5.294239 	-2.343736 	-3.130004 	-3.783159 	-2.759509 	-3.090459 	-3.551745 	-5.703136 	-3.193435 	-3.605813 	-3.870228 	-2.485354 	-4.802335 	-4.386942 	-1.882705 	-4.542733 	-3.295314 	-4.245556 	-3.908497 	-3.097184 	-2.666879 	-3.427733 	-2.000054 	-4.456534 	-4.998107 	-3.058316 	-3.502279 	-3.919507 	-4.797769 	-3.135811 	-4.940664 	-2.913501 	-2.757203 	-4.519048 	-3.847021 	-4.062592 	-5.078300 	-4.024736 	-4.313583 	-3.803282 	-6.728783 	-5.549505 	-3.143719 	-4.174700 	-2.666267 	-4.005516 	-3.634326 	-2.136935 	-2.657495 	-2.415978 	-2.733938 	-3.108224 	-2.596562 	-4.622865 	-4.461742 	-3.234808 	-2.990482 	-3.119434 	-2.951518 	-2.726700 	-5.609327 	-3.593234 	-5.107619 	-3.089349 	-5.275570 	-2.991780 	-3.548999 	-3.361442 	-6.434750 	-4.592997 	-7.566294 	-4.983021 	-3.603894 	-4.548371 	-5.809118 	-4.096225 	-4.843325 	-2.583874 	-5.026821 	-3.126596 	-3.416166 	-6.608551 	-3.688252 	-3.560408 	-7.406449 	-3.145717 	-2.910890 	-3.744209 	-3.694715 	-4.186998 	-3.422763 	-2.679272 	-2.346205 	-3.058812 	-4.492392 	-4.105051 	-4.429040 	-4.135027 	-3.857503 	-3.837620 	-8.058662 	-4.734241 	-3.148272 	-5.415439 	-2.095570 	-3.555816 	-5.125796 	-3.884993 	-2.627634 	-5.067157 	-2.740062 	-4.846250 	-1.977199 	-3.379688 	-3.271555 	-4.733613 	-3.383939 	-3.545588 	-4.261564 	-2.065884 	-2.949068 	-2.979930 	-3.602426 	-4.769687 	-3.229255 	-3.943926 	-2.759279 	-5.473293 	-3.291647 	-2.974483 	-2.706260 	-1.903502 	-3.245695 	-7.379938 	-4.595008 	-3.184669 	-5.811648 	-2.928418 	-3.938063 	-4.352978 	-8.611810 	-3.810365 	-3.688310 	-3.151352 	-4.561934 	-2.925307 	-3.566776 	-3.163674 	-3.585851 	-4.841066 	-3.517714 	-3.669787 	-5.445598 	-3.269676 	-3.151427 	-2.394101 	-3.918050 	-5.584291 	-4.654791 	-4.241005 	-8.861992 	-4.323534 	-4.436195 	-4.278875 	-3.338604 	-4.431559 	-2.513670 	-2.555001 	-5.197764 	-5.875220 	-2.925726 	-4.259655 	-3.565794 	-6.447543 	-5.458621 	-4.893834 	-5.636142 	-6.457564 	-4.245782 	-5.286035 	-6.014796 	-3.532421 	-1.641684 	-3.942345 	-2.339121 	-4.183360 	-5.299400 	-4.806717 	-5.547113 	-2.516367 	-4.140222 	-3.668803 	-3.213257 	-3.277689 	-3.664507 	-3.766366 	-5.155639 	-3.887569 	-4.009547 	-2.985053 	-4.824030 	-3.177959 	-3.956850 	-4.593034 	-2.065276 	-2.838842 	-2.010967 	-3.338070 	-5.705138 	-2.746354 	-3.707375 	-4.977138 	-3.871073 	-3.722629 	-2.642572 	-5.949055 	-3.327161 	-3.981054 	-4.819945 	-2.361569 	-4.414620 	-4.366372 	-5.183624 	-3.985050 	-3.523204 	-3.896179 	-4.502641 	-3.383746 	-3.754188 	-3.865738 	-3.067990 	-3.509898 	-3.766219 	-3.304171 	-3.604116 	-4.522128 	-3.505307 	-4.891363 	-3.400500 	-6.928606 	-6.458956 	-4.765192 	-3.962968 	-4.298344 	-3.192660 	-2.585436 	-2.882943 	-2.983347 	-3.399275 	-2.682053 	-2.956084 	-5.916331 	-4.214850 	-3.789882 	-2.855361 	-3.196201 	-3.397320 	-4.576036 	-8.220863 	-7.059545 	-6.125684 	-3.718994 	-3.470328 	-2.766290 	-3.386843 	-1.957684 	-6.645958 	-3.439732 	-4.385093 	-2.924386 	-5.081533 	-2.773009 	-1.978842 	-3.470829 	-5.100540 	-3.536282 	-3.956567 	-4.868504 	-4.276440 	-3.941452 	-3.971478 	-2.010755 	-2.428209 	-3.340446 	-3.656533 	-2.172878 	-5.360660 	-2.405322 	-2.866682 	-3.354569 	-4.600661 	-6.534799 	-2.365734 	-3.826516 	-5.420621 	-3.263777 	-4.555634 	-3.243883 	-5.724829 	-3.662570 	-4.783619 	-5.023535 	-3.234403 	-4.376280 	-3.140703 	-5.647673 	-5.369207 	-6.024968 	-6.093322 	-4.179058 	-4.268712 	-3.577515 	-2.930392 	-3.499614 	-2.813583 	-2.239982 	-5.000793 	-6.707966 	-4.235860 	-1.933307 	-2.168969 	-3.822336 	-4.017531 	-4.851143 	-2.964647 	-2.887098 	-4.696029 	-2.720201 	-4.051973 	-2.735949 	-2.786367 	-2.773451 	-3.623362 	-2.852981 	-6.683702 	-3.022016 	-5.964546 	-2.892149 	-5.730812 	-6.806942 	-3.549950 	-4.793354 	-3.790669 	-3.492420 	-2.525701 	-4.332627 	-4.874556 	-4.746051 	-2.259539 	-3.422133 	-4.116427 	-3.633970 	-2.609435 	-2.503944 	-2.718312 	-6.210386 	-3.520521 	-4.695115 	-2.164352 	-2.413249 	-2.761453 	-2.423685 	-2.946657 	-3.677627 	-3.079242 	-4.276805 	-5.289303 	-3.049342 	-4.181040 	-4.006450 	-3.556775 	-4.072571 	-3.074554 	-2.243445 	-2.691348 	-4.914680 	-4.349993 	-5.066046 	-5.212033 	-4.365605 	-2.358089 	-2.492267 	-3.286467 	-3.162128 	-2.931988 	-4.345831 	-3.615858 	-5.824169 	-3.125886 	-4.200043 	-5.044192 	-2.271020 	-2.694055 	-3.265446 	-8.694280 	-3.271935 	-4.074267 	-4.152840 	-3.012019 	-4.990809 	-3.070556 	-4.584104 	-6.894105 	-4.002618 	-4.512740 	-4.608779 	-5.596641 	-4.882842 	-3.278689 	-2.799159 	-1.989146 	-3.679457 	-3.072934 	-3.725246 	-5.118301 	-4.279480 	-5.909312 	-3.670837 	-2.883686 	-2.043548 	-4.316365 	-5.339779 	-3.713182 	-8.809951 	-4.294516 	-3.095232 	-5.484816 	-4.296390 	-3.755599 	-3.908621 	-5.052405 	-2.705375 	-4.086002 	-3.007543 	-3.849136 	-5.718016 	-5.135683 	-1.934954 	-2.067323 	-3.473153 	-5.020501 	-2.465726 	-4.416507 	-2.711385 	-3.773968 	-4.158340 	-7.505554 	-3.402168 	-4.711676 	-2.588130 	-3.369893 	-3.455855 	-3.473962 	-4.028860 	-5.581684 	-3.206679 	-8.298467 	-3.609366 	-5.327972 	-4.372285 	-4.857719 	-3.642651 	-4.690013 	-2.940997 	-5.790800 	-3.963550 	-4.325945 	-4.106490 	-3.146495 	-1.739901 	-4.677752 	-3.805589 	-3.942899 	-2.469605 	-4.996638 	-3.036362 	-5.434873 	-4.400246 	-4.022805 	-2.945020 	-3.444392 	-4.705221 	-3.431899 	-5.635344 	-2.399163 	-2.462752 	-4.744836 	-3.765644 	-4.318907 	-5.329131 	-6.312879 	-5.132918 	-3.510521 	-3.296484 	-4.115810 	-3.356925 	-8.945010 	-4.124953 	-3.072854 	-3.691735 	-6.143099 	-3.176972 	-3.078864 	-6.242149 	-6.369918 	-5.338183 	-4.552534 	-4.017196 	-3.112246 	-3.471799 	-3.691160 	-3.378200 	-7.236461 	-2.761173 	-3.246912 	-4.518097 	-5.066215 	-7.316842 	-3.106779 	-1.620145 	-5.193495 	-3.519122 	-3.323932 	-3.363109 	-5.971685 	-4.184628 	-3.614060 	-3.209966 	-3.645232 	-4.228393 	-2.681159 	-2.750703 	-2.048288 	-3.313122 	-3.125677 	-2.662669 	-4.509316 	-4.448318 	-2.545658 	-3.734933 	-2.839490 	-8.103235 	-2.826255 	-3.530733 	-5.148961 	-3.360778 	-2.445660 	-2.527268 	-4.368290 	-5.636603 	-2.987488 	-2.239572 	-6.732304 	-3.053084 	-3.769216 	-3.481246 	-3.780067 	-4.368640 	-2.673138 	-2.317112 	-8.585383 	-2.488384 	-2.746365 	-5.396919 	-4.122009 	-3.210604 	-7.116426 	-4.678859 	-4.457773 	-3.420321 	-4.670273 	-3.862198 	-4.122482 	-2.510754 	-3.683975 	-4.154063 	-4.818901 	-4.717095 	-1.536295 	-3.703339 	-4.683144 	-3.475777 	-4.180477 	-3.853656 	-4.229485 	-4.124754 	-4.191443 	-3.996998 	-4.263024 	-3.345911 	-6.038916 	-2.753394 	-3.757726 	-2.827405 	-4.033810 	-5.425449 	-3.670123 	-3.589033 	-2.343237 	-3.153843 	-3.992113 	-4.234637 	-3.166732 	-5.587301 	-3.292096 	-4.271118 	-2.798765 	-4.385954 	-2.329079 	-3.600733 	-4.911786 	-3.508275 	-7.136630 	-3.672075 	-4.548484 	-5.264161 	-2.834473 	-4.202800 	-2.464641 	-2.556842 	-4.453913 	-3.110184 	-1.982235 	-3.818979 	-3.005968 	-3.699812 	-3.103447 	-3.791472 	-8.684649 	-2.729402 	-3.153626 	-4.697804 	-3.440186 	-2.855544 	-4.221519 	-4.619982 	-3.730877 	-4.095371 	-3.956494 	-2.980825 	-4.623085 	-5.243774 	-5.252113 	-5.084963 	-3.619698 	-5.471086 	-2.342346 	-3.726504 	-3.619982 	-2.964341 	-5.653989 	-2.577072 	-2.449619 	-3.402671 	-2.682557 	-3.019756 	-3.840818 	-4.190398 	-4.189525 	-2.986861 	-4.566841 	-3.988590 	-3.433082 	-3.555541 	-3.701497 	-3.835668 	-4.767297 	-5.440980 	-3.218241 	-3.398127 	-3.119234 	-4.919330 	-3.907824 	-3.439181 	-3.462329 	-4.731825 	-4.313190 	-6.731325 	-2.251354 	-1.765374 	-2.319731 	-4.789493 	-3.580792 	-3.089556 	-5.753744 	-4.933935 	-6.161306 	-5.068624 	-2.748157 	-5.682700 	-7.201113 	-5.568035 	-4.558320 	-3.110566 	-3.124168 	-2.894737 	-3.821461 	-2.294843 	-4.349096 	-2.782230 	-3.927573 	-2.378688 	-3.745431 	-3.491899 	-3.220880 	-4.852868 	-2.929324 	-3.250067 	-4.252773 	-2.333148 	-3.309860 	-3.610450 	-5.241843 	-3.089695 	-3.110334 	-5.510833 	-3.442579 	-3.722515 	-2.698139 	-4.876921 	-5.030859 	-3.473878 	-4.287378 	-2.707880 	-3.453551 	-7.227005 	-3.387634 	-4.162436 	-4.192854 	-4.707480 	-4.192811 	-3.221241 	-5.134150 	-5.262345 	-4.799762 	-3.767260 	-4.522942 	-3.087518 	-2.954445 	-2.591927 	-6.414470 	-2.603484 	-3.478820 	-3.793137 	-3.352383 	-3.893001 	-3.703923 	-5.082379 	-5.401185 	-3.937713 	-2.371649 	-3.157603 	-2.682313 	-5.617309 	-3.298819 	-3.784611 	-2.298262 	-2.926891 	-4.469851 	-3.725481 	-3.883778 	-2.968358 	-2.212509 	-5.243027 	-4.319386 	-3.754320 	-4.739808 	-5.246575 	-3.693041 	-2.369347 	-3.656577 	-3.998746 	-10.206537 	-3.825601 	-3.179183 	-4.622501 	-5.455078 	-5.685651 	-5.075230 	-4.355497 	-5.086883 	-3.488347 	-4.033618 	-4.696317 	-4.430627 	-2.686314 	-3.793473 	-5.863447 	-3.012606 	-4.660030 	-5.945553 	-2.976232 	-5.185045 	-2.301469 	-5.316513 	-5.778806 	-3.112411 	-4.303467 	-3.911781 	-2.802347 	-2.956048 	-3.678656 	-4.476390 	-3.763010 	-2.801117 	-4.518902 	-5.962159 	-6.564376 	-3.463084 	-4.041479 	-4.879738 	-5.248464 	-7.168168 	-3.613047 	-2.040580 	-4.207281 	-4.897589 	-4.640313 	-3.780018 	-4.447702 	-4.077218 	-2.305874 	-3.649591 	-3.987656 	-3.954267 	-3.784683 	-4.450235 	-3.523400 	-3.204285 	-4.977353 	-4.444321 	-3.569615 	-3.109360 	-2.600213 	-2.717617 	-3.103638 	-3.926447 	-4.547558 	-4.125814 	-2.965339 	-5.011640 	-2.984560 	-3.776926 	-9.253064 	-4.736076 	-3.551197 	-4.545944 	-4.119568 	-4.708228 	-3.202125 	-3.313212 	-3.861779 	-4.493665 	-2.062165 	-4.158832 	-3.331818 	-3.594472 	-5.779432 	-2.729219 	-2.798039 	-5.352520 	-4.314025 	-6.380104 	-3.190245 	-5.745227 	-3.137169 	-4.917651 	-2.476256 	-2.481461 	-5.150701 	-4.715820 	-4.182576 	-7.919664 	-3.665662 	-4.601792 	-3.161003 	-3.285777 	-4.032315 	-3.304828 	-7.639013 	-5.224595 	-3.989315 	-3.420252 	-4.222328 	-2.868274 	-4.054289 	-3.946030 	-2.424647 	-4.110038 	-5.315000 	-3.492081 	-3.369613 	-4.936564 	-5.707576 	-5.748063 	-3.711982 	-5.646875 	-2.650203 	-3.418245 	-3.014072 	-3.641555 	-5.210832 	-3.864953 	-3.403644 	-4.243331 	-4.896594 	-4.637709 	-4.151890 	-2.183843 	-5.162099 	-3.652300 	-4.294330 	-5.086133 	-6.269001 	-4.107640 	-5.593591 	-3.905810 	-2.962506 	-6.302079 	-3.786256 	-3.525475 	-3.546757 	-4.821570 	-4.604690 	-6.191361 	-5.384961 	-4.791310 	-4.109393 	-3.740392 	-4.019738 	-3.528465 	-5.213158 	-5.187624 	-4.888733 	-4.637088 	-3.291363 	-9.922364 	-3.314221 	-4.068187 	-3.904911 	-4.420284 	-3.035419 	-3.702923 	-4.693903 	-5.628392 	-3.039129 	-4.389271 	-7.656672 	-3.951511 	-5.465558 	-3.169574 	-5.770619 	-4.343415 	-7.036558 	-2.838341 	-3.556516 	-4.612510 	-6.423579 	-2.451777 	-9.603813 	-3.451734 	-5.149679 	-4.758215 	-7.613264 	-3.968034 	-4.211702 	-3.338036 	-3.665851 	-3.840834 	-4.691693 	-4.788782 	-3.052692 	-4.032152 	-4.566274 	-4.526139 	-4.637947 	-6.688550 	-3.338259 	-3.137121 	-5.895981 	-7.636609 	-3.768047 	-3.356391 	-4.550489 	-4.932417 	-4.334577 	-5.099698 	-3.974051 	-5.354808 	-3.966353 	-3.742288 	-2.627497 	-3.803418 	-5.138600 	-4.419291 	-3.738767 	-2.754749 	-6.309240 	-2.541807 	-3.988302 	-2.836158 	-5.590649 	-4.627256 	-3.906554 	-7.180239 	-3.717770 	-4.201341 	-2.954418 	-3.326270 	-5.672488 	-3.751163 	-5.273901 	-4.176593 	-4.623212 	-3.092403 	-5.320283 	-4.089642 	-4.581300 	-3.995246 	-2.584370 	-5.999770 	-3.342963 	-5.095821 	-4.469947 	-7.913754 	-2.511349 	-2.153293 	-4.514468 	-5.626197 	-4.036273 	-4.033613 	-4.138590 	-2.972177 	-4.706230 	-6.549516 	-4.716496 	-4.557365 	-3.549852 	-4.286460 	-4.662065 	-5.556133 	-2.682352 	-4.901024 	-6.484473 	-4.196276 	-3.602122 	-2.440807 	-2.334873 	-4.101745 	-4.051777 	-3.833431 	-3.776770 	-4.309959 	-6.428237 	-4.190529 	-5.242599 	-4.163389 	-6.706302 	-2.856914 	-4.531854 	-3.379730 	-4.821297 	-5.538143 	-3.546166 	-5.054822 	-3.492174 	-3.538676 	-3.240788 	-2.702498 	-5.404784 	-5.345443 	-3.251062 	-5.422836 	-4.072090 	-3.226004 	-4.092785 	-4.846436 	-2.658257 	-4.031612 	-5.548726 	-3.099178 	-3.278762 	-3.850738 	-2.653974 	-5.570722 	-2.948492 	-4.990538 	-4.261203 	-4.184804 	-3.073107 	-4.071877 	-4.652101 	-7.818466 	-3.054798 	-3.636231 	-5.516165 	-4.118998 	-4.411064 	-2.354401 	-4.128355 	-2.635411 	-4.474244 	-7.533591 	-3.089048 	-2.948707 	-6.243956 	-4.622789 	-9.363040 	-2.762153 	-3.916767 	-7.241271 	-5.032086 	-4.584469 	-5.722462 	-4.560143 	-4.738717 	-3.250243 	-4.581578 	-3.075126 	-3.814797 	-4.516099 	-5.458383 	-5.569595 	-3.752051 	-4.395077 	-3.485195 	-6.237542 	-2.938427 	-4.922067 	-4.661280 	-4.704525 	-5.971642 	-3.012906 	-2.658731 	-3.853889 	-6.558896 	-5.357634 	-4.527327 	-5.183912 	-6.461014 	-3.665665 	-3.452107 	-3.490385 	-4.958482 	-4.444461 	-5.272412 	-3.652299 	-4.721726 	-4.529029 	-3.892937 	-4.449136 	-5.633739 	-3.216721 	-8.319434 	-2.784912 	-2.078838 	-3.478494 	-4.176323 	-3.467333 	-4.088703 	-4.471981 	-5.621387 	-4.156302 	-5.921937 	-3.612573 	-5.096517 	-4.552040 	-7.126386 	-3.331565 	-3.490636 	-1.819361 	-3.129242 	-4.514472 	-3.292942 	-3.225985 	-6.222094 	-5.900705 	-5.143720 	-5.509370 	-3.307615 	-4.429740 	-3.069033 	-3.614221 	-7.471082 	-4.506884 	-3.300154 	-4.145676 	-3.821284 	-2.562409 	-5.960333 	-3.954086 	-3.694027 	-4.630437 	-4.461115 	-3.742595 	-2.715971 	-4.752564 	-4.061263 	-5.910284 	-4.861556 	-3.629395 	-3.340304 	-4.304511 	-6.412532 	-4.027514 	-4.586971 	-3.983097 	-2.632494 	-3.043546 	-5.211784 	-3.186979 	-5.406028 	-4.009438 	-4.323946 	-4.727088 	-5.046342 	-3.400541 	-5.107466 	-2.899409 	-3.702761 	-4.904419 	-3.933340 	-3.027034 	-3.513277 	-4.896507 	-2.516540 	-3.391230 	-3.584488 	-2.971796 	-2.502129 	-5.362025 	-4.896082 	-6.572186 	-3.169066 	-4.677528 	-4.072601 	-4.700067 	-3.836443 	-2.764873 	-5.622867 	-5.897242 	-7.243095 	-3.641120 	-4.490348 	-4.449806 	-4.978883 	-3.881745 	-5.887503 	-4.019691 	-3.392166 	-3.565242 	-3.986128 	-2.710457 	-4.855839 	-4.353209 	-5.247627 	-5.211785 	-4.248409 	-4.874381 	-5.132809 	-3.320583 	-4.734087 	-3.207130 	-4.991772 	-6.245917 	-2.736433 	-6.339680 	-3.304085 	-2.448045 	-2.745673 	-2.822978 	-4.569981 	-4.475523 	-2.478713 	-2.610038 	-4.848562 	-3.467384 	-5.563915 	-4.233649 	-5.225032 	-5.176252 	-4.139422 	-3.540377 	-1.991586 	-3.946392 	-6.034483 	-4.425063 	-5.734762 	-7.571299 	-5.360143 	-4.826180 	-3.190323 	-2.765982 	-4.901073 	-4.178387 	-5.609945 	-4.954757 	-2.581007 	-5.749115 	-5.440860 	-3.267034 	-3.271055 	-5.737439 	-4.746626 	-3.870381 	-4.301906 	-4.641533 	-5.178094 	-7.250278 	-4.722949 	-4.062848 	-4.573969 	-4.284605 	-4.748253 	-4.900046 	-3.665939 	-4.659725 	-9.199299 	-3.912640 	-4.053977 	-5.128182 	-4.196923 	-4.314006 	-5.218818 	-3.676488 	-4.091330 	-7.602279 	-2.216578 	-4.274229 	-2.759472 	-3.496450 	-5.176601 	-4.678847 	-3.090189 	-2.856307 	-3.787361 	-3.037197 	-5.444790 	-2.910669 	-1.887206 	-6.672250 	-3.130625 	-3.990182 	-8.778606 	-5.074395 	-4.700205 	-3.589616 	-4.739351 	-5.692398 	-4.139540 	-2.594914 	-5.652747 	-2.872872 	-1.978702 	-4.939087 	-2.266542 	-4.016285 	-4.578157 	-6.578688 	-3.156093 	-2.910678 	-3.212605 	-6.093471 	-3.751372 	-4.384881 	-8.396937 	-6.792940 	-2.909539 	-3.320875 	-2.382840 	-4.399871 	-2.844065 	-3.301366 	-4.671404 	-4.773743 	-2.819596 	-4.976058 	-3.615363 	-3.982013 	-5.960199 	-5.348882 	-4.224114 	-4.838495 	-3.781981 	-4.526803 	-7.849426 	-4.157141 	-6.251700 	-3.300032 	-4.099706 	-4.709439 	-5.558642 	-6.227999 	-5.036627 	-3.763033 	-5.024662 	-2.958657 	-4.620322 	-4.342962 	-5.824696 	-3.463352 	-3.585395 	-5.224752 	-4.539782 	-4.664301 	-4.948700 	-5.408165 	-4.471964 	-2.822253 	-4.764524 	-4.809863 	-3.428379 	-4.702708 	-3.659026 	-3.684344 	-3.375882 	-2.520633 	-4.104210 	-4.222912 	-5.760443 	-3.290329 	-4.874433 	-3.526462 	-5.591235 	-3.089422 	-5.453474 	-3.336886 	-4.075283 	-4.013230 	-2.855795 	-6.597297 	-5.930378 	-4.528187 	-6.752762 	-4.189044 	-2.538413 	-7.662598 	-4.704624 	-4.487296 	-3.287786 	-3.356139 	-2.205883 	-3.635484 	-3.796967 	-5.573848 	-3.859486 	-3.563978 	-4.774155 	-3.523457 	-3.314926 	-4.116700 	-3.497058 	-3.218672 	-3.759225 	-3.673957 	-3.625619 	-6.630837 	-2.649866 	-3.154764 	-4.706011 	-2.819757 	-5.933623 	-3.758431 	-4.462169 	-3.267939 	-3.905979 	-7.740025 	-3.339330 	-5.340020 	-2.761581 	-5.447549 	-5.467518 	-5.773615 	-7.086925 	-2.953995 	-5.273031 	-4.539916 	-3.390622 	-3.960821 	-5.387443 	-4.204609 	-4.617005 	-6.230091 	-3.069540 	-3.629266 	-4.647168 	-3.226942 	-4.997845 	-5.843540 	-3.106438 	-3.282511 	-2.668524 	-4.191807 	-3.922802 	-8.504375 	-3.358463 	-4.227664 	-5.038855 	-3.286901 	-5.822117 	-5.058014 	-2.944074 	-5.727975 	-4.281026 	-4.256267 	-3.194898 	-4.287998 	-4.629234 	-3.394761 	-5.009911 	-5.078064 	-3.430913 	-4.806489 	-3.333077 	-3.620454 	-2.694734 	-4.547091 	-7.305459 	-4.356713 	-3.366775 	-4.217012 	-4.440554 	-2.917664 	-2.650311 	-5.284840 	-2.947732 	-4.233583 	-3.487775 	-3.936184 	-5.989512 	-7.643419 	-4.036521 	-4.792580 	-3.525552 	-7.419860 	-2.559149 	-3.517432 	-4.936122 	-3.325695 	-3.541004 	-4.027523 	-3.351193 	-3.125846 	-4.234878 	-4.204177 	-3.421348 	-4.569294 	-2.823526 	-3.064518 	-3.370544 	-3.021597 	-2.718016 	-4.061396 	-5.226757 	-5.446419 	-2.806582 	-5.872649 	-5.008416 	-4.063195 	-4.200248 	-8.180089 	-4.072502 	-4.482135 	-3.002162 	-4.338279 	-5.295990 	-7.861656 	-6.361803 	-3.598287 	-3.203174 	-3.731637 	-5.224482 	-4.736933 	-3.456595 	-3.366050 	-5.913960 	-4.226816 	-2.985293 	-2.772415 	-4.871836 	-2.727659 	-4.010192 	-4.270158 	-6.222008 	-3.491426 	-3.321173 	-3.938285 	-4.742800 	-4.896753 	-9.781927 	-3.628806 	-3.950567 	-2.896294 	-4.425417 	-3.012682 	-5.551597 	-2.736562 	-4.923971 	-3.999793 	-4.617419 	-4.100865 	-5.658302 	-5.145500 	-2.780784 	-3.955446 	-3.127668 	-3.036623 	-4.618577 	-4.846018 	-4.142670 	-3.739807 	-3.932307 	-2.534983 	-4.874172 	-3.166722 	-3.025682 	-3.440616 	-5.848956 	-6.115817 	-3.962885 	-4.154198 	-5.770524 	-3.097906 	-3.318117 	-3.719817 	-4.311409 	-7.107275 	-3.695059 	-5.399747 	-7.479772 	-5.085960 	-2.660278 	-3.894151 	-4.860430 	-4.285711 	-2.310755 	-4.002052 	-4.929412 	-5.116219 	-3.488990 	-4.113674 	-7.199171 	-3.630209 	-3.143504 	-4.371823 	-4.572636 	-4.983424 	-3.185713 	-5.868637 	-3.496697 	-3.368848 	-5.477043 	-3.205706 	-3.994437 	-4.025799 	-3.967596 	-4.339832 	-7.218422 	-3.855645 	-4.847850 	-5.899180 	-3.221056 	-3.882847 	-5.002051 	-4.001753 	-4.524475 	-7.590240 	-4.058315 	-5.376305 	-6.007026 	-5.124140 	-4.516235 	-4.203566 	-4.375838 	-4.432830 	-3.869881 	-6.405999 	-3.876103 	-5.362885 	-3.089528 	-3.361103 	-4.316151 	-5.329730 	-3.697811 	-3.233102 	-2.220074 	-3.353980 	-5.302754 	-5.450705 	-3.251303 	-4.414943 	-2.804889 	-4.725587 	-2.230408 	-5.080191 	-4.626729 	-3.682465 	-4.684487 	-5.031109 	-4.282956 	-2.807219 	-4.817380 	-5.232793 	-9.678995 	-3.981473 	-3.294932 	-3.528073 	-3.445006 	-3.140843 	-4.197963 	-3.805737 	-2.900721 	-4.733403 	-5.506919 	-2.730123 	-6.382225 	-3.090946 	-3.349199 	-5.052864 	-4.336511 	-6.594967 	-4.325736 	-4.254675 	-5.316253 	-4.133906 	-4.637547 	-5.365082 	-5.173807 	-4.056667 	-2.615532 	-4.004024 	-4.977774 	-7.737170 	-4.858904 	-3.148270 	-4.994329 	-5.245268 	-4.145838 	-6.293965 	-4.769558 	-3.842910 	-4.705870 	-5.652094 	-4.319706 	-5.860482 	-6.035240 	-3.144818 	-2.853803 	-6.680759 	-4.060910 	-4.215075 	-3.681668 	-3.033695 	-4.270713 	-4.773485 	-3.465709 	-4.704470 	-4.374689 	-6.110425 	-5.712366 	-5.245502 	-2.304562 	-3.952964 	-4.443730 	-3.689481 	-6.053506 	-3.842646 	-4.345885 	-5.104542 	-2.122278 	-4.477672 	-3.444671 	-5.231948 	-7.304153 	-3.255437 	-4.801322 	-5.400465 	-5.066822 	-4.136128 	-4.323302 	-3.439460 	-6.257480 	-2.993653 	-6.093753 	-3.603224 	-3.863471 	-3.594556 	-5.643535 	-6.127609 	-9.914407 	-4.866645 	-3.472413 	-3.055830 	-5.376669 	-7.161850 	-4.293730 	-5.807537 	-3.072147 	-4.303587 	-2.977347 	-3.945460 	-5.156918 	-4.542645 	-4.630124 	-4.718627 	-3.884613 	-4.804788 	-3.348205 	-4.839742 	-4.953272 	-3.326164 	-4.892362 	-3.437121 	-5.162647 	-4.505962 	-4.767738 	-4.301453 	-3.634312 	-3.456316 	-4.765901 	-5.467375 	-3.947610 	-3.500820 	-3.764198 	-6.697938 	-4.921218 	-5.250902 	-4.026749 	-5.621509 	-6.901964 	-4.817805 	-4.036824 	-5.140727 	-4.660939 	-2.653261 	-3.458595 	-2.957100 	-5.650746 	-5.317996 	-4.611381 	-3.699413 	-3.897498 	-4.649954 	-6.073859 	-4.432652 	-3.904457 	-5.549453 	-8.941381 	-3.913826 	-5.422864 	-4.648417 	-3.420056 	-2.919750 	-2.974510 	-7.802228 	-3.576692 	-4.669394 	-6.729755 	-4.402497 	-4.398486 	-5.002623 	-5.545429 	-5.599486 	-5.683483 	-5.065413 	-4.331460 	-3.969947 	-3.829625 	-2.913961 	-4.447094 	-3.578328 	-4.448324 	-3.461192 	-5.846240 	-4.235883 	-3.581259 	-3.925305 	-6.451444 	-3.347662 	-9.306975 	-3.910296 	-2.819120 	-3.609533 	-5.173263 	-4.941747 	-6.625128 	-4.608831 	-3.304172 	-4.496926 	-5.427379 	-6.163118 	-4.101490 	-3.166058 	-5.253967 	-6.721693 	-6.852277 	-3.776394 	-7.917160 	-5.889634 	-3.235158 	-3.651118 	-3.172252 	-3.985492 	-4.136509 	-4.569021 	-5.604670 	-4.397756 	-3.225628 	-5.752782 	-4.921466 	-3.189848 	-5.214363 	-3.649844 	-3.087113 	-6.140043 	-5.771482 	-5.338966 	-7.292957 	-3.324818 	-4.649142 	-4.331425 	-4.251354 	-8.187203 	-4.928627 	-4.203650 	-5.834127 	-4.325697 	-4.331082 	-7.776444 	-4.767582 	-3.975121 	-6.181117 	-5.857835 	-4.995649 	-6.224905 	-3.747555 	-4.232684 	-4.221027 	-4.211188 	-7.803487 	-3.136709 	-5.831872 	-3.426007 	-5.176704 	-5.750538 	-4.727528 	-5.418526 	-4.883310 	-4.672426 	-8.367615 	-3.480279 	-4.755243 	-4.697978 	-3.884979 	-3.521209 	-3.823403 	-3.768272 	-3.123005 	-4.303717 	-5.228276 	-4.444264 	-4.867222 	-4.533088 	-3.798186 	-4.339991 	-4.670664 	-7.037061 	-4.889716 	-6.126718 	-4.309734 	-4.020055 	-4.260207 	-4.484318 	-4.325768 	-3.316514 	-3.311224 	-4.114327 	-3.555878 	-3.293011 	-5.070046 	-4.682327 	-3.306365 	-3.584961 	-4.123171 	-6.352888 	-3.197436 	-3.602837 	-5.840398 	-4.219125 	-3.097925 	-4.228665 	-2.784476 	-5.785677 	-8.141292 	-4.107415 	-3.623161 	-6.042297 	-2.889991 	-3.694354 	-6.616327 	-7.779110 	-4.772130 	-4.579875 	-4.083937 	-2.835621 	-5.794899 	-4.466660 	-4.391753 	-4.479515 	-5.032827 	-4.925431 	-3.530956 	-3.951330 	-3.788637 	-3.954285 	-4.280740 	-3.459129 	-4.867462 	-6.895270 	-5.047535 	-8.524494 	-4.548155 	-4.027933 	-3.828495 	-3.203828 	-6.161379 	-3.554285 	-5.718467 	-5.735097 	-4.579382 	-4.496022 	-5.085233 	-4.598199 	-3.890556 	-2.943176 	-4.423755 	-3.535165 	-4.068630 	-2.964121 	-5.646523 	-5.240380 	-4.879869 	-4.273465 	-3.108148 	-4.634766 	-3.826930 	-4.519165 	-4.543902 	-3.965413 	-3.030949 	-6.695712 	-5.331677 	-5.385592 	-8.009393 	-4.836867 	-3.154933 	-3.780322 	-2.856664 	-4.160523 	-3.601451 	-3.980857 	-5.181640 	-4.683158 	-5.086662 	-3.609249 	-4.477375 	-4.500154 	-4.481510 	-6.304100 	-4.456348 	-2.795583 	-4.369700 	-3.792899 	-3.666726 	-5.866220 	-3.509060 	-6.229909 	-3.902904 	-5.026318 	-3.109371 	-3.562329 	-3.971231 	-4.815765 	-8.199804 	-4.963588 	-4.107016 	-5.435215 	-3.824723 	-3.033636 	-3.675698 	-3.101123 	-3.450666 	-5.205445 	-4.093658 	-5.272730 	-3.341192 	-3.378096 	-8.042770 	-5.282925 	-6.252749 	-4.277893 	-4.933098 	-4.823173 	-7.586274 	-5.779447 	-4.409321 	-5.854430 	-4.496100 	-3.890146 	-3.891236 	-4.477463 	-2.698684 	-4.054595 	-4.831291 	-3.634016 	-4.723358 	-4.206519 	-5.321180 	-3.791448 	-4.972897 	-3.488201 	-4.215892 	-3.598591 	-4.287365 	-5.459785 	-3.218257 	-3.466478 	-4.797960 	-3.603433 	-3.926744 	-4.570181 	-3.603360 	-4.562972 	-3.176058 	-5.098466 	-6.329805 	-4.841083 	-3.520109 	-4.177131 	-4.195047 	-8.473493 	-4.661326 	-4.048268 	-3.625544 	-3.189376 	-4.437956 	-2.941294 	-4.694312 	-4.982912 	-5.698163 	-3.309069 	-6.922167 	-5.068395 	-3.052685 	-3.563670 	-4.121904 	-4.848689 	-3.861234 	-8.228492 	-4.681543 	-7.366807 	-3.764324 	-5.530843 	-4.521017 	-4.806814 	-4.556826 	-5.697489 	-3.585709 	-4.943467 	
9.482083 	6.952770 	6.330294 	0.776899 	-9.056309 	-14.705717 	-27.511939 	-32.983240 	-38.546503 	-38.997170 	-53.645246 	-61.072340 	-56.285489 	-58.337194 	-56.809260 	-57.139802 	-58.502426 	-60.643678 	-56.939638 	
9.158471 	5.128042 	4.069779 	3.797366 	1.667044 	0.694970 	0.973511 	1.996537 	0.468191 	0.974600 	1.179095 	1.210178 	0.607919 	-1.239256 	0.911462 	-1.597201 	0.383619 	-0.289520 	-1.986228 	0.996055 	-0.168433 	-3.675144 	-2.789254 	-0.114924 	-1.804030 	-0.485207 	-0.232152 	0.137185 	-0.080362 	-0.664837 	-0.293259 	-1.919447 	-2.140175 	-4.553142 	1.306177 	-0.544260 	-1.188022 	-2.586012 	-0.981557 	-1.073497 	-1.349828 	-0.964397 	-4.207223 	-0.297973 	-1.174070 	-1.649622 	-0.612345 	-6.332274 	-4.114885 	-3.217220 	-0.884736 	-2.583553 	-4.016752 	-2.356755 	-2.541892 	-2.857413 	-0.244022 	-2.703868 	-3.448770 	-4.572914 	-1.194017 	-1.210013 	-3.729131 	-2.275361 	-3.369432 	-2.824169 	-4.573512 	-2.488868 	-2.951837 	-2.495908 	-3.226422 	-5.844402 	-4.476068 	-2.062637 	-2.454302 	-1.674701 	-1.447699 	-3.688263 	-2.208615 	-1.906374 	-2.621349 	-2.581569 	-2.547325 	-4.811753 	-3.231609 	-6.432753 	-3.863601 	-3.430168 	-3.727457 	-4.924703 	-3.902961 	-5.914541 	-2.618069 	-3.998763 	-3.201116 	-6.569585 	-2.668361 	-4.351160 	-5.316976 	-5.044182 	-5.577747 	-4.930836 	-3.844461 	-5.331071 	-3.442384 	-4.235669 	-3.656174 	-2.461242 	-5.674012 	-4.266263 	-3.403922 	-3.448555 	-2.744018 	-7.358743 	-4.521969 	-5.044236 	-3.431626 	-5.099226 	-3.094360 	-2.536307 	-4.028768 	-2.919513 	-3.756724 	-5.432987 	-5.964076 	-4.031591 	-3.824819 	-3.944712 	-4.785296 	-3.282381 	-2.970708 	-3.082758 	-4.740659 	-3.536604 	-5.024515 	-6.789775 	-4.619203 	-3.080590 	-2.058152 	-2.991966 	-3.500866 	-2.984934 	-3.097664 	-6.009591 	-3.985135 	-4.062651 	-3.085234 	-4.409016 	-4.158856 	-5.357948 	-3.738222 	-5.321058 	-4.554986 	-3.506689 	-6.044535 	-3.873785 	-3.232146 	-4.440017 	-3.330038 	-6.374090 	-5.759658 	-4.046479 	-4.116851 	-4.285713 	-4.498495 	-4.835539 	-6.069689 	-3.839542 	-4.007891 	-5.121109 	
9.343236 	1.886971 	-2.226230 	-5.545911 	-6.630928 	-8.388571 	-8.376579 	-13.927964 	-15.837728 	-15.005733 	-16.807916 	-15.961395 	-16.731023 	-18.441782 	-19.081386 	-19.589660 	-22.599275 	-23.339563 	
