9.755735 	2.725272 	2.186650 	2.638874 	0.585452 	-1.604388 	-1.190209 	-2.041031 	-1.300791 	-4.452526 	-4.847089 	-7.124900 	-3.941804 	-4.119259 	-4.063772 	-5.409741 	-8.976751 	-6.348452 	-6.808097 	-6.569085 	-8.669496 	-7.810347 	-7.974120 	-7.395348 	-6.457468 	-7.600361 	-8.883677 	-8.113980 	-9.710173 	-7.180757 	-9.321729 	-13.488630 	-8.892043 	-9.985657 	-10.648650 	-10.554501 	
9.617483 	-3.672477 	-7.541716 	-11.852323 	-17.132398 	-31.879013 	-42.464431 	-40.618366 	-54.958807 	-54.326534 	-54.397031 	-56.499028 	-57.104344 	-56.937642 	-57.167343 	-57.681733 	
9.824624 	7.322760 	2.715590 	3.804637 	3.858692 	5.090460 	3.140573 	1.180336 	0.176519 	0.681748 	1.001617 	-0.792459 	-1.212974 	0.209150 	-1.761772 	-1.198991 	-1.577130 	-0.684096 	-1.378041 	-0.600243 	-5.168976 	-0.812332 	0.059380 	-3.955405 	-2.022407 	-1.331631 	-1.028537 	-0.802048 	-1.976063 	-1.724795 	-5.062757 	-4.832513 	-1.572305 	-2.611189 	-3.101835 	-1.776539 	-3.648816 	-2.072693 	-6.134734 	-4.979396 	-3.426243 	-2.318180 	-5.337326 	-2.168952 	-5.003873 	-6.023303 	-5.326577 	-4.659431 	-3.654691 	-8.105250 	-3.924466 	-4.112054 	-5.160845 	-6.781164 	-3.661085 	-6.258340 	-3.422255 	-5.702004 	-6.174587 	-4.764117 	-4.329251 	-7.766383 	-6.120961 	-3.728196 	
9.984231 	4.761457 	2.302990 	-1.231057 	-7.853712 	-19.072592 	-26.683676 	-27.502157 	-27.426014 	-34.052387 	-38.941002 	-39.675526 	-42.705411 	-43.836316 	-48.693617 	-49.491445 	-54.707662 	-54.830181 	
9.378432 	6.264592 	-4.653826 	-14.773366 	-35.076556 	-35.525497 	-35.648673 	-53.612081 	-52.027195 	-52.958822 	-57.246628 	-54.888248 	-57.232745 	-57.601559 	-56.689742 	-56.452433 	-58.661225 	-58.473027 	-58.298724 	-57.820634 	-58.433877 	-57.875711 	-57.068523 	-59.232854 	
9.660566 	0.728459 	1.004270 	-0.556110 	-5.634329 	-6.703756 	-8.681092 	-10.672216 	-16.923140 	-17.493335 	-18.533318 	-23.782896 	-23.057272 	-25.596571 	-26.988912 	-31.238821 	-32.501756 	-32.893272 	-31.784765 	-36.348406 	-35.364598 	
9.261497 	7.863312 	2.250365 	-4.693883 	-4.805932 	-5.674465 	-12.237839 	-9.165722 	-12.492724 	-13.693613 	-14.116648 	-15.738568 	-22.961794 	-23.848325 	-22.121728 	-25.087900 	-26.442636 	-23.703013 	-26.319399 	-29.802046 	-28.777892 	-29.346241 	-30.012873 	-33.952891 	-31.669483 	-35.792997 	-33.190626 	-34.427161 	
9.618723 	5.383165 	1.640375 	3.184473 	-0.675159 	0.049537 	-1.603185 	-8.890869 	-9.196558 	-8.378730 	-10.581906 	-9.498865 	-9.953522 	-11.439859 	-10.821652 	
9.480329 	3.452424 	1.862494 	-3.315776 	-6.232371 	-11.978133 	-6.783470 	-10.642290 	-19.240928 	-25.064146 	-34.347733 	-32.252403 	-31.233478 	-37.132332 	-38.585903 	-37.711082 	-39.268062 	-43.632558 	-40.076304 	-43.067914 	-43.708171 	-43.957513 	-47.445117 	-48.290884 	
10.056519 	0.067018 	-2.820212 	-4.344861 	-4.577850 	-4.822739 	-6.265683 	-12.913626 	-15.661923 	-17.626413 	-18.370260 	-18.672899 	-27.992471 	-33.472811 	-31.338544 	-35.675700 	-41.115601 	-41.883684 	-42.729544 	-47.111459 	-45.440498 	-49.002490 	-50.298301 	
9.469550 	6.469785 	1.337401 	4.855488 	-0.603959 	-0.832844 	-1.243041 	-15.884811 	-16.896025 	-24.993837 	-26.909824 	
10.005217 	-0.767026 	-0.354198 	-5.670463 	-4.594832 	-5.533811 	-8.305559 	-10.525103 	-24.339243 	-24.656075 	-24.878335 	-27.064564 	-31.324079 	-31.716856 	-36.149438 	-35.221105 	
10.104135 	5.171328 	2.721940 	0.759059 	-1.725668 	-4.063617 	-7.352795 	-8.264826 	-7.647632 	-10.104209 	-10.644103 	-11.331698 	-10.768375 	-11.253548 	-10.005579 	-10.262865 	-12.915067 	-12.675001 	-13.184648 	-13.256236 	-14.590619 	-15.029744 	
9.621040 	3.410968 	-2.491428 	-4.701958 	-9.559711 	-9.210905 	-11.608510 	-14.035399 	-17.433189 	-17.318416 	-21.529125 	-32.561235 	-36.382394 	-35.360888 	-34.091810 	-35.967007 	-39.195602 	-38.299379 	-40.993877 	-41.818000 	-45.758297 	-47.903573 	-47.755833 	
10.091453 	2.887784 	-9.197252 	-17.024331 	-19.610107 	-58.327646 	-58.877585 	-56.644983 	-59.248560 	-60.495547 	-60.583601 	-59.671977 	
9.764170 	-2.202492 	-8.230691 	-32.067706 	-34.653780 	-57.673196 	-58.174530 	-57.986162 	-60.157485 	-58.146772 	-58.352389 	-59.057872 	-59.587580 	-59.278003 	-58.722527 	-59.445713 	
9.764315 	5.390383 	1.575656 	3.204971 	-0.861316 	2.729145 	1.248465 	-1.096083 	0.469843 	0.678218 	0.409509 	-1.511914 	-0.044954 	-1.575781 	-1.448701 	-1.676490 	-3.391815 	-3.705759 	-3.057706 	-3.153788 	-2.267862 	-3.864240 	-5.159048 	-3.803345 	-3.839336 	-4.140043 	-4.750802 	-4.389564 	-4.040124 	-3.529398 	-4.057145 	-5.670461 	-6.103429 	-5.336946 	
9.835850 	6.366294 	5.531082 	3.570396 	2.433265 	-1.238125 	-8.616986 	-8.402229 	-11.767395 	-12.042109 	-12.998533 	-21.130207 	-20.629644 	-24.073181 	-23.630498 	-25.699787 	-24.660451 	-26.721112 	-26.168271 	-36.865164 	-38.337230 	
9.909466 	7.150248 	3.157298 	-2.029738 	-4.283813 	-7.672119 	-12.427844 	-12.799276 	-18.894787 	-18.114585 	-19.783638 	-20.235683 	-20.745517 	-21.791166 	-21.376222 	-24.737677 	-27.634554 	-26.334307 	-26.636406 	-26.564326 	-29.272824 	
9.673618 	2.719889 	1.079889 	2.117063 	0.729836 	2.580301 	-1.115618 	-1.262887 	-1.559465 	-1.495036 	-2.429223 	-3.892053 	-5.298103 	-5.310000 	-3.217576 	-4.644353 	-5.034695 	-4.267095 	-6.266145 	-3.775073 	-5.459859 	-5.115265 	-6.162604 	-6.263981 	-5.378591 	-4.978309 	-6.337594 	-7.380507 	-6.506908 	-7.294075 	-6.448610 	-5.858840 	-4.456069 	-7.711522 	-5.829848 	-5.881705 	-4.921787 	
