9.519700 	-7.051380 	-25.988981 	-48.558856 	-47.875049 	-50.619610 	-57.830162 	-60.292106 	-58.817731 	-56.779484 	-57.211266 	-58.534542 	
9.472414 	4.578183 	-2.303973 	-6.309860 	-13.340457 	-14.392114 	-17.728419 	-15.652387 	-17.580136 	-19.916308 	-19.615800 	-19.064734 	-21.977846 	-23.313851 	-23.022276 	
9.587321 	7.530745 	4.072774 	1.260752 	2.659106 	1.037837 	-16.487209 	-18.683679 	-17.972895 	-19.300753 	-19.368605 	-20.873694 	-21.279383 	-23.921441 	-25.289931 	-24.750769 	-24.739401 	
10.076026 	-1.128891 	3.209385 	1.374024 	0.627413 	-3.436678 	-8.044378 	-6.433148 	-7.135866 	-7.943628 	-7.717647 	-8.132643 	-7.228854 	-9.782560 	
9.790148 	0.503293 	-1.983487 	-8.922177 	-6.632654 	-12.930452 	-17.705570 	-20.320205 	-19.121599 	-24.311523 	-19.780309 	-21.661065 	-20.927681 	-22.224771 	-22.110479 	-25.041066 	-23.136644 	-23.042404 	-25.222890 	-28.515357 	-29.086386 	-27.359981 	-27.400018 	
9.849742 	5.637062 	2.594253 	-1.857406 	-3.829977 	-29.631897 	-33.931014 	-37.243703 	-46.394135 	-59.230453 	-57.011278 	-56.461751 	-58.799744 	-60.032516 	-59.430156 	-58.067668 	-57.849759 	-59.834392 	-58.972509 	-58.404795 	-56.610156 	
9.770732 	-12.381240 	-15.425312 	-18.340922 	-19.938411 	-24.703992 	-38.424044 	-38.340591 	-51.412431 	-59.002217 	-59.832188 	-59.002934 	-60.893224 	-59.013813 	-58.601083 	-59.564968 	-59.584561 	-59.047537 	-61.024077 	-59.173932 	-58.557598 	-63.241494 	-59.845807 	-58.155909 	-59.110444 	-59.583665 	-60.180078 	
9.946114 	-8.239981 	-12.718949 	-13.459150 	-16.469073 	-24.640371 	-34.214232 	-36.028095 	-39.539870 	-43.159061 	-41.680886 	-53.890621 	-56.236648 	-55.823971 	-56.849079 	-58.819674 	-57.661896 	-56.566549 	-58.602596 	-57.404801 	
9.847177 	4.366170 	5.079237 	4.011872 	5.761579 	1.479363 	1.810572 	-0.765450 	-4.647982 	-2.435757 	-4.075358 	-4.287216 	-7.307180 	-6.099235 	-9.008327 	-7.069717 	-7.240539 	-10.058054 	-9.040297 	-7.805319 	-9.056563 	-10.203909 	
9.456342 	7.308386 	3.379737 	4.150079 	-4.270422 	-4.744197 	-5.946743 	-12.687933 	-14.866333 	-16.012681 	-15.899305 	-20.963189 	-23.238803 	-30.993242 	-34.194999 	-33.746298 	-35.170883 	-36.913653 	-35.085090 	-39.348910 	-44.504028 	-45.036812 	-46.151332 	
9.556481 	3.203793 	0.612988 	-4.784512 	-7.358587 	-10.417699 	-21.713963 	-50.473314 	-59.032941 	-59.475427 	-64.581265 	-58.075948 	-60.004222 	-59.670690 	-60.457552 	-60.660705 	-58.813496 	-59.951745 	-58.217386 	-59.525842 	-58.407006 	-59.222569 	-58.847726 	-58.872804 	-59.866123 	
9.762527 	5.229040 	4.930644 	2.653580 	1.829355 	-0.549619 	-0.343401 	-2.303039 	-5.880553 	-16.452078 	-20.106516 	-27.472685 	-29.968485 	-30.621192 	-31.865784 	-38.183185 	-36.236395 	-34.969855 	-40.638016 	-44.981700 	
10.108276 	-7.620995 	-13.113839 	-26.101843 	-34.606786 	-38.059956 	-40.106486 	-42.260106 	-43.138305 	-46.771212 	-59.756837 	-59.965755 	-59.118435 	-58.447241 	-57.477972 	-57.775490 	-57.141825 	-57.412854 	-58.187159 	
9.518585 	6.604827 	-5.648950 	-8.109201 	-27.507198 	-30.991511 	-35.046668 	-37.201228 	-45.847144 	-47.190029 	-51.127631 	-51.877351 	-55.496221 	-58.472798 	-57.498670 	-58.198523 	-58.497652 	-57.611282 	-58.618891 	
9.776293 	4.240363 	-6.083983 	-8.813202 	-42.754896 	-57.774879 	-59.409394 	-56.434547 	-59.949323 	-56.871720 	-62.884595 	-58.289373 	-57.557169 	-57.289721 	-57.985368 	-60.030047 	-59.530944 	
9.822045 	6.737161 	-17.527472 	-16.993714 	-20.611478 	-27.544735 	-35.615931 	-40.116571 	-41.463542 	-52.731714 	-56.380553 	-56.756209 	-57.323004 	-55.476207 	-56.254285 	-58.697587 	-57.236746 	
10.093578 	-2.262862 	-3.896919 	-3.671984 	-4.745464 	-7.201792 	-6.775000 	-7.179185 	-10.936451 	-13.737724 	-12.919789 	-13.387247 	-12.399216 	-16.440152 	-16.140146 	-20.022177 	-18.224180 	
9.962243 	2.175705 	0.295744 	-6.996993 	-10.286077 	-15.130880 	-17.324609 	-19.004826 	-16.787531 	-17.561241 	-22.886975 	-22.352600 	-23.663271 	-22.999081 	-24.204984 	-24.728505 	-22.444200 	-25.836694 	-27.178481 	
9.392442 	-24.120024 	-26.240240 	-40.748582 	-59.768492 	-58.374887 	-59.654110 	-58.836007 	-59.319417 	-60.401925 	-60.813393 	-60.523491 	-58.560524 	-59.455765 	-58.110486 	-59.722549 	-63.766798 	-57.925237 	-59.156252 	-61.177390 	-61.941089 	
