9.511650 	-15.962131 	-30.538167 	-54.182499 	-64.567072 	-61.329601 	-59.818289 	-59.152139 	-58.747494 	-58.340867 	-60.395373 	-60.419186 	-59.984132 	-59.012335 	-59.929708 	-57.258585 	-57.799871 	-61.712293 	-57.785313 	-58.880936 	
9.877676 	-0.375216 	-3.484749 	-22.581168 	-57.253573 	-59.433204 	-58.362391 	-59.419096 	-59.461534 	-60.371004 	-59.610836 	-58.641575 	-60.252175 	-59.553881 	-58.239732 	-58.301422 	
9.879277 	1.486876 	-11.630495 	-14.356576 	-59.047373 	-59.735704 	-60.907539 	-63.943499 	-58.184616 	-60.172716 	-61.077375 	-61.689054 	-59.426576 	-58.390038 	-59.833386 	-59.241294 	-59.032294 	-57.272153 	-59.334706 	
9.878972 	6.778388 	1.382874 	-59.089132 	-58.490779 	-58.240561 	-61.831764 	-59.608541 	-57.932187 	-58.146745 	-58.996540 	-59.149277 	-60.558134 	-59.525991 	-58.315417 	-56.654725 	-57.378397 	-59.909613 	
9.677936 	-14.327209 	-17.189502 	-45.676422 	-46.504067 	-47.626193 	-55.610719 	-59.844568 	-57.727865 	-57.089063 	-58.889025 	-59.726356 	-57.897807 	-58.132047 	-59.944982 	-59.348901 	-58.633044 	-59.388351 	-58.315111 	-58.556751 	-58.159888 	
10.013395 	-12.858994 	-24.356981 	-23.718430 	-60.318211 	-57.088100 	-58.882318 	-57.200961 	
9.866110 	4.260122 	0.541808 	-9.197291 	-9.973554 	-15.504242 	-19.609678 	-18.025325 	-58.329978 	-58.773205 	-58.481766 	-61.755989 	-59.651201 	-60.038367 	-59.000772 	-57.645932 	-56.917989 	
9.906244 	-4.031148 	-15.955955 	-60.240751 	-60.048160 	-58.567113 	-60.007461 	-57.336972 	-57.574665 	-58.784703 	
9.956381 	-17.503667 	-40.908226 	-40.927189 	-59.308923 	-58.429004 	-60.034534 	-58.509248 	-57.532828 	-58.347680 	-60.059086 	-62.762405 	-59.411318 	-58.018494 	-60.184201 	-61.203146 	-58.815124 	-59.309562 	-57.279213 	-61.042044 	-59.127502 	-60.409303 	-58.162442 	
9.652126 	-15.511704 	-25.435642 	-35.986343 	-40.030063 	-59.548027 	-57.732284 	-60.207935 	-58.739721 	-59.153479 	-60.407711 	-61.533338 	-59.235710 	-58.375835 	-59.540701 	-59.068405 	-57.883969 	-58.220678 	
9.956337 	4.575928 	-17.894017 	-32.605850 	-58.261032 	-58.724007 	-58.505792 	-59.887035 	-57.727228 	-59.367741 	-60.667947 	-58.423196 	-63.316431 	-59.911073 	-59.435351 	-59.242647 	-58.611783 	-60.021549 	-60.392451 	-58.342334 	
9.988659 	-36.136248 	-45.115255 	-57.442978 	-65.391508 	-57.947811 	-59.449868 	-59.020146 	-58.306645 	-58.839602 	-60.794682 	-64.883157 	-58.414065 	-58.518378 	-62.447504 	-58.376702 	-60.102429 	-59.526629 	-58.380772 	-59.115355 	
10.242647 	3.775832 	0.176297 	-0.201453 	-57.640599 	-56.363651 	-56.532875 	-58.003342 	-57.878345 	-58.738103 	-62.683952 	
9.618562 	-10.453378 	-14.001393 	-25.287770 	-46.632524 	-52.229591 	-60.292744 	-60.472508 	-58.889901 	-59.589368 	-59.287818 	-60.935485 	-59.075973 	-58.298823 	-58.393769 	-60.626098 	-59.280893 	-57.322190 	
9.859683 	-1.684517 	-17.263009 	-18.849719 	-21.435188 	-21.468209 	-22.970064 	-26.404750 	-49.512779 	-58.898650 	-58.858434 	-58.511419 	-59.028538 	-58.333467 	-57.966984 	-58.118753 	-58.013028 	-57.186424 	-58.996864 	-60.742392 	-59.349966 	
9.904850 	2.197306 	-12.185622 	-12.271458 	-19.225994 	-57.289062 	-57.337916 	-57.922221 	-58.192250 	-59.228283 	-58.117518 	-58.848290 	-60.184469 	-57.082034 	-58.673504 	-59.133496 	
9.950564 	-17.568558 	-40.427828 	-54.786407 	-58.272552 	-59.317464 	-58.234158 	-59.702091 	-58.002680 	-58.462011 	-59.328964 	-60.474546 	-59.035240 	-59.562936 	-58.549841 	-58.309458 	-59.353724 	-64.227894 	-58.201376 	-58.750074 	-59.928650 	-59.383904 	
10.007071 	-3.375640 	-29.683353 	-29.873831 	-53.391121 	-57.857883 	-59.695571 	-57.742977 	-57.627276 	-57.641195 	-64.458546 	-59.164485 	-59.626795 	-58.979111 	-59.559180 	-57.014652 	-60.613876 	-57.951521 	-59.985252 	-59.363632 	-60.257502 	-58.099685 	
10.057323 	3.297618 	3.718948 	-32.152496 	-47.720350 	-57.892264 	-57.567282 	-58.560570 	-59.443662 	-59.620892 	-59.249325 	-57.556642 	-60.158588 	-58.641956 	-57.817563 	-58.621223 	-59.395971 	-58.904504 	-59.649510 	
9.913560 	-4.778381 	-21.393787 	-20.304968 	-26.885610 	-40.599876 	-49.966480 	-59.946746 	-59.623087 	-59.378314 	-58.643314 	-60.688844 	-58.167428 	-57.575192 	-59.027592 	-60.087452 	
