10.249412 	-7.301926 	-16.109685 	-27.948567 	-33.752592 	-55.068269 	-55.696785 	-57.734603 	-57.467072 	-58.411539 	-58.247639 	-58.561866 	-59.126359 	-56.996896 	-57.367419 	-57.406028 	
10.130826 	4.271822 	2.060176 	0.292368 	-8.683414 	-11.843959 	-17.929817 	-20.336400 	-22.761111 	-44.285759 	-51.719377 	-45.972408 	-50.383531 	-54.842877 	-56.524865 	-55.020405 	-55.812259 	-56.559262 	-60.528686 	-57.537099 	-57.937435 	-57.780134 	-56.975881 	-58.048834 	
9.887076 	0.199604 	-0.314143 	-4.660084 	-10.924198 	-21.007794 	-35.764008 	-59.388793 	-60.202987 	-61.361021 	-57.755848 	-57.643866 	-62.358407 	-60.739067 	-57.151124 	-58.659635 	
9.693145 	6.077018 	3.561636 	-9.233429 	-11.521777 	-18.903251 	-28.648807 	-39.893356 	-55.099489 	-56.694725 	-57.579971 	-56.225796 	-58.020491 	-55.572610 	-57.305487 	
9.713287 	4.573237 	-15.952642 	-45.557287 	-48.011751 	-59.644108 	-58.294221 	-60.527073 	-59.127351 	-58.638489 	-61.562061 	-57.382354 	-58.899112 	-57.482840 	-57.475857 	-60.125817 	-57.964386 	
9.776954 	2.311684 	2.482129 	-2.535073 	-6.600470 	-6.384317 	-7.595659 	-7.219668 	-22.728073 	-26.724460 	-27.326811 	-29.246756 	-30.866155 	-42.004210 	-46.724782 	-49.582388 	-50.285680 	-51.893784 	-52.301771 	-52.341582 	-53.630934 	-55.455561 	
10.304639 	3.798270 	-17.361402 	-17.526783 	-27.620600 	-29.416351 	-49.512090 	-59.232283 	-58.269079 	-59.299871 	-58.649753 	-58.885000 	-57.411792 	-59.326314 	-61.046629 	-61.179826 	-59.125992 	-59.003556 	-58.551739 	-59.543129 	-64.208015 	-58.525300 	-58.552603 	-59.331475 	
9.544866 	6.204648 	-1.621294 	-2.651028 	-4.977974 	-3.595462 	-10.705098 	-10.031588 	-11.989406 	-13.864067 	-13.037664 	-15.615981 	-17.037756 	-14.626116 	-19.501159 	-18.829133 	-19.851580 	-19.926321 	-23.742825 	-25.222601 	-21.969808 	
9.767739 	0.989226 	-0.931706 	-15.498808 	-21.737767 	-23.824900 	-32.097632 	-38.946511 	-36.917345 	-59.260699 	-58.092797 	-57.190855 	-58.842663 	
9.690078 	6.610593 	2.147844 	-6.136765 	-28.849279 	-29.352598 	-37.459350 	-38.063295 	-39.634731 	-40.230779 	-42.589874 	-41.482900 	-42.921788 	-48.668053 	-52.993836 	-60.164231 	-56.609699 	-58.430929 	-56.910538 	-58.308948 	-58.169476 	-57.556966 	-59.306236 	-57.292598 	
10.115424 	6.459341 	-3.983129 	-8.432826 	-19.072752 	-23.088218 	-24.016063 	-22.734873 	-23.761206 	-23.806769 	-27.884568 	-26.442623 	-29.142016 	-30.449863 	-29.740314 	
10.069593 	-18.364266 	-24.606127 	-57.462880 	-57.281605 	-61.223856 	-57.651192 	-58.031761 	-58.029758 	-59.360363 	-58.320074 	-58.508338 	-58.518647 	-56.693534 	-58.680221 	-62.108665 	-61.654780 	-58.232121 	-58.388223 	
9.794203 	-5.272408 	-6.252314 	-6.821504 	-7.454798 	-9.202325 	-9.833896 	-8.966806 	-12.397693 	-11.756989 	-18.518779 	-17.736121 	-21.559840 	-19.919459 	-21.231291 	-23.254878 	-22.654129 	
10.155201 	3.125176 	-19.758594 	-20.218707 	-19.598930 	-30.969969 	-32.405444 	-36.440450 	-45.469635 	-57.442985 	-60.198139 	-57.100066 	-59.970328 	-58.284007 	-61.815424 	-58.776541 	-57.898360 	-59.747804 	-61.767775 	-58.395978 	
9.853226 	-5.415119 	-2.559116 	-10.265355 	-16.064549 	-21.326558 	-23.210008 	-22.924797 	-34.902720 	-37.195594 	-39.458492 	-41.977995 	-51.123422 	-52.167009 	-57.544337 	-59.201253 	-57.161834 	-58.948251 	-57.784369 	-57.171732 	-57.731095 	-57.091976 	-58.502367 	-59.797555 	-58.281959 	-59.576783 	-58.313301 	-60.131415 	-58.836963 	-57.758910 	-57.610770 	
10.048103 	-11.159111 	-16.261098 	-31.253026 	-41.722860 	-56.482140 	-57.164399 	-58.534992 	-58.772333 	-61.027889 	-57.991860 	-61.503802 	-59.077504 	-59.039661 	-59.429795 	-58.331686 	
9.410547 	-10.466584 	-10.624112 	-19.218943 	-21.656770 	-57.802512 	-59.459719 	-57.950241 	-58.366759 	-59.572006 	-58.355669 	-60.545433 	-61.229888 	
10.054868 	-10.561204 	-20.238552 	-23.065873 	-27.258961 	-58.076924 	-57.691392 	-57.388614 	-59.821495 	-58.222745 	-57.472332 	-59.882174 	-57.133881 	-56.401903 	-58.320404 	-58.238083 	-58.305868 	-58.892935 	
9.579729 	-2.879978 	-13.582247 	-32.697721 	-35.709881 	-37.510284 	-49.560090 	-58.799384 	-58.672425 	-60.350324 	-58.859615 	-58.952827 	-58.615612 	-57.493409 	-59.057018 	-60.138828 	-60.806496 	
9.665318 	-16.018641 	-20.114183 	-21.036630 	-31.936527 	-39.978430 	-42.647038 	-47.111905 	-49.123272 	-57.481089 	-58.143904 	-59.029562 	-57.495890 	-58.079334 	-59.108784 	-57.745702 	
