9.358405 	-12.766367 	-26.488595 	-41.493740 	-48.008927 	-49.875155 	-58.480091 	-57.668317 	-63.077859 	-59.216121 	-62.606710 	-58.918604 	-59.636322 	-57.493509 	-58.925192 	-59.383708 	
9.707915 	-11.398487 	-16.502426 	-19.935360 	-22.377146 	-56.988445 	-59.716095 	-59.228019 	-58.380584 	-58.234388 	-58.312769 	-60.422123 	
10.082353 	-19.175087 	-21.769186 	-26.872895 	-28.045850 	-28.541328 	-40.232317 	-39.129312 	-48.365126 	-57.734342 	-57.628260 	-57.308903 	-57.665948 	-59.783438 	-59.268668 	
9.390915 	4.717667 	3.753840 	4.453759 	3.732866 	3.322318 	4.142541 	3.207103 	2.392825 	1.416907 	-0.023000 	-2.817951 	-0.374759 	-0.352487 	-2.394917 	-1.508719 	-1.540895 	-1.857873 	-3.617153 	-4.205477 	-2.452160 	-4.530977 	-3.869699 	-4.320682 	-5.084357 	-4.216100 	-3.806929 	-5.420366 	-4.812533 	-4.667021 	-5.484401 	-6.349859 	
9.443300 	-6.375885 	-9.010766 	-15.262844 	-32.354899 	-57.831501 	-59.510271 	-58.333438 	-57.652007 	-57.922561 	-58.166543 	-59.475590 	-58.423075 	-57.673412 	-59.127792 	-57.738592 	-57.656569 	-59.438770 	-58.433716 	-59.043644 	-58.491497 	
9.946231 	3.564626 	2.220358 	0.820965 	-3.294570 	-2.594849 	-6.893161 	-7.387236 	-8.269270 	-9.144810 	-11.621387 	-10.085211 	-10.840722 	-11.271985 	-15.024606 	-12.313646 	-15.981342 	
8.983910 	-0.383770 	-7.173034 	-9.867343 	-12.569442 	-15.146803 	-15.475307 	-18.409031 	-21.655685 	-23.223170 	-23.013111 	-27.737411 	-31.435157 	-33.282668 	-36.883104 	-39.749140 	-42.586757 	-46.555971 	-47.236656 	-50.653795 	-51.316661 	-51.495460 	-52.202107 	-51.678748 	-54.224327 	-54.987470 	
9.424061 	4.970761 	3.191123 	0.251178 	-1.632130 	-7.350821 	-6.044110 	-11.085758 	-25.210322 	-26.745602 	-29.047537 	-28.254707 	-32.946054 	-36.569597 	-37.559188 	-39.361971 	-38.197476 	-38.669981 	-39.406640 	
9.609636 	4.882474 	-16.639238 	-17.592206 	-20.528763 	-20.872550 	-23.615269 	-34.909500 	-46.224092 	
9.668969 	-12.723303 	-22.014928 	-25.105486 	-50.532941 	-59.076961 	-57.290342 	-59.202008 	-60.063916 	-57.865377 	-58.379260 	-59.408033 	-58.674345 	-59.987715 	
9.637134 	2.286423 	-15.406705 	-18.059819 	-25.120043 	-27.257501 	-31.467706 	-30.810969 	-28.319801 	-28.555748 	-30.759137 	-31.626012 	-32.958330 	-38.377236 	-38.960108 	-39.546306 	-42.942797 	-40.539295 	-43.827848 	-45.748462 	
9.684853 	-9.018019 	-11.858163 	-23.468794 	-25.305169 	-24.367700 	-27.838035 	-29.881263 	-31.566919 	-33.523361 	-32.385102 	-32.234309 	-33.840830 	
9.720821 	5.291351 	2.441888 	1.022878 	1.838002 	1.490679 	-1.349557 	0.109378 	-0.495789 	1.905354 	1.345115 	-0.363669 	-0.456704 	-2.345495 	0.467084 	-3.020780 	-1.828055 	-1.323680 	-1.375959 	-2.881591 	-1.634747 	-0.547981 	-5.546926 	-4.171905 	-5.657579 	-0.952886 	-3.492347 	-1.631799 	-6.592334 	-2.864549 	-4.612037 	-3.282011 	-3.877432 	-2.408409 	-4.163845 	-4.111144 	-5.636190 	-4.515664 	-4.323722 	-5.956610 	-3.951266 	-5.047777 	-4.450528 	-8.145071 	-4.987626 	-3.102969 	-6.543230 	-4.011387 	-6.523950 	-3.021438 	-6.116818 	-3.858078 	-4.058217 	-5.784088 	-4.485012 	-4.354954 	-4.430886 	-5.064980 	-4.602153 	-5.123751 	
9.575611 	0.615222 	1.669294 	1.489597 	-4.027392 	-5.134517 	-11.202364 	-9.347462 	-12.138659 	-15.191281 	-18.284284 	-16.932170 	-17.031792 	-17.969927 	-20.748466 	
9.626985 	3.736777 	3.426098 	-1.858790 	-7.145566 	-11.177108 	-17.254380 	-19.208393 	-19.102730 	-20.632261 	-25.314048 	-32.949308 	-38.163570 	-40.076151 	-46.557435 	-47.361477 	-48.667680 	-57.112314 	-58.238505 	-58.264791 	-58.558408 	-57.685632 	-60.590945 	-57.267650 	-58.789684 	-57.783872 	
