9.315601 	-8.404794 	-18.121581 	-16.887041 	-19.387386 	-26.219754 	-25.460184 	-26.695302 	-27.177517 	-28.720158 	-25.667878 	-27.862089 	-29.821442 	-28.994402 	-28.936679 	-30.309756 	-29.255935 	-30.091558 	-31.725187 	-30.967662 	-32.016456 	-33.969856 	-32.375047 	-33.428870 	-36.089455 	-36.449452 	-36.165415 	
9.518279 	0.944697 	-6.598941 	-5.417834 	-5.969019 	-8.998910 	-7.106904 	-13.119410 	-17.837596 	-17.811193 	-19.802770 	-20.514140 	-21.542677 	-21.226884 	-21.742016 	-23.859719 	-27.183465 	-28.011919 	
9.194604 	2.457747 	0.901428 	0.639798 	1.225235 	-1.550874 	-5.094769 	-11.222702 	-10.715163 	-13.760974 	-19.855356 	-18.049329 	-20.870203 	-22.872211 	-22.297486 	-24.010699 	-24.670805 	-27.267333 	-24.977987 	-25.553435 	-27.905264 	-29.431398 	-28.031046 	-27.620744 	
9.979496 	-3.226746 	-7.819293 	-14.760791 	-10.851867 	-23.352638 	-30.455732 	-29.746828 	-47.604463 	-49.792751 	-55.143880 	-54.356215 	-56.148591 	-56.711796 	-58.259402 	-57.123095 	-56.766521 	
9.439744 	-9.088784 	-18.837230 	-25.761717 	-26.378587 	-30.034541 	-28.934351 	-31.921366 	-31.900849 	-47.727876 	-52.551752 	-59.273025 	-56.674987 	-56.992420 	-59.646587 	
9.425133 	4.107313 	-3.239262 	-5.090616 	-8.068117 	-13.847130 	-24.401969 	-24.817668 	-30.878950 	-39.048237 	
9.435723 	4.208914 	4.371752 	0.497605 	2.869882 	1.774814 	2.274870 	-0.221119 	1.035552 	1.185645 	-0.287332 	-0.756048 	-0.409627 	0.320508 	1.195276 	-1.608242 	1.007522 	0.275967 	-2.017316 	-0.435683 	-0.854564 	-1.633946 	-0.348451 	-3.342764 	-1.405745 	-2.955085 	-1.105603 	-2.659956 	-1.913688 	-3.920169 	-3.355481 	-3.040238 	-1.226695 	-1.119224 	-3.179384 	-3.947280 	-3.297840 	-1.787566 	-2.378037 	-3.586574 	-4.510359 	-3.742055 	-2.842374 	-2.341309 	-3.863823 	-2.864767 	-3.644991 	-2.834905 	-2.898218 	-2.458505 	-3.733658 	-2.339043 	-2.336232 	-4.004953 	-4.005468 	-3.732018 	-3.666628 	-5.777588 	-3.651891 	-4.330048 	-1.675534 	-3.308952 	-4.862500 	-2.763286 	-4.114154 	-6.264833 	-4.776611 	-5.921912 	-2.434167 	-2.656187 	-4.207168 	-4.945879 	-3.503975 	-4.458543 	-5.991885 	-3.340401 	-4.116662 	-2.508691 	-2.918904 	-4.231390 	-3.807574 	-4.092078 	-3.947571 	-4.604871 	-5.140238 	-3.039835 	-3.120345 	-4.619845 	-3.007934 	-3.817011 	-6.137236 	-5.190393 	-3.510254 	-4.129218 	-3.467617 	-5.429893 	-5.168271 	-4.259283 	-5.633506 	-3.713799 	-5.675350 	-4.155960 	-3.681408 	-4.515718 	-5.242753 	-4.949700 	-5.705140 	-3.276030 	
9.807236 	5.709329 	4.662702 	1.733319 	-3.531312 	-4.253624 	-4.213297 	-4.019268 	-5.971091 	-8.904458 	-12.406043 	-13.220905 	-15.238458 	-20.670889 	-22.868072 	-22.106042 	-23.280906 	-22.857621 	-22.270495 	-22.615365 	-25.213476 	-28.148505 	-30.440039 	
9.352750 	-1.117245 	-4.119310 	-12.987609 	-11.798977 	-24.771092 	-26.038814 	-29.576867 	-34.359522 	-37.460288 	-36.124830 	-35.989426 	-41.266829 	-45.215619 	-46.737855 	
9.333933 	-3.635658 	-8.316728 	-7.329071 	-13.417797 	-19.395094 	-29.264139 	-29.311189 	-36.883970 	-38.702273 	-45.087249 	-42.634413 	-45.262859 	-47.859005 	-50.289332 	-51.555188 	-52.317584 	
9.378031 	2.557912 	1.910975 	-1.659753 	-4.938184 	-12.437111 	-27.871736 	-25.180885 	-24.064988 	-25.349395 	-26.898888 	-28.229299 	-28.236913 	-30.124258 	-32.676892 	-33.811330 	-33.298305 	-35.293450 	
9.626809 	5.880112 	5.825967 	1.576048 	1.405590 	1.179781 	1.016380 	1.151485 	-1.517533 	0.226884 	-2.241495 	-5.750194 	-3.991552 	-3.705016 	-5.347706 	-5.194942 	-5.473794 	-6.076970 	-6.156202 	-9.475120 	-6.846886 	-6.079974 	-7.596023 	-8.741357 	-7.770942 	-9.494064 	-8.730016 	-8.637753 	-9.123309 	-10.317943 	
9.973376 	-2.609946 	-3.087309 	-6.003430 	-8.770307 	-19.530088 	-19.367321 	-20.808570 	-21.902254 	-22.275636 	
9.865749 	5.314702 	1.653359 	-4.677769 	-9.059028 	-15.640325 	-15.113452 	-17.931688 	-18.985310 	-18.960556 	-21.624021 	-26.160315 	-25.447116 	-28.082499 	
9.599109 	2.709369 	-1.881188 	-0.685430 	-6.924687 	-21.721895 	-41.929627 	-54.691595 	-53.395083 	-56.608894 	-56.190887 	-58.720867 	-57.883572 	-58.815665 	-58.788405 	-63.746135 	
9.611321 	0.712002 	-1.789644 	-7.430795 	-14.617868 	-32.618514 	-42.322127 	-42.156063 	-42.640918 	-44.176149 	-43.780034 	-46.545253 	-45.808524 	-49.924620 	
9.876847 	4.971342 	4.292103 	3.274240 	4.023468 	1.969749 	-4.307155 	-3.554362 	-5.017117 	-6.145794 	-4.413017 	-9.093782 	-7.493801 	-6.921603 	-8.090638 	-11.188312 	-11.348990 	-13.449393 	-11.936860 	-14.399864 	-15.276530 	
9.505440 	5.593140 	-0.590120 	-3.156774 	-13.657949 	-24.490120 	-27.478230 	-32.477376 	-34.757106 	-44.519934 	-46.201582 	-49.061224 	-52.532927 	-53.403018 	-52.984248 	-54.850907 	-55.729025 	-54.840459 	-56.515019 	-56.038336 	-58.409733 	-56.642825 	-58.040155 	
9.255121 	4.963573 	4.784159 	0.988805 	0.072663 	-4.820725 	-5.271095 	-5.679544 	-4.899675 	-6.907572 	-8.293296 	-10.834740 	-10.016690 	-9.313403 	-11.536389 	-12.187261 	-13.239434 	-12.031990 	-15.073141 	-14.067116 	-14.910327 	
9.492836 	0.862114 	-1.693161 	-5.257134 	-6.672413 	-3.244687 	-3.335270 	-4.334019 	-5.908118 	-4.967595 	-6.868444 	-7.760047 	-7.112418 	-9.086194 	-10.026328 	-6.409928 	-6.972784 	
