9.579833 	1.485045 	-9.816001 	-45.277309 	-56.164738 	-58.005475 	-57.593296 	-61.000579 	-62.735527 	-59.919421 	-58.306173 	-59.162643 	-63.753496 	-60.185027 	-60.239628 	-57.873484 	-63.885647 	-62.852054 	-59.900744 	-59.077278 	-58.969744 	
9.602966 	9.237753 	-4.021703 	-15.800785 	-48.265403 	-59.693607 	-61.129781 	-58.818104 	-57.568680 	-58.755920 	-57.485341 	-61.081941 	-63.145434 	-58.243719 	-58.821208 	-59.007639 	-58.686177 	
9.765061 	-6.011045 	-11.610811 	-41.330998 	-50.261437 	-57.278398 	-59.104831 	-59.784566 	-59.835217 	-59.615624 	-59.573283 	-58.240932 	-61.232854 	-58.975343 	-58.232856 	-57.931407 	-60.559007 	-59.050981 	
9.334264 	-6.628193 	-13.229678 	-17.570373 	-19.984928 	-44.791137 	-59.718350 	-57.608616 	-59.342033 	-58.544870 	-61.858273 	-58.028334 	-60.353289 	-58.911965 	-59.684390 	-61.959514 	
10.179449 	-5.861129 	-15.962020 	-36.632652 	-43.638196 	-47.106661 	-60.453050 	-58.106557 	-60.367387 	-58.545982 	-58.423662 	-57.933516 	-58.395512 	-58.900770 	-58.221499 	
9.832977 	5.637821 	-20.444065 	-51.112791 	-51.658062 	-57.859649 	-59.203366 	-59.130390 	-57.663118 	-57.339270 	-57.383782 	-57.669517 	-58.474711 	-57.662602 	-58.325747 	-59.436374 	
9.964166 	-23.396416 	-49.353753 	-52.788871 	-53.223326 	-54.207629 	-56.851012 	-57.584359 	-58.698551 	-61.274875 	-57.770595 	-58.504090 	-56.746143 	-57.930078 	-60.807787 	-57.983297 	-59.318908 	
9.719158 	-12.441100 	-41.873154 	-58.427078 	-58.659480 	-58.964614 	-59.013598 	-60.387688 	-59.740975 	-59.172086 	-58.825736 	-61.033041 	-58.825195 	-58.559558 	-60.473554 	-60.057516 	-60.314214 	-59.264736 	-60.260944 	
9.969154 	-59.948865 	-58.791618 	-59.201092 	-59.726077 	-57.479548 	-62.007264 	-59.877043 	-58.687189 	-60.724372 	-58.983767 	-58.920434 	-58.838760 	-58.560198 	-58.534179 	-57.627562 	-60.413909 	
9.750780 	-35.081623 	-54.721685 	-57.646793 	-59.466353 	-58.766098 	-58.371298 	-60.158211 	-57.524270 	-59.176221 	-58.861289 	-60.270484 	-58.287068 	-60.787209 	
9.602853 	-6.725932 	-9.043782 	-10.483228 	-29.749964 	-31.866231 	-44.652632 	-49.634319 	-57.926089 	-58.872932 	-59.819106 	-59.887053 	-59.560125 	-58.541756 	-59.778910 	-58.765566 	-60.112473 	-58.377213 	-60.022036 	-58.074511 	-58.916881 	
10.048199 	-5.263418 	-10.902595 	-18.724846 	-22.984470 	-36.206948 	-37.987506 	-47.881619 	-49.907163 	-58.867284 	-60.133337 	-58.998304 	-58.920533 	-58.622853 	-57.763883 	-58.950586 	-58.178307 	-59.335730 	-59.312828 	-61.493192 	-59.615765 	-59.782443 	-57.847267 	
9.835669 	-0.418343 	-18.270251 	-38.750223 	-52.804592 	-56.325489 	-59.396816 	-59.112581 	-58.586664 	-58.971335 	-57.973734 	-58.707239 	-59.378341 	-57.789668 	-58.128116 	-58.455682 	-59.402055 	
9.906739 	-26.774155 	-45.784873 	-57.362320 	-58.909464 	-59.421312 	-59.873329 	-61.615491 	-57.374297 	-57.909199 	-59.445906 	-60.938325 	-59.308338 	-58.288042 	-61.877585 	-57.323387 	-60.745520 	-58.469287 	-57.449751 	-57.929144 	-58.151539 	-58.357071 	-59.231794 	-58.350949 	-57.254082 	
9.828240 	-12.871889 	-39.287774 	-39.676619 	-58.707877 	-58.480028 	-58.143656 	-58.542582 	-59.675678 	-58.327465 	-58.602083 	-58.283003 	-60.296336 	-58.738622 	-58.956621 	
9.609791 	3.104338 	-19.417544 	-29.805180 	-40.598573 	-44.361823 	-61.581965 	-58.914136 	-57.933149 	-58.601187 	-59.776979 	-57.945060 	-56.772065 	-59.373970 	-60.400039 	-62.803135 	-60.281029 	
9.550349 	-21.332246 	-24.570162 	-28.687276 	-28.096077 	-41.115434 	-41.094286 	-54.653877 	-56.476599 	-54.157331 	-58.016078 	-57.901743 	-58.576660 	-57.711871 	-60.697914 	-56.987967 	-60.298347 	-58.860112 	-60.492672 	-58.141725 	-58.519025 	-60.380660 	-57.518983 	
9.807183 	-8.906844 	-21.061131 	-28.261858 	-33.047285 	-50.560907 	-57.801747 	-59.629519 	-60.802735 	-57.149590 	-57.840958 	-57.910588 	-56.348057 	-57.119980 	-60.220711 	-57.267232 	
9.511677 	-21.480827 	-29.337601 	-31.491246 	-59.237199 	-58.478088 	-59.218457 	-59.373497 	-59.900544 	-58.986615 	-58.840154 	-59.312163 	-60.793352 	-59.521986 	-59.789655 	-58.350121 	-60.172429 	-60.180756 	-59.772779 	-59.573339 	-59.027908 	
9.648132 	2.120373 	-15.961349 	-21.625108 	-46.146526 	-48.419977 	-51.169797 	-60.182180 	-59.302132 	-58.862287 	-59.444231 	-57.735734 	-59.076430 	-59.824633 	-59.301124 	-57.566476 	-60.450295 	-58.313066 	-62.763375 	-58.444272 	
