9.521396 	-11.487775 	-21.688746 	-52.334461 	-57.510217 	-58.546363 	-60.161375 	-58.558522 	-58.059423 	-59.593001 	-60.506709 	-60.795215 	-58.318269 	-59.635278 	-59.058044 	-57.670114 	-57.234218 	-60.804987 	-58.225645 	-59.496736 	-59.356141 	-59.809436 	-59.870943 	-58.613147 	-59.354620 	
10.304399 	-19.916485 	-43.292704 	-57.292075 	-59.754171 	-60.554493 	-58.869037 	-58.312224 	-58.804592 	-60.020108 	-59.869380 	-58.964637 	-62.389706 	-58.485967 	-59.013639 	-60.186162 	-60.483860 	-58.803576 	-58.626866 	-59.429724 	-58.964091 	-58.642031 	-57.961710 	
10.343525 	-18.601378 	-29.394032 	-43.814329 	-56.491283 	-57.533049 	-58.538550 	-57.697271 	-60.841777 	-57.008937 	-58.112437 	-57.434590 	-58.091757 	-56.224685 	-58.412590 	-59.971584 	-60.674445 	-56.748010 	
10.106836 	-1.768700 	-2.811414 	-21.453350 	-23.715501 	-30.079658 	-33.848672 	-58.951655 	-57.254787 	-59.044807 	-57.662348 	-60.177441 	-58.034628 	-57.968460 	-58.696620 	-59.687311 	-60.782706 	-62.676999 	
9.953401 	-59.668897 	-58.745599 	-59.123243 	-59.630973 	-58.637258 	-57.203036 	-58.956727 	-57.711879 	-61.217863 	-57.858109 	-58.599027 	
10.140729 	-30.799374 	-46.155482 	-48.106435 	-49.816731 	-49.614213 	-53.970156 	-57.030731 	-59.415479 	-58.555216 	-58.565932 	-57.591060 	-59.030321 	-56.828382 	-60.412311 	-58.504085 	
10.367085 	-5.862187 	-33.549482 	-59.137179 	-59.419793 	-60.252166 	-59.526193 	-58.615605 	-58.833040 	-58.948690 	-57.995717 	-58.197053 	-58.241844 	
9.901323 	-9.327464 	-55.792599 	-59.787227 	-58.433291 	-60.535392 	-60.025711 	-59.185561 	-61.625883 	-61.663225 	-59.802743 	-59.087505 	-59.932661 	-60.690697 	-58.925690 	-59.405636 	-60.996894 	-58.303662 	-58.908754 	-60.187899 	-60.775283 	-61.482416 	-59.185993 	-58.417759 	-60.819110 	
9.933438 	-48.591678 	-57.264153 	-61.347395 	-57.484527 	-59.658551 	-58.128759 	-57.626205 	-60.383131 	-58.001968 	-58.697596 	-59.552310 	-59.194573 	-58.883345 	-58.976552 	
9.934832 	-13.243994 	-22.572114 	-24.775385 	-36.740256 	-58.559656 	-60.485629 	-57.288288 	-59.680536 	-59.400909 	-59.468748 	-57.567901 	-58.483617 	-60.600566 	-58.417534 	-59.879896 	-59.482770 	-58.829631 	-58.746008 	-58.922090 	-58.061330 	-58.592385 	
9.850092 	-12.051931 	-31.830385 	-34.065042 	-50.323448 	-57.282801 	-59.194671 	-60.697201 	-59.223712 	-58.961954 	-58.841334 	-58.305746 	-59.621938 	-60.160004 	-57.695699 	-59.432000 	-57.799908 	-60.046995 	-59.879186 	-57.498137 	-59.029072 	-60.514868 	
9.839794 	-10.641609 	-27.079144 	-29.226712 	-50.043030 	-51.492841 	-56.835440 	-57.296793 	-58.595602 	-59.683853 	-61.669731 	-60.503940 	-59.080834 	-61.142097 	-57.500676 	
9.880927 	-4.602079 	-26.370954 	-30.570532 	-58.647461 	-57.497811 	-58.826892 	-60.136138 	-57.787703 	-58.495864 	-58.532573 	-57.960329 	-59.184204 	-58.914653 	-61.026278 	-61.291446 	-57.948089 	-59.134249 	
9.912591 	-11.173500 	-57.276948 	-57.339710 	-59.345565 	-58.924829 	-59.891337 	-59.903510 	-62.892562 	-58.140873 	-59.646824 	-57.525817 	-58.429228 	-58.163132 	-58.269565 	-57.242224 	-59.414071 	-59.078223 	-61.935193 	-57.670844 	-60.561421 	
9.548210 	2.892704 	-22.812475 	-37.181091 	-57.817010 	-60.205146 	-60.244898 	-59.931500 	-59.231408 	-58.731877 	-56.969049 	-57.816965 	-59.819880 	-59.866432 	-58.994825 	
9.678336 	-2.221822 	-11.124763 	-13.580570 	-20.883906 	-45.441280 	-49.459929 	-52.268282 	-59.005836 	-57.981832 	-61.001674 	-59.311716 	-58.743488 	-58.010706 	-58.562405 	-57.841833 	-63.749240 	-58.353354 	-58.519825 	
9.782870 	-1.371906 	-32.612020 	-35.867519 	-59.849368 	-62.471818 	-58.425049 	-59.062717 	-60.574650 	-58.015133 	-58.854513 	-60.173950 	-58.755496 	-60.332777 	-58.576184 	-61.217232 	-58.176194 	-59.471918 	-59.407574 	
10.061599 	6.745486 	-60.475901 	-60.462339 	-60.790177 	-57.396969 	-59.231591 	-58.938202 	-59.025701 	-59.266749 	-59.367182 	-57.385710 	-60.392814 	-59.439602 	-58.751623 	-57.998850 	-58.032257 	-58.629348 	-60.508320 	
9.916012 	3.407879 	-0.643861 	-28.769662 	-27.579588 	-31.588247 	-32.718480 	-57.182536 	-57.662980 	-59.072719 	-58.696667 	-59.782146 	-59.511690 	-58.576531 	-58.009526 	-58.234952 	-58.475251 	-58.775879 	
10.147349 	4.682607 	-26.233203 	-36.261873 	-42.034844 	-53.818803 	-59.446890 	-59.887331 	-58.361104 	-57.884099 	-61.714058 	-60.478296 	-58.102493 	-58.721938 	-58.846915 	-61.457606 	-61.342408 	-59.180731 	-62.390905 	-62.224160 	-58.186867 	-59.057236 	-58.836094 	-58.719484 	
