10.027248 	-5.071190 	-21.879883 	-56.070669 	-57.212753 	-59.462194 	-60.014810 	-59.509218 	-61.117558 	-57.036575 	-57.872276 	-58.835509 	-60.273164 	-58.294791 	-59.426552 	-59.702344 	
9.623038 	4.133895 	-2.410171 	-28.470233 	-48.571686 	-58.127519 	-59.815089 	-59.410005 	-59.237283 	-58.833717 	-57.816636 	-57.424585 	-59.036705 	-60.280446 	
9.752653 	-39.674154 	-57.225015 	-57.265410 	-60.663150 	-59.605391 	-58.318256 	-60.947821 	-59.132508 	-58.541169 	-60.274710 	-57.172974 	-59.286038 	-59.791263 	-59.299580 	-59.439010 	
9.492196 	1.174963 	-0.167019 	-5.110339 	-10.743720 	-9.773392 	-10.430441 	-12.155124 	-12.285139 	-13.381946 	-22.777256 	-30.211352 	-32.074137 	-29.817133 	-30.789865 	-31.671661 	-33.591003 	-37.131282 	-36.813884 	-38.776958 	-39.421591 	
9.827928 	-26.867852 	-32.410961 	-55.375129 	-57.525556 	-57.570815 	-58.978715 	-57.216272 	-58.690989 	-58.267946 	-59.389797 	-60.152667 	-58.673877 	-64.771423 	-59.222126 	-59.427113 	
9.717218 	-5.279976 	-10.055659 	-15.646304 	-20.313326 	-30.274152 	-34.758996 	-38.341920 	-43.214232 	-58.545367 	-60.278582 	-59.111842 	-59.306514 	-58.367587 	-59.074549 	-59.558645 	-59.339100 	-59.619242 	-62.113570 	-58.364061 	-60.967605 	-61.228091 	
9.718159 	-0.911308 	-16.830489 	-43.028630 	-49.503663 	-59.023883 	-59.331285 	-58.605862 	-58.208551 	-58.858065 	-57.387098 	-60.905893 	-58.882090 	-57.646933 	-57.940115 	
9.250379 	2.556601 	-4.758026 	-13.453214 	-50.875463 	-58.960647 	-58.499208 	-58.531136 	-59.823261 	-58.579593 	-59.807812 	-59.130086 	-58.361175 	-60.712316 	-59.649897 	-59.945319 	-59.449879 	-58.855112 	
9.556847 	-24.058655 	-24.599227 	-31.531855 	-32.294910 	-50.905327 	-59.135036 	-60.203853 	-61.472010 	-59.342961 	-61.187566 	-59.632464 	-60.013594 	-58.246498 	-58.849063 	-58.419780 	-59.010158 	-61.177121 	-59.984497 	-58.464168 	-60.153246 	-58.778394 	-59.832973 	-58.767240 	
10.038045 	-6.843460 	-8.145127 	-31.908332 	-33.982261 	-45.674831 	-57.072221 	-57.858010 	-57.645698 	
10.224710 	-12.912666 	-52.896494 	-57.837542 	-57.590947 	-57.311741 	-56.171957 	
9.425541 	-10.660673 	-15.289288 	-35.816114 	-36.179965 	-48.954801 	-49.872099 	-55.655366 	-59.529374 	-58.980121 	-59.755975 	-59.637107 	-57.981241 	-59.796128 	-57.799208 	-58.217603 	-58.500154 	-57.848164 	-58.332244 	
9.787025 	4.873367 	-6.024017 	-20.789317 	-25.873399 	-32.342473 	-39.537520 	-48.930898 	-51.811355 	-59.427931 	-58.774637 	-58.776562 	-60.293819 	-58.777417 	-59.192224 	-58.501616 	-60.221730 	-59.365802 	-57.461857 	-58.846114 	-61.958785 	-59.488069 	
9.812914 	-20.768703 	-30.759470 	-57.035526 	-59.697256 	-58.740531 	-59.521097 	-58.856443 	-59.866578 	-58.813612 	-60.383763 	-59.573210 	-58.988828 	-58.252866 	-60.279991 	-57.939061 	-59.593835 	
9.973280 	3.261053 	-16.903374 	-17.817404 	-31.504234 	-34.774332 	-43.185530 	-59.079758 	-58.918544 	-57.748058 	-57.842602 	-57.986358 	-58.859803 	-58.551343 	-61.010575 	-58.043122 	
9.939302 	-22.411414 	-27.238696 	-31.438720 	-31.899388 	-33.219788 	-32.382114 	-55.114775 	-58.093217 	-55.863786 	-58.087488 	-59.268754 	-58.610869 	-59.480241 	-57.675765 	-58.106182 	-59.766172 	-57.313621 	-60.225277 	-58.668188 	
9.955607 	2.355567 	-6.157768 	-7.840281 	-18.050022 	-20.161815 	-46.852507 	-51.803263 	-58.208794 	-58.391870 	-57.629881 	-59.805462 	-57.413668 	-60.285950 	-58.550549 	
9.349777 	-14.692040 	-16.687580 	-16.921865 	-22.306411 	-25.032531 	-40.203933 	-37.610625 	-54.702729 	-54.765493 	-58.988166 	-58.857373 	-59.312787 	-58.704242 	-59.243189 	-58.909949 	-60.470127 	-60.009551 	
10.049337 	-20.997511 	-29.518549 	-32.431182 	-36.746660 	-38.605272 	-42.629259 	-57.319205 	-58.640843 	-57.352877 	-60.844774 	-57.609895 	-58.148843 	-57.526798 	-58.381930 	-57.516403 	-59.277213 	-59.287311 	-57.626678 	-58.987188 	-59.556039 	-59.092968 	-58.148894 	-58.731759 	-57.555188 	-59.822602 	-59.371893 	-58.025661 	
9.942426 	2.637559 	-1.599316 	-9.424926 	-17.339653 	-33.890790 	-54.122692 	-58.487782 	-57.140382 	-56.920208 	-58.741148 	-59.641913 	-56.723279 	-58.371054 	-60.544269 	-59.226485 	-56.982113 	-58.946015 	
