9.739313 	-0.610556 	-5.079948 	-15.201360 	-19.183341 	-27.472762 	-60.308678 	-57.607379 	-58.125433 	-59.017910 	-58.287995 	-59.162268 	-58.552954 	-62.170410 	-60.595625 	-59.060583 	-58.324132 	
9.934839 	-4.555012 	-20.954724 	-41.932672 	-59.358635 	-58.527444 	-59.495029 	-58.875165 	-58.424776 	-59.808030 	-58.556387 	-59.417325 	-62.253638 	-58.597744 	-57.818230 	-58.818435 	-57.848968 	-58.659484 	-58.611136 	-62.750929 	-62.906498 	-60.325586 	
9.712744 	1.873124 	-12.008901 	-30.031558 	-38.535690 	-41.825875 	-54.080882 	-60.074834 	-59.642908 	-61.224431 	-64.638391 	-59.891259 	-57.778490 	-59.633582 	-61.832738 	-62.728482 	-58.277361 	-60.109485 	-58.307502 	-59.159771 	
9.940084 	-57.417343 	-58.789458 	-58.397505 	-59.105389 	-59.529473 	-59.389966 	-62.516442 	-57.689120 	-60.230383 	-59.100819 	-57.283061 	-60.131398 	-58.109450 	
9.824513 	4.940826 	2.406539 	-9.857411 	-56.914685 	-57.719818 	-58.472391 	-58.437377 	-58.542006 	-62.134077 	-57.848861 	-59.606109 	-58.932531 	-57.404808 	-60.509249 	-59.055307 	-58.131502 	-60.541038 	-58.226526 	
9.616550 	-4.564220 	-32.172934 	-58.511036 	-59.265521 	-57.761769 	-60.555595 	-59.674802 	-60.178408 	-59.354289 	-60.001395 	-58.924575 	-59.184506 	-60.249576 	-58.488302 	-58.642677 	-57.897286 	-60.075233 	
10.205586 	-9.669019 	-26.380528 	-47.271266 	-45.982214 	-54.183744 	-57.455485 	-56.917121 	-57.616812 	-58.452365 	-61.821993 	-60.712839 	-59.231351 	-57.845239 	-58.887971 	-61.059259 	-59.260048 	-58.024094 	-59.244794 	
10.180438 	-50.829932 	-57.583057 	-57.761445 	-58.478992 	-59.230420 	-58.241370 	-59.513284 	-59.726823 	-57.772480 	-60.011917 	-58.999237 	-56.961943 	-60.250482 	-61.684712 	
10.259622 	-27.112653 	-33.808962 	-39.725469 	-39.748307 	-41.550394 	-49.845458 	-51.340651 	-57.633442 	-59.908181 	-57.365240 	-58.484920 	-58.312851 	-57.530882 	-60.001527 	-58.626369 	-59.474352 	-58.728965 	-59.826601 	-59.069057 	-59.856695 	-58.387422 	-57.320866 	-58.458938 	-59.893655 	
10.017649 	5.280581 	-8.708981 	-7.036461 	-30.810614 	-39.851201 	-52.561531 	-53.986867 	-60.916625 	-59.177329 	-59.117478 	-58.765138 	-57.914438 	-59.072731 	-58.735654 	-57.477277 	-58.096323 	-58.417566 	-56.948022 	
9.765484 	1.657715 	-4.714765 	-13.878115 	-20.367603 	-32.379758 	-38.965340 	-50.821619 	-56.867274 	-57.984951 	-58.240454 	-58.500617 	-63.348251 	-59.327307 	-59.978872 	-62.963151 	-57.850929 	-60.986545 	-59.271088 	-60.470818 	-59.870578 	-58.345429 	
9.913489 	-10.345375 	-24.374877 	-33.820841 	-42.451393 	-51.191483 	-49.951424 	-53.915883 	-54.999703 	-57.629442 	-58.701319 	-60.042412 	-58.487346 	-58.639284 	-59.488140 	-59.335243 	-59.663467 	-59.886547 	-59.604755 	-57.349324 	
9.545544 	-7.274822 	-16.413341 	-15.957925 	-28.464717 	-29.867797 	-44.581747 	-53.464460 	-57.774978 	-57.749204 	-57.212022 	-59.107944 	-62.266400 	-58.800682 	-58.121580 	
9.932016 	4.219776 	2.970866 	-3.720446 	-6.153465 	-4.729161 	-8.066885 	-9.533014 	-15.329483 	-17.968151 	-17.766446 	-20.253453 	-23.471620 	-25.526863 	-27.473136 	-27.730449 	-36.249642 	-38.050887 	-38.657230 	-39.424615 	
9.678091 	-11.044153 	-16.903763 	-43.026891 	-47.664909 	-60.030003 	-60.536815 	-58.178618 	-59.787671 	-61.302727 	-57.295522 	-58.456889 	-58.546825 	-60.341561 	-62.054217 	
9.938202 	-11.518310 	-11.647606 	-12.489273 	-15.864119 	-23.057942 	-55.390096 	-60.443636 	-57.257780 	-58.846618 	-63.676308 	-58.780148 	-59.494388 	-57.803740 	-59.768145 	-59.567909 	-61.479448 	-59.426288 	-58.323530 	-58.850058 	-58.023552 	-60.050719 	-59.046679 	-62.362886 	-58.199119 	-60.779506 	-58.273709 	-57.996296 	-58.752107 	-59.909048 	-58.564341 	-60.998070 	
9.775281 	4.556627 	-4.551165 	-31.119012 	-52.432525 	-54.140323 	-57.897644 	-58.438749 	-60.278612 	-61.183275 	-62.511837 	-59.213278 	-58.519191 	-57.064023 	-59.439043 	-60.342855 	-59.370321 	-56.778303 	-59.440938 	-58.326746 	-60.430510 	
9.769823 	3.604680 	-7.792196 	-59.012519 	-59.082057 	-58.842584 	-58.109670 	-62.488495 	-57.984550 	-59.167201 	-59.559332 	-58.769967 	-60.769782 	-59.433281 	-63.806976 	-59.298974 	-58.733623 	
9.840355 	1.527464 	-17.113753 	-22.936312 	-37.881199 	-52.190348 	-58.591387 	-58.770665 	-58.601091 	-59.852961 	-58.716189 	-59.113835 	-59.951122 	-58.549750 	-60.041520 	-58.841700 	-59.543527 	
9.829552 	4.833114 	4.137675 	-5.011265 	-51.519359 	-49.015041 	-58.387480 	-58.489435 	-58.105789 	-58.436910 	-59.090716 	-59.090731 	-58.087537 	-61.183296 	-59.981580 	-59.879601 	-58.745140 	-62.856796 	-60.827063 	-58.797948 	
