9.489838 	3.142550 	4.802878 	2.992106 	-1.580839 	-2.110518 	-4.069026 	-5.770029 	-12.598641 	-21.775462 	-25.922120 	-29.924667 	-43.526508 	-48.099910 	-48.916358 	-49.534245 	-52.930720 	-53.588770 	-54.800868 	-60.252222 	-56.622201 	-58.373634 	-57.847492 	-57.925870 	
9.525554 	3.381943 	0.277127 	-1.116116 	-6.056452 	-9.527836 	-10.593071 	-12.525431 	-17.237812 	-21.067097 	-24.898306 	-24.809495 	-27.149841 	-27.660257 	-27.519276 	-29.693901 	-28.176758 	-28.414379 	-36.131585 	
9.402075 	3.265578 	-11.308840 	-12.686189 	-29.509247 	-29.635145 	-32.430753 	-44.407606 	-47.620387 	-56.791634 	-55.832533 	-57.753409 	-57.945818 	-57.686850 	-60.061997 	-58.765877 	-59.047294 	-58.419436 	-58.406427 	-58.421475 	-59.279092 	-59.016793 	-58.750209 	
9.611198 	1.211374 	0.282820 	-2.342169 	-2.701430 	-3.216439 	-2.439811 	-3.989597 	-4.709085 	-4.056235 	-4.182775 	-10.808092 	-9.412435 	-11.245969 	-11.213583 	-13.791076 	-13.400523 	-13.871454 	-15.184498 	-14.604551 	-19.370754 	-17.204991 	
9.451890 	7.642236 	-5.025827 	-26.731671 	-33.859084 	-38.346114 	-37.546143 	-46.989728 	-53.787898 	-58.573991 	-61.494122 	-60.071567 	-59.376426 	-59.340556 	-58.687207 	-59.760386 	-58.373471 	-59.279635 	-59.313371 	-60.055061 	-60.529716 	-60.862524 	-58.801378 	-61.034115 	-59.779093 	
9.826138 	-1.738165 	-4.996239 	-10.944838 	-6.871974 	-7.274497 	-10.147317 	-11.199744 	
10.135050 	6.784818 	1.176525 	-0.584831 	-7.421523 	-8.519593 	-10.194869 	-12.867350 	-34.751046 	-31.512524 	-50.225274 	-46.914741 	-57.092732 	-57.819246 	-58.877222 	-56.253296 	-57.674352 	-57.927164 	-57.144117 	-58.087947 	-58.095756 	-56.090467 	-56.830932 	-58.649707 	-58.247694 	-56.878740 	-57.791613 	
9.659414 	-3.988102 	-35.831295 	-49.655427 	-50.878625 	-57.060611 	-56.760795 	-63.095993 	-59.783410 	-59.280842 	-57.645542 	-58.046664 	-60.289325 	-57.613053 	-58.092015 	-59.469142 	-56.732479 	-58.622368 	-59.003282 	-60.922307 	
9.653296 	4.256676 	4.843163 	3.157228 	-2.064747 	-1.008423 	-5.045666 	-7.585162 	-11.478945 	-10.779989 	-18.360353 	-18.724766 	-24.186200 	-25.468208 	
9.701442 	6.930122 	-8.133110 	-6.987854 	-28.952848 	-50.520688 	-54.218427 	-54.371024 	-55.989842 	-57.522585 	-57.762329 	-57.332294 	
9.457513 	1.214580 	-16.661433 	-16.602240 	-16.135221 	-17.113025 	-21.582266 	-37.512803 	-39.702237 	-51.434126 	-56.407382 	-59.096230 	-59.042487 	-58.482871 	-57.887316 	-58.309582 	-59.310740 	-56.599085 	-57.746691 	-59.117074 	-58.314404 	
9.334972 	-23.553791 	-27.870352 	-35.391302 	-34.284422 	-55.875474 	-58.329117 	-57.771240 	-58.275284 	-61.574645 	-55.782333 	-57.530902 	-57.757739 	-58.118535 	-58.654425 	-57.689372 	
9.979618 	4.324832 	2.868398 	4.255803 	-6.832635 	-18.618804 	-18.115196 	-18.899048 	-26.547557 	-25.665484 	-26.451504 	-28.146809 	-30.419884 	
10.144103 	2.382211 	-0.520129 	-9.423971 	-10.945054 	-16.146180 	-16.037283 	-18.224634 	-34.871141 	-34.777636 	-35.802658 	-37.431823 	-41.677560 	-41.710329 	-41.626861 	-44.625920 	-45.946104 	-49.249153 	-47.254199 	-47.042869 	-48.666844 	
9.819531 	-6.332238 	-6.158648 	-10.383094 	-9.932780 	-19.139041 	-24.150840 	-23.978431 	-31.100541 	-30.952205 	-32.161184 	-40.841303 	-50.280624 	-49.877997 	-48.995770 	-50.628554 	-52.935211 	-53.456877 	-55.185289 	
9.838342 	6.870649 	4.860113 	4.458539 	3.615606 	-1.164284 	2.305687 	0.255287 	1.041246 	-2.659749 	0.098703 	-2.674449 	-4.490057 	-5.949369 	-6.107267 	-6.025172 	-9.652785 	-9.218488 	-9.336004 	-9.424284 	-10.582680 	-8.134906 	-8.863871 	-7.777603 	-11.065353 	
9.886054 	0.592528 	-8.094982 	-9.625936 	-55.733931 	-53.968714 	-56.060887 	-60.012795 	-59.239876 	-58.539540 	-59.161719 	-60.259067 	-59.990323 	-59.312238 	-58.582200 	-60.368155 	-57.826613 	
9.855132 	3.497731 	-3.302841 	-4.483994 	-6.689527 	-7.564045 	-12.841183 	-16.977671 	-17.775649 	-23.242507 	-26.214544 	-30.341777 	-30.198288 	-29.286244 	
9.717686 	-1.504443 	-6.589715 	-14.193237 	-15.994959 	-26.325823 	-33.514975 	-42.987707 	-46.261036 	-57.310930 	-59.312723 	-59.171210 	-58.739362 	-58.632625 	-58.325048 	-57.918671 	-58.593664 	-58.653567 	-58.619381 	-61.028330 	-58.672636 	-59.962712 	
9.523833 	-2.134193 	-2.920563 	-3.526660 	-3.519064 	-6.080389 	-5.863887 	-7.277177 	-9.290023 	-8.965835 	-9.877197 	-9.765945 	-9.712682 	-8.923924 	-9.407881 	-12.034515 	-9.652960 	-9.903827 	-14.136850 	-15.392289 	-13.232954 	
