10.043888 	-0.003628 	-55.919467 	-58.940829 	-57.452346 	-60.510519 	-60.550049 	-60.551892 	-58.487877 	-59.427990 	-60.047127 	-62.213837 	-59.222729 	-59.987422 	-60.548128 	-58.147606 	-59.639833 	-58.532787 	-60.397186 	-58.220040 	-59.553701 	-59.036113 	-59.189416 	-59.530935 	
9.702337 	-7.090081 	-19.356144 	-24.666585 	-27.722631 	-27.222438 	-45.882672 	-58.499904 	-59.494136 	-58.432950 	-58.628686 	-58.569420 	-62.963151 	-59.077142 	-61.242256 	-59.408507 	-58.819974 	-60.433122 	
9.912046 	-2.416132 	-17.082663 	-20.693760 	-32.382700 	-39.276859 	-41.001379 	-58.429409 	-58.006317 	-58.093351 	-59.208311 	-59.794353 	-57.508158 	-59.820719 	-58.735579 	-60.174076 	-58.222478 	-60.718606 	-57.776038 	-57.876765 	-58.659836 	-59.845631 	-58.944116 	
9.824693 	4.934550 	-2.147764 	-9.302701 	-11.389724 	-24.389887 	-39.477684 	-39.733448 	-43.099672 	-52.401411 	-58.314727 	-57.475946 	-56.095519 	-58.045233 	-57.708309 	-59.469434 	-57.648984 	-56.435941 	
10.185717 	-2.672915 	-19.290101 	-33.963177 	-45.076425 	-59.141030 	-59.885750 	-59.444419 	-58.915484 	-60.855144 	-57.618958 	-59.565276 	-58.280837 	-59.668378 	-57.509931 	-61.603533 	-57.765805 	-58.980386 	
9.976364 	-3.794823 	-7.552390 	-17.418894 	-19.902315 	-50.246996 	-56.870246 	-58.049103 	-59.498050 	-60.028170 	-58.847918 	-57.886172 	-60.464296 	-58.059165 	-60.572191 	-57.826489 	-57.598847 	-58.798764 	-59.134439 	
10.011368 	-34.534799 	-52.683427 	-59.597291 	-59.306501 	-57.612816 	-58.318996 	-58.005315 	-59.998314 	-58.942298 	-58.624801 	-58.744736 	-61.743293 	-60.678043 	-62.052780 	-58.107870 	
9.759807 	-21.983001 	-48.566911 	-52.144306 	-53.797171 	-58.127508 	-58.754928 	-57.373196 	-57.650613 	-58.042343 	-59.635265 	-59.852107 	-58.288547 	-57.776388 	-60.865254 	-60.724896 	
10.064672 	4.747019 	0.759427 	-3.127278 	-57.807143 	-57.888811 	-58.050183 	-59.905354 	-57.868619 	-60.585295 	-59.457707 	-58.217004 	-61.776579 	-58.008277 	-58.078130 	-59.147591 	-59.474852 	-60.322892 	-64.397936 	-58.809627 	-61.946899 	-58.574957 	-60.346251 	-59.331709 	
10.122242 	-3.976632 	-10.044241 	-13.241940 	-14.562246 	-23.240511 	-23.176240 	-39.678656 	-39.571172 	-49.135792 	-57.615431 	-57.925353 	-60.529409 	-58.708967 	-58.679897 	-61.928954 	-61.637960 	-57.361293 	-61.197811 	
9.737653 	-21.203859 	-57.226719 	-58.249752 	-60.426655 	-59.023496 	-60.213483 	-57.981542 	-58.685658 	-59.202630 	-61.335221 	-59.514521 	-59.302726 	-59.744161 	-58.997170 	-58.369772 	
9.731487 	-4.417263 	-7.209972 	-6.267190 	-18.128311 	-29.776191 	-36.389757 	-44.799149 	-58.200262 	-59.562235 	-58.523289 	-58.386992 	-61.496978 	-58.140959 	-58.468506 	-58.093223 	-59.549322 	-61.030015 	-58.900714 	-59.265060 	
9.960565 	-28.502954 	-29.643378 	-34.667954 	-46.780076 	-53.525465 	-59.530199 	-59.532825 	-57.792917 	-57.595743 	-58.880611 	-58.547110 	-60.094220 	-60.116697 	-58.555383 	
9.897117 	-15.443078 	-46.946692 	-50.331582 	-59.543087 	-59.776653 	-57.298660 	-59.177843 	-57.152519 	-57.985710 	-58.032929 	-59.689876 	-61.678660 	
10.081922 	-4.637287 	-11.984319 	-51.353973 	-58.878809 	-56.765632 	-60.000086 	-60.066639 	-57.605308 	-58.408045 	-59.049609 	-58.442071 	-58.843487 	-58.719371 	-58.003958 	-57.258842 	
10.200527 	-23.799815 	-59.388126 	-58.122467 	-60.008328 	-59.034308 	-57.827307 	-57.662861 	-61.555760 	-63.141714 	-60.357479 	-59.797029 	-59.362774 	-57.895280 	
10.225162 	-0.271434 	-46.687422 	-55.048190 	-59.556800 	-57.836662 	-57.633594 	-58.939269 	-59.678093 	-58.160420 	-59.127981 	-60.041891 	-62.056702 	-61.417949 	-59.872387 	-59.407326 	-58.485910 	-58.534994 	-58.258983 	-58.396319 	-59.126960 	
9.926837 	-5.997722 	-12.156740 	-47.262166 	-52.795436 	-58.446464 	-58.964898 	-58.468051 	-57.464782 	-59.451906 	-57.853586 	-59.261439 	-59.198336 	-59.585227 	-61.273993 	-58.293238 	-59.026621 	
10.081788 	-4.173962 	-16.256868 	-29.850315 	-30.376816 	-32.089817 	-44.906227 	-59.303840 	-58.645689 	-58.520107 	-57.540626 	-57.937359 	-58.298817 	-56.667719 	-60.783967 	-57.815240 	
9.837378 	-27.555767 	-38.907882 	-61.472844 	-57.292474 	-59.253440 	-58.411156 	-58.441361 	-60.524342 	-58.094545 	-57.308810 	-58.909425 	-57.580570 	-59.778285 	-58.929063 	-58.810110 	
