9.855852 	-10.963730 	-18.253425 	-27.305619 	-36.030220 	-38.466966 	-42.971082 	-45.722506 	-51.612362 	-56.082347 	-57.578580 	-58.432199 	-55.776399 	-58.826647 	-59.572674 	-57.038162 	
9.614400 	-5.200660 	-22.665195 	-30.846192 	-49.206483 	-60.140984 	-58.312489 	-59.776508 	-57.466374 	-59.002183 	-60.818871 	-58.200431 	-58.437961 	
10.153982 	-5.748857 	-6.157065 	-22.134588 	-48.103717 	-45.583731 	-51.403846 	-51.554557 	-59.477995 	-60.127554 	-58.512564 	-59.326568 	-59.970318 	-60.435009 	-58.642411 	-58.247535 	-58.852183 	-59.483212 	-58.171726 	-60.981343 	-58.803515 	-57.565554 	-59.148002 	
10.040069 	-1.908852 	-21.034507 	-23.476596 	-30.744451 	-38.748421 	-49.501561 	-50.928120 	-55.710134 	-59.019150 	-58.452209 	-57.926155 	-60.586904 	-59.791508 	-61.476215 	-60.947102 	-59.192526 	-60.957755 	-58.447600 	-59.390816 	-58.948797 	-57.018424 	
10.211237 	4.175811 	-0.192160 	-11.904513 	-8.317504 	-17.645190 	-20.111527 	-39.747296 	-47.156642 	-57.231336 	-58.658218 	-60.474590 	-57.698786 	-59.557594 	-57.896870 	-57.781710 	-61.841303 	-57.229516 	-58.953204 	-59.662389 	-58.891567 	
9.708531 	-4.789003 	-13.536734 	-25.519124 	-33.319459 	-48.031395 	-51.204563 	-52.906311 	-57.645748 	-56.804227 	-57.823200 	-56.880342 	-59.004039 	-57.604207 	
9.544165 	-9.087841 	-10.741176 	-12.903813 	-16.386293 	-18.848430 	-25.794872 	-28.550821 	-45.565473 	-47.650039 	-56.408620 	-58.446307 	-59.672245 	-58.116154 	-58.422346 	-57.595432 	-57.680443 	-57.560006 	-58.412535 	-58.431990 	-58.026614 	
10.086760 	-3.123203 	-4.262837 	-14.458478 	-26.315480 	-25.254859 	-45.321569 	-54.194687 	-59.127774 	-59.411511 	-58.397540 	-58.437536 	-58.109948 	-60.099684 	-61.174748 	-57.753744 	-57.725857 	-59.374983 	-59.846990 	-60.166924 	-58.522154 	-58.791267 	-58.323998 	-58.050319 	
9.856078 	4.972791 	-4.075250 	-10.216898 	-12.114748 	-35.997634 	-40.111344 	-40.081316 	-43.879933 	-51.726037 	-54.441262 	-53.844197 	-54.140824 	-55.070886 	
9.803746 	0.348144 	-3.395001 	-9.097558 	-22.548536 	-33.458192 	-31.353356 	-39.806319 	-38.703094 	-43.038053 	-46.026930 	-46.088240 	-50.668126 	-52.199242 	-54.515783 	-59.432353 	-56.078906 	-58.761594 	-56.560293 	
9.455247 	0.396452 	-27.123714 	-28.709359 	-28.812559 	-29.593563 	-38.616791 	-38.514295 	-49.350929 	-58.675816 	-58.233273 	-59.557862 	-60.824740 	-58.665189 	-58.790969 	-60.002304 	-58.560650 	-60.160972 	-58.608846 	-59.787417 	-59.916400 	-58.821581 	-58.933529 	-61.898309 	-61.851371 	
10.183282 	-0.707738 	-3.777133 	-4.814254 	-6.628356 	-11.738833 	-14.673623 	-19.293772 	-26.891450 	-35.320100 	-36.044525 	-40.819579 	-40.894415 	-42.631647 	-51.871107 	-49.444845 	-53.451146 	-51.872210 	-53.198722 	-52.359785 	-57.759514 	-56.111173 	
9.852161 	2.490294 	-0.003041 	-1.589125 	-0.554168 	-6.477863 	-17.405571 	-20.267640 	-28.012768 	-30.259247 	-34.589077 	-48.972909 	-57.951074 	-58.126080 	-57.038371 	-58.156950 	-58.806493 	-59.199353 	-57.182252 	
9.728203 	1.038702 	-24.481700 	-30.558586 	-40.768011 	-40.463584 	-46.113858 	-57.276303 	-59.712944 	-59.414218 	-57.708585 	-57.777008 	-60.390145 	
9.922149 	-33.777392 	-37.567815 	-48.939155 	-49.137519 	-59.714995 	-60.940544 	-60.834834 	-59.836415 	-58.499614 	-57.823060 	-59.231380 	-58.373923 	-58.854287 	
9.645800 	6.199825 	4.412980 	2.148492 	-5.851472 	-4.377374 	-5.827304 	-7.038234 	-6.985403 	-7.814948 	-11.489574 	-9.128036 	-7.504670 	-10.398452 	-11.515935 	-13.821173 	
9.792766 	4.379775 	4.537914 	-15.393811 	-19.014521 	-27.383281 	-32.479015 	-34.313605 	-51.296265 	-54.786944 	-56.045502 	-57.773793 	-56.859485 	-55.387772 	
9.792536 	-6.865896 	-8.239951 	-27.278967 	-52.899670 	-57.808749 	-59.497986 	-58.793546 	-58.839011 	-60.079041 	-58.573313 	-61.121964 	-63.192328 	-57.459747 	-59.590423 	
9.631547 	3.844577 	-3.018903 	-29.124433 	-55.389022 	-57.098034 	-55.844132 	-59.060167 	-57.697761 	-59.603918 	-58.915299 	-57.538754 	-59.511767 	
9.839690 	-1.418977 	-8.638754 	-19.936400 	-24.932460 	-31.134707 	-34.461015 	-33.940821 	-53.500201 	-55.634448 	-57.084420 	-57.789296 	
