10.313076 	-47.942973 	-57.677546 	-58.481701 	-58.330392 	-59.021941 	-57.609043 	-59.006205 	-58.760847 	-59.566932 	-59.453385 	-59.691269 	-60.361773 	-58.090634 	-58.421331 	-58.459071 	
10.110126 	-0.543960 	-7.611198 	-14.284752 	-46.098568 	-56.955522 	-59.169564 	-59.255343 	-57.518500 	-58.986560 	-65.559349 	-58.043575 	-58.236551 	-59.926711 	-61.261305 	-59.146492 	-58.594568 	-58.758234 	-62.592540 	-59.431354 	-59.693286 	-59.404781 	-58.440463 	-59.525573 	
9.871366 	1.163498 	0.736735 	-3.703793 	-11.311866 	-23.475320 	-42.196540 	-59.657174 	-60.466398 	-61.512094 	-57.983627 	-57.902694 	-62.513744 	-61.097865 	-57.428073 	-58.991729 	
10.145853 	5.973879 	1.629859 	-13.799758 	-16.729346 	-26.020351 	-38.347955 	-52.117238 	-60.300512 	-59.914181 	-60.460077 	-58.381810 	-59.605347 	-56.592818 	-57.978680 	
10.052695 	5.004752 	-32.601494 	-59.970202 	-57.551963 	-60.503257 	-59.155690 	-61.457115 	-59.846041 	-59.345630 	-62.268615 	-57.912072 	-59.405198 	-58.077538 	-58.045693 	-60.710544 	-58.432225 	
10.098699 	-1.426143 	-2.997913 	-18.095663 	-27.837702 	-28.832341 	-31.646013 	-32.958205 	-58.277928 	-59.619038 	-58.890741 	-58.892248 	-57.901292 	-57.367693 	-58.084045 	-59.105412 	-58.843443 	-59.518213 	-59.519253 	-58.533894 	-57.905334 	-57.115932 	
10.227623 	-1.237470 	-48.996654 	-50.498833 	-59.685013 	-57.303257 	-57.738970 	-59.594213 	-58.264388 	-59.291455 	-58.449160 	-58.696980 	-57.122078 	-59.038466 	-60.785127 	-60.703818 	-58.764266 	-58.750091 	-58.302608 	-59.274746 	-63.241674 	-58.270336 	-58.276644 	-59.099483 	
10.135557 	2.427744 	-33.678908 	-40.166145 	-47.173982 	-48.484037 	-60.392879 	-58.849170 	-59.506160 	-60.755663 	-59.217296 	-60.199107 	-61.342790 	-57.608337 	-60.252123 	-59.069841 	-59.270805 	-58.210409 	-60.996318 	-62.173362 	-58.211693 	
9.785830 	-1.068986 	-4.424999 	-31.071515 	-42.483048 	-46.625466 	-58.342637 	-62.698632 	-57.135648 	-59.508888 	-58.208970 	-57.295403 	-58.910756 	
10.121892 	5.760305 	-6.301863 	-28.762266 	-60.250641 	-58.241649 	-60.397912 	-60.042595 	-60.509242 	-60.193117 	-61.755488 	-59.777079 	-58.532824 	-58.850750 	-58.438900 	-61.712589 	-57.636105 	-59.252828 	-57.814772 	-59.204753 	-59.114157 	-58.386856 	-60.063260 	-58.129549 	
10.223789 	-2.435145 	-47.567620 	-57.604397 	-57.168608 	-59.423489 	-60.139926 	-58.380869 	-58.704418 	-57.371683 	-59.869902 	-57.576311 	-58.945578 	-59.887945 	-58.919339 	
9.901331 	-48.708951 	-56.691857 	-59.983624 	-58.470409 	-62.022796 	-57.981295 	-58.292481 	-58.251900 	-59.708173 	-58.474686 	-58.651112 	-58.824110 	-56.899438 	-58.817506 	-62.660243 	-61.981327 	-58.436767 	-58.573408 	
10.079805 	-31.660842 	-38.552379 	-44.261344 	-50.866176 	-58.652103 	-59.602746 	-57.913776 	-59.914651 	-57.290170 	-60.147143 	-58.503622 	-60.669572 	-58.224740 	-58.248708 	-59.271848 	-57.376520 	
9.810729 	2.655184 	-36.322574 	-37.122639 	-37.435989 	-57.020117 	-58.424161 	-58.248961 	-57.961107 	-57.950858 	-60.388365 	-57.156668 	-60.114167 	-58.343570 	-61.811222 	-58.757226 	-57.901281 	-59.774966 	-61.620930 	-58.436956 	
10.084251 	-11.088078 	-8.872221 	-22.740230 	-32.945617 	-41.681275 	-44.316468 	-44.930145 	-59.130871 	-59.388098 	-59.353400 	-58.183164 	-60.148815 	-58.719733 	-59.477913 	-60.672228 	-58.428445 	-60.083356 	-58.868034 	-58.241574 	-58.776098 	-58.137113 	-59.467123 	-60.809057 	-59.347620 	-60.537274 	-59.358839 	-61.158194 	-59.821073 	-58.779669 	-58.652924 	
10.094359 	-24.511124 	-33.147566 	-57.772057 	-58.152067 	-58.422929 	-57.655993 	-58.994280 	-59.246235 	-61.225232 	-58.392421 	-61.954877 	-59.499675 	-59.497950 	-59.871119 	-58.755698 	
10.157893 	-31.195894 	-32.720329 	-52.074865 	-56.234532 	-57.334138 	-58.641250 	-56.978367 	-57.379954 	-58.593662 	-57.326315 	-59.520739 	-60.107448 	
9.939303 	-42.726159 	-59.087805 	-58.894655 	-58.990076 	-60.186666 	-59.414574 	-58.984767 	-61.511889 	-59.759086 	-58.948983 	-61.314551 	-58.545262 	-57.614152 	-59.491069 	-59.384521 	-59.418571 	-59.991683 	
10.068211 	-11.728338 	-47.755442 	-59.328502 	-59.642621 	-57.847417 	-57.910857 	-58.845276 	-58.618674 	-60.302636 	-58.835720 	-58.936586 	-58.521048 	-57.408536 	-59.004230 	-60.145706 	-60.728398 	
10.046597 	-33.798674 	-42.846534 	-46.162283 	-58.058289 	-59.164712 	-58.753022 	-59.741410 	-60.181605 	-57.844336 	-58.532521 	-59.397297 	-57.894065 	-58.495674 	-59.655583 	-58.195084 	
