9.592422 	-18.884483 	-22.940821 	-31.961348 	-32.731356 	-35.923664 	-46.935035 	-45.075222 	-44.775027 	-45.114937 	-54.439209 	-51.076383 	-52.582787 	-50.737549 	-57.971088 	-56.142035 	-55.641656 	-58.970341 	-56.368822 	-63.771129 	-58.140980 	
9.526874 	8.052554 	3.483963 	1.350898 	0.257787 	2.779720 	0.902169 	-0.845684 	-1.589646 	-0.138616 	0.013714 	-4.048318 	-0.881614 	0.209126 	-1.902474 	-1.465524 	-2.863145 	-4.277292 	-3.384707 	-1.945727 	-3.685138 	-3.368888 	-3.815775 	-3.362947 	-2.887749 	-6.539091 	-4.137729 	-4.876260 	-5.926809 	-5.103562 	-5.948276 	-3.634057 	-4.437223 	-4.920826 	
9.691245 	-14.797675 	-16.817216 	-17.346108 	-21.998278 	-28.563880 	-47.062631 	-47.296523 	-53.002181 	-54.361739 	-53.680260 	-56.579046 	-56.930060 	-56.247905 	-57.005301 	-57.073845 	-56.319493 	-57.248582 	-56.986865 	
9.863102 	1.582335 	-2.541544 	-7.618550 	-8.312175 	-12.034551 	-15.894257 	-14.955238 	-14.966569 	-15.064572 	-17.397788 	-15.816715 	-17.796492 	-19.339569 	-17.934041 	-17.696232 	-19.190220 	-20.017895 	-18.728319 	-20.819289 	-20.648466 	
9.945305 	2.361444 	-1.529871 	-1.678073 	-8.285155 	-12.338062 	-20.060117 	-20.713235 	-19.520218 	-24.922134 	-24.278449 	-24.975157 	-25.466273 	-33.827214 	-31.644701 	-30.715462 	-33.559998 	
9.912397 	4.317378 	-7.065821 	-14.824141 	-13.379257 	-19.468609 	-26.316135 	-27.180803 	-27.096436 	-32.020823 	-31.877785 	-31.836801 	-39.493118 	-39.144602 	-39.359186 	
9.661558 	3.556809 	1.115063 	0.906428 	-4.458073 	-3.026032 	-11.565409 	-9.899145 	-21.431309 	-28.845989 	-27.089568 	-30.061705 	-33.245666 	
9.450896 	-1.392663 	-1.359437 	-3.337721 	-4.060242 	-6.741503 	-7.458688 	-13.010954 	-16.277095 	-18.849732 	-17.323751 	-20.971760 	-21.900029 	-20.856893 	-21.885443 	-25.076610 	-28.603854 	-28.755124 	-28.638626 	
9.636530 	-4.775163 	-5.371107 	-13.873577 	-17.088099 	-21.349522 	-22.497536 	-27.385658 	-28.884310 	-30.316307 	-37.627408 	-47.191991 	-43.584590 	-44.161256 	-46.934983 	-47.960222 	-53.876705 	-51.202684 	-50.885517 	-59.697443 	-56.646044 	-59.065635 	-58.812043 	-58.705740 	-57.689549 	-58.492576 	-59.889183 	
9.585354 	-12.196040 	-22.240318 	-21.459958 	-32.357415 	-33.808316 	-31.533710 	-47.058700 	-51.205410 	-58.537276 	-57.858411 	-59.537948 	-59.100489 	-58.291121 	-59.967786 	-59.599400 	-58.256886 	-57.700290 	-59.142371 	-57.925818 	-59.711164 	
9.901235 	7.837343 	4.389606 	3.479429 	0.611824 	1.318951 	-1.153838 	-0.903912 	-2.021178 	-3.847192 	-0.827415 	-1.490891 	-4.549703 	-2.672143 	-3.559254 	-5.220910 	-3.542552 	-6.060431 	-3.736349 	-2.460549 	-3.632054 	-3.622573 	-4.715310 	-4.089885 	-5.879207 	-6.595881 	-5.654480 	-3.664401 	-5.693466 	-4.311359 	-5.233970 	-3.881153 	-4.829675 	-7.859029 	
9.540926 	-3.975363 	-8.868684 	-9.282094 	-22.256476 	-25.361262 	-29.142605 	-33.061543 	-42.665721 	-52.215021 	-53.635094 	-53.526258 	-55.565473 	-55.651904 	-59.116695 	-59.233598 	-60.303173 	-58.797022 	-57.239410 	-58.341023 	-59.461680 	-57.811910 	-58.532527 	-58.992944 	-59.106939 	-60.787377 	
9.815569 	4.643139 	3.298963 	0.194657 	-0.957488 	-6.076777 	-13.719359 	-15.466379 	-15.780749 	-19.576158 	-24.203612 	-21.681921 	-29.553842 	-31.135434 	-37.911835 	-38.825792 	-45.417534 	-44.905632 	-48.251956 	-50.664394 	-56.557119 	
9.291112 	5.117816 	-0.059600 	2.700825 	-0.356510 	-3.534799 	-7.337191 	-7.831408 	-9.191209 	-13.376770 	-18.681965 	-20.434919 	-19.019292 	-19.372293 	-25.492256 	-30.295445 	-42.486562 	-47.352874 	
9.198703 	7.836496 	-1.369205 	-23.490044 	-35.165058 	-60.196503 	-59.611577 	-58.988534 	-58.457685 	-58.823277 	-58.984100 	
9.922874 	-2.646485 	-7.248775 	-15.932788 	-18.513901 	-21.095216 	-20.682708 	-23.949992 	-24.215629 	-38.636148 	-38.919025 	-43.000280 	-45.615637 	-45.024296 	-48.855730 	-54.479577 	
9.673868 	6.582596 	-4.627485 	-12.718933 	-18.671687 	-22.511343 	-30.071363 	-30.420755 	-31.657639 	-31.147024 	-33.551391 	-36.517120 	-45.014300 	-48.773605 	-49.608318 	-50.008358 	-54.346251 	
