9.516407 	-5.667359 	-10.719286 	-11.013260 	-15.038128 	-22.497864 	-44.078315 	-46.926038 	-45.792069 	-47.173839 	-50.209927 	-54.812189 	-53.287326 	-54.265406 	-55.692457 	-56.638266 	-57.394237 	-55.761757 	
9.857224 	0.812077 	-9.894699 	-16.448370 	-20.882187 	-21.421273 	-44.624968 	-49.532004 	-47.132624 	-49.132195 	-53.483419 	-54.772457 	-55.768014 	-56.305825 	-55.130887 	-57.356338 	-57.078353 	
9.882370 	-23.529386 	-29.431538 	-38.665535 	-41.205910 	-44.756701 	-51.285895 	-55.678608 	-61.355048 	-61.746200 	-60.675153 	-59.786013 	-58.995449 	-60.005815 	-60.008705 	-58.641634 	-58.229265 	-58.882654 	-57.640689 	-58.828879 	-59.680763 	-66.243762 	-58.409566 	
9.621824 	0.774601 	-4.866174 	-4.791607 	-9.077150 	-6.730003 	-5.922599 	-11.014764 	-13.367369 	-14.207478 	-18.071782 	-16.398100 	-15.215860 	-16.319898 	-20.062520 	-17.671941 	
9.705676 	4.761031 	3.524700 	-1.988593 	-0.646174 	0.631282 	-5.272843 	-3.721532 	-3.877497 	-9.705756 	-11.280404 	-12.340623 	-13.207260 	-15.080467 	-15.937353 	-16.414841 	-15.920502 	-20.180606 	-20.829066 	-19.099746 	-19.463120 	-23.433162 	
10.046230 	1.638784 	-0.269628 	2.410933 	-0.320014 	-4.733639 	-3.147179 	-9.908712 	-11.001814 	-23.035704 	-26.430942 	-26.297631 	-28.813679 	-31.013212 	-41.190196 	-41.278447 	-49.037863 	-51.312387 	-57.406698 	
9.858219 	5.567698 	-5.555571 	-5.318510 	-8.745672 	-12.204723 	-11.500813 	-12.531522 	-17.791194 	-16.555539 	-18.180918 	-21.053261 	-22.984556 	-21.676018 	-23.945538 	-25.440925 	-25.061445 	-26.189863 	-24.943958 	-25.124382 	-25.863960 	-29.241185 	-31.242539 	
9.649743 	5.891826 	5.449242 	2.265429 	-6.267472 	-11.023010 	-13.319535 	-15.594958 	-21.658919 	-17.959564 	-20.982839 	-20.262730 	
9.755869 	3.657905 	-12.884410 	-17.006572 	-19.112329 	-36.781247 	-42.140129 	-43.678343 	-44.836504 	-47.335213 	-49.880828 	-54.032841 	
9.708532 	1.921929 	-0.388771 	-6.237376 	-6.862526 	-9.665154 	-10.411312 	-10.875211 	-14.852363 	-12.168276 	-15.418206 	-20.468452 	-26.886410 	-25.910633 	-27.951524 	-29.708100 	-34.219083 	-37.567731 	-42.269356 	-39.187262 	-40.956452 	
9.940991 	4.930405 	6.301567 	5.498028 	3.817656 	1.213128 	2.663668 	2.369334 	-0.795359 	0.405553 	-2.230174 	-1.294339 	1.246373 	-0.853924 	0.013149 	-0.418902 	-0.259136 	-2.819130 	-3.881034 	-5.163054 	-4.886692 	-2.036502 	-1.846439 	-2.657763 	-2.027719 	-2.596191 	-5.937204 	-4.634200 	-2.468998 	-1.598706 	-6.359967 	-3.827015 	-3.326781 	-3.200932 	-5.578272 	-2.872032 	-3.161915 	-4.462230 	-5.134721 	-4.288272 	-6.767483 	-3.751051 	-5.022722 	-3.610387 	-4.430430 	-9.221494 	-5.438810 	-5.656981 	-3.694521 	-5.020883 	
9.809474 	1.958579 	-3.945499 	-7.137153 	-7.805485 	-13.760145 	-25.262837 	-60.770700 	-57.724933 	-59.775864 	-58.328476 	-58.509334 	-57.136305 	-57.433379 	-58.673118 	-61.139307 	-58.360792 	-58.831262 	-62.349564 	-58.263182 	-58.134523 	
9.465566 	2.786217 	-2.036875 	-5.974079 	-16.621681 	-20.842196 	-27.516113 	-30.429642 	-29.782298 	-28.862024 	-30.058455 	-38.385765 	-39.576982 	-40.991879 	
9.672286 	6.034690 	-9.646680 	-11.506419 	-12.760325 	-15.628659 	-20.248685 	-20.174145 	
9.578543 	0.170119 	-12.349224 	-14.220932 	-19.247771 	-25.548928 	-33.203905 	-35.578408 	-36.197139 	-38.196505 	-47.585351 	-48.211731 	-47.992152 	-56.933444 	
9.832021 	3.247119 	-7.147739 	-12.976629 	-15.494861 	-28.426528 	-28.061729 	-39.393943 	-44.840581 	-51.604041 	-55.770951 	-56.347303 	-58.625965 	-56.712691 	-58.214578 	-59.038991 	-57.856559 	-57.524329 	-58.253061 	-57.854015 	-58.590590 	
10.209991 	-5.963388 	-6.787737 	-11.660485 	-23.782289 	-23.148305 	-23.442207 	-29.327403 	-35.633844 	-35.114550 	-35.361987 	
10.030783 	4.712036 	2.190041 	-0.908839 	-1.596261 	-11.473935 	-11.189782 	-17.139139 	-17.887346 	-16.158967 	
9.559711 	0.083800 	0.535332 	-31.181863 	-39.183763 	-40.043422 	-46.400031 	-40.582349 	-44.642211 	-43.301197 	-46.097510 	-46.498929 	-50.640336 	-49.773879 	-53.114112 	-55.917795 	-56.588720 	-56.348143 	-59.110668 	
9.466562 	5.802600 	-20.363827 	-21.262718 	-29.507029 	-34.739899 	-37.307033 	-56.511957 	-56.801399 	-56.623407 	-60.956466 	-58.402949 	-55.769761 	-59.742724 	-56.856291 	-58.650811 	-60.723068 	-57.644255 	-58.132844 	-57.670389 	-59.113303 	-58.050310 	-59.409410 	
