9.428398 	-7.505564 	-11.706770 	-27.034559 	-58.007456 	-58.545208 	-60.789441 	-60.725724 	-59.153630 	-58.529322 	-60.432001 	-57.321159 	-57.864902 	
9.041327 	-58.433299 	-61.233835 	-61.042769 	-59.021005 	-61.030579 	-59.661449 	-59.927067 	-60.752386 	-62.008202 	-58.484167 	-59.011492 	-60.780780 	-58.151988 	-59.126911 	
9.359763 	-10.706684 	-18.430704 	-22.116065 	-32.928518 	-35.628658 	-47.144614 	-56.018577 	-55.435447 	-57.841499 	-58.313339 	-57.584173 	-56.797818 	
9.827368 	-14.555987 	-13.165689 	-30.590680 	-55.311759 	-59.591506 	-58.911596 	-59.989156 	-60.023900 	-60.393461 	-58.195409 	-60.021229 	-57.914503 	-59.348350 	-59.408446 	-59.538376 	-58.773799 	-58.257702 	-59.463722 	
10.134227 	-6.620127 	-11.968984 	-16.422756 	-24.892563 	-24.118437 	-24.185045 	-25.556348 	-29.909106 	-32.021077 	-33.688462 	-39.654195 	-44.154921 	-43.725074 	-48.189361 	-52.082074 	-51.390933 	-56.977221 	-57.854257 	
9.687989 	2.284752 	0.979256 	-5.581502 	-10.622544 	-16.381972 	-18.372168 	-22.635854 	-27.150647 	-32.245950 	-35.818587 	-39.929619 	-46.764217 	-48.436563 	-49.532512 	-53.773397 	-59.694123 	-57.555447 	
9.440562 	-0.314662 	-10.094578 	-11.963419 	-26.021686 	-25.272001 	-34.991412 	-45.188139 	-49.208516 	-58.364967 	-60.424467 	-59.049967 	-60.286319 	-59.496035 	-57.750837 	-59.556076 	-58.359403 	-59.314192 	-57.866692 	-59.969980 	-58.591961 	-60.316298 	
9.611462 	-9.326637 	-59.315394 	-57.674977 	-58.623109 	-58.428089 	-58.657302 	-58.475826 	-57.838654 	-59.293947 	-58.734327 	-60.730879 	-60.967257 	-60.194724 	-58.035831 	-59.780579 	-59.788372 	-62.865532 	-58.878407 	
9.963796 	-6.636466 	-17.831220 	-22.585853 	-24.651871 	-35.622045 	-44.868245 	-56.343747 	-56.844552 	-57.326541 	-56.224181 	-58.146294 	-60.419731 	-59.158273 	-58.493865 	-57.192694 	-57.443520 	
9.517764 	-2.063871 	-6.409061 	-10.414694 	-20.779217 	-59.258088 	-59.853993 	-58.560185 	-61.831772 	-58.197318 	-58.829070 	-59.755135 	-62.622789 	-60.827220 	-61.412156 	-58.342014 	-65.518878 	-61.724592 	-61.306378 	-59.041754 	-60.583824 	-59.954484 	-59.764613 	-58.065157 	-60.084222 	-63.745599 	-59.479707 	
9.302481 	5.545707 	6.199611 	-0.259413 	0.628613 	0.597390 	-4.092248 	-11.418670 	-12.824954 	-21.249833 	-22.976562 	-24.002452 	-28.424855 	-26.999213 	-28.645705 	-31.116981 	-35.857284 	-38.476496 	-39.475607 	
8.662035 	9.001036 	-20.355444 	-41.607424 	-50.599336 	-54.070983 	-59.467841 	-58.198803 	-63.348732 	-58.135486 	-59.864112 	-58.335528 	-58.557919 	-60.034395 	-59.544058 	-59.848265 	-60.082020 	-61.102030 	-58.156012 	-59.048269 	
9.633309 	-5.857473 	-5.739192 	-10.354805 	-16.263702 	-16.656650 	-19.290479 	
9.931426 	-17.507720 	-22.121575 	-20.561235 	-32.406371 	-33.140382 	-38.391570 	-44.255143 	-49.250373 	-54.962407 	-57.772484 	-57.670838 	-60.358403 	-60.311464 	-59.055549 	-58.346066 	-60.154665 	-61.164055 	-62.384239 	-64.029929 	-57.967450 	-62.785390 	-58.509796 	
9.988566 	2.811140 	-11.574018 	-13.994587 	-17.874173 	-24.497145 	-31.487921 	-30.484584 	-32.834654 	-33.021731 	-31.782188 	-33.966070 	-34.348674 	-35.604422 	-36.033448 	-36.911167 	-42.487133 	-42.772943 	
9.537253 	-12.136918 	-26.470451 	-31.366300 	-52.726641 	-53.555354 	-60.249978 	-60.560774 	-58.620785 	-60.383273 	-59.615161 	-58.970649 	-59.682298 	-58.796004 	-59.159714 	-57.785312 	-60.789122 	-61.128224 	-62.002290 	-61.334135 	-59.537355 	-58.574219 	-59.123784 	-62.744032 	
9.764751 	-30.305055 	-55.016344 	-59.145982 	-58.916531 	-57.941127 	-58.462888 	-60.540400 	-57.207056 	-58.361824 	-58.835588 	-57.558998 	-58.463974 	
9.974432 	-0.998052 	-16.329328 	-42.771508 	-46.160692 	-60.600602 	-57.430767 	-58.138159 	-57.102040 	-58.945955 	-57.103255 	-57.532259 	-57.609264 	-57.995452 	-59.804337 	-58.362196 	-58.300290 	-58.996494 	-59.615152 	
9.530420 	5.538322 	3.987238 	1.296282 	1.735725 	-4.927262 	-4.561102 	-8.117246 	-9.974652 	-11.052497 	-18.241532 	-22.869821 	-25.323977 	-27.514337 	-30.207727 	-30.108236 	-32.630073 	-37.156064 	-36.691395 	-43.317041 	-44.113109 	-47.280007 	
9.455181 	-5.763276 	-9.721503 	-19.226036 	-24.320357 	-27.207702 	-29.400122 	-30.472354 	-29.506133 	-31.702574 	-56.277786 	-57.687348 	-58.114406 	-57.099566 	-58.261091 	-58.854265 	-56.965995 	-57.735268 	-57.535934 	
9.632778 	0.043293 	-3.439878 	-6.732458 	-14.241377 	-15.002541 	-21.834087 	-34.252705 	-32.169498 	-35.830962 	-45.543468 	-50.362739 	-51.688273 	-51.951733 	-52.239532 	-53.783345 	-55.828853 	-60.151327 	-59.224694 	-58.214454 	
