9.730837 	4.038772 	0.371871 	-22.711551 	-46.650162 	-46.743871 	-53.574257 	-55.539896 	-57.373423 	-57.489117 	-60.469368 	-57.334195 	-58.574032 	-58.618656 	-58.573255 	-58.995089 	
9.710450 	2.682149 	0.853289 	-5.500557 	-5.199955 	-6.678540 	-5.488180 	-6.783562 	-6.969066 	-10.136974 	-8.177083 	-8.950067 	-8.440191 	-10.003513 	-8.680801 	-9.815156 	-10.403092 	-9.107942 	-10.938280 	-11.422192 	-13.889753 	-11.782704 	-13.309217 	
9.946311 	-17.449401 	-36.773205 	-40.819682 	-58.505236 	-59.319101 	-58.656445 	-61.964553 	-57.085405 	-58.955423 	
9.962696 	-0.273028 	-8.360011 	-13.199726 	-13.401720 	-13.974481 	-14.787109 	-19.572349 	-21.907867 	-23.651547 	-22.185794 	-23.171158 	-28.612143 	-30.064053 	-34.113454 	-37.468929 	-39.696911 	-39.723042 	-42.665932 	-42.629605 	-43.412845 	
9.924379 	4.097037 	0.133869 	-4.091996 	-14.375532 	-21.341005 	-21.834113 	-29.402564 	-31.424276 	-58.440586 	-60.311553 	-56.299403 	-57.560107 	-56.178674 	
9.708660 	2.914334 	-48.433016 	-53.160985 	-52.034559 	-58.117296 	-59.694298 	-62.137616 	-58.361758 	-58.753449 	-59.543990 	-57.802676 	-58.572672 	-58.200914 	-57.543107 	-58.067242 	-59.811650 	-61.522613 	-58.672712 	
9.868870 	5.917160 	-0.316997 	-6.342982 	-54.284792 	-58.502068 	-58.405983 	-60.474540 	-59.204504 	-60.737906 	-60.461833 	-58.274018 	-61.321697 	-60.858455 	-60.891885 	-59.510684 	-59.964652 	-60.586349 	-60.162241 	-58.647638 	-61.218532 	
9.894075 	6.219803 	-1.597940 	-4.440528 	-7.270437 	-6.762916 	-6.961752 	-13.544767 	-14.015848 	-22.436859 	-28.118689 	-30.072291 	-40.217772 	-40.433289 	-41.462494 	-46.845996 	-41.780226 	-45.141137 	-46.146566 	-47.734540 	-48.396074 	
9.785260 	-0.599734 	-42.839240 	-65.690377 	-64.860371 	-59.379451 	-58.636451 	-59.401061 	-58.138194 	-59.331906 	-60.031792 	-58.427620 	-60.354487 	-58.159633 	
9.988011 	-0.106303 	-6.572842 	-10.669816 	-19.217528 	-20.732096 	-28.254759 	-37.651870 	-59.520126 	-59.887169 	-59.345589 	-59.149551 	-56.861681 	-57.400292 	-59.196765 	-59.186018 	-57.157446 	-58.164483 	-60.782291 	-58.865805 	
9.922446 	1.798590 	-11.509043 	-26.145802 	-57.737270 	-60.271674 	-61.538806 	-59.973799 	-59.577315 	-58.215059 	-61.236393 	-59.900038 	-57.720108 	-60.251658 	-58.338160 	-58.525390 	-57.727148 	-58.365433 	-59.043920 	
10.052606 	4.990402 	-0.103821 	-1.801784 	-5.016421 	-5.554118 	-14.899363 	-19.458868 	-19.689169 	-18.927905 	-20.494780 	-24.118304 	-26.648481 	
9.740233 	-5.217953 	-6.804775 	-7.763025 	-11.782630 	-16.812116 	-19.955382 	-25.767375 	-26.976154 	-32.420084 	-34.510626 	-40.506471 	-48.229483 	-52.197676 	-52.617981 	-54.826262 	-54.250769 	-57.910102 	-57.166870 	-56.175893 	-58.347619 	-57.143479 	-57.925855 	-57.160350 	
9.922828 	-10.101914 	-15.962466 	-19.941503 	-24.228631 	-31.876901 	-31.799315 	-34.620353 	-47.601810 	-58.488007 	-57.180682 	-56.314064 	-57.814907 	-56.263658 	-56.597287 	-58.374910 	-58.380590 	-57.876912 	
10.109264 	2.055749 	2.820925 	0.117806 	-8.138030 	-7.318692 	-9.708909 	-14.015956 	-22.341978 	-27.463823 	-38.416253 	-44.505678 	
10.046758 	0.988653 	-3.312143 	-25.391883 	-29.337688 	-33.801541 	-45.284823 	-58.701912 	-61.775655 	-57.960857 	-59.536683 	-58.428958 	-60.717997 	-61.364535 	-57.363402 	
9.991872 	-0.669693 	-33.449791 	-57.327222 	-58.811497 	-60.844437 	-58.552002 	-63.016157 	-60.200947 	-59.161211 	-61.123124 	-58.538551 	-58.982059 	-61.146315 	-58.957578 	-59.953882 	-61.305921 	-60.136287 	-58.378392 	-60.072196 	-59.911222 	
9.755929 	1.951796 	-2.460872 	-16.903067 	-33.630537 	-32.877820 	-57.180451 	-57.567624 	-58.438663 	-57.469921 	-56.394904 	-56.264327 	-57.127743 	-58.698120 	-60.656590 	-56.100624 	
10.075344 	6.233648 	3.188136 	-2.421444 	-2.420548 	-28.738812 	-33.640548 	-28.345479 	-29.355384 	-31.660295 	-32.310477 	-32.774980 	-33.750450 	-37.131743 	-36.263692 	-39.160516 	-40.260195 	-40.395674 	-42.251153 	
9.850671 	-0.558772 	-10.538382 	-12.185488 	-21.103370 	-36.965535 	-42.866976 	-48.826928 	-51.527053 	-53.479639 	-57.093105 	-56.879614 	-57.695576 	-57.484662 	-56.657505 	
