10.033889 	6.801969 	0.987535 	1.511301 	-2.162310 	-5.886818 	-6.890858 	-12.994562 	-13.671480 	-18.734719 	-14.721795 	-15.593867 	-17.451396 	-21.755485 	-18.995677 	-19.644150 	-22.075375 	-21.016807 	-19.549793 	-21.800232 	
9.923704 	-0.679208 	-2.588620 	-10.490559 	-18.431372 	-21.612305 	-55.000163 	-58.067992 	-56.886573 	-57.045043 	-59.820555 	-56.493674 	-58.110974 	
9.561524 	5.858329 	3.080891 	-4.487197 	-8.230310 	-10.522826 	-12.153039 	-13.020643 	-18.591824 	-20.938659 	-22.483273 	-22.536501 	-26.849018 	-31.093010 	-28.284495 	-26.868648 	-26.411524 	-26.017380 	-27.015515 	-27.999977 	-28.291092 	
9.680773 	4.898786 	-6.316294 	-9.771516 	-10.759703 	-12.689342 	-14.487620 	-18.135177 	-20.984990 	-23.084878 	-21.683444 	-23.615075 	-24.999855 	-26.411001 	-25.148890 	
9.875660 	-2.170685 	-2.342449 	-22.149790 	-21.220446 	-25.071181 	-30.446022 	-32.358774 	-35.437178 	-38.773217 	-44.252994 	
9.766691 	4.753829 	3.203058 	-3.236151 	-5.152729 	-7.838690 	-8.604298 	-8.652305 	-10.324194 	-7.784532 	-8.623034 	-11.378194 	-12.743749 	-10.793713 	
9.776999 	2.875129 	2.717814 	0.695210 	0.359608 	-2.712957 	-4.699813 	-7.800444 	-10.202598 	-20.082354 	-17.082767 	-20.086018 	-24.461724 	-22.716039 	-25.052159 	-23.156437 	-24.221635 	-29.140063 	-29.048633 	-30.812689 	-30.758296 	-29.653199 	-31.502139 	-32.051036 	-33.430119 	-33.496861 	
9.655134 	2.524470 	-3.082160 	-3.616191 	-3.011469 	-4.627622 	-15.331957 	-19.599422 	-21.000895 	-26.433613 	-28.520696 	-29.736172 	-33.580714 	-35.819385 	-43.522200 	-40.789425 	
9.660287 	2.426952 	-9.658575 	-12.429528 	-11.630872 	-14.178064 	-14.704677 	-18.787510 	-17.240153 	-21.275985 	-26.287703 	-26.764597 	-28.401706 	-35.387500 	-37.720957 	-37.636656 	-41.948500 	-46.090834 	-46.109383 	-46.931433 	-48.862572 	-53.175058 	-53.542429 	-54.601106 	
10.010583 	-9.946771 	1.079010 	-4.873831 	-11.740387 	-14.498295 	-13.704765 	-15.273838 	-15.514402 	-15.619499 	-17.400218 	-20.826913 	-18.750362 	-18.310649 	-18.245395 	
9.591064 	6.900132 	-12.972526 	-12.228387 	-16.413506 	-19.858528 	-18.590314 	-20.559072 	-20.737247 	-27.339153 	-29.933094 	-31.618967 	-33.486241 	-35.782918 	-35.274710 	-35.558943 	-39.206295 	-37.369884 	-38.779492 	-40.517060 	-41.241041 	-42.411549 	-46.896407 	-44.793189 	
