9.829239 	-15.254246 	-28.450348 	-47.430612 	-49.689545 	-49.740861 	-57.848519 	-58.389769 	-57.217249 	-58.297752 	-58.142899 	
9.713749 	1.993047 	1.738635 	1.308420 	-25.888261 	-26.836491 	-61.299839 	-60.520023 	-58.104679 	-58.352482 	-58.715534 	-59.989948 	-59.634757 	-60.987695 	-58.212265 	-59.436997 	-58.121288 	-60.087284 	-58.578285 	-58.526504 	-59.876231 	-62.898497 	
9.196335 	1.501060 	-0.039599 	-2.106570 	-6.646863 	-9.969099 	-13.359068 	-16.943441 	-20.100059 	-20.498497 	-29.645833 	
9.424548 	-13.214006 	-18.402165 	-20.144305 	-22.210999 	-54.971644 	-58.396071 	-59.728361 	-59.650953 	-61.779188 	-57.826224 	-60.297366 	-58.770805 	-59.736196 	-58.198615 	-58.266264 	-60.618306 	-59.183229 	-58.610746 	
9.808522 	-3.091692 	-24.166630 	-24.396632 	-23.677512 	-40.797437 	-44.848569 	-55.902670 	-58.017435 	-58.811080 	-59.379672 	-59.774813 	-58.775412 	-59.063537 	-60.628074 	-59.849760 	-59.259432 	-59.901039 	-58.887361 	-60.206262 	-59.198449 	-58.158081 	-57.690597 	
8.865267 	9.432597 	-6.623908 	-14.752206 	-19.494621 	-58.486697 	-57.484911 	-61.646449 	-57.074511 	-58.629871 	-57.145817 	-58.481928 	-57.027357 	-58.043399 	-58.708828 	-57.887386 	-60.607173 	-58.537961 	
9.880594 	5.925263 	-3.177986 	-9.151124 	-27.257156 	-33.785718 	-39.988072 	-42.972661 	-47.573850 	-60.535942 	-58.987615 	-58.043072 	-59.076756 	-58.427914 	-59.314430 	-59.926231 	-57.941541 	-59.475098 	-57.291615 	
10.016800 	-8.683051 	-10.467745 	-17.932091 	-19.857391 	-22.028132 	-21.684611 	-26.280504 	-32.430170 	-39.301107 	-41.026027 	-46.219155 	-48.035309 	-53.289696 	-53.989058 	-54.675608 	-58.161975 	-62.869296 	-59.949348 	-59.171699 	-59.016124 	-58.239338 	-58.464373 	-60.293899 	-58.099624 	-58.565244 	-60.391961 	-58.808076 	
9.651758 	-0.413775 	-12.683910 	-43.186208 	-58.622221 	-58.479135 	-59.088825 	-60.743022 	-63.479679 	-57.997512 	-57.564448 	-59.099394 	-60.664084 	-60.572298 	-58.377365 	-58.339625 	-58.779881 	-60.021561 	-58.350155 	
9.676017 	3.111350 	-6.176226 	-9.899377 	-13.713851 	-19.179879 	-25.422921 	-28.944647 	-33.126830 	-37.686083 	-52.061200 	-58.918490 	-57.747770 	-58.752201 	-59.474981 	-60.429805 	-58.858737 	-59.810747 	-58.909807 	-59.877480 	-58.830655 	-59.588255 	-59.218705 	-58.936993 	-57.792458 	-59.599750 	-58.636956 	-58.203310 	-59.229443 	
9.316701 	2.695286 	0.664305 	-2.319479 	-12.153812 	-16.415542 	-31.017862 	-30.407179 	-37.891876 	-38.637523 	-36.673970 	-38.161109 	-39.621981 	-41.554211 	-43.780142 	-46.053705 	-45.363515 	
9.807570 	-27.310429 	-36.887565 	-60.720873 	-58.861339 	-59.007347 	-59.215462 	-58.648575 	-57.787943 	-60.278071 	-57.019369 	-59.556189 	-58.345413 	-58.927031 	-59.932423 	-59.170863 	-57.874710 	-57.687212 	-58.908585 	
9.513202 	-3.223294 	-3.597448 	-3.089656 	-59.029210 	-59.068734 	-59.327249 	-59.849756 	-59.745330 	-57.940722 	-58.970557 	-59.824282 	-58.762866 	-58.068444 	-59.805799 	
10.042733 	6.707607 	-21.196850 	-20.318426 	-29.245553 	-53.919833 	-57.341977 	-57.832408 	-61.549752 	-58.851011 	-57.593692 	-58.315988 	-58.675715 	-58.589274 	-58.960604 	-58.172262 	-58.060363 	-58.150561 	
9.866658 	-22.467918 	-30.766129 	-34.915063 	-35.714541 	-43.312267 	-61.407923 	-58.828688 	-60.083482 	-60.626022 	-58.238388 	-59.007838 	-61.177999 	-59.720293 	-60.246370 	-59.720771 	-59.499828 	-60.828181 	-61.976480 	-58.731352 	-59.874335 	-58.111448 	-57.633141 	-61.563592 	-59.436909 	-61.265790 	
9.145196 	-32.481666 	-38.273714 	-38.854604 	-46.968851 	-47.131385 	-48.891614 	-57.944921 	-58.052785 	-60.122907 	-58.371539 	-61.739534 	-57.644870 	-61.416076 	-59.102352 	-59.458960 	-61.001016 	
10.006497 	0.477714 	-5.102956 	-43.354988 	-43.478030 	-43.825177 	-47.001483 	-57.594968 	-58.013496 	-61.277948 	-60.671426 	-59.709189 	-62.126069 	-57.593801 	-58.124820 	-58.174321 	-58.985246 	
9.754332 	4.079560 	1.238121 	-14.264808 	-12.761564 	-16.343156 	-15.875996 	-37.310865 	-44.285131 	-49.528089 	-52.668574 	-51.888537 	-55.723561 	
9.441125 	6.027034 	-2.609253 	-25.493570 	-33.563655 	-43.879350 	-60.179515 	-59.758945 	-58.220773 	-59.972945 	-60.478596 	-59.919723 	-65.212075 	-61.516769 	-62.719535 	-58.321461 	-59.258164 	-59.038797 	
10.051909 	1.069165 	-10.146006 	-9.602393 	-25.197939 	-38.699469 	-48.761061 	-55.342494 	-58.750079 	-57.627426 	-62.135970 	-57.784499 	-58.475127 	-57.879772 	-57.541305 	
