10.095530 	-16.383169 	-15.822337 	-33.911443 	-51.373824 	-58.407006 	-58.320451 	-58.006407 	-60.445313 	-59.582740 	-63.336465 	-58.979020 	-58.677477 	-58.878671 	-59.533964 	-59.269277 	-58.544532 	-59.416368 	-57.762988 	-59.807018 	
9.910275 	0.364395 	-31.030298 	-33.154266 	-46.097192 	-60.001380 	-60.493278 	-60.879653 	-57.840695 	-60.052048 	-58.755490 	-58.753410 	-61.342454 	-57.984960 	-59.375420 	-58.034154 	-61.238171 	-58.006428 	-58.689941 	-59.719565 	-58.087572 	-59.428807 	-59.363812 	
9.974326 	-3.499287 	-2.010743 	-15.437978 	-23.759968 	-28.680180 	-27.642398 	-54.441559 	-60.094965 	-58.922674 	-64.938175 	-58.492629 	-58.864677 	-58.637840 	-59.180349 	-60.128926 	-58.785927 	-58.249497 	-58.615806 	-58.652422 	-58.659716 	
9.873085 	-2.357023 	-15.472937 	-24.064892 	-28.533100 	-33.370859 	-35.233368 	-57.140153 	-56.689346 	-58.807037 	-58.987115 	-60.337798 	-58.548989 	-57.541762 	-61.369356 	-58.465250 	-58.269155 	-58.916777 	-58.395988 	-65.058219 	-59.505602 	-59.574591 	-59.950320 	
9.840366 	-18.825561 	-20.563694 	-46.988661 	-58.495642 	-58.600724 	-57.365188 	-59.142034 	-58.333528 	-58.287031 	-60.231323 	-60.498713 	-61.007268 	-60.864797 	-58.514463 	-58.229110 	-59.933546 	-57.677424 	
9.953630 	-6.842736 	-20.899730 	-25.696465 	-26.059034 	-29.621721 	-31.933538 	-33.441778 	-57.482194 	-56.528076 	-59.191971 	-58.738667 	-57.387782 	-57.451099 	-60.039935 	
9.766951 	0.569846 	-3.238893 	-5.984641 	-26.487883 	-26.888674 	-38.381385 	-40.612143 	-48.702475 	-54.749661 	-57.819590 	-57.284344 	-59.574796 	-57.849700 	-60.932957 	-57.965721 	-57.811378 	-58.072558 	-58.461970 	
9.130971 	4.242624 	2.739113 	-3.197292 	-10.831302 	-12.690094 	-37.545181 	-38.659623 	-40.609814 	-39.623870 	-41.800286 	-46.237321 	-42.877722 	-43.214481 	-49.390957 	-52.131472 	-51.774974 	-55.053608 	
9.255998 	-17.878342 	-30.263341 	-42.741039 	-58.400014 	-58.269754 	-58.650024 	-58.330032 	-58.954396 	-59.022520 	-59.120833 	-59.517889 	-58.196633 	-60.065416 	
9.396745 	-2.729897 	-11.648504 	-15.296584 	-19.270392 	-29.828713 	-37.573617 	-53.470677 	-59.719692 	-58.962705 	-59.077033 	-58.965023 	-58.288056 	-59.106366 	-60.522842 	-58.358516 	-59.140393 	-59.493210 	-58.569334 	-59.902330 	-58.426784 	-58.629726 	-59.370229 	
10.034632 	-0.062210 	-2.502442 	-7.928279 	-17.773393 	-23.287114 	-28.662862 	-34.481342 	-38.966726 	-38.423379 	-41.075581 	-42.534036 	-44.115795 	-42.744464 	-57.621340 	-57.725228 	-57.536326 	-60.249254 	-57.538780 	-59.050447 	-60.172056 	-57.251045 	
9.598025 	-0.949423 	-10.520928 	-35.807091 	-39.494504 	-41.977926 	-51.909687 	-53.657090 	-56.175222 	-57.163287 	-59.853559 	-57.229985 	-58.830968 	-59.462064 	-60.325819 	-58.860512 	-59.333807 	-58.346994 	-59.719571 	
9.533921 	-8.241478 	-42.175045 	-53.534136 	-54.188765 	-57.184399 	-60.115476 	-60.173961 	-59.552962 	-57.576914 	-59.990967 	-58.444511 	-58.907145 	
9.876889 	-2.526205 	-1.700154 	-9.227202 	-15.800720 	-21.271331 	-21.820309 	-25.535795 	-25.145718 	-31.731444 	-37.197218 	-33.071927 	-33.401435 	-35.043733 	-36.114120 	-39.408007 	-41.918807 	-39.925673 	-43.439005 	-44.301904 	-44.737317 	-46.693587 	-46.125132 	-47.510590 	-47.007732 	
9.610319 	-0.165005 	-21.732617 	-23.797325 	-27.529331 	-30.807709 	-32.986182 	-47.811497 	-58.643979 	-58.145671 	-59.467883 	-59.566915 	-59.594839 	-58.740870 	-59.603574 	-59.945834 	-58.280140 	-57.522168 	-59.356149 	-61.062596 	-59.408117 	-58.147172 	-58.918019 	
10.051371 	-3.381354 	-5.055117 	-7.991451 	-17.980173 	-32.399838 	-35.899626 	-44.078958 	-46.143867 	-55.515174 	-57.019177 	-58.908634 	-58.254066 	-61.157021 	-58.139680 	-58.639775 	
9.668632 	-6.746880 	-18.084949 	-25.130832 	-29.663009 	-27.794235 	-32.600124 	-32.247702 	-56.551057 	-59.293560 	-56.411140 	-56.992884 	-58.145817 	-57.492617 	-56.953655 	-57.291011 	-56.789142 	
9.425392 	-1.523445 	-9.883931 	-9.238409 	-15.824882 	-16.716643 	-18.891960 	-18.784687 	-23.534020 	-26.893332 	-26.008576 	-26.561417 	-30.879257 	-36.896446 	-38.707756 	-42.651821 	-48.432893 	-47.778695 	-48.601307 	-48.264764 	-49.311474 	-51.522288 	
9.713602 	-17.147017 	-43.098252 	-59.653368 	-58.425002 	-59.691102 	-58.449107 	-59.753502 	-60.547871 	-59.708269 	-58.797113 	-60.343971 	-57.909713 	-60.029998 	-58.893886 	-58.692992 	-59.806103 	
9.726834 	2.839139 	-6.884132 	-8.335346 	-9.219818 	-29.450650 	-31.303597 	-41.385838 	-52.013559 	-52.178546 	-56.165897 	-58.301249 	-62.361885 	-60.647015 	-59.704437 	-59.543208 	-59.466983 	-59.352662 	-58.785613 	-59.624988 	-58.781374 	-62.417787 	-58.582458 	-58.320524 	-57.719673 	-59.089336 	
