9.770109 	-3.900323 	-32.207405 	-32.101663 	-33.817838 	-35.269360 	-40.284264 	-41.406883 	-45.547009 	-46.324860 	
9.907560 	2.014800 	-13.432378 	-10.809515 	-16.817326 	-21.305396 	-21.422752 	-27.279501 	-33.180200 	-35.058590 	-37.494837 	-38.736048 	-46.445883 	-54.102938 	-44.324712 	-48.905765 	-47.139233 	-49.286829 	-53.862644 	-54.138704 	-56.778028 	-57.842229 	-57.333393 	-58.294238 	-57.239982 	
9.947211 	1.360495 	1.133425 	-13.834387 	-15.367874 	-18.814630 	-17.111208 	-18.910577 	-42.509700 	-48.153915 	-51.806332 	-55.182467 	-54.673097 	-57.322159 	-56.936643 	
9.900508 	-6.679289 	-3.785300 	-4.792996 	-6.920535 	-10.724615 	-13.192001 	-19.839913 	-22.499361 	-25.374152 	-26.256464 	-30.180685 	-29.467081 	-30.546703 	-32.420984 	-32.661952 	-32.949813 	-36.024363 	-39.624234 	
9.603389 	-11.103208 	-30.789653 	-40.537948 	-47.816581 	-46.963859 	-51.455669 	-51.755070 	-53.913180 	-54.489143 	
9.689166 	5.347049 	1.756163 	0.706442 	-3.502574 	-3.622033 	-4.502452 	-4.240018 	-6.779528 	-8.383025 	-6.647034 	-8.096530 	-9.854590 	-12.408260 	-10.417240 	-11.941639 	
9.842110 	4.266661 	0.247263 	-9.217574 	-7.071263 	-13.455230 	-19.830803 	-20.390303 	-21.060293 	-23.633176 	-23.942185 	-30.026725 	-28.380584 	-30.726622 	-36.681373 	-39.164954 	-45.731493 	-38.931962 	-41.058313 	
9.915567 	3.444858 	-5.250641 	-9.758751 	-11.105103 	-17.860008 	-22.773215 	-21.180558 	-23.311417 	-24.234966 	-24.225828 	-24.840566 	-24.666767 	-27.455448 	-28.523171 	-28.232729 	-27.787486 	
9.484058 	-7.490046 	-12.583994 	-15.814561 	-14.764030 	-37.047682 	-41.972973 	-40.876695 	-46.343254 	-49.015187 	-54.029837 	-53.394663 	-55.192917 	-55.914844 	-56.945612 	-57.409477 	-58.587255 	-59.153360 	-58.462532 	-62.612451 	-57.250863 	-56.356296 	
9.982240 	-4.348137 	-7.207684 	-25.335524 	-32.260332 	-36.036352 	-38.987458 	-38.366539 	-38.388977 	-39.391056 	-42.773274 	
9.700601 	-2.088878 	-2.419334 	-5.436303 	-7.317014 	-10.323512 	-21.607043 	-39.008344 	-39.803712 	-41.012369 	-42.832142 	-42.823870 	-47.166972 	-48.575588 	-54.763077 	-54.861492 	
9.994350 	0.149449 	-3.431612 	-11.809182 	-20.441269 	-26.785699 	-32.802452 	-47.481148 	-57.157134 	-57.987716 	-59.054756 	-59.837783 	-58.722282 	-59.230463 	-59.567626 	
9.513255 	-15.439483 	-25.212251 	-40.835263 	-42.493323 	-58.176505 	-56.468755 	-58.341006 	-57.855757 	-59.092232 	-56.673516 	-56.864273 	-58.085279 	-57.217645 	-58.098591 	
9.467276 	4.894795 	3.412937 	0.873707 	-1.748653 	1.810657 	1.010968 	-1.285850 	-2.481692 	-7.569873 	-8.260131 	-9.032543 	-12.959554 	-13.856231 	-10.781575 	-12.524951 	-10.992365 	-15.605977 	-13.120667 	-14.996814 	-14.368682 	-14.453525 	-15.645777 	-16.219189 	-15.874239 	-16.482455 	-17.643640 	
9.500601 	-3.199374 	0.109209 	-4.524143 	-6.894184 	-8.618051 	-16.828875 	-12.719587 	-16.462124 	-18.743284 	-18.604882 	-19.952745 	-21.864182 	-23.506897 	-28.156964 	
9.987618 	2.749572 	1.402541 	-3.450349 	-5.312291 	-7.529401 	-21.538193 	-26.193569 	-29.209360 	-37.144536 	-38.533609 	-42.163217 	-41.407582 	-42.318033 	-47.078016 	
9.708706 	3.898095 	3.923271 	3.754452 	1.932843 	1.770888 	1.671612 	-1.783429 	-3.763355 	-0.568740 	-0.030881 	-1.877007 	-2.637075 	-3.816236 	-1.444972 	-3.201157 	-5.386399 	-5.601384 	-3.307786 	-3.509277 	-4.800295 	-3.873075 	-3.742629 	-5.162357 	-3.320869 	-6.588375 	-7.127765 	-5.496013 	-5.481098 	-5.555268 	-5.473784 	-8.608210 	-6.516149 	-6.482975 	-6.686949 	-6.194373 	-6.694102 	-7.537216 	-10.875890 	
9.957576 	5.693674 	-3.258214 	-11.939222 	-20.912395 	-25.297893 	-27.386406 	-30.723445 	-29.834398 	-31.373252 	-30.673488 	-34.062179 	-36.674400 	-44.341473 	-42.561351 	-43.316101 	-45.015981 	
9.618512 	-0.255562 	-1.214902 	-10.590016 	-13.665698 	-12.628720 	-15.541766 	-21.484895 	-22.256314 	-27.395814 	-24.882876 	-27.138940 	-28.396150 	-30.302856 	-30.755028 	
9.648784 	7.098193 	5.752763 	2.238699 	2.365078 	1.534021 	0.358979 	-0.458784 	-0.635786 	-1.225035 	-1.647921 	-2.924264 	-0.879414 	-1.919197 	-4.162376 	-2.792916 	-2.423978 	-3.469738 	-4.638533 	-4.837499 	-4.925538 	-4.726519 	-6.153151 	-7.558733 	
