9.561958 	-46.108651 	-58.340418 	-58.477934 	-60.536177 	-60.100900 	-59.310639 	-59.036784 	-57.099320 	-59.367419 	-59.202679 	-58.492384 	-59.747233 	
9.778847 	5.582424 	3.406845 	-2.525384 	-6.730700 	-10.332696 	-11.756676 	-19.299775 	-22.388743 	-27.994572 	-28.348377 	-31.187641 	-34.413621 	-39.683727 	-38.628704 	-42.423558 	-41.739949 	-45.778652 	-48.039769 	-48.648545 	-53.079292 	-51.584730 	-55.552334 	-55.652876 	-56.420582 	-55.675845 	-56.404325 	
9.577324 	-24.773018 	-40.603809 	-49.006476 	-58.673943 	-59.800260 	-59.368499 	-58.406268 	-60.041533 	-60.702888 	-60.116760 	-58.417089 	
9.883889 	-14.109086 	-19.792184 	-23.955187 	-31.826963 	-38.156364 	-49.387112 	-55.198249 	-58.012800 	-56.437608 	-58.317700 	-58.486467 	-59.402478 	-57.634598 	-57.895236 	-58.542315 	
9.572980 	2.353141 	-3.724786 	-11.458038 	-13.937836 	-29.801293 	-37.939827 	-37.900051 	-56.024241 	-56.467509 	-57.126540 	-55.929267 	-61.843284 	
9.101983 	-1.479462 	-9.041172 	-11.791373 	-18.214505 	-21.089071 	-39.216044 	-54.727983 	-55.376569 	-59.533767 	-59.774186 	-59.404800 	-60.088496 	-61.168024 	-59.791065 	-58.087371 	-59.167897 	-60.970643 	-59.958820 	-60.416510 	
9.932397 	8.334221 	-3.837829 	-10.021692 	-10.224748 	-22.882930 	-25.180670 	-52.062465 	-52.440944 	-57.996709 	-61.580754 	-59.753077 	-60.552886 	-57.554864 	-60.838995 	-59.185875 	-57.917352 	-60.253441 	-62.149611 	-59.575674 	-59.520224 	-57.323476 	-62.815307 	-59.692714 	-58.948611 	
9.658509 	5.309549 	3.280774 	-6.437479 	-13.533594 	-15.487831 	-15.735675 	-16.375688 	-20.274019 	-21.028359 	-24.817929 	-27.229675 	-28.221019 	-33.525503 	-31.614494 	-35.381772 	-35.702770 	-34.996508 	-35.808180 	-39.719693 	-39.520854 	-43.573488 	
9.932966 	0.124970 	-21.631188 	-30.454003 	-50.093647 	-54.295007 	-57.345602 	-59.121431 	-58.335028 	-58.828411 	-57.141961 	-58.638155 	-60.456563 	-63.814928 	-58.143284 	-60.396542 	-59.391326 	
9.531447 	4.915402 	5.011912 	3.736650 	1.462596 	-0.242548 	-3.542276 	-4.650844 	-9.946939 	-17.652320 	-24.494446 	-23.216831 	-23.904315 	-26.853617 	-26.966020 	-27.634171 	-29.721985 	-30.331193 	-29.574585 	-34.110407 	
9.226651 	4.545983 	0.986892 	-1.378781 	0.290349 	-4.279432 	-2.542112 	-2.412790 	-3.652830 	-6.334133 	-7.453685 	-12.663027 	-12.634916 	-15.926722 	-16.037280 	-17.130922 	-19.226554 	-18.830248 	-19.111687 	-23.527869 	-26.977720 	
9.761131 	-6.787695 	-9.415952 	-20.742760 	-34.094294 	-41.576037 	-47.926657 	-49.577091 	-53.227303 	-56.686887 	-56.323297 	-55.512815 	-59.311019 	
9.514347 	-2.714948 	-11.772644 	-14.047098 	-14.870794 	-18.067900 	-24.416673 	-25.840987 	-26.712863 	-26.226136 	-26.815123 	-33.877532 	-31.405553 	-34.282927 	
10.167248 	-2.739467 	-10.612078 	-11.296602 	-23.814700 	-28.754452 	-29.275154 	-45.551447 	-46.688477 	-50.840371 	-53.387405 	-54.512592 	-55.438205 	-55.534413 	-56.101096 	-56.831343 	-56.749832 	-57.362839 	-55.758651 	
10.371927 	-9.100518 	-8.246764 	-24.789298 	-26.804309 	-28.994323 	-44.147228 	-51.180725 	-55.126788 	-56.223785 	-56.217716 	-56.379252 	
9.800392 	-1.056553 	-2.633728 	-4.151341 	-9.010389 	-12.086345 	-11.577231 	-15.651282 	-19.472472 	-24.029560 	-31.535037 	-40.322151 	-39.602179 	-38.765982 	-43.599009 	-44.302089 	-46.336952 	-56.518522 	-57.115082 	-57.701081 	-57.815024 	-57.245441 	-56.294014 	-57.341836 	-59.336016 	-58.964513 	
9.806299 	5.623440 	3.427365 	-16.342478 	-7.106328 	-15.809608 	-39.927110 	-58.329491 	-59.545639 	-58.578339 	-58.745763 	-59.854288 	-57.006312 	-60.280502 	-58.994546 	-57.191768 	
9.721194 	7.369741 	-27.716168 	-30.479592 	-52.548627 	-50.177188 	-55.457332 	-62.108619 	-58.577163 	-62.391520 	-58.251598 	-58.143857 	-58.648501 	-58.576267 	-56.913965 	-58.106155 	-58.754551 	-60.339116 	-57.955029 	
9.805778 	-0.773726 	-10.785296 	-13.781381 	-20.275713 	-21.914676 	-27.187816 	-29.628737 	-31.206285 	-32.313224 	-34.550483 	-35.893498 	-37.174083 	-36.474424 	-38.008327 	-38.611530 	
9.637214 	2.780896 	1.544941 	2.959819 	-10.121866 	-11.466300 	-20.717282 	-23.932626 	-22.990217 	-49.277835 	-51.899146 	-52.211049 	-52.833199 	-54.569185 	-54.925686 	-55.771388 	-57.094707 	-56.364476 	-58.439401 	-59.432615 	-58.834424 	-56.926747 	
