9.690191 	-21.826999 	-39.582430 	-43.353875 	-57.973034 	-58.929701 	-58.494183 	-57.793282 	-59.229936 	-57.865542 	-58.338201 	-58.591276 	-59.265091 	-58.889969 	-59.747274 	-59.414681 	-60.992928 	-57.252952 	
9.727117 	-2.050234 	-4.737397 	-10.781549 	-35.524224 	-34.132648 	-57.596916 	-57.481833 	-58.594640 	-57.673771 	
9.901614 	-2.113769 	-7.949630 	-16.473674 	-37.218768 	-57.447769 	-59.969189 	-60.628710 	-60.322419 	-57.159827 	-61.666001 	-57.785990 	-60.530673 	-59.294553 	-57.821104 	-60.067199 	-59.362400 	-57.237989 	-60.103575 	
9.953104 	4.985011 	1.884479 	-12.524095 	-16.831733 	-51.768178 	-54.491381 	-57.549740 	-58.988575 	-59.567581 	-58.805919 	-60.297873 	-60.632408 	-61.406388 	-58.286436 	-58.557610 	-59.758493 	-58.008239 	-59.832923 	
9.578143 	-4.513647 	-6.218543 	-11.708900 	-35.246832 	-47.728339 	-58.631995 	-58.118041 	-60.517455 	-58.715042 	-58.860228 	-58.415731 	-61.125372 	-63.583744 	-60.605481 	-59.756216 	-59.250223 	-61.274674 	-58.918869 	
9.870963 	-0.485456 	-3.545972 	-17.320219 	-25.477689 	-58.751477 	-58.874157 	-58.371086 	-58.769959 	-57.597042 	-59.481890 	-59.110433 	-59.763789 	
9.882318 	-4.766830 	-30.376321 	-38.921082 	-48.411194 	-57.005166 	-58.767865 	-57.655717 	-57.910494 	-57.974205 	-58.294612 	-59.375279 	-59.287280 	-58.592624 	-59.645027 	-59.303043 	-58.490103 	-58.519394 	-58.203153 	
9.485061 	-2.771844 	-7.022871 	-5.985265 	-21.690182 	-24.621503 	-38.717211 	-44.540811 	-48.922480 	-58.799335 	-57.670845 	-61.267989 	-58.670508 	-59.872935 	-59.100193 	-58.291636 	-58.684654 	-59.062912 	-58.599536 	-58.318144 	
9.999919 	-11.888504 	-10.463074 	-11.807586 	-13.644552 	-35.636988 	-34.373328 	-41.994056 	-55.216591 	-56.099824 	-57.765092 	-57.968049 	-56.723057 	
9.879869 	-1.261144 	-6.281790 	-7.357032 	-9.341079 	-12.817077 	-12.312258 	-27.310855 	-23.760727 	-24.779787 	-23.720040 	-25.104370 	-24.346333 	-29.290966 	-29.541930 	-30.261475 	-31.124533 	-32.316129 	-35.553881 	-33.835978 	-34.570199 	-35.887020 	
9.591669 	1.393893 	-5.919816 	-15.708280 	-17.592867 	-17.993080 	-39.999413 	-38.089469 	-40.658678 	-38.928032 	-43.938175 	-43.942845 	-45.777783 	-46.622119 	-49.374260 	-51.416312 	-54.069881 	-55.677948 	-61.188916 	
9.752719 	-11.664991 	-10.326174 	-46.139008 	-63.117002 	-59.677502 	-62.041777 	-60.001162 	-60.189042 	-57.827112 	-57.791379 	-57.815354 	-58.457909 	-58.060561 	
9.811604 	-45.233935 	-47.620796 	-53.681056 	-58.608376 	-59.684450 	-58.117550 	-59.287744 	-60.768861 	-58.366732 	-62.205768 	-58.388320 	-58.900070 	-59.123386 	-59.684251 	-59.588082 	-59.470311 	-61.409599 	-58.348420 	-60.823401 	-59.381484 	-59.821721 	
9.492828 	5.747451 	-3.903442 	-7.629065 	-7.460391 	-12.524462 	-13.385299 	-58.112606 	-58.174364 	-59.986851 	-59.266814 	-57.193907 	-58.897506 	
9.824195 	-8.065008 	-19.553418 	-41.291646 	-57.828912 	-59.843481 	-57.556088 	-57.587866 	-57.301736 	-58.096250 	-58.324986 	-60.231461 	-58.931464 	
9.691022 	-27.705281 	-34.585836 	-41.297085 	-43.233079 	-56.138923 	-59.507061 	-56.448013 	-58.278681 	-56.515424 	-57.311927 	-58.565085 	-59.653403 	-57.122645 	-57.065882 	
9.668411 	-1.606520 	-37.239062 	-58.317729 	-59.057918 	-59.254062 	-59.086170 	-60.250461 	-60.255419 	-59.271159 	-62.941585 	-60.433344 	-59.360190 	-57.646295 	-59.606369 	-60.242478 	
10.010233 	-10.448850 	-15.894259 	-22.841296 	-24.482312 	-59.559210 	-56.887835 	-56.516774 	
9.872216 	-0.189670 	-3.626229 	-13.166224 	-18.965316 	-36.412474 	-45.371871 	-49.406381 	-57.798085 	-59.205777 	-58.688590 	-60.082130 	-57.846282 	-60.777587 	-63.353995 	-57.725007 	-57.507275 	-59.805457 	-58.538941 	-59.201943 	-58.050221 	-57.583179 	
9.278586 	1.445328 	-3.682823 	-10.756491 	-16.549443 	-26.920189 	-58.212886 	-59.182897 	-60.643789 	-59.994011 	-59.563856 	-61.170537 	-58.541472 	-58.998809 	-58.445670 	-58.840641 	-59.044354 	
