9.880636 	-58.587139 	-59.230031 	-57.857314 	-59.437080 	-59.822161 	-59.303582 	-58.050601 	-58.826982 	-60.978698 	-57.920795 	-60.255156 	
9.693837 	-21.436806 	-40.024794 	-60.677625 	-59.808804 	-58.078825 	-59.160189 	-57.697084 	-57.907657 	-59.850968 	-61.932696 	-58.672146 	-58.860283 	-61.893952 	-59.130572 	
9.917017 	-14.665473 	-45.477944 	-56.935720 	-59.730830 	-58.076255 	-59.822120 	-60.122888 	-59.940457 	-60.147578 	-58.543649 	-58.889193 	-58.296698 	-60.683359 	-58.286197 	-57.975037 	-60.023892 	-61.784890 	-58.745954 	
9.897361 	1.787036 	-6.313861 	-31.452670 	-38.852049 	-44.036059 	-58.978295 	-58.511731 	-58.173471 	-58.073392 	-59.066163 	-59.838506 	-58.770179 	-57.266207 	-57.860482 	-58.321915 	-59.302367 	-59.100252 	-59.222002 	-58.630208 	-59.303223 	-58.239865 	
10.112615 	-53.976051 	-60.505576 	-57.865599 	-58.233114 	-57.922995 	-62.699804 	-59.330884 	-59.735804 	-57.834630 	-61.740031 	-59.098088 	-62.087708 	-57.862945 	-59.687548 	-59.881060 	-59.304344 	-59.980149 	-59.076181 	-62.995750 	-56.989565 	-58.268936 	-59.642315 	-58.892639 	-59.453269 	
10.097437 	7.917681 	-23.919488 	-59.236123 	-60.370709 	-60.093967 	-64.924909 	-57.956030 	-60.605467 	-59.564771 	-58.243874 	-58.086979 	-60.918306 	-60.622772 	-57.027976 	-60.265463 	-60.035938 	-59.581354 	-58.433583 	-59.734045 	-57.818259 	-59.368385 	
9.694295 	4.097047 	-61.668848 	-60.303243 	-62.634883 	-59.507093 	-59.594982 	-57.789673 	-60.239712 	-59.966932 	-57.956720 	-59.265455 	-59.824721 	-58.782553 	-58.168768 	-60.949551 	-59.749439 	-60.199655 	-59.012078 	-58.618716 	-58.782555 	-59.063389 	
10.199055 	-11.553704 	-58.730562 	-60.039094 	-58.927106 	-58.163834 	-59.280952 	-61.801663 	-59.173318 	-62.775674 	-57.812837 	-59.333317 	-58.081759 	-61.419870 	-59.250346 	-60.150467 	-60.785377 	-59.271362 	-57.745813 	-58.866987 	
9.855968 	-7.905005 	-18.310494 	-22.278484 	-57.022115 	-58.403858 	-58.760236 	-59.604026 	-58.168464 	-58.936405 	
10.048894 	-7.881895 	-16.959223 	-58.763303 	-57.652608 	-59.165556 	-57.893271 	-57.709003 	-56.905063 	-58.711063 	-60.702436 	-58.982867 	-61.066946 	-59.137777 	-59.800513 	-60.013742 	
10.419016 	1.040707 	-11.674109 	-33.621740 	-36.424146 	-43.085137 	-56.639839 	-56.617368 	-56.429337 	-56.954949 	-57.735579 	-58.780294 	-58.547007 	-57.366031 	-57.420735 	-57.813064 	-57.104325 	-57.594053 	-61.434841 	
9.987204 	-2.930773 	-14.980048 	-27.036487 	-58.448274 	-58.264835 	-57.882459 	-59.379799 	-58.778840 	-59.782021 	-58.787923 	-59.166056 	-62.826820 	-57.725458 	-60.341335 	-57.996203 	-58.077318 	-59.273211 	
10.000491 	4.160943 	-45.563562 	-58.609137 	-60.005705 	-58.577236 	-58.947828 	-60.162834 	-58.811458 	-58.849940 	-60.343495 	-58.605546 	-60.999005 	-58.442065 	-58.618917 	-60.895285 	-57.172607 	-62.804989 	-59.020130 	-59.428355 	
10.097744 	-11.049905 	-49.303120 	-58.484841 	-58.477637 	-58.756838 	-57.949080 	-57.953397 	-60.346091 	-59.425992 	-57.897043 	-57.590158 	-59.368178 	
10.100674 	6.110281 	-29.221508 	-49.414990 	-60.415562 	-59.686883 	-59.279353 	-58.219539 	-58.589478 	-59.304148 	-57.651437 	-57.936157 	-58.691180 	-59.028787 	-58.884870 	-58.412717 	-56.840849 	-59.795203 	-59.613581 	-59.130103 	
10.169610 	-34.815016 	-57.571357 	-57.967850 	-60.206611 	-60.345756 	-57.685233 	-58.471187 	-58.818877 	-58.413836 	-58.521642 	-58.749345 	-58.861544 	-61.046780 	
9.938366 	-7.722171 	-11.275210 	-22.263924 	-52.452510 	-58.981585 	-59.041103 	-58.675111 	-60.069909 	-59.358410 	-57.181609 	-58.664495 	-58.977067 	-57.422788 	
10.201582 	-1.541589 	-5.322278 	-8.578482 	-20.127076 	-43.052122 	-46.331672 	-44.174801 	-58.853528 	-60.367650 	-59.137924 	-61.881523 	-58.616855 	-58.505442 	-59.960917 	-58.765987 	-59.314286 	-59.252942 	-57.994541 	-57.792430 	
10.107049 	0.660694 	-22.201520 	-47.015030 	-58.103714 	-58.725617 	-59.231628 	-57.352979 	-57.615958 	-58.453479 	-60.073983 	-59.459567 	-58.855153 	-57.574632 	
10.396716 	-10.912473 	-25.402533 	-42.458808 	-57.343847 	-57.623020 	-58.431809 	-59.663392 	-62.553073 	-57.709554 	-59.653232 	-58.000299 	-57.192353 	-58.034393 	-60.588270 	-57.684224 	-57.761294 	
