9.955724 	-2.953249 	-56.332948 	-57.151331 	-58.461932 	-58.157261 	-59.990373 	-58.055835 	-57.151553 	-58.247077 	-59.574933 	-58.503954 	-57.416154 	-58.420531 	-57.251371 	
9.408582 	-1.191884 	-54.669069 	-59.980995 	-59.414488 	-58.524255 	-58.545055 	-62.892967 	-59.379020 	-60.008416 	-59.316107 	-60.192395 	-58.649615 	-58.815469 	-60.639512 	-60.718061 	-60.779215 	-60.777570 	-64.106941 	-58.401176 	-58.694789 	-61.479565 	-58.161291 	-59.455480 	-61.584137 	-58.989807 	
9.854920 	-2.623824 	-6.223986 	-12.238447 	-30.605422 	-29.720070 	-33.134104 	-46.746547 	-46.427767 	-56.633085 	-58.995232 	-58.538543 	-59.485344 	-60.622663 	-58.249474 	-57.856185 	-58.709401 	-59.432231 	-58.100907 	
9.838674 	-8.822316 	-14.153553 	-14.965587 	-19.399825 	-26.258366 	-27.398326 	-31.569708 	-39.918347 	-48.751942 	-58.258847 	-57.673601 	-59.069330 	-58.712115 	-57.551502 	-59.020939 	-56.707574 	-60.483324 	
10.239333 	-10.529621 	-52.584974 	-55.558797 	-57.452127 	-56.921370 	-58.433340 	-59.576702 	-56.955722 	-58.625361 	-58.687941 	-59.432797 	-59.775492 	-57.998731 	-58.426153 	-57.772197 	-58.424443 	
9.857023 	-2.690817 	-16.998163 	-21.325486 	-33.067241 	-58.357802 	-58.058329 	-58.481825 	-59.126094 	-60.966922 	-58.305251 	-59.135186 	-59.320623 	-59.241269 	-59.351738 	-59.144880 	-61.245591 	-58.066556 	-59.615274 	-62.039584 	-59.120805 	
9.900332 	-2.057173 	-27.056101 	-43.454957 	-43.103298 	-49.309447 	-53.382361 	-59.714237 	-57.889818 	-59.770786 	-58.740730 	-58.722577 	-57.757133 	-59.900813 	-62.129213 	-57.936807 	-60.533707 	-60.486709 	-59.639743 	-59.120159 	-58.654903 	-58.442223 	
9.738832 	-13.589455 	-16.823893 	-16.275443 	-24.473252 	-59.745880 	-60.587441 	-59.299162 	-57.521855 	-57.690678 	-59.067870 	-58.390182 	-60.404183 	-59.054277 	-58.477685 	-58.557728 	-57.543516 	-58.490878 	-59.510214 	-59.285981 	-59.212737 	-58.630038 	
10.015045 	5.735371 	-2.567545 	-5.304822 	-5.966689 	-13.013040 	-17.175508 	-20.482997 	-33.262904 	-33.488537 	-42.841739 	-51.535394 	-57.286639 	-57.703310 	-59.196319 	-59.287978 	-58.759904 	-58.081068 	-58.463205 	-60.843687 	-57.143839 	-58.777895 	-59.387644 	-58.718054 	-57.063042 	-58.515972 	
9.790510 	8.362361 	-54.908623 	-57.873991 	-57.898951 	-57.306965 	-58.846919 	-60.513009 	-58.017479 	-57.896968 	-57.379805 	-57.181211 	-57.765438 	-60.438331 	
9.494731 	-36.463115 	-44.706000 	-44.835680 	-52.391247 	-57.864812 	-59.188387 	-59.816691 	-57.702132 	-57.801490 	-60.396520 	-59.472024 	-59.260292 	-59.640479 	-58.529344 	-57.163146 	-58.536480 	-61.391234 	-60.165799 	-57.734259 	
10.061125 	-0.726834 	-7.818553 	-15.073503 	-45.931423 	-49.402935 	-55.088726 	-57.721675 	-57.420090 	-59.143046 	-59.429499 	-59.153433 	-58.061996 	-60.322735 	-57.933143 	-57.656017 	
10.131914 	-12.011115 	-26.945607 	-41.615984 	-42.963139 	-56.714328 	-58.011215 	-57.817374 	-60.933924 	-57.566240 	-61.087326 	-59.656984 	-58.190705 	-60.214819 	-60.109585 	-58.890087 	-58.457118 	-57.419243 	-57.466050 	-59.299369 	-60.714888 	
9.826842 	-25.548049 	-38.400160 	-58.400824 	-58.034841 	-57.852744 	-58.382086 	-64.437614 	-58.909317 	-58.527119 	-59.035787 	-57.850196 	-58.451572 	-58.763409 	
9.969352 	-11.622277 	-21.854230 	-24.961921 	-57.217032 	-57.134106 	-58.041507 	-58.440554 	-57.776105 	-58.037632 	-56.750669 	
10.017536 	-17.402665 	-17.886213 	-27.448313 	-32.869183 	-38.357236 	-41.653557 	-43.634854 	-54.915485 	-56.254721 	-58.388759 	-58.854540 	-60.215118 	-58.471702 	-59.729085 	-58.527002 	-59.165530 	-59.921418 	-57.468422 	-58.929090 	-59.843268 	-61.903924 	-57.698441 	-59.308861 	
9.851016 	-1.876464 	-18.595759 	-22.011661 	-30.942224 	-35.124542 	-37.743541 	-39.317916 	-58.371685 	-59.724099 	-58.932734 	-58.519711 	-59.936027 	-58.305823 	-59.499068 	-58.883610 	-59.089818 	-59.013955 	-60.122080 	-58.296521 	-60.106567 	-59.570562 	-58.770529 	-61.491235 	-60.620652 	-60.116255 	-60.812635 	-61.269681 	-59.972585 	-58.188679 	-60.960440 	-59.728792 	-59.333703 	-57.813257 	
9.658559 	-23.141803 	-24.340211 	-23.164547 	-48.809488 	-52.790707 	-53.729821 	-53.556650 	-55.818158 	-57.711508 	-59.119014 	-58.497488 	-58.271586 	-58.149501 	-62.063174 	-59.818550 	-61.327085 	-61.729866 	-57.766524 	-58.564683 	-62.049452 	-60.544645 	-60.758917 	
9.780734 	-60.506196 	-60.077073 	-64.061709 	-59.025641 	-57.778915 	-57.805753 	-60.067671 	-58.825072 	-61.107638 	-59.627864 	-59.147434 	-60.410420 	-58.994727 	-59.575221 	
9.738437 	-6.596168 	-8.005519 	-24.947555 	-42.019001 	-49.889112 	-58.875994 	-59.817921 	-56.967642 	-57.692744 	-58.140834 	-57.968374 	-57.400927 	-60.297557 	-58.566569 	
