10.073620 	-13.733968 	-39.935061 	-50.259345 	-57.554163 	-57.531411 	-58.630752 	-58.653640 	-58.219532 	-57.921438 	-57.816138 	-58.237612 	-61.309815 	-58.806116 	-58.897232 	-59.643745 	-58.116396 	
9.941472 	0.505481 	-6.585296 	-9.764696 	-44.974224 	-49.994481 	-57.753299 	-56.515516 	-57.914875 	-57.660418 	-57.310413 	-58.311912 	-56.532588 	-57.975223 	-58.722218 	-57.367322 	-58.115871 	-57.860479 	-58.800911 	
9.722446 	-1.188866 	-21.450966 	-25.574016 	-50.928993 	-61.283505 	-58.491217 	-58.981580 	-58.853627 	-58.303173 	-58.698013 	-60.371885 	-59.451274 	-58.107802 	-58.594511 	-59.869290 	-61.843097 	-59.405265 	-58.196465 	-62.114433 	-58.161282 	-59.868026 	-61.115669 	
9.654132 	-11.624528 	-21.242771 	-37.736094 	-60.433351 	-59.575618 	-60.532242 	-58.510837 	-58.177159 	-59.450262 	-58.946718 	-57.924176 	-61.439116 	-57.921814 	-57.441091 	-59.381929 	-60.172528 	
9.892357 	-29.157888 	-44.729108 	-53.352886 	-60.832742 	-60.414075 	-58.551193 	-57.759025 	-60.198123 	-58.176657 	-58.590370 	-59.037271 	-60.265691 	-58.796370 	-58.407062 	-61.431343 	-59.793984 	-60.298886 	-63.078639 	-59.180579 	
9.825063 	-15.426193 	-26.823864 	-57.815771 	-57.947829 	-60.510027 	-58.012063 	-58.741419 	-59.290830 	-59.912295 	-59.106997 	-58.013496 	-58.857293 	-58.786915 	-59.036542 	-59.942767 	-59.146393 	
9.969059 	-8.644608 	-8.887756 	-8.324255 	-32.200671 	-39.733995 	-59.215866 	-59.296214 	-58.919902 	-58.686138 	-59.059660 	-58.633793 	-59.236089 	-58.909959 	-58.520582 	-57.881915 	-60.833311 	-60.997470 	-58.328468 	
9.885858 	5.034980 	-0.692867 	-31.676944 	-54.831083 	-57.959139 	-57.656877 	-60.508554 	-61.012421 	-59.236885 	-59.610092 	-58.343147 	-58.689481 	-61.696912 	-59.808712 	-58.420328 	-58.550259 	-58.717391 	-60.036049 	
9.984211 	3.723042 	1.144305 	-6.509583 	-8.110819 	-21.221600 	-41.908543 	-47.469930 	-50.274259 	-53.442285 	-56.291026 	-57.496331 	-57.147418 	-58.194704 	-57.106099 	-58.695266 	-56.622722 	-57.981688 	-57.355983 	-58.393816 	-58.226790 	
10.014636 	4.699679 	-18.534818 	-20.943763 	-23.292982 	-42.969150 	-49.564723 	-61.707824 	-59.248195 	-59.004288 	-57.113268 	-57.235907 	-59.585555 	-57.990590 	-59.122076 	-62.929102 	-58.350514 	
9.744837 	-4.109011 	-11.043019 	-12.390711 	-15.098851 	-56.786998 	-58.164498 	-59.620073 	-57.871533 	-60.000958 	-58.753137 	-57.262204 	-57.464970 	-58.114508 	
9.843164 	-12.921785 	-40.456597 	-49.213362 	-58.428105 	-58.180208 	-59.641901 	-58.677466 	-57.337374 	-57.603006 	-58.181403 	-58.392289 	
9.691778 	1.189379 	-23.973200 	-50.355601 	-63.287570 	-59.388194 	-58.947172 	-58.528350 	-59.918842 	-58.240358 	-60.512435 	-60.038081 	-58.281226 	-59.578345 	-59.726772 	
9.639677 	4.179767 	-21.443759 	-24.219396 	-35.297751 	-36.519567 	-45.111175 	-53.237565 	-57.200114 	-58.752817 	-59.300646 	-59.059515 	-58.044517 	-58.381175 	-59.279303 	-58.669560 	-59.601307 	-58.485834 	-58.308132 	-58.556279 	-59.383871 	-59.366028 	-59.753823 	-58.871244 	-58.735524 	
9.533789 	-6.565851 	-58.013960 	-58.301877 	-57.987753 	-58.255947 	-57.667723 	-58.872936 	-60.383895 	-58.752189 	-58.617889 	-60.851351 	-58.743709 	-60.883480 	-59.716612 	-59.394149 	-60.427602 	
9.925507 	-29.780502 	-33.405297 	-48.464334 	-58.180017 	-58.719563 	-57.996654 	-57.894171 	-60.348027 	-57.178911 	-58.313808 	-59.220618 	-58.280823 	-60.010554 	-58.486903 	-60.133104 	
9.773310 	-2.146226 	-4.949231 	-10.023885 	-25.132210 	-37.080320 	-42.179794 	-59.080764 	-62.425763 	-58.451847 	-59.479488 	-57.383625 	-58.877683 	-57.889026 	-57.873135 	
9.882442 	5.996629 	-6.338701 	-59.024523 	-57.883879 	-62.652444 	-59.392852 	-58.571025 	-58.669532 	-59.147341 	-58.211707 	-59.953124 	-57.382215 	-58.120459 	-58.762972 	-59.451015 	
10.163023 	1.817158 	-10.809505 	-22.412813 	-37.249860 	-53.968894 	-56.956478 	-57.985721 	-57.511857 	-57.243624 	-58.766388 	-58.955222 	-57.570467 	-58.165340 	
9.819184 	-26.359801 	-46.624540 	-52.515354 	-58.327867 	-57.694662 	-57.875071 	-57.842923 	-62.031399 	-58.084868 	-60.801429 	-58.672262 	-58.245143 	-56.257125 	
