9.754600 	-35.212335 	-54.369602 	-59.156826 	-57.617851 	-59.236864 	-58.798242 	-59.601860 	-59.576977 	-58.672369 	-58.009652 	-59.959821 	-59.196383 	-58.758197 	-59.140834 	-58.614007 	-57.487358 	
10.348440 	-54.312967 	-58.986986 	-57.782203 	-60.186916 	-57.863951 	-57.709465 	-57.209464 	-58.440763 	-63.826297 	-58.657533 	-56.730346 	-57.917788 	-58.776327 	-57.015486 	
9.834080 	0.960597 	-9.288479 	-21.528908 	-22.302688 	-30.704835 	-45.166127 	-55.821455 	-62.916851 	-56.842644 	-58.349380 	-59.881391 	-59.081416 	-60.103484 	-59.629498 	-58.437445 	-56.894263 	-59.887668 	-58.963485 	
9.743222 	6.918847 	-9.252139 	-58.115275 	-58.313806 	-59.693397 	-59.536476 	-58.484721 	-60.643354 	-60.147922 	-59.740023 	-59.179590 	-59.055741 	-58.061568 	-61.082698 	-58.374766 	-60.448888 	-58.146783 	-59.101304 	-58.776017 	
9.705295 	-5.079608 	-10.543225 	-29.298779 	-36.653008 	-55.449591 	-58.517530 	-58.299366 	-58.430138 	-59.036763 	-59.584938 	-59.511380 	-58.429006 	-58.523772 	-58.227669 	-60.974118 	-60.822844 	-61.627124 	-58.217865 	
9.540577 	6.302720 	-15.336882 	-36.009914 	-61.898415 	-58.561074 	-58.646626 	-57.981522 	-58.185614 	-58.051859 	-58.810608 	-58.191388 	-62.958115 	-59.087765 	-60.225988 	-59.556539 	-59.051907 	-59.596591 	-60.422523 	-58.553990 	-58.752391 	
9.837220 	-53.853400 	-59.280199 	-58.907377 	-57.932009 	-58.157319 	-58.382417 	-60.425440 	-58.923100 	-57.684061 	-58.123500 	-59.075449 	-58.674428 	-59.087531 	-58.047566 	-59.824348 	-58.593056 	
9.979955 	1.340609 	-5.160974 	-12.324315 	-21.336982 	-59.134790 	-58.524201 	-59.550517 	-56.944956 	
10.041287 	5.041887 	-0.806012 	-38.899731 	-44.581131 	-50.976208 	-56.776187 	-58.396620 	-59.276715 	-61.286844 	-59.168805 	-60.790654 	-57.940072 	-60.161685 	-61.928819 	-58.842243 	-59.682720 	-58.935812 	-58.296119 	-59.203075 	-58.257947 	-59.801938 	-62.577658 	-57.516869 	-57.691941 	
9.820687 	-0.134380 	-0.142782 	-3.028064 	-5.993932 	-6.467359 	-21.497414 	-57.151410 	-61.809295 	-57.406633 	-58.170813 	-57.965897 	-58.635245 	
9.363687 	-31.188014 	-43.909372 	-58.080974 	-60.002493 	-57.688761 	-61.083895 	-61.011564 	-58.441651 	-58.604356 	-58.091972 	-59.516274 	-59.535669 	-58.018291 	-58.723982 	-60.192469 	-61.787836 	
9.561559 	-0.627842 	-47.684471 	-62.582424 	-58.087765 	-58.129844 	-60.146957 	-60.225130 	-58.397316 	-59.007188 	-59.666126 	-61.230017 	-58.665847 	-59.676068 	-61.760248 	-60.284962 	-60.830292 	-58.552285 	-60.641244 	-59.336397 	-62.961504 	
9.667182 	5.605425 	-23.232317 	-38.291520 	-43.546191 	-44.582871 	-51.137370 	-57.688854 	-57.043481 	-60.634652 	-57.567649 	-57.927080 	-63.252533 	-56.698638 	-58.024543 	-60.161206 	-59.705546 	-58.459007 	
9.806725 	-10.825773 	-23.147069 	-44.452891 	-56.424639 	-57.195200 	-58.756158 	-59.123525 	-59.100397 	-60.230593 	-57.785526 	-58.522243 	-60.613504 	-57.538966 	-56.971342 	-58.243931 	-60.184035 	-59.298820 	-59.966269 	-59.066746 	
9.833326 	-2.436232 	-33.558268 	-35.383580 	-37.976838 	-49.950271 	-51.025333 	-57.015575 	-58.824061 	-58.334083 	-57.115906 	-58.840101 	-61.526170 	-57.542926 	-60.477282 	-58.344053 	
9.803441 	-2.508928 	-21.099527 	-30.016272 	-37.884800 	-58.384610 	-58.327303 	-57.748599 	-57.998810 	-58.409325 	-59.256050 	-57.742245 	-58.064738 	-60.291095 	-58.295092 	-63.113892 	-57.840402 	
9.752025 	-33.977011 	-42.700067 	-45.463027 	-51.247808 	-57.957328 	-57.586230 	-58.748220 	-57.895354 	-60.918817 	-58.432238 	-57.275856 	-60.312177 	-58.721404 	
9.860527 	2.678621 	-26.712853 	-35.249959 	-55.925842 	-57.974031 	-60.275683 	-61.098194 	-58.328245 	-59.496577 	-58.032854 	-59.116381 	-58.093314 	-60.350948 	-63.714446 	-61.132451 	
9.646574 	-4.714224 	-37.587134 	-50.227239 	-57.646450 	-58.724244 	-59.367238 	-61.654992 	-59.164333 	-60.175205 	-57.276483 	-58.287498 	-58.177113 	
9.706700 	2.975508 	-4.661403 	-22.134048 	-26.542300 	-59.026509 	-58.436002 	-59.099882 	-60.079974 	-58.112898 	-57.553804 	-59.939195 	-58.396007 	
