9.733159 	5.388897 	4.721087 	4.918069 	3.275491 	1.306996 	1.724889 	0.069280 	-3.223401 	-3.897328 	-10.113834 	-12.182229 	-11.837832 	-14.496474 	-15.562210 	-16.511778 	-14.752914 	-17.107970 	-15.707480 	-20.951835 	-16.618794 	
9.576245 	5.156918 	1.781841 	0.931518 	3.185885 	1.060050 	0.266654 	-1.763850 	-1.502144 	-1.121506 	-4.573392 	-1.500028 	-4.211456 	-5.204499 	-4.856758 	-6.846619 	-6.463237 	-7.536115 	-7.796162 	-9.061510 	
9.940945 	-3.813009 	-8.537463 	-3.422751 	-4.890279 	-10.516600 	-13.694558 	-14.868545 	-25.034912 	-28.388704 	-27.859245 	-29.930633 	-31.764678 	-33.264228 	-33.260214 	-34.019534 	-37.100800 	-38.535136 	-39.873877 	-42.920165 	-43.090114 	
9.768364 	4.492182 	4.356639 	1.375107 	2.690214 	1.283376 	0.588462 	0.802432 	-1.923473 	-3.816041 	-3.921621 	-3.381607 	-3.881933 	-3.698258 	-6.340166 	-5.425235 	-7.189518 	-4.093064 	-9.395128 	-7.216806 	-8.561233 	-9.555373 	
9.982922 	-15.639319 	-22.647665 	-36.011818 	-35.864132 	-35.871110 	-38.831380 	-45.905376 	-48.580716 	-48.281062 	-54.911338 	-59.006208 	-55.986677 	-55.925646 	-57.174789 	-57.655515 	
9.644076 	-6.406312 	-12.223025 	-13.795125 	-21.017538 	-25.221174 	-51.973033 	-51.704656 	-56.038286 	-55.383924 	-55.473124 	-57.327694 	-57.724770 	-56.448360 	-56.940148 	-57.400592 	-55.996558 	
9.601584 	4.251947 	4.474474 	3.128098 	-8.977084 	-9.829066 	-21.112858 	-23.360930 	-22.207369 	-29.507025 	-29.296287 	-30.502474 	-34.203583 	-35.275779 	-45.783167 	-50.928140 	-49.407041 	-53.724285 	-53.874533 	-57.939407 	-56.712677 	-56.767851 	
10.078547 	3.657520 	1.867768 	-10.277173 	-9.276940 	-18.038394 	-23.481519 	-31.635227 	-35.041962 	-34.386575 	-45.333543 	-44.581346 	-46.814369 	
9.707057 	0.194747 	-4.375035 	-11.657301 	-14.775573 	-12.014891 	-12.735804 	-14.134561 	-18.790449 	-17.528630 	-17.295600 	-18.143580 	-17.928584 	-17.135389 	
9.803920 	-3.894115 	-5.604974 	-5.600586 	-6.300325 	-17.446736 	-16.315567 	-25.643373 	-32.027394 	-33.281043 	-37.743607 	-38.278725 	-40.229697 	-42.077856 	-43.002548 	-44.063728 	-47.549433 	-50.033590 	-52.690040 	-54.932325 	-56.635314 	-57.317452 	-55.556357 	
9.654526 	-1.590719 	-10.062262 	-15.973074 	-23.978079 	-30.040789 	-34.864739 	-39.220421 	-56.930782 	-56.279330 	-58.469199 	-55.694693 	-57.090348 	-57.247952 	-56.967840 	-57.048646 	-57.752530 	-59.563365 	
9.605932 	-7.009632 	-23.377497 	-37.271624 	-46.878536 	-57.800166 	-58.144612 	-57.884879 	-58.261940 	-57.347607 	
9.464517 	7.628985 	4.983873 	-0.124608 	-1.242330 	0.096239 	-1.199395 	-1.762817 	-1.718941 	-0.145786 	-1.702218 	-2.160696 	-1.796841 	-3.721487 	-3.324861 	-5.044770 	-9.610735 	-2.144013 	-2.501576 	-5.370425 	-3.167866 	-4.585960 	-4.342077 	-6.729584 	-5.348261 	-4.470270 	-4.697757 	-4.360823 	-6.950345 	-7.241925 	
9.617082 	5.886418 	1.918998 	0.239124 	-6.144129 	-14.123336 	-19.116116 	-15.883623 	-18.947581 	-20.222160 	-22.409376 	-26.306950 	-35.451766 	-39.441879 	-44.472023 	-45.094683 	-48.460651 	-54.440575 	-56.385154 	-58.635038 	-59.257023 	-56.602711 	-57.737171 	-60.037607 	-59.147094 	-57.672232 	-57.278785 	-56.615563 	-57.615978 	-58.100974 	-59.613279 	
9.524062 	-0.076119 	-0.874172 	-3.411444 	-4.033563 	-5.050810 	-7.956865 	-10.346353 	-12.213818 	-16.350659 	-18.099177 	-34.536898 	-35.254105 	-36.146914 	-39.807664 	-56.863931 	-56.251053 	-58.100124 	-57.310266 	-56.980297 	-57.355551 	-58.480600 	-59.020974 	
9.695856 	-0.331736 	-2.565988 	-9.845329 	-9.313251 	-17.058723 	-22.538229 	-27.407266 	-29.589361 	-30.145765 	-32.776204 	-30.858747 	-32.581429 	-35.451942 	-40.015474 	-34.134386 	-37.220693 	-37.796494 	-37.852936 	-40.150210 	
9.286637 	-9.957431 	-14.626094 	-29.865691 	-32.439091 	-34.474423 	-34.431983 	-35.896492 	-39.752804 	-43.873414 	-42.823371 	
9.779850 	1.127179 	3.311931 	-5.101012 	-5.818641 	-4.164943 	-9.617713 	-15.807054 	-15.989655 	-20.245077 	-34.821685 	-34.006527 	-34.899902 	-40.700162 	-39.572998 	-42.449234 	-43.558550 	-42.670589 	
9.745768 	-11.488133 	-58.045632 	-62.081880 	-59.128105 	-59.210413 	-59.088154 	-58.891788 	-58.767530 	-57.831755 	-59.304360 	-58.708062 	-59.923864 	-57.807633 	-58.344466 	
9.772712 	-8.783592 	-12.466998 	-15.636890 	-23.681518 	-29.607217 	-37.155027 	-42.196054 	-46.936742 	-44.271006 	-50.301701 	-49.919013 	-51.908166 	-55.142340 	-54.788418 	
