9.644013 	1.090740 	-14.841969 	-22.757348 	-40.317692 	-58.745958 	-58.698503 	-62.606634 	-58.705216 	-59.948511 	-59.411062 	-60.956337 	-60.786711 	-59.914680 	-58.890853 	-60.057780 	-60.471811 	-64.071567 	-61.712110 	-60.191970 	-60.071332 	-60.046289 	-59.774016 	-60.045436 	-58.303565 	-58.710119 	
9.786537 	-51.156015 	-57.589637 	-58.354958 	-59.723835 	-58.302188 	-59.174251 	-58.954488 	-58.427828 	-58.869665 	-58.574523 	-58.786670 	-59.917207 	-60.672109 	-61.300134 	-60.428070 	-58.434508 	
9.962105 	-5.676653 	-57.498364 	-57.979185 	-58.586897 	-60.150413 	-60.508030 	-60.306079 	-57.740963 	-60.254964 	-58.094786 	-62.527507 	-58.245775 	-59.325275 	-60.712472 	-59.965709 	-61.273874 	-57.957036 	
10.285074 	5.063234 	-9.468503 	-21.887327 	-60.953973 	-58.895716 	-58.271891 	-61.444111 	-59.667448 	-58.665266 	-57.040364 	-57.873337 	-57.152192 	-61.225063 	
9.818836 	-2.859031 	-3.247429 	-12.159760 	-14.640309 	-20.928902 	-48.164215 	-55.239580 	-57.622242 	-60.160154 	-58.271903 	-59.138604 	-58.915196 	-59.405023 	-60.463379 	-58.361106 	-58.294332 	-58.895320 	
10.573067 	1.889396 	-30.100078 	-57.987175 	-58.297746 	-60.715772 	-58.197931 	-58.100588 	-58.700096 	-58.106462 	-58.883608 	-57.224404 	-60.966639 	-58.295704 	-60.450784 	-57.740028 	-59.408989 	-56.976118 	-57.900455 	-57.199479 	-58.489520 	-61.889509 	
10.062483 	-13.594308 	-19.061382 	-22.948618 	-56.882728 	-59.386202 	-58.348422 	-58.202104 	-60.929242 	-60.832235 	-58.827257 	-60.293101 	-58.109642 	-60.499383 	-60.508411 	-58.520598 	-58.001459 	-59.119710 	-58.157044 	-60.353057 	
9.663422 	-13.147290 	-23.537805 	-35.715163 	-46.510026 	-50.390390 	-57.444326 	-59.847837 	-59.660388 	-58.594829 	-59.652970 	-59.870361 	-60.799997 	-58.367871 	-60.056762 	-57.929768 	-57.556876 	
10.120062 	-10.929622 	-21.431373 	-23.216832 	-21.218487 	-23.275222 	-25.578965 	-28.422888 	-39.682068 	-42.305465 	-57.324431 	-58.138259 	-59.095657 	-58.242359 	-60.646127 	-60.499871 	-58.808623 	-57.237427 	-58.276852 	-58.229891 	
10.132472 	-5.816768 	-17.436297 	-20.442092 	-43.911257 	-51.609349 	-58.597262 	-60.164301 	-58.309366 	-58.717883 	-58.128679 	-58.034615 	-57.873148 	-59.655938 	-59.473732 	-59.691517 	-62.065714 	-58.734684 	-60.792802 	-60.457731 	-59.028111 	
10.205388 	-21.762089 	-38.665166 	-40.948673 	-58.733084 	-59.215962 	-59.146925 	-57.521031 	-58.812544 	-59.256537 	-58.535515 	-58.751536 	-59.713615 	-61.809911 	-58.355039 	-58.164915 	-60.007166 	-58.131123 	-58.635404 	-59.829944 	-64.125239 	-58.373665 	-61.699171 	
9.757444 	-0.137387 	-3.993114 	-6.307570 	-18.359006 	-30.551790 	-37.790254 	-48.863933 	-58.773753 	-58.204152 	-59.255417 	-57.852285 	-59.363699 	-60.342637 	-57.813168 	-59.773495 	-59.629074 	-62.611108 	-58.806885 	-58.110779 	-60.245746 	-58.138824 	-60.406838 	-58.531699 	-60.261035 	-60.275606 	-60.501971 	-59.659042 	-58.892615 	-60.453948 	
9.948239 	4.995710 	-16.123288 	-21.458091 	-56.550619 	-59.484768 	-58.689068 	-58.390773 	-58.297566 	-58.783474 	-60.050632 	-58.566610 	-60.127472 	-58.306909 	-58.550837 	-61.161139 	-59.001961 	-59.022946 	-59.083432 	-59.223427 	-58.654661 	-58.200867 	-59.238723 	
9.849313 	-12.417412 	-14.556502 	-38.855016 	-57.244376 	-58.895364 	-60.743658 	-58.807325 	-58.312120 	-58.639630 	-58.428727 	-58.576220 	-58.656458 	-58.403984 	-58.374739 	
10.142504 	-57.910117 	-58.599712 	-57.784812 	-60.595071 	-58.793676 	-58.339732 	-58.814656 	-58.881955 	-58.314659 	-58.015905 	-60.259363 	-58.894372 	-58.424422 	-58.010808 	-59.469003 	
10.096988 	-24.337459 	-40.052857 	-45.909256 	-54.997466 	-56.147883 	-57.081250 	-58.366436 	-58.133818 	-59.100989 	-59.353853 	-58.122962 	-58.312683 	-59.007777 	-57.956104 	-58.011548 	-58.115394 	-59.540523 	-57.572098 	-57.984918 	-59.450249 	-58.081117 	-58.493685 	-60.393542 	-59.281285 	
10.480375 	3.342127 	-21.432446 	-50.539225 	-57.580078 	-57.235410 	-60.246988 	-57.932106 	-57.366447 	-59.629910 	-57.468093 	-59.221468 	-58.181866 	-58.133039 	-58.844461 	-60.237648 	-58.517447 	
9.323697 	8.630618 	-11.004021 	-15.334046 	-23.726455 	-23.380499 	-26.130992 	-38.731245 	-51.949240 	-58.630722 	-58.862587 	-58.422257 	-59.124627 	-58.731476 	-57.599318 	-58.268471 	
9.984634 	4.805011 	-11.171740 	-22.566278 	-31.609063 	-48.557477 	-53.383389 	-50.587129 	-58.095300 	-58.401036 	-58.586318 	-57.972710 	-57.729892 	-59.108023 	-58.253099 	-59.131567 	-57.825838 	-59.924133 	
9.766327 	0.252738 	-9.135980 	-37.925387 	-42.371591 	-53.787508 	-60.615920 	-60.982876 	-57.120290 	-57.998058 	-59.818605 	-57.845278 	-59.438475 	-60.153383 	-60.751056 	-59.246995 	-59.641055 	-58.626491 	-58.855288 	
