9.858507 	-9.129415 	-16.807920 	-17.813181 	-32.432884 	-30.397941 	-33.263813 	-42.389885 	-49.765252 	-49.467663 	-57.809628 	-57.174976 	-57.858042 	-59.820575 	-59.336244 	-58.698800 	-59.641770 	-60.551885 	
9.712907 	3.698285 	-7.484364 	-11.945106 	-14.604572 	-27.039942 	-37.829834 	-58.092096 	-59.416578 	-60.633905 	-58.844708 	-59.346315 	-59.918895 	-60.162105 	-59.061278 	-58.598496 	-59.991673 	-57.578714 	-60.596318 	
9.451725 	-2.104801 	-3.438221 	-5.732367 	-11.331417 	-10.713141 	-14.951036 	-29.708619 	-44.547810 	-51.737790 	-53.375398 	-59.343625 	-59.517034 	-60.007298 	-64.225483 	-57.520140 	-59.656778 	-57.716338 	-59.172222 	
9.553970 	-7.644783 	-16.754066 	-21.184488 	-22.431426 	-28.862624 	-42.533921 	-52.110673 	-56.465785 	-58.318214 	-59.665814 	-57.841853 	-58.911143 	-58.903180 	-58.698485 	-58.156204 	-58.925320 	-58.229857 	-57.726536 	
10.058792 	5.585449 	1.587705 	-0.294167 	-2.616457 	-3.852904 	-16.341257 	-25.706332 	-24.730372 	-35.027878 	-49.681076 	-58.328773 	-58.874353 	-57.622005 	-56.739907 	-57.033162 	-57.246014 	
10.179525 	2.530357 	0.163719 	-3.599941 	-4.181046 	-5.391444 	-7.379400 	-7.573206 	-15.099542 	-15.380011 	-16.112607 	-34.551215 	-37.972567 	-38.547924 	-38.891454 	-40.099585 	-41.480178 	-45.254562 	
10.241203 	2.598873 	-2.662204 	-13.945728 	-17.196403 	-22.189826 	-24.445155 	-29.512095 	-35.441175 	-34.417817 	-37.382508 	-39.219650 	-39.432928 	-41.901551 	
9.386760 	-7.159457 	-7.172853 	-8.498818 	-12.896376 	-14.567227 	-19.428751 	-33.954022 	-40.371067 	-41.071890 	-41.324013 	-40.644457 	-46.119060 	-52.018233 	-51.254266 	-53.870973 	
9.669063 	4.468534 	-12.631449 	-15.503846 	-22.956478 	-26.126506 	-30.411728 	-47.108032 	-43.410411 	-49.370723 	-51.266093 	-52.639377 	-53.600500 	-57.832734 	-57.448583 	-56.461865 	-58.557776 	-57.766657 	
9.716589 	3.372087 	0.003620 	-6.390249 	-1.763126 	-8.235394 	-16.022544 	-16.730124 	-23.714151 	-22.033583 	-21.603912 	-21.722194 	-26.443281 	-25.131522 	-28.144628 	-31.271196 	-31.191784 	-30.871542 	-31.510221 	
9.347442 	4.046737 	-7.613605 	-5.410348 	-8.169944 	-8.769478 	-13.737363 	-19.664832 	-23.704049 	-24.535772 	-24.514591 	-34.450169 	-33.970220 	-41.964746 	-37.272114 	-40.506183 	-43.052358 	-45.225954 	-46.715746 	-48.069315 	-49.316740 	
9.492734 	-18.396321 	-28.089591 	-38.322791 	-46.127429 	-48.440027 	-53.433433 	-54.112414 	-55.959569 	-57.889704 	-59.115242 	-59.129720 	-59.393054 	-60.653433 	-59.662786 	-59.333335 	-58.298651 	-59.787007 	-61.861007 	-58.369224 	-58.271500 	
9.469633 	1.659735 	-24.071812 	-26.979913 	-27.014510 	-29.302027 	-36.177400 	-37.182427 	-43.275405 	-47.316591 	-47.495769 	-59.705578 	-58.714705 	-57.412310 	-56.963093 	-59.416656 	-58.391837 	-57.491747 	
9.341573 	2.405980 	0.900397 	3.039373 	-1.975436 	1.341412 	0.335849 	-0.507567 	-0.972710 	-0.442441 	-1.249017 	-4.315287 	-5.323863 	-7.019436 	-6.675642 	-7.714912 	-9.790422 	-9.574033 	-10.930684 	-13.695574 	-12.577442 	
9.564818 	-2.072068 	-6.079929 	-23.146170 	-22.556263 	-41.958118 	-44.027709 	-48.408727 	-46.818469 	-56.377547 	
9.460094 	4.069191 	-0.380941 	-2.796540 	-8.339611 	-21.778816 	-25.800798 	-41.918108 	-62.154236 	-58.744050 	-61.120471 	-58.986153 	-63.323449 	-63.762728 	-58.790846 	-59.950813 	-60.479135 	-59.187041 	-58.810154 	-58.898572 	-58.116832 	-60.881630 	
9.683817 	3.518256 	-52.612938 	-56.279880 	-56.532507 	-59.676205 	-59.739573 	-57.501311 	-59.617990 	-58.071856 	-58.867975 	-59.314321 	-59.388130 	-58.375497 	-59.320315 	
9.746757 	-4.157709 	-15.375413 	-17.639725 	-18.334591 	-19.079720 	-26.440657 	-25.430184 	-27.912400 	-27.734168 	-31.119590 	-31.725267 	-33.170258 	-30.747419 	-34.903130 	-36.270579 	-36.487181 	-38.735715 	-43.412151 	
9.558588 	4.309744 	4.962689 	3.281958 	-1.121922 	-0.488461 	-10.421629 	-17.285966 	-25.615608 	-27.414935 	-32.397468 	-33.953692 	-37.434041 	-43.523336 	-42.895245 	-44.710855 	-47.648304 	-50.238057 	-58.301819 	-55.452639 	-55.362911 	-56.851198 	
9.694804 	-33.730124 	-42.159359 	-54.696639 	-57.750963 	-58.312785 	-58.793555 	-61.400113 	-58.989734 	-58.257670 	-58.203433 	-58.634766 	-57.558456 	
10.275179 	4.337371 	2.135737 	0.007075 	-9.663611 	-9.562331 	-8.978718 	-10.208161 	-10.384631 	-13.093669 	-25.086946 	-29.815552 	-38.226332 	-39.511566 	-41.369443 	-42.339616 	-45.102612 	-48.242429 	-46.658369 	-47.289581 	-48.256080 	-52.567678 	
9.995860 	2.539822 	0.557062 	-1.518257 	-16.797213 	-16.450753 	-15.620637 	-16.765770 	-21.818901 	-23.909533 	-27.667967 	-26.913088 	-27.775065 	-29.971905 	-33.304853 	-34.745737 	-34.177491 	-36.294111 	
