9.338939 	5.778149 	5.298191 	-3.100165 	-2.348292 	-8.147994 	-7.703026 	-9.010090 	-9.485785 	-13.964338 	-14.143886 	-17.467358 	-19.137723 	-19.885912 	-19.656912 	-21.539035 	-23.218816 	-24.423411 	-25.657409 	-27.740142 	-27.248800 	-33.170947 	-31.238525 	-36.563613 	
9.823377 	1.426041 	-4.320019 	-12.729527 	-10.239397 	-10.949070 	-18.113821 	-24.209788 	-27.846016 	-31.203775 	-36.207898 	-36.535665 	-38.488675 	-43.254420 	-45.714153 	-45.727697 	-49.392490 	-52.077357 	-55.470774 	-49.885353 	-51.914484 	-55.369344 	-56.759733 	
9.509123 	3.256654 	2.740950 	-0.478329 	1.351547 	1.070693 	1.086290 	-1.829438 	-2.037705 	-6.173755 	-5.138146 	-7.995668 	-5.545092 	-5.947287 	-7.685421 	-7.317556 	-7.010842 	-9.583259 	-8.918970 	-8.759220 	-13.568638 	-10.078632 	
9.156958 	2.149616 	-13.901895 	-24.405887 	-29.506275 	-28.549038 	-28.186542 	-30.857564 	-31.832510 	-36.705439 	
9.707978 	5.449905 	-10.035149 	-13.226875 	-28.991936 	-27.534045 	-31.539482 	-32.086226 	-39.399452 	-47.464482 	-59.651225 	-56.600072 	-56.771970 	-61.563928 	-57.817135 	-57.955091 	
9.169357 	-6.512286 	-10.615392 	-9.214284 	-14.366440 	-50.021269 	-50.354830 	-52.883815 	-53.400390 	-53.413233 	-56.493230 	-57.059183 	-57.675630 	-56.162068 	
9.944462 	5.005607 	4.457920 	-5.932134 	-7.421637 	-8.058710 	-10.156013 	-11.611572 	-12.764426 	-15.361205 	-16.820043 	-17.042107 	-17.625229 	
9.247100 	3.998537 	3.772693 	3.104572 	0.039199 	-7.863201 	-8.189677 	-28.673190 	-34.463676 	-36.050048 	-37.397357 	-36.836913 	-43.140893 	-45.723564 	
9.783721 	5.798534 	1.883976 	1.756961 	3.220733 	3.516494 	-0.194217 	1.748745 	0.040576 	0.973637 	-3.194977 	-3.161221 	-2.246191 	-2.797125 	-4.268465 	-5.573017 	-3.691060 	-6.759236 	-5.313516 	-6.394224 	-7.706394 	-6.676847 	-7.061905 	-7.351650 	-7.448892 	-8.509390 	-9.869615 	-8.520309 	
9.962877 	3.893393 	3.914383 	2.738023 	-2.237325 	-30.546574 	-44.777747 	-43.736754 	-45.303619 	-49.133815 	-51.917950 	-53.909416 	-54.180446 	-55.259971 	-54.245435 	-57.295233 	-57.087500 	-57.277557 	-56.678078 	-56.706853 	-57.361043 	-58.016926 	
9.843014 	4.819577 	2.096944 	2.432690 	-1.115645 	-3.822992 	-10.143116 	-8.670230 	-7.376101 	-8.057800 	-7.915551 	-12.732371 	-13.285079 	
9.873092 	5.039317 	0.427086 	-1.659740 	-4.101412 	-8.626141 	-11.134926 	-12.957609 	-18.681159 	-18.048108 	-22.898602 	-21.181682 	-24.184553 	-26.778781 	-27.075062 	-29.847236 	-28.231853 	-29.387986 	-33.366937 	-32.679267 	-34.104961 	-36.642417 	
9.520247 	8.061991 	2.810672 	1.257167 	-3.335765 	-4.819307 	-32.155130 	-52.666499 	-52.768379 	-58.642440 	-58.090807 	-58.395251 	-55.871052 	-57.674551 	
9.712827 	0.556145 	-0.361917 	-1.679055 	-13.587403 	-14.789863 	-18.221263 	-41.247714 	-53.906189 	-53.786529 	-59.397784 	
9.753885 	5.153789 	3.602791 	-9.322665 	-15.149824 	-19.074609 	-27.370945 	-29.848652 	-36.944290 	-37.550050 	-35.826743 	-36.205727 	-45.668913 	-41.964999 	-48.509442 	-45.406763 	-45.024689 	-47.442291 	-49.904888 	-51.120636 	-52.130728 	-56.420836 	
9.483109 	-2.104626 	-5.577117 	-4.694031 	-7.344702 	-13.379748 	-16.111939 	-19.097362 	-22.971214 	-22.717275 	-23.933589 	-30.676781 	-37.417527 	-35.535774 	-44.262217 	-45.235612 	-47.378852 	-48.216650 	-54.473764 	-59.731404 	-56.095991 	-60.413948 	-62.138511 	-58.689358 	
9.707675 	4.944562 	3.135062 	0.642185 	-1.860380 	-4.126018 	-2.213779 	-0.848002 	-4.901638 	-4.906744 	-4.786579 	-4.692377 	-4.324681 	-6.498752 	-6.647917 	-5.855772 	-6.106097 	-7.056268 	-8.231825 	-7.273303 	-8.748100 	-7.586742 	-8.685115 	-8.121932 	-10.525241 	-12.820913 	-10.144264 	-12.728589 	-11.110743 	-12.309046 	-10.789315 	-12.015472 	-10.261956 	-11.721164 	
9.748560 	6.847884 	5.093730 	0.083817 	2.234007 	0.786363 	2.487517 	3.022946 	0.747256 	0.810158 	0.784384 	-0.916791 	-0.824146 	-0.968967 	-0.552122 	-0.768250 	-3.061947 	-2.949626 	-2.396361 	-2.598670 	-2.990254 	-4.507329 	-2.708358 	-2.055770 	-6.977706 	-6.375586 	-3.194881 	-5.614532 	-3.765008 	-3.342476 	-6.398671 	-4.414566 	-4.464761 	-6.706788 	-3.083968 	-6.097867 	-6.224967 	-4.028063 	-5.563668 	-4.212096 	-4.252917 	-5.378725 	-3.583278 	-4.269212 	-6.766794 	-4.230537 	-5.934148 	-7.137366 	-3.985501 	-4.339376 	-7.302018 	-5.257407 	-4.905178 	-5.210863 	
9.705717 	-0.567998 	-9.583626 	-14.153872 	-17.919864 	-19.013268 	-24.866210 	-23.864069 	-24.902750 	-23.368757 	-25.350663 	-27.530948 	-29.198788 	-27.994795 	-31.674122 	-33.910398 	-37.774273 	
9.457455 	-14.777727 	-14.402294 	-28.045284 	-27.684718 	-40.546552 	-41.051044 	-51.783895 	-54.149272 	-58.336697 	-58.184926 	-57.460616 	-59.953618 	-58.395913 	
