9.533492 	1.665611 	1.883132 	-5.147685 	-4.837351 	-8.469525 	-4.965234 	-8.070352 	-9.934558 	-8.896630 	-11.144786 	-16.057734 	-16.636157 	-21.675011 	-21.973738 	-19.753083 	
9.920709 	6.052026 	2.527425 	1.688603 	1.136129 	-1.021079 	-0.317869 	-2.850811 	-6.999546 	-7.577074 	-10.010454 	-10.865588 	-11.235567 	-12.096188 	-16.008310 	-16.526077 	-17.823853 	-19.107531 	
9.581599 	-6.539943 	-20.601525 	-24.113598 	-32.160626 	-40.616582 	-51.567623 	-60.619609 	-57.910396 	-58.325250 	-58.554333 	-58.048682 	-59.367353 	-61.487483 	-58.638139 	-59.908334 	-59.228226 	-58.639378 	-59.549337 	-60.529700 	
9.682978 	4.284358 	3.075414 	0.016001 	1.564190 	0.860947 	1.604729 	-9.348455 	-8.762812 	-12.691712 	-10.858097 	-14.784651 	-19.846160 	-21.122854 	-40.634599 	-47.448530 	-48.189480 	-52.521246 	-58.972698 	-55.618421 	-55.426025 	-57.248659 	-56.529550 	-57.786818 	-56.625556 	
9.661863 	5.836466 	6.877968 	-2.169768 	-1.923667 	-1.908635 	-4.026790 	-6.480133 	-6.006973 	-6.749888 	-6.245729 	-8.378352 	-10.431037 	-13.016189 	-12.199883 	-17.027727 	
9.638976 	4.861694 	2.323217 	5.238936 	2.453200 	-0.720214 	-4.719121 	-12.022657 	-11.566685 	-12.649446 	-13.802046 	-13.288343 	-14.917498 	-14.346953 	-14.761724 	-16.195530 	-19.314211 	-20.407853 	-24.027034 	-24.316274 	-23.804314 	-28.953444 	
9.517969 	5.031364 	-3.368207 	-4.788537 	-8.663203 	-19.501200 	-25.822283 	-29.028487 	-30.617617 	-32.751854 	-34.469242 	-36.809867 	-55.801725 	-58.430047 	-56.374139 	-56.547937 	-60.447760 	-58.828216 	
9.879636 	5.645764 	2.202925 	2.586395 	1.243071 	-4.366489 	-13.936078 	-15.345534 	-20.240894 	-19.838960 	-24.266646 	-23.094472 	-24.264722 	
9.587007 	3.534410 	2.265478 	-0.202426 	1.872958 	0.769490 	-2.525987 	-1.443980 	-5.275528 	-4.670615 	-5.200549 	-10.784564 	-10.080176 	-9.436032 	-11.096693 	-8.977975 	-10.702070 	-10.892610 	-11.753762 	-16.027965 	
9.728312 	-9.034801 	-23.331350 	-29.486493 	-39.186617 	-39.482788 	-57.746053 	-55.490641 	-55.929096 	-57.063843 	
10.048238 	4.022351 	1.068084 	-2.080515 	-8.099966 	-8.643782 	-12.083353 	-15.646257 	-17.101597 	-17.947185 	-18.508264 	-19.577175 	-23.273184 	-22.227352 	-22.467191 	-26.725633 	-31.359255 	-35.632289 	-37.490693 	
9.671176 	2.247840 	1.509110 	2.598320 	2.374424 	1.846978 	1.942305 	0.960285 	-1.439010 	-2.229779 	-3.457603 	-3.893087 	-6.927986 	-7.218214 	-9.399454 	-12.400570 	-13.994650 	-14.594726 	-16.104699 	-17.050279 	-17.130559 	-19.276359 	-19.834707 	
9.389520 	-1.540432 	-8.433403 	-9.010522 	-18.187610 	-29.962918 	-30.343775 	-33.643668 	-33.798334 	-38.870589 	-38.849180 	-41.533081 	-41.957329 	-46.125984 	-50.155372 	-51.218550 	-54.180361 	
9.426718 	-9.646408 	-16.595460 	-15.551965 	-25.010055 	-31.322658 	-29.651563 	-33.080512 	-38.208369 	-44.280325 	-44.999252 	-53.783590 	-53.838776 	-59.741047 	-55.953988 	-56.437288 	
9.938057 	-12.747523 	-19.575954 	-22.297044 	-27.469423 	-34.184709 	-34.425085 	-37.427516 	-38.246729 	-40.815936 	-50.823792 	-52.639678 	
9.744356 	1.243465 	-21.478479 	-38.952197 	-47.607001 	-46.959804 	-51.663727 	-53.133659 	-58.068602 	-60.162203 	-59.455710 	-59.025017 	-58.229509 	-61.933110 	-57.648451 	
9.722844 	5.307798 	-2.974752 	-1.379414 	-7.736058 	-8.576457 	-7.564927 	-11.494491 	-15.853683 	-30.771323 	-30.749770 	-30.905867 	-31.843125 	-32.617231 	-34.653106 	-36.610247 	-39.426524 	-39.006199 	-41.485720 	-44.725785 	-41.380719 	
9.793877 	1.073419 	-0.243096 	-32.949606 	-35.850545 	-45.011074 	-44.115524 	-57.935664 	-59.420181 	-58.815493 	-60.807791 	-57.362539 	-62.648432 	-57.007762 	-59.979197 	-57.575542 	
9.866156 	3.196423 	-11.048509 	-11.832009 	-22.341579 	-26.933320 	-31.180444 	-53.197673 	-54.136057 	-58.706989 	-56.616846 	-56.030323 	-55.498683 	-56.231201 	-57.196639 	-60.008809 	-58.092366 	-57.175579 	-55.826714 	
9.593891 	7.543258 	6.626860 	5.374490 	3.806833 	2.956476 	0.887195 	2.977025 	3.256180 	-1.990183 	0.559477 	-0.566166 	-0.427801 	-2.383618 	-0.692859 	0.358042 	-0.710435 	-1.021909 	-0.160075 	-1.397008 	-2.206887 	-2.072301 	-2.407460 	-2.558789 	-0.811544 	-2.414863 	-3.099872 	-4.083103 	-2.778979 	-3.502001 	-3.978942 	-2.577992 	-4.343867 	-3.173823 	-3.586897 	-6.008688 	-1.862006 	-3.308646 	-4.701984 	-6.114285 	-3.888138 	-4.291306 	-3.035116 	-4.982093 	-4.306799 	-6.990479 	-4.999234 	-6.017752 	-5.284370 	-2.794106 	-5.847365 	-4.949330 	-5.741888 	-3.536235 	-5.529711 	-6.876200 	-6.023537 	-6.061558 	-4.333142 	-3.592207 	
