9.851588 	6.087337 	4.977816 	4.916496 	1.467901 	3.379604 	3.600736 	-0.825249 	-2.361303 	-0.463840 	-3.204420 	-2.216803 	-1.457693 	-4.610031 	-3.095309 	-5.542977 	-4.255276 	-4.991366 	-6.908810 	-5.406027 	-5.138700 	-6.736643 	-5.801785 	-4.626146 	-5.473259 	-4.847176 	-5.421339 	-4.512747 	-4.249534 	-6.003430 	-6.337954 	-10.693381 	-6.348388 	-5.941702 	-5.049201 	-6.628942 	-7.445428 	-7.297368 	
9.674779 	0.902467 	-22.475925 	-23.942370 	-26.059802 	-45.807707 	-49.950067 	-53.427665 	-58.886051 	-57.789678 	-58.487925 	-57.403218 	-57.883421 	
10.035686 	0.782520 	-3.615921 	-5.612615 	-8.114073 	-9.161030 	-9.529647 	-14.522803 	-18.756862 	-20.036846 	-24.898323 	-25.534208 	-25.632990 	-30.697952 	-48.418772 	-51.782472 	-52.059054 	-53.575892 	-57.039345 	-56.571935 	-57.388277 	-56.822215 	-57.191971 	-56.182205 	-58.111675 	-56.756400 	-57.403168 	-58.511735 	
9.620953 	1.724043 	-0.908284 	-8.137509 	-6.655501 	-12.333552 	-19.076567 	-15.869158 	-28.422459 	-37.578834 	-37.937968 	-44.346207 	-44.815113 	-46.830272 	-50.624589 	
9.644851 	6.642121 	4.838930 	4.116396 	0.250233 	-0.206485 	-3.630219 	-6.722053 	-6.439403 	-4.603619 	-6.268258 	-4.445205 	-4.360269 	-4.572854 	-8.535465 	-7.784631 	-8.923867 	-9.063775 	-9.925035 	-9.061108 	-10.137302 	-10.438055 	-8.994268 	-11.724003 	
9.697232 	1.487880 	-1.175134 	-4.163655 	-9.300521 	-26.083233 	-25.318918 	-33.994551 	-43.955078 	-50.073109 	-55.483330 	-55.616218 	-55.500011 	
9.378039 	4.964410 	5.630252 	3.633173 	4.277381 	2.267937 	1.985538 	2.878039 	2.474289 	0.503276 	-0.589989 	1.004500 	-0.301223 	-0.966026 	-0.091286 	-1.856770 	-1.470506 	-2.306550 	-1.988321 	-0.764245 	-3.045622 	-3.823709 	-2.147969 	-1.901289 	-0.993032 	-1.219445 	-5.265375 	-3.203318 	-3.524886 	-4.228531 	-3.884369 	-3.653902 	-4.567913 	-3.232632 	-3.041977 	-7.616214 	-4.710243 	-7.631118 	-7.086969 	-6.629161 	-6.271809 	-5.688200 	-4.600905 	-7.094175 	-7.560805 	-4.763406 	
9.720612 	3.109930 	-1.194000 	-7.818912 	-23.433434 	-36.710107 	-50.616569 	-55.697326 	-55.803916 	-56.506642 	-58.072637 	-55.850832 	
9.734049 	-8.372322 	-29.470110 	-30.295047 	-41.988486 	-57.435588 	-54.584819 	-55.685837 	-55.481222 	-57.377797 	-57.865935 	
9.900303 	6.242882 	0.138554 	-1.681949 	-4.626884 	-12.029356 	-15.257752 	-18.860859 	-25.262656 	-25.905775 	-31.844012 	-34.360425 	-38.965112 	-34.722354 	-39.617846 	
9.670193 	-3.757623 	-3.088214 	-5.214377 	-10.273625 	-12.155498 	-11.707352 	-14.191623 	-16.346827 	-21.087959 	-24.736403 	-44.096607 	-47.081685 	-44.603494 	-45.195076 	-47.838494 	-49.519399 	-52.444387 	-58.919608 	-55.562304 	-56.175959 	-56.035614 	
9.552013 	8.507611 	5.938290 	6.743554 	4.468529 	1.520484 	6.122383 	5.267329 	5.006994 	4.723654 	2.785744 	4.437529 	2.408221 	-2.448726 	-0.899363 	1.806518 	3.079044 	1.976756 	1.609402 	2.514940 	2.539506 	1.836060 	0.438449 	-0.060006 	2.353137 	0.425200 	-1.262114 	0.444141 	0.904012 	1.128418 	-0.969780 	-0.701306 	-0.335532 	0.757627 	-1.397800 	0.416665 	0.271799 	0.210136 	-0.409142 	-0.378604 	-0.047159 	0.391905 	-1.985173 	0.448460 	0.099890 	0.478610 	-1.161436 	-2.615805 	-1.327721 	-2.650664 	-1.837706 	-2.179263 	-3.516965 	-1.071827 	-2.212678 	-2.109846 	-8.457235 	-1.750119 	-2.022236 	-1.914390 	-2.701282 	-5.073942 	-1.218160 	-0.613760 	-4.442497 	-2.439010 	-2.233930 	-3.251612 	-2.027262 	-1.820246 	-4.320872 	-2.511698 	-3.718248 	-4.658287 	-2.227497 	-3.522173 	-3.058097 	-4.073362 	-2.248418 	-1.906683 	-2.793736 	-4.067900 	-4.722624 	-4.289788 	-4.346451 	-6.025738 	-4.131798 	-4.509347 	-3.196262 	-3.742289 	-4.216784 	-3.454280 	-7.068239 	-4.757246 	-2.632969 	-4.237316 	-2.697339 	-3.593133 	-4.704976 	-3.557545 	-3.577325 	-3.529236 	-4.959257 	-4.185680 	-4.845194 	-3.191734 	-10.234528 	
9.616036 	4.278523 	-4.564126 	-3.420643 	-4.567338 	-5.757094 	-6.601142 	-10.877735 	-13.248861 	-14.520980 	-14.540397 	-15.824416 	-18.056569 	-17.402737 	-19.802817 	-21.056646 	-21.380555 	-21.001826 	-21.013873 	
9.695365 	-1.648887 	-5.210622 	-6.883771 	-11.126809 	-11.513616 	-11.968758 	-17.582784 	-22.358621 	-22.393378 	-26.989225 	-28.672074 	-30.619048 	-31.096965 	-32.343823 	-33.939941 	-31.555531 	-31.927203 	-33.222922 	-34.151884 	-37.182085 	-36.541277 	-42.824204 	-42.249367 	
9.845968 	-3.796844 	-23.167731 	-29.294982 	-32.917580 	-58.961472 	-58.851536 	-57.802763 	-62.259837 	-58.062334 	-58.432579 	-58.820553 	-59.859059 	-59.298324 	-59.307474 	-58.699938 	-59.365797 	-59.714300 	-60.833838 	-58.114756 	-58.623757 	
9.607213 	8.078462 	1.984832 	-0.394071 	-1.686541 	-6.312865 	-29.054622 	-30.431249 	-35.255348 	-39.840255 	-38.213331 	-38.570855 	
9.731270 	2.131806 	-4.397295 	-8.052511 	-14.755263 	-26.773211 	-29.827490 	-30.781019 	-31.041768 	-34.463624 	-35.478151 	-38.873934 	
9.667623 	6.462424 	3.190282 	4.905342 	1.196608 	2.444856 	-0.148573 	-3.162387 	-1.561637 	-3.214544 	-5.183761 	-4.437427 	-8.830978 	-7.626748 	-11.613257 	-11.899337 	-11.974356 	-13.308620 	-14.491844 	-13.691281 	-14.625708 	-16.710728 	-20.908719 	-15.604663 	-20.084730 	-18.970868 	-17.977392 	-17.178004 	-20.761823 	
9.641477 	0.857203 	-1.620732 	-7.703183 	-7.042703 	-9.435802 	-18.135212 	-22.227813 	-23.138573 	-24.907803 	-26.592047 	
9.833713 	3.940425 	1.747934 	0.365223 	-2.717350 	-2.236925 	-3.965407 	-5.437421 	-4.621316 	-5.630264 	-4.543706 	-6.320124 	-8.596758 	-5.883744 	-6.095040 	-7.358749 	-6.852201 	-6.905917 	-7.185151 	-7.608217 	-7.505612 	-9.233503 	-10.089511 	-7.265725 	-10.138797 	
