9.220917 	-6.399315 	-13.761747 	-15.732204 	-17.199117 	-16.678570 	-34.008440 	-40.631476 	-44.962047 	-47.689045 	-52.496196 	-49.618385 	-54.289364 	-52.168941 	-54.658100 	-57.486438 	-56.671458 	-56.025718 	
9.510210 	4.895987 	-11.596395 	-16.054480 	-48.589710 	-50.312818 	-53.530445 	-57.190786 	-60.865177 	-59.552291 	-59.125367 	-62.640492 	-58.162267 	-57.932053 	-60.444425 	-58.623813 	
9.664401 	-5.757831 	-8.730893 	-24.380594 	-26.815921 	-27.694249 	-35.067474 	-40.235619 	-50.510692 	-52.220894 	-53.918379 	-56.387769 	-55.390488 	
9.730408 	2.351564 	-0.803003 	-27.114294 	-37.046208 	-63.453932 	-59.053909 	-58.946354 	-58.918585 	-64.132935 	-58.972621 	-59.548056 	-58.991387 	-57.922272 	-60.060006 	-62.761854 	-58.319127 	-60.356417 	-60.625785 	-59.387701 	-57.945129 	-59.535558 	-61.508499 	
9.860901 	-7.522905 	-8.950106 	-14.070164 	-20.726074 	-37.163707 	-43.804156 	-41.008510 	-53.054679 	-51.335507 	-55.765893 	-58.351638 	-57.982446 	-58.727697 	-58.588816 	-59.452638 	-58.846132 	-60.038544 	-58.021530 	-58.961586 	-58.778908 	-59.426951 	
9.983420 	8.256540 	6.254388 	-1.401710 	-35.725146 	-48.892409 	-57.460531 	-61.852353 	-59.159028 	-58.701468 	-61.398181 	-58.504442 	-60.337008 	-59.357327 	-57.443340 	
10.149700 	-0.976803 	-2.273408 	0.416387 	-14.308662 	-11.376393 	-51.991892 	-55.741360 	-56.405190 	-55.912625 	-57.253394 	-56.987839 	-56.703993 	
9.422655 	-14.539249 	-18.409051 	-20.178989 	-33.185207 	-35.058150 	-44.575668 	-45.229469 	-45.955630 	-49.762238 	-52.604250 	-58.346929 	-60.855399 	-58.953127 	-59.167718 	-58.921247 	-61.789710 	-59.071898 	-58.812843 	-58.098961 	-59.259054 	-57.978871 	-58.802802 	-59.242013 	
10.061051 	-11.677633 	-12.531387 	-26.628311 	-36.892456 	-57.248442 	-59.103061 	-57.025328 	-57.240270 	-56.843395 	-58.169337 	-58.427406 	-59.256592 	-58.657790 	-59.012286 	-60.470418 	-58.742294 	-58.730402 	
9.793092 	-8.718435 	-17.620250 	-23.341137 	-32.003149 	-48.792137 	-47.443109 	-57.113853 	-59.628024 	-60.337678 	-58.394869 	-59.646888 	-58.483301 	-59.541705 	-58.587348 	-63.090005 	-58.535987 	-59.337455 	-57.848946 	-60.469991 	-60.609173 	
10.069484 	-56.832406 	-57.059156 	-58.409371 	-57.066812 	-58.743112 	
9.921059 	-0.945128 	-10.529731 	-13.960626 	-20.010145 	-22.930443 	-29.050106 	-33.033476 	-43.816825 	-55.362635 	-57.122499 	-55.532340 	-58.668375 	-56.957785 	-57.690984 	-60.092366 	-57.807676 	
9.935276 	-9.447845 	-20.087719 	-35.150655 	-38.744601 	-46.864376 	-47.948139 	-60.345029 	-60.132366 	-58.310793 	-58.659478 	-57.718932 	-61.593970 	-59.235798 	-58.673386 	-59.067310 	-58.541133 	-57.795805 	
10.101247 	-24.306573 	-31.090315 	-43.556857 	-60.624686 	-58.694723 	-58.029678 	-58.758423 	-58.326920 	-58.041341 	-59.506815 	-59.317558 	-60.999515 	-58.299520 	-58.358593 	-59.482706 	-59.695230 	-58.600044 	
9.372863 	-4.778774 	-6.080650 	-32.490212 	-36.730855 	-58.569525 	-61.656253 	-58.369542 	-58.210769 	-59.544169 	-57.971197 	-59.132676 	
9.873926 	5.380943 	-2.261551 	-14.046760 	-24.307290 	-27.726362 	-31.891994 	-39.631408 	-39.656710 	-41.448508 	-43.950686 	-48.580054 	-47.701135 	-54.122578 	-56.501325 	-57.270951 	-59.187995 	
9.557374 	-1.201159 	-4.278810 	-15.853718 	-23.990450 	-57.664643 	-58.752025 	-55.272534 	-58.854731 	-60.884714 	-60.232005 	-59.082218 	-61.023164 	-60.729527 	-60.426503 	-59.481169 	-60.430019 	-58.243254 	-61.282662 	-61.656704 	-59.168380 	-59.631847 	-62.141862 	-58.502038 	-60.253920 	-60.332506 	-57.952530 	
9.883110 	-4.509063 	-41.663187 	-58.229356 	-58.514719 	-58.752248 	-60.729058 	-58.829503 	-59.011914 	-57.818053 	-57.804557 	-58.711580 	-60.118582 	-59.917547 	-59.127698 	-58.378485 	-59.443378 	-60.160485 	-58.095310 	-58.901834 	-58.301535 	-58.984820 	
9.582764 	1.833185 	-2.377780 	-5.817766 	-10.706263 	-16.029483 	-15.766344 	-17.268544 	-27.173838 	-27.777091 	-32.667970 	-46.139897 	-59.555043 	-59.378800 	-61.233239 	-59.385434 	-58.433513 	-60.041142 	-58.342336 	-60.364146 	-58.969807 	-57.766532 	
9.938270 	-15.328546 	-17.613489 	-30.186690 	-33.340800 	-40.365973 	-58.274135 	-59.330662 	-62.899845 	-58.995367 	-58.088318 	-58.680748 	-58.666411 	
