9.934235 	3.687035 	-1.342943 	-8.040540 	-7.078132 	-11.984964 	-24.986708 	-27.685847 	-31.804273 	-35.768104 	-35.747448 	-57.766340 	-60.404090 	-58.291115 	-62.045956 	-58.401067 	-58.462459 	-58.889065 	-60.482911 	-57.968613 	-58.705889 	
9.633376 	0.990185 	-1.926395 	-14.832628 	-15.113212 	-15.227870 	-15.232616 	-22.824216 	-32.704202 	-45.152574 	-46.762910 	-59.794758 	-57.476977 	-57.726542 	-60.134007 	-58.478097 	-59.011247 	-59.187744 	-59.279358 	-58.093099 	-58.893977 	-57.682977 	
9.871067 	-13.324076 	-17.533535 	-20.252145 	-21.701433 	-27.737106 	-47.167368 	-48.788263 	-49.683102 	-53.221779 	-59.243046 	-59.450158 	-59.494565 	-58.899288 	-59.321629 	-58.657549 	-58.189753 	-60.619056 	-60.375598 	-57.190969 	-59.194824 	-57.911137 	-58.136895 	-57.622665 	
10.063907 	-25.281221 	-28.137780 	-57.887125 	-57.256808 	-58.111424 	-60.396848 	-58.519375 	-59.386276 	-58.365084 	-57.412628 	-59.701408 	-57.877280 	-59.160217 	-56.802086 	-59.920279 	
9.707308 	-6.431612 	-13.031009 	-13.342311 	-11.875519 	-21.780965 	-33.522329 	-58.666795 	-57.887953 	-60.407787 	-58.981240 	-60.266506 	-58.799229 	-60.946855 	-59.866687 	-59.348319 	-60.702467 	-61.351268 	-59.045660 	-59.119981 	-59.366973 	-58.703619 	
9.620941 	4.957574 	-23.621260 	-35.900347 	-53.185659 	-55.581502 	-59.065017 	-57.522605 	-59.629253 	-61.432167 	-59.604370 	-58.746496 	-58.711785 	-60.203189 	-57.635326 	-60.644320 	-61.035801 	-61.305101 	-61.285794 	
10.007404 	-10.097436 	-34.432845 	-47.732471 	-56.823885 	-61.858254 	-61.065694 	-57.648897 	-59.948749 	-60.331682 	-59.527436 	-58.143730 	-62.638580 	-58.998911 	-57.858209 	-58.331229 	-58.786927 	
9.714325 	1.361472 	-20.832702 	-50.601218 	-57.787472 	-58.543416 	-58.355824 	-57.962266 	-61.053038 	-61.397091 	-58.599654 	-59.411258 	-59.926637 	-58.250291 	-59.145088 	-59.711114 	-58.983611 	-59.174957 	-58.081753 	-63.084267 	
9.971660 	-58.433731 	-61.356682 	-59.494656 	-59.512072 	-59.941903 	-58.723256 	-59.412566 	-57.031958 	-58.798793 	
9.655958 	-28.752050 	-45.033302 	-48.590592 	-58.369224 	-58.900714 	-59.477823 	-60.996897 	-59.813371 	-57.720044 	-60.502318 	-59.528957 	-57.039374 	-59.956295 	-58.470759 	-58.271710 	-58.751427 	
10.016852 	-3.472542 	-11.309703 	-14.108496 	-52.903158 	-58.003666 	-58.356737 	-58.263631 	-57.876208 	-59.112628 	-61.001262 	-57.317491 	-59.270829 	
9.640133 	1.545433 	-4.366799 	-60.190767 	-60.753607 	-58.988468 	-57.851842 	-58.815930 	-59.120249 	-59.804823 	-58.478401 	-59.665971 	-59.723174 	-59.436538 	-57.639256 	-58.229199 	
9.571347 	-5.568030 	-13.588188 	-16.254633 	-59.066795 	-60.755574 	-57.554279 	-62.666316 	-59.757924 	-59.256368 	-58.919881 	-58.621370 	-59.179860 	-57.552456 	-57.760144 	
9.717550 	4.887675 	-49.668221 	-58.555073 	-58.981323 	-58.247842 	-58.894474 	-60.541608 	-58.744246 	-59.427860 	-60.101172 	-57.830822 	-60.576272 	-58.022069 	-59.147799 	-59.311025 	-59.027214 	-58.766232 	-60.239346 	
9.925622 	-2.167340 	-15.125336 	-33.344437 	-50.377002 	-59.262155 	-59.942633 	-63.647211 	-59.243237 	-59.731507 	-59.176180 	-60.679475 	-59.787553 	-60.425791 	-58.062031 	-60.892938 	-59.581854 	-60.584903 	-58.454994 	-60.948281 	-60.396587 	-58.169570 	-58.179818 	-65.407708 	-60.119185 	-59.517595 	-63.146907 	
9.837854 	2.608836 	-4.357432 	-5.599228 	-27.475341 	-34.435743 	-57.385802 	-58.042373 	-58.087018 	-59.873267 	-58.835300 	-59.858182 	-59.245507 	-63.913943 	-58.936473 	-60.502376 	-58.354473 	-58.243106 	-58.567931 	-59.321966 	-59.016532 	-59.016231 	
9.647214 	-6.734419 	-58.105425 	-57.940806 	-59.101551 	-59.640066 	-59.994023 	-57.500370 	-59.008260 	-57.910171 	-59.641968 	-59.541650 	-60.119726 	
10.019045 	-0.594867 	-3.293474 	-4.087809 	-27.055060 	-39.201574 	-49.624879 	-55.845289 	-55.343552 	-55.919618 	-57.385555 	-58.920610 	-56.718523 	-57.928264 	-56.930426 	-58.407441 	-55.715257 	
9.849272 	-56.885438 	-60.132232 	-57.132269 	-58.263877 	-60.060236 	-60.469875 	-58.059915 	-59.294206 	-60.202260 	-59.455985 	-58.238740 	-60.034861 	-59.176357 	-58.982716 	
9.851901 	2.592029 	-2.708075 	-7.514090 	-28.708175 	-34.453761 	-43.983730 	-44.613365 	-49.865344 	-58.528754 	-58.689811 	-58.918667 	-58.920818 	-60.869591 	-59.938600 	-66.496320 	-58.748737 	-59.297824 	-63.448560 	-58.048835 	-57.865558 	-59.785678 	-57.488267 	
