9.628101 	-2.323359 	-16.819200 	-32.607861 	-38.328467 	-45.159234 	-49.282570 	-60.240637 	-58.923095 	-58.161530 	-59.593487 	-58.354687 	-57.658503 	
9.859141 	3.938685 	-3.817173 	-5.089517 	-9.211991 	-17.098074 	-20.133485 	-19.122914 	-25.277752 	-27.047793 	-28.791593 	-27.208833 	-29.357495 	-34.893612 	-36.223051 	
9.588171 	6.787527 	6.458123 	-0.185027 	-5.016190 	-8.477356 	-19.906009 	-26.644431 	-23.790973 	-33.105286 	-40.577849 	-53.049151 	-57.351369 	-58.428256 	-58.212024 	-60.253478 	-59.006179 	-60.552117 	
9.852986 	2.672699 	-0.741813 	-2.059473 	-8.326831 	-14.894076 	-16.482022 	-15.862194 	-19.275214 	-24.537894 	-26.312655 	-25.085422 	-28.736523 	-28.269114 	-27.543312 	-29.081227 	-29.445955 	-33.682626 	-34.818670 	-35.669886 	-37.252950 	
9.833942 	5.948157 	5.651409 	5.081182 	3.021815 	-4.420832 	-11.819796 	-11.474829 	-14.431295 	-14.198604 	-14.593304 	-16.792169 	-15.486841 	-14.975194 	-19.528336 	-17.886004 	-18.010651 	-18.234798 	-18.579271 	-18.284076 	-19.761281 	-19.643648 	-20.401400 	-22.510824 	-22.731371 	-24.107058 	
9.618522 	5.379945 	4.901008 	3.714338 	2.876281 	0.378394 	-0.267642 	-12.796246 	-12.997319 	-14.878851 	-14.781661 	-14.656700 	-19.826897 	-17.779092 	-20.286743 	-19.257258 	-22.433958 	
9.768010 	3.243457 	-7.558306 	-18.705231 	-35.504719 	-45.650024 	-49.822829 	-55.080991 	-57.091214 	-56.338151 	-57.752136 	
9.766358 	-0.960612 	-6.677467 	-14.195266 	-42.782526 	-43.235914 	-50.362942 	-53.170741 	-54.793078 	-57.848721 	-56.449836 	-56.650040 	
9.756158 	3.519726 	0.130599 	-0.143466 	-2.248989 	-6.000820 	-6.650988 	-6.603269 	-7.654905 	-12.642385 	-11.892647 	-13.575580 	-14.619857 	-14.083062 	-15.603206 	-18.602765 	-22.651523 	-23.491962 	-23.687401 	-22.910616 	-23.694151 	-23.500222 	-25.735392 	
9.728061 	1.049501 	1.341366 	-6.857585 	-15.380871 	-18.322740 	-19.537330 	-25.220133 	-26.480097 	-29.468721 	-32.283329 	-33.134233 	-37.424250 	-35.585349 	-36.692794 	
9.715765 	3.610009 	3.227608 	1.855042 	0.714638 	-2.466895 	-6.726823 	-9.912749 	-11.604627 	-9.495052 	-9.955251 	-8.747349 	-9.796931 	-12.830020 	-9.147722 	-11.885728 	-13.089578 	-12.314203 	-14.579276 	-14.053527 	-14.617736 	-13.189775 	
9.742033 	8.284253 	-2.027738 	-1.442000 	-2.828714 	-8.273645 	-7.098322 	-7.747836 	-7.920603 	-13.722621 	-15.442098 	-18.530251 	-20.711513 	-21.733303 	-21.452259 	-22.917201 	-23.800685 	-22.682476 	-24.273170 	-27.954100 	-27.495606 	
9.748808 	-1.007372 	-9.343775 	-9.568689 	-11.802453 	-33.216767 	-36.069017 	-46.862454 	-57.366766 	-58.714417 	-57.663655 	-58.390774 	-58.458334 	-59.193355 	-59.105379 	-59.446029 	-59.705431 	-57.713454 	-58.042232 	-58.642977 	-58.489172 	-58.936467 	-57.817403 	
9.795206 	-0.689903 	-8.539655 	-14.840297 	-25.377956 	-26.162175 	-31.703552 	-31.445044 	-40.218969 	-60.409197 	-58.340737 	-58.877795 	-59.972050 	-60.431015 	-57.972830 	-58.388582 	-62.030881 	-57.975507 	
9.686267 	-5.618166 	-21.616191 	-22.842663 	-37.869158 	-58.534163 	-57.658953 	-58.494025 	-58.998848 	-60.787524 	-60.546669 	-60.086287 	-61.753188 	-57.231319 	-60.057226 	-63.410038 	
9.450351 	0.105038 	-10.881860 	-12.227666 	-46.510981 	-49.667996 	-58.030369 	-57.957912 	-58.193063 	-57.624306 	-56.526666 	-59.364302 	
9.685128 	-3.539345 	-8.584541 	-13.108801 	-16.429742 	-19.986305 	-23.958805 	-33.961927 	-37.758914 	-37.998213 	-40.630205 	-43.439025 	-42.541746 	-48.895891 	
10.002561 	5.693844 	5.546040 	-0.677828 	-4.333375 	-6.570809 	-7.666497 	-11.970757 	-13.381022 	-25.364826 	-40.821462 	-48.809455 	-58.135256 	-57.743712 	-58.868439 	-58.690757 	-58.909039 	-58.407136 	-58.154245 	-57.907823 	-57.557447 	
10.079053 	-0.720887 	-1.382798 	-26.406101 	-26.184363 	-36.680334 	-37.772270 	-39.063192 	-57.445589 	-58.963770 	-57.113545 	-58.499990 	-58.116169 	-56.547696 	-59.876787 	
9.552186 	0.806379 	-1.559160 	-9.307492 	-22.491083 	-58.672865 	-58.171220 	-60.151118 	-59.764839 	-58.351196 	-57.222939 	-57.951964 	-59.346589 	-59.299782 	-58.324095 	-58.970945 	-58.062265 	-60.153032 	
