9.785768 	7.804445 	-19.489448 	-20.537103 	-47.912837 	-60.602171 	-58.398019 	-58.134250 	-57.358596 	-59.134373 	-58.630499 	-58.384776 	-58.477027 	-59.315196 	-58.039979 	-57.985805 	-57.229502 	-61.168878 	-58.709973 	-58.146047 	-61.274941 	
9.323258 	-12.272814 	-30.607528 	-32.917060 	-54.668206 	-61.192941 	-60.303182 	-60.149669 	-60.641971 	-59.415712 	-58.862322 	-57.897119 	-60.336544 	-58.531587 	-60.497911 	
9.703532 	-5.945771 	-7.118699 	-11.505595 	-15.002354 	-19.330149 	-16.858255 	-34.146790 	-50.239184 	-52.681828 	-51.372954 	-58.827378 	-60.428240 	-57.675092 	-57.795319 	-58.648712 	-59.718146 	-59.173521 	-60.329484 	-62.492129 	-58.916256 	
9.583473 	-24.097819 	-26.117196 	-32.078617 	-60.994193 	-62.219910 	-59.296304 	-59.399183 	-58.731384 	-59.191800 	-61.420410 	-58.242639 	-60.214469 	-60.191866 	-59.358333 	-59.107145 	-60.724667 	-62.218857 	
9.816892 	4.560151 	3.341474 	1.133710 	0.366076 	1.539286 	-3.450032 	-6.654088 	-3.056975 	-4.109522 	-3.436042 	-5.786452 	-5.067388 	-6.315078 	-6.590686 	-9.102176 	-5.833121 	-7.278259 	-5.911770 	-9.091482 	-6.386981 	-7.216627 	-7.172991 	-8.962346 	-11.842909 	-13.583281 	-10.102835 	
9.983050 	-60.100384 	-58.378856 	-59.099272 	-58.875342 	-57.204282 	-57.542994 	-58.590690 	-58.373364 	
10.071937 	0.981707 	-10.487537 	-9.849070 	-15.648007 	-13.803674 	-26.779345 	-29.317330 	-35.500878 	-39.407094 	-44.456407 	-48.352819 	-53.121695 	-60.938829 	-59.220655 	-57.304911 	-57.864734 	-57.944776 	-59.141923 	-60.780975 	-58.142397 	-58.159304 	-57.185208 	
9.897825 	4.295345 	-1.114266 	-4.910217 	-10.146671 	-15.689327 	-15.387431 	-25.545847 	-33.253621 	-40.059129 	-59.099873 	-58.674601 	-58.620706 	-58.126385 	-58.636085 	-60.389070 	-60.613982 	-58.880712 	-59.852148 	-62.829749 	-60.910863 	-59.055518 	-60.802247 	-58.638015 	-58.608744 	-59.380279 	-61.956484 	-60.571976 	-60.634068 	
10.686236 	-14.868837 	-23.445369 	-30.401713 	-33.955715 	-42.656632 	-56.766561 	-58.738791 	-58.327785 	-58.688377 	-60.082367 	-57.930128 	-61.131391 	-58.240958 	-57.088315 	-59.513122 	-58.269611 	-58.676174 	-58.686097 	-57.320219 	-57.485128 	
9.885854 	-9.294381 	-6.885397 	-12.871997 	-21.965177 	-24.383652 	-26.964476 	-35.376134 	-40.758075 	-46.792087 	-49.766875 	-52.212790 	-58.122447 	-56.432407 	-56.425560 	-58.529879 	-59.415255 	-61.245400 	
9.729562 	0.810741 	-6.128144 	-5.502522 	-7.244977 	-12.180300 	-14.887021 	-20.130647 	-22.665855 	-28.333901 	-25.393067 	-23.253574 	-36.953865 	-39.615037 	-39.700945 	-39.212196 	-47.302687 	-50.163967 	-50.878701 	
9.991854 	1.532508 	-8.752625 	-6.099386 	-6.417049 	-5.159928 	-8.369967 	-8.681744 	-13.755448 	-18.044351 	-15.999144 	-20.811994 	-20.912685 	-19.841500 	-21.000216 	-21.169981 	-22.728439 	-22.690011 	
10.052624 	-7.831162 	-13.252342 	-12.586052 	-17.181354 	-16.382091 	-16.547060 	-21.485262 	-35.397475 	-36.539545 	-37.987495 	-36.398551 	-40.964427 	-40.694306 	-43.314492 	-44.579930 	-46.347757 	-54.058071 	-59.260925 	-56.965748 	-56.539220 	-57.836629 	-57.457589 	-57.230143 	-58.264664 	-57.329394 	-57.883305 	
10.111126 	-1.117960 	-1.706269 	-4.603115 	-38.979998 	-44.609121 	-49.612147 	-50.593168 	-56.200866 	-58.607549 	-57.977046 	-59.601701 	-58.515295 	-57.231351 	-58.688924 	-57.500483 	-59.387285 	-59.363238 	-58.846747 	-57.894814 	
9.420886 	3.892881 	1.045867 	-18.868064 	-18.213575 	-19.941973 	-31.594939 	-60.833084 	-59.065847 	-58.662992 	-60.017062 	-57.121417 	-57.529298 	-60.375938 	-58.858106 	
9.339878 	5.317695 	-2.906576 	-11.958506 	-18.910339 	-26.014114 	-35.858631 	-42.233778 	-57.812026 	-58.681119 	-61.502378 	-58.711381 	-58.508304 	-58.523829 	-59.801670 	-60.426657 	-58.454593 	-62.206177 	-59.359873 	
9.582353 	-23.477149 	-31.975514 	-57.755985 	-57.454741 	-56.830566 	-61.816065 	-57.611119 	
9.857136 	2.758466 	-0.449329 	-2.777059 	-3.087966 	-6.085102 	-5.886884 	-10.392520 	-10.659846 	-14.758096 	-17.144789 	-17.821006 	-20.346758 	-24.678966 	-25.856473 	-27.258838 	-25.998534 	-27.485552 	-29.937677 	-32.407502 	-34.709256 	-39.565739 	-37.856946 	
9.755499 	0.545504 	-2.207484 	-3.206083 	-6.553611 	-8.544333 	-9.361861 	-12.341500 	-12.392501 	-14.156565 	-28.254626 	-27.105237 	-31.764249 	-51.132234 	-48.279991 	-55.658583 	-56.564009 	-55.350939 	-56.559000 	-55.472704 	-58.510142 	-58.317665 	-57.325267 	
9.496915 	1.699702 	-36.776069 	-59.850360 	-57.893871 	-58.483342 	-56.995340 	-57.351450 	
9.645650 	5.932386 	-37.026667 	-49.148900 	-59.597514 	-59.013890 	-59.069199 	-58.304574 	-57.733247 	-58.242806 	-59.477314 	-60.094228 	
