9.842756 	-3.987222 	-14.630174 	-27.669866 	-32.569139 	-48.300167 	-62.530721 	-60.275279 	-60.931106 	-59.402977 	-57.838796 	-61.136307 	-58.549824 	-58.931500 	-58.623240 	-60.300953 	-60.367852 	-57.251734 	-59.806600 	
9.883194 	-7.810714 	-38.019670 	-44.732945 	-46.483546 	-59.760754 	-57.676674 	-60.273300 	-59.525044 	-58.088077 	-59.227308 	-58.343014 	-59.255809 	-57.799184 	-57.938059 	-57.269109 	
10.005037 	-8.717549 	-8.443030 	-45.161306 	-46.557585 	-53.540793 	-56.530977 	-57.395098 	-58.191860 	-59.358430 	-57.958840 	-58.427824 	-59.035199 	-57.764147 	-58.072202 	-57.549864 	-58.589873 	-57.797060 	
9.962543 	-35.252356 	-53.692949 	-58.227274 	-57.386001 	-58.931671 	-60.239069 	-57.893701 	-58.198019 	-58.768736 	-58.644822 	-57.782763 	
9.778634 	-6.787909 	-9.206030 	-29.051187 	-37.587034 	-43.219040 	-51.873799 	-58.826287 	-58.967346 	-59.573233 	-58.291812 	-62.999530 	-60.201554 	-60.270218 	-58.843613 	-60.134420 	-58.162260 	-59.738563 	-59.089280 	-60.223604 	-59.190763 	-59.330145 	-58.153234 	
10.089015 	-50.330322 	-60.550887 	-61.160380 	-59.580628 	-58.847875 	-57.721321 	-60.640759 	-60.695543 	-58.251590 	-58.899979 	-62.543570 	-58.189994 	-58.560250 	-62.369381 	-59.241976 	-60.333786 	-58.666248 	-59.806170 	-60.252802 	-60.111719 	-59.489907 	-59.830228 	-57.381513 	-59.692577 	-60.669486 	
9.940511 	-10.548414 	-9.284214 	-24.083765 	-40.973831 	-37.986877 	-55.359802 	-58.313067 	-57.866008 	-60.249721 	-60.049499 	-58.891964 	-56.595755 	-59.146894 	-60.125667 	-59.319066 	-58.294062 	
9.828919 	-15.630277 	-23.270686 	-24.389766 	-34.828909 	-41.319389 	-59.777981 	-61.040404 	-58.152334 	-59.282440 	-58.935724 	-60.413890 	-58.411484 	-60.349600 	-60.543741 	-57.868136 	-58.781218 	
10.004585 	-10.021186 	-56.962592 	-59.423848 	-57.911481 	-60.389205 	-57.996875 	-61.115626 	-60.364543 	-58.641142 	-58.065230 	-58.877460 	-61.465376 	
9.995520 	5.447144 	-20.979789 	-48.320036 	-51.798515 	-57.855107 	-57.052326 	-57.889188 	-61.360851 	-57.366204 	-58.211169 	-57.783372 	-59.666606 	-59.481363 	-58.079899 	-58.629991 	-59.560856 	-62.949403 	-58.968107 	-60.672659 	
9.634684 	-23.141331 	-25.792205 	-44.430820 	-52.408212 	-57.521808 	-58.119717 	-59.577751 	-59.555300 	-57.911001 	-60.561319 	-57.392470 	-58.148295 	
10.125717 	3.267140 	-18.112383 	-25.140409 	-28.911516 	-33.115317 	-57.464407 	-59.108165 	-57.748719 	-59.251976 	-58.850918 	-57.872787 	-58.921378 	-58.748571 	-58.146490 	-58.923779 	-58.495219 	-58.834629 	-58.966127 	-59.833782 	
9.922806 	-34.329730 	-43.474096 	-60.065848 	-62.536965 	-60.745573 	-58.080073 	-58.262136 	-60.472807 	-62.467609 	-59.390863 	-61.876252 	-59.740723 	-59.299398 	-59.434093 	-58.676234 	-58.454541 	
9.935828 	-30.401940 	-49.808770 	-53.156478 	-58.414292 	-62.335907 	-59.302526 	-58.627502 	-62.298277 	-58.848634 	-60.827854 	-58.456474 	-58.764177 	-60.699463 	-59.678187 	-62.013296 	-59.422287 	-59.028296 	-58.129476 	-57.766056 	
10.027817 	-5.483139 	-28.750228 	-36.003890 	-39.745696 	-51.142580 	-55.071646 	-57.789262 	-58.975215 	-59.582429 	-59.750112 	-60.393004 	-58.335726 	-59.759096 	-59.211348 	-58.185703 	-60.071250 	-58.423399 	-58.859469 	-59.358832 	-58.752291 	-59.129977 	-60.596691 	
9.740102 	-5.458399 	-26.869182 	-32.424769 	-43.999956 	-59.112485 	-57.950759 	-61.513941 	-60.093308 	-58.297791 	-60.517051 	-57.656042 	-59.372719 	-59.005342 	-58.489748 	-58.302336 	
10.216838 	-28.844887 	-32.952504 	-58.282698 	-58.926945 	-58.512338 	-61.211503 	-58.219372 	-58.963472 	-57.876977 	-59.040710 	-59.612199 	-58.820618 	-58.565970 	-58.554795 	-59.451665 	-59.827922 	-58.050784 	-59.030111 	-57.664255 	-59.385034 	-58.724002 	
9.853845 	-0.501255 	-36.090639 	-38.932862 	-57.654402 	-60.536887 	-58.797116 	-61.118238 	-57.936507 	-60.875786 	-59.204264 	-58.753236 	-60.096120 	-60.248979 	-59.219917 	-60.273768 	-62.612734 	-59.745163 	-57.839971 	-57.610919 	-59.198743 	
9.769928 	-7.791580 	-10.390301 	-16.429802 	-30.573740 	-41.975286 	-59.532833 	-58.935422 	-60.195170 	-61.857321 	-57.501678 	-57.632857 	-58.493845 	-59.602784 	-57.894079 	-60.946878 	-61.236252 	-58.219502 	-58.390077 	-58.771753 	
10.099717 	0.023925 	-33.776669 	-38.317379 	-65.406452 	-59.151632 	-58.403035 	-59.356397 	-58.555911 	-59.897362 	-59.382385 	-58.927141 	-63.105751 	-58.553887 	-59.404738 	-59.360977 	-57.251926 	-58.279925 	-60.241719 	-61.601380 	-58.214427 	
