9.697374 	-1.048129 	-7.392257 	-9.336801 	-19.189812 	-31.564249 	-46.141958 	-47.302272 	-57.885843 	-58.501778 	-58.431464 	-57.972429 	-58.424257 	-58.862779 	-57.151357 	
9.295412 	-0.034169 	-4.925472 	-5.994144 	-6.161459 	-9.850206 	-13.869649 	-18.393672 	-21.673200 	-21.350480 	-21.419284 	-27.553285 	-29.495073 	-30.638737 	-35.708270 	-33.953697 	-37.484524 	-35.760390 	-39.581374 	-37.699915 	-41.086562 	-40.499401 	-44.601337 	
9.615673 	-2.359082 	-25.785625 	-25.356749 	-27.407752 	-33.608720 	-41.656413 	-45.178248 	-59.876928 	-60.511179 	-58.858065 	-57.929055 	-58.105511 	-57.007614 	
9.507320 	-0.656743 	-20.188999 	-41.484644 	-43.890527 	-49.541959 	-49.927167 	-52.320332 	-57.324010 	-64.414782 	-59.286048 	-60.261277 	-59.442043 	-58.933462 	-57.459363 	-60.642716 	-57.986989 	-58.636285 	-59.986210 	
9.649419 	5.314382 	-4.848742 	-12.082918 	-21.582343 	-21.003415 	-18.919333 	-30.477624 	-37.274573 	-36.162519 	-46.238850 	-45.134767 	-44.887230 	-47.746708 	-49.326955 	
9.277936 	0.602760 	-2.221573 	-6.858733 	-8.895082 	-9.498651 	-15.670386 	-32.776797 	-34.532684 	-36.407737 	-38.468735 	-39.717123 	-44.069308 	-45.234162 	-44.423041 	-52.230853 	-57.863729 	-61.163146 	-56.887340 	-58.770997 	
9.311965 	0.485915 	1.584969 	-6.794181 	-15.481802 	-15.702389 	-20.088856 	-39.464800 	-42.726627 	-45.069340 	-50.122129 	-48.790396 	-47.318005 	-50.409842 	
9.803217 	2.014579 	-10.243334 	-6.815223 	-41.609357 	-49.508454 	-51.359762 	-59.056211 	-57.645982 	-58.472845 	-60.900056 	
9.470252 	-10.342989 	-11.198695 	-15.068466 	-13.835532 	-15.643047 	-18.448646 	-23.123741 	-34.977922 	-33.032778 	-33.391937 	-32.348765 	-39.836586 	-41.218663 	-42.492534 	-44.289315 	-44.192526 	
9.623791 	-17.216850 	-32.843105 	-50.148292 	-56.010234 	-59.238378 	-57.726522 	-60.661014 	-59.635754 	-60.289743 	-58.782870 	-59.867778 	-58.863406 	-58.606268 	-60.145403 	-58.397112 	-57.956707 	-61.499095 	-60.236310 	-60.740004 	-58.112688 	
9.282185 	4.518359 	2.815718 	-8.480500 	-29.385949 	-31.775513 	-47.552221 	-51.972701 	-59.964235 	-58.882504 	-59.650955 	-57.398368 	-59.633985 	-58.398165 	-58.787553 	
9.536913 	-3.546786 	-3.953174 	-20.027422 	-33.308555 	-32.076825 	-41.656453 	-59.815716 	-58.799737 	-58.546793 	-57.856852 	-60.465935 	-61.307491 	-57.328929 	-59.459514 	
9.531386 	3.273334 	-2.230188 	-2.952366 	-5.617221 	-10.192666 	-20.382208 	-38.544374 	-46.331995 	-60.653677 	-59.988201 	-58.109652 	-58.049341 	-60.132528 	-59.247786 	-58.577636 	-59.330274 	-60.490725 	-59.738236 	
9.771600 	5.510693 	-28.570519 	-53.944637 	-58.762631 	-58.978776 	-59.780547 	-57.198982 	-58.844419 	-58.629380 	-60.519940 	-58.761002 	-58.074335 	-61.253843 	-59.021704 	-61.353282 	
9.890554 	-6.893502 	-8.140156 	-11.190556 	-27.252861 	-36.917623 	-38.114373 	-39.662587 	-47.910098 	-57.490125 	-58.659383 	-57.631004 	-57.201734 	-59.719760 	-57.365932 	-59.475310 	-59.774629 	
9.995582 	-2.559088 	-6.345472 	-9.503053 	-10.791182 	-20.630701 	-28.355037 	-53.947082 	-56.438469 	-58.502584 	-56.270480 	-57.798738 	-55.824699 	-56.246428 	-58.971350 	
9.855985 	6.843046 	-2.802288 	-5.487755 	-10.140411 	-20.272044 	-22.636154 	-31.884875 	-32.621299 	-48.081043 	-52.614307 	-55.868241 	-58.537062 	-61.974917 	-59.790254 	-59.253818 	-62.294136 	-58.185811 	-57.357126 	-59.362131 	-59.014321 	-58.125979 	-57.561734 	
10.511017 	2.541605 	-0.646820 	-0.917361 	-3.361255 	-1.823615 	-4.686244 	-6.258490 	-7.150563 	-15.258647 	-10.268020 	-15.039747 	-14.538709 	-15.103148 	-15.448945 	-15.588241 	-16.892774 	
9.658670 	4.504383 	-14.160465 	-59.128563 	-59.184490 	-59.562109 	-58.618942 	-59.744834 	-58.211764 	-58.486505 	-58.346331 	-62.919326 	-59.908764 	-60.792864 	-60.934025 	-61.740270 	-59.986175 	-59.860711 	-58.463949 	-61.748431 	-59.881811 	
10.041704 	2.410744 	-14.144893 	-28.906585 	-33.328596 	-53.963808 	-58.373168 	-58.643433 	-57.586498 	-58.512430 	-58.950100 	-61.200463 	-59.518180 	-59.232244 	-58.231619 	-59.171329 	-58.835242 	-59.015470 	-57.425347 	
9.560788 	-5.593586 	-28.825841 	-51.979571 	-53.669128 	-62.654943 	-59.509883 	-58.091862 	-57.668358 	-57.868766 	-58.866511 	-59.361486 	-59.617797 	-59.822321 	-58.973524 	-58.291335 	-58.211045 	-60.782774 	-59.495267 	-59.054627 	-59.103066 	
