9.557055 	1.182804 	-0.827431 	1.326381 	-0.796213 	-5.665257 	-6.281766 	-10.596795 	-15.648562 	-21.485747 	-23.043903 	-24.459615 	-40.185001 	-58.990710 	-59.547820 	-59.657948 	-57.676914 	-60.015115 	-60.765677 	-59.681162 	-58.091188 	-59.083379 	-58.806327 	-58.131887 	
9.812222 	1.588911 	-1.403595 	-8.170173 	-12.455460 	-18.142013 	-24.780068 	-29.286157 	-36.413723 	-41.055215 	-41.151952 	-37.989525 	-39.944736 	-44.316157 	-46.799977 	-48.002009 	-47.230374 	-50.804533 	-51.491120 	-54.007119 	-52.674719 	
8.867055 	8.460344 	-2.519046 	-27.611027 	-38.151227 	-49.634087 	-53.425721 	-57.350303 	-58.220994 	-58.036147 	-59.123656 	-59.135852 	-61.441232 	-61.445012 	-59.684875 	-59.320541 	-60.132349 	
9.907817 	5.450107 	2.265292 	2.160677 	2.710474 	-0.249391 	1.624963 	1.227966 	-2.399025 	0.049164 	-1.424101 	-1.236538 	-0.168278 	-0.919655 	-1.592361 	-0.406416 	-1.449576 	-2.260881 	-3.148126 	-4.020139 	-2.452268 	-3.794157 	-3.290782 	-3.676418 	-4.185252 	-3.250013 	-4.866154 	-4.810319 	-5.097010 	-5.343540 	-7.053652 	-6.417665 	-4.808299 	-6.356577 	-5.213850 	-6.032121 	-4.784564 	-7.052589 	-5.847498 	
9.668392 	3.672802 	2.009359 	-11.736373 	-12.690123 	-16.258623 	-16.223767 	-24.462506 	-26.400849 	-26.405644 	-27.439169 	-32.577776 	-36.283445 	-34.771592 	-34.814082 	-35.934381 	-38.080156 	-41.530728 	
9.481467 	-0.613071 	-1.218430 	-0.821480 	-5.824859 	-5.355274 	-7.129928 	-11.254425 	-16.307993 	-16.013512 	-17.537681 	-17.267620 	-19.082869 	-20.944529 	-21.464463 	-22.601600 	-24.658181 	-27.744804 	-24.584632 	
9.701229 	0.728359 	-5.555730 	-10.273461 	-11.070589 	-11.640927 	-25.847944 	-26.409362 	-27.619265 	-55.880707 	-53.232265 	-56.378687 	-56.690884 	-58.093178 	-59.924552 	-59.542322 	-56.055429 	-60.048612 	
9.320522 	6.296783 	0.359811 	-1.858854 	-2.883196 	-6.182641 	-13.115951 	-15.694391 	-26.387921 	-26.889425 	-28.698608 	-26.571102 	-28.767295 	-34.386916 	-32.226792 	-34.595267 	-39.146299 	-34.542509 	-35.556280 	-38.142994 	-37.354464 	
10.071936 	-0.215944 	2.089668 	-7.623458 	-8.448599 	-7.287404 	-9.161598 	-9.236203 	-7.411235 	-10.361405 	-8.616892 	-9.496571 	-10.755832 	-9.705368 	-11.621736 	
9.390938 	2.498555 	1.105857 	-2.031360 	-17.339849 	-25.358146 	-30.883544 	-32.922035 	-41.294002 	-42.852630 	-46.340247 	-49.677937 	-50.299225 	-51.300391 	-55.383043 	
9.822741 	-2.973770 	-6.563551 	-11.987592 	-13.307033 	-27.238603 	-39.753084 	-39.898371 	-44.336999 	-47.334315 	-50.615498 	-47.866790 	-49.186822 	-51.845872 	-54.887473 	-55.823598 	
9.500150 	5.481168 	5.485792 	3.178491 	1.013659 	-0.224190 	1.136861 	0.776917 	1.448630 	-1.799569 	-5.192930 	-6.538180 	-5.726811 	-8.078722 	-8.364286 	
9.471021 	6.442537 	-8.876738 	-12.261963 	-13.565653 	-13.557918 	-16.792613 	-25.321693 	-25.132297 	-30.748789 	-32.717683 	-35.034054 	-35.626182 	-38.322385 	-38.776556 	-43.047709 	-43.072442 	-43.576942 	-44.007898 	-47.266440 	-50.517937 	-50.316076 	-53.744704 	
10.086724 	-1.251906 	-3.341441 	-4.378310 	-8.911551 	-18.608032 	-16.749700 	-28.544951 	-31.718180 	-30.388405 	-29.937258 	-32.383161 	-37.339910 	-36.467822 	-41.962175 	-38.885619 	-39.592906 	-44.894200 	
9.569608 	-1.924212 	-4.725130 	-20.187613 	-18.821670 	-19.578086 	-30.783295 	-29.038670 	-32.524549 	-36.702396 	-37.075262 	-40.468577 	-40.884549 	-42.728110 	
9.798643 	1.317884 	-10.380037 	-9.434869 	-11.268143 	-14.951439 	-29.328444 	-29.395409 	-33.760397 	-33.116176 	-35.450384 	-40.685905 	-41.304912 	-43.490331 	
