10.296485 	-4.880570 	-5.758044 	-23.460711 	-24.884777 	-32.028333 	-35.988638 	-40.770742 	-48.921613 	-54.711933 	-57.634366 	-58.018743 	-60.598729 	-58.015866 	-60.201275 	-58.886515 	-60.747144 	-62.181073 	-57.537917 	-58.790027 	-57.968490 	-59.350286 	-57.521834 	-58.467702 	
9.864747 	5.082473 	3.620489 	-17.536550 	-19.342970 	-18.417422 	-24.641857 	-29.253664 	-36.495942 	-37.693773 	-46.153653 	-47.303954 	-52.557939 	-53.294620 	-57.100640 	-57.241438 	-55.923704 	-57.014298 	-57.446575 	-57.392045 	
9.780043 	-4.631490 	-9.759780 	-56.191201 	-61.363756 	-58.549736 	-58.124094 	-58.593953 	-58.470206 	-60.390509 	-59.733066 	-59.212916 	-59.095542 	-58.709211 	-57.681389 	-59.017851 	
9.936177 	2.106416 	-9.365032 	-16.082784 	-17.135977 	-50.035164 	-53.356910 	-60.118668 	-58.239607 	-57.923906 	-59.538211 	-59.288649 	-57.914293 	-59.410882 	-59.543059 	-58.843671 	-58.987587 	-60.816764 	-58.419262 	-57.901344 	
9.853749 	-7.085260 	-10.691995 	-15.443721 	-12.791526 	-30.242172 	-30.937786 	-30.865160 	-41.858656 	-50.462901 	-53.718597 	-55.880383 	-57.151279 	-57.757240 	-56.278939 	-57.733180 	-57.224548 	-58.297186 	-57.920751 	-58.585007 	-57.712656 	
9.793419 	-37.918116 	-43.666426 	-56.754051 	-58.329740 	-58.264314 	-59.321391 	-59.146080 	-59.907200 	-58.963859 	-60.346353 	-58.650888 	-58.729408 	-62.410783 	-60.392109 	-57.957839 	-59.024593 	-59.999490 	-58.976111 	-59.235475 	-60.410868 	
9.509734 	-4.350652 	-40.464230 	-47.333661 	-48.605976 	-59.066072 	-59.099243 	-57.858737 	-59.311068 	-59.216145 	-60.868585 	-58.074567 	-57.249464 	-57.731734 	-59.299602 	-57.540918 	
9.804199 	-59.045908 	-57.759861 	-58.514243 	-57.506980 	-60.012166 	-58.241750 	-58.433557 	
9.685808 	5.452940 	-2.672706 	-9.822757 	-10.210036 	-17.006421 	-28.074237 	-31.853260 	-32.268047 	-39.975102 	-38.470188 	-58.690853 	-56.418583 	-57.899454 	-57.518675 	-59.268542 	-57.696348 	-56.879170 	
9.454767 	7.174102 	-16.738739 	-24.283055 	-24.436047 	-26.654240 	-35.028140 	-34.987573 	-49.644596 	-58.230118 	-58.874745 	-59.403123 	-59.660052 	-61.339695 	-58.917240 	-59.641221 	-59.179076 	-60.023112 	-58.481562 	-59.866234 	-60.128503 	-58.523908 	-60.942452 	-60.373691 	-59.863383 	-59.694936 	
9.415654 	-0.854353 	-21.246081 	-33.085342 	-34.191669 	-38.181302 	-43.895202 	-45.144534 	-55.511670 	-59.158718 	-56.623086 	-56.513139 	-56.398926 	-59.813674 	-55.943646 	-58.829550 	
9.917973 	-0.931390 	-22.533912 	-30.999826 	-35.246679 	-34.620117 	-53.833734 	-58.311718 	-58.761752 	-57.387048 	-58.563059 	
10.204631 	-0.535515 	-15.808422 	-22.303175 	-29.516746 	-29.289538 	-40.654843 	-47.705111 	-47.905450 	-56.639229 	-58.104757 	-59.487786 	-58.394559 	-57.454801 	-58.255085 	-58.562773 	-57.761105 	-58.676861 	-56.667751 	
9.618848 	-4.887200 	-27.667886 	-36.106935 	-38.489548 	-43.712541 	-47.011084 	-51.302792 	-51.997784 	-56.829760 	-57.218815 	-58.670699 	-61.040100 	-58.569175 	-58.498500 	-57.235086 	-58.011425 	-58.405736 	-57.866464 	-58.884079 	-58.738672 	
9.825576 	-16.748650 	-20.945045 	-31.248579 	-57.873953 	-57.274888 	-57.226337 	-57.472988 	-58.770931 	-59.549511 	
9.849795 	4.154630 	2.096956 	-4.310196 	-7.385017 	-40.577943 	-58.266801 	-58.119653 	-60.429108 	-57.742442 	-58.493613 	-60.080427 	
9.776233 	1.405571 	-5.052964 	-20.527971 	-29.974083 	-38.079378 	-40.693644 	-55.142623 	-57.896959 	-58.428469 	-58.069464 	-59.634673 	-57.614691 	-60.036746 	-58.193171 	-59.454521 	-59.353445 	-59.085481 	-58.546734 	-59.921885 	-59.049335 	-59.749656 	
9.450948 	-8.335150 	-11.064889 	-15.743417 	-17.658115 	-24.599750 	-26.978386 	-34.533533 	-47.922741 	-49.055827 	-55.926126 	-57.579353 	-62.545022 	-59.254735 	-63.427486 	-58.100320 	-58.043080 	-58.941961 	-61.232194 	-59.036382 	-58.465424 	
9.696684 	-1.819548 	-14.467888 	-19.581477 	-49.945233 	-58.728720 	-56.716946 	-58.566086 	-57.280315 	-57.253805 	-58.701628 	-57.562014 	-57.079767 	-59.352438 	
9.796568 	7.853147 	3.692960 	5.103554 	-3.363877 	-8.064258 	-13.348671 	-14.336276 	-57.769972 	-59.040610 	-61.047646 	-59.715452 	-63.198688 	-59.459461 	-59.631490 	-58.209259 	-59.504481 	-61.080509 	-59.284922 	-61.507577 	-57.697926 	-60.497548 	-57.447109 	-59.833840 	-59.440081 	-58.496993 	
