9.657501 	-9.958375 	-12.158618 	-19.657632 	-26.716943 	-42.491959 	-41.877781 	-42.486880 	-43.752354 	-47.243169 	-47.745543 	-50.388222 	-52.501573 	-54.894767 	
9.800396 	0.618886 	-14.153288 	-16.059249 	-19.497603 	-21.217312 	-32.592132 	-43.872772 	-49.281412 	-52.275842 	-54.469902 	-59.073976 	-58.202624 	-60.423722 	-59.532035 	-57.921375 	-57.250033 	-57.283718 	
10.052079 	6.531547 	6.058587 	-14.304817 	-14.526781 	-15.075680 	-16.735777 	-17.565326 	-17.874496 	-18.118176 	-24.950549 	-22.562190 	-24.975925 	-24.989146 	
9.767728 	7.131703 	0.045028 	-4.412225 	-7.055567 	-6.548064 	-14.998897 	-13.859792 	-29.181526 	-33.773815 	-37.978804 	-40.428190 	-42.963366 	-43.214924 	-43.902456 	-43.835192 	-47.451291 	
9.616258 	-8.636446 	-18.330041 	-23.420180 	-26.498484 	-29.985631 	-34.518235 	-37.943288 	-43.157673 	-46.124233 	-51.168107 	-56.853107 	-58.529218 	-60.135187 	-58.995343 	-58.473846 	-57.550040 	-58.219673 	-59.437712 	-58.624366 	-59.460031 	-58.549725 	-58.075954 	
9.672558 	-0.375082 	-3.041463 	-12.778492 	-22.962471 	-24.923457 	-33.724521 	-40.061396 	-41.375883 	-51.412042 	-55.133211 	-58.047122 	-56.834458 	-57.240689 	-59.083335 	-60.736559 	-57.577319 	-60.795698 	-58.031812 	-57.230708 	
9.674643 	3.063577 	-1.188505 	-5.616933 	-5.551328 	-5.256986 	-7.063186 	-14.773905 	-16.560531 	-15.190198 	-14.758149 	-21.516872 	-19.814814 	-19.963436 	-19.852997 	-20.704714 	-20.765092 	-20.059052 	-22.114102 	-24.783375 	-23.073937 	-26.325723 	
9.697142 	7.160117 	0.590143 	-4.147485 	-4.024727 	-11.753206 	-16.375518 	-24.355628 	-23.701942 	-25.495657 	-33.274406 	-50.743701 	-53.079736 	-54.449124 	-53.910278 	-55.621524 	-56.735648 	-57.247720 	-58.283963 	
10.041724 	0.558079 	-1.420452 	-6.693625 	-11.877691 	-23.093172 	-30.005642 	-35.253421 	-36.719997 	-41.760098 	-41.137425 	-52.790114 	-53.280266 	-57.981337 	
9.834630 	3.476771 	2.569504 	3.275028 	0.874442 	-8.229160 	-11.165856 	-11.543406 	-15.505244 	-14.200355 	-24.902871 	-26.934161 	-31.028976 	-30.669378 	-35.085931 	-34.630070 	-38.023553 	
9.856536 	6.338699 	-2.929105 	-1.787985 	-7.708264 	-10.995269 	-16.826266 	-26.610531 	-26.347564 	-27.108703 	-37.170173 	-39.704521 	-36.908522 	-37.522734 	-40.387032 	
9.666386 	7.997383 	2.032228 	-5.992895 	-19.428833 	-15.197608 	-24.624359 	-24.563828 	-30.221968 	-32.260046 	-35.591751 	-35.600498 	-37.246700 	-36.330062 	-37.298015 	-41.725122 	-41.375769 	-47.279554 	-46.093393 	-50.524782 	-52.525295 	
9.610663 	6.435696 	-1.725004 	-35.245075 	-52.336553 	-58.812201 	-59.391075 	-57.984779 	-58.537001 	-57.824087 	-58.138408 	-57.747176 	-62.933643 	-58.712705 	-59.726234 	
9.709693 	-0.583334 	-7.750206 	-8.651213 	-14.912573 	-22.544052 	-25.221076 	-36.387611 	-34.180057 	-43.610254 	-49.155898 	-53.067475 	-55.260925 	-54.608940 	-55.653756 	-57.030422 	
9.956858 	6.272694 	4.730422 	-13.128451 	-22.751280 	-24.327007 	-33.396999 	-34.133067 	-41.128174 	-47.005791 	-44.317950 	-46.071553 	-46.782925 	-52.420644 	-54.622017 	
9.602591 	6.615477 	5.930025 	-32.100650 	-32.352224 	-43.641169 	-58.429671 	-60.691676 	-58.495428 	-64.141264 	-58.655517 	-58.450062 	-59.861172 	-59.205671 	-59.342430 	-60.348209 	-60.466746 	-63.491950 	-58.059863 	-59.274831 	
9.765175 	5.626257 	3.222821 	-2.483702 	-4.467682 	-7.097853 	-11.156659 	-15.496411 	-23.398427 	-27.789299 	-29.495847 	-36.123692 	-39.686560 	-40.223870 	-39.386814 	-43.505857 	-43.163162 	-43.792321 	-43.700548 	-48.014698 	-49.802304 	-53.692030 	
9.411715 	-2.939895 	-9.484023 	-15.558852 	-19.150745 	-20.399183 	-37.510263 	-39.462786 	-49.338617 	-56.000084 	-57.907075 	-56.792545 	-59.097598 	-57.235955 	-57.888900 	-57.686138 	-57.890985 	-57.932062 	-58.898879 	
9.905114 	-12.592359 	-17.789490 	-46.573368 	-51.140334 	-54.222167 	-52.217917 	-54.041366 	-55.246997 	-55.849469 	-55.936822 	-56.517694 	-58.427691 	-58.850503 	-56.168932 	
9.775299 	1.256480 	0.777618 	-1.506199 	-6.200254 	-8.737365 	-6.036056 	-5.216166 	-8.317859 	-6.546669 	-6.885929 	-8.650088 	-11.919083 	-13.443081 	-12.155326 	-14.336595 	-10.917680 	-15.511802 	-14.984084 	-16.470760 	-19.484824 	-22.528323 	-22.912556 	-25.050398 	-26.371197 	-27.403802 	-27.836731 	-26.466234 	
