8.875622 	7.518788 	4.142014 	-9.598798 	-23.519006 	-35.623679 	-57.219091 	-58.377996 	-59.638079 	-57.510457 	-59.172187 	-56.987364 	-57.780638 	-58.151018 	
9.950004 	1.366453 	-6.734755 	-12.364682 	-16.186668 	-21.637800 	-24.265539 	-29.885573 	-32.384594 	-46.499541 	-51.383276 	-55.607160 	-56.214821 	-56.449988 	
9.651985 	4.150995 	4.190317 	1.681267 	-2.705523 	-3.333773 	-9.164182 	-11.647991 	-14.303148 	-20.790699 	-23.114467 	-23.686050 	-24.388815 	-23.905912 	-26.463950 	-30.511893 	-31.358843 	
9.958251 	3.104789 	-0.267407 	-8.537784 	-12.400647 	-18.176034 	-28.059417 	-45.752009 	-49.781333 	-53.853614 	-57.727696 	-55.902952 	-54.863126 	-55.698311 	-58.474089 	-56.414993 	-57.690177 	-57.121089 	
9.727088 	-1.883267 	-30.623816 	-37.556174 	-40.460287 	-44.553834 	-49.126849 	-50.122102 	-51.295845 	-50.935904 	-56.858598 	-54.873866 	
9.871198 	-4.787017 	-13.328990 	-18.728491 	-24.566118 	-23.292697 	-32.238676 	-38.601823 	-39.637872 	-38.954081 	-40.099750 	-45.152326 	-46.344569 	-49.828514 	
9.508424 	-0.156806 	-9.440922 	-23.946822 	-47.120631 	-49.044055 	-48.465113 	-52.399416 	-56.843139 	-58.187003 	-56.691127 	
9.759141 	-7.382955 	-10.669840 	-11.127424 	-13.945554 	-18.439745 	-21.206665 	-21.511475 	-32.151058 	-33.092061 	-33.731381 	-31.925600 	-36.430962 	-34.279824 	-34.995201 	-33.433764 	-39.325575 	-40.882084 	
9.993802 	2.057344 	2.871691 	-5.612926 	-11.886863 	-14.992999 	-23.725130 	-29.414335 	-30.800708 	-28.969247 	-36.059834 	-54.739470 	-58.277510 	-57.872840 	-59.431491 	-56.624118 	-56.907982 	-57.492047 	-59.124846 	-60.003334 	-58.615755 	-59.258974 	-59.056172 	-58.783754 	-58.059492 	-59.502276 	-58.393878 	
10.299163 	-26.240221 	-25.780619 	-47.470489 	-58.606463 	-56.767711 	-56.836189 	-58.570856 	-58.674484 	-58.556682 	-57.079557 	-64.049441 	-58.316194 	-64.923360 	-59.014276 	-59.183390 	-58.589855 	-56.830650 	
9.636479 	-1.014257 	-4.628516 	-5.819986 	-5.628049 	-6.831483 	-7.281556 	-9.262082 	-11.838326 	-13.650081 	-20.470288 	-36.195492 	-40.863141 	-55.141156 	-54.833832 	-55.890329 	-56.870747 	-56.645352 	-60.303622 	-56.887866 	-57.656158 	-58.588498 	-57.046070 	-57.995616 	
9.579372 	0.133480 	-6.177820 	-12.071418 	-32.360293 	-33.909037 	-40.071688 	-46.512016 	-50.311094 	-53.290855 	-50.949319 	-58.473920 	-57.857180 	-57.134002 	-58.184679 	-57.987784 	-58.247787 	-61.670891 	-59.417260 	-61.434862 	-58.136141 	-58.098189 	-62.125418 	-63.208078 	-58.974633 	
9.831802 	6.316989 	-7.127485 	-8.437543 	-13.831636 	-16.206875 	-15.337220 	-29.998484 	-32.701451 	-30.838818 	-34.566674 	-38.559289 	-32.678719 	-34.298559 	-36.380685 	-36.562286 	-38.174696 	-39.798992 	-41.682167 	-39.051306 	-41.265134 	-45.530568 	
9.628746 	0.586767 	-2.701041 	-4.533614 	-10.512730 	-14.798948 	-14.582818 	-25.358152 	-32.879315 	-35.115675 	-57.655503 	-57.835535 	-58.061051 	-57.804251 	-58.746948 	-57.774060 	-58.308983 	
9.039635 	9.145513 	-12.540915 	-21.252152 	-28.628363 	-36.148981 	-56.605069 	-57.731261 	-59.287751 	-58.230406 	-60.185989 	-59.600271 	-58.417803 	-58.100044 	-58.718934 	-59.679658 	-58.562207 	-60.912999 	-58.866813 	-60.521398 	-58.625509 	-60.980986 	-59.767958 	-60.370463 	
9.861922 	4.103243 	2.639179 	-1.720056 	-4.576182 	-9.776915 	-12.181663 	-9.510681 	-11.870312 	-10.549572 	-13.092673 	-11.848480 	-15.447010 	
10.230525 	4.637286 	-16.115043 	-27.763283 	-36.732548 	-33.674054 	-53.168660 	-56.798440 	-59.148428 	-58.498047 	-59.783598 	-58.932844 	-59.108968 	-58.854061 	-59.301812 	-58.401540 	-59.075858 	-60.685877 	-58.645229 	-59.908736 	-57.881157 	-59.164101 	-58.812628 	-60.004763 	-56.956755 	-58.044397 	-57.943004 	
9.720150 	6.169625 	0.934796 	1.687554 	-2.505475 	-24.738387 	-28.076655 	-27.892927 	-34.214950 	-35.444708 	-35.782073 	-37.322858 	-39.138119 	-39.772663 	
9.636461 	-3.137635 	-12.874817 	-15.797965 	-20.498557 	-23.320293 	-35.203660 	-37.341710 	-36.932145 	-43.815905 	-43.347559 	-44.914228 	-48.140371 	-49.564095 	-50.080749 	
9.324223 	1.134323 	2.740708 	2.082528 	-2.315575 	-3.917636 	-4.691761 	-12.348492 	-10.115544 	-15.366160 	-27.070241 	-24.234462 	-28.480521 	-26.407765 	-29.281066 	-28.877963 	-31.756068 	-33.218530 	-35.156078 	
9.457873 	-2.266914 	-19.056726 	-39.309808 	-39.983575 	-58.497840 	-57.632921 	-59.390715 	-58.049433 	-59.302355 	-59.418349 	-59.498249 	-57.909280 	-57.629129 	-60.987328 	-59.240669 	-59.514569 	-57.354548 	-58.207600 	
9.391793 	3.127444 	-3.086833 	-4.100222 	-7.173133 	-10.899253 	-23.762495 	-28.556612 	-34.995000 	-46.889482 	-57.390010 	-59.644424 	-59.824606 	-58.920782 	-59.846352 	-57.669956 	-59.204827 	-61.128424 	-60.306963 	-59.069516 	-60.865277 	-58.814354 	-58.731924 	-59.458911 	-58.538723 	
