9.512549 	5.012384 	-1.809975 	-24.748893 	-32.122960 	-54.681126 	-57.887487 	-59.071618 	-60.505256 	-59.628081 	-61.929555 	-57.455056 	-58.885259 	-58.783046 	-63.203944 	-60.448967 	-59.300023 	-58.823381 	-58.280440 	
9.931132 	-2.828647 	-19.417358 	-60.301271 	-58.823604 	-60.319032 	-57.742324 	-59.666744 	-60.142191 	-58.147734 	-57.199220 	-59.277865 	-58.394453 	-58.491154 	
9.915704 	5.064638 	3.275974 	-2.048279 	-2.851528 	-6.824302 	-17.465291 	-20.976542 	-27.866798 	-34.147746 	-30.146608 	-52.594405 	-54.693892 	-55.516927 	-56.887274 	-56.456678 	-57.280105 	-56.882922 	-57.162853 	
9.591389 	2.600434 	-8.109079 	-12.114909 	-30.593613 	-37.399634 	-55.540526 	-58.297545 	-59.995729 	-59.529021 	-58.134128 	-60.168785 	-58.721066 	-60.875580 	-58.399572 	-58.853885 	-60.833415 	-58.961923 	-58.367940 	-58.342950 	
9.842514 	-24.982388 	-30.804363 	-40.689311 	-45.850290 	-58.279170 	-59.094161 	-59.416554 	-57.372820 	-58.899436 	-59.645341 	-57.724245 	
9.800166 	-4.356097 	-7.095107 	-51.225628 	-58.036355 	-59.832366 	-60.409152 	-59.471846 	-59.730917 	-58.171640 	-57.943179 	-58.022938 	
10.270998 	-32.768829 	-42.403423 	-53.074762 	-57.608921 	-58.065494 	-61.191420 	-60.097925 	-59.130637 	-59.652835 	-59.965550 	-58.322149 	-57.925962 	-57.843936 	-57.956411 	-58.555058 	-57.844860 	-58.379246 	
9.825614 	5.448765 	-5.699569 	-27.376662 	-33.451783 	-58.564383 	-57.955611 	-58.658150 	-58.518618 	-59.750137 	-59.658145 	-58.501471 	-58.769138 	-58.042812 	-58.014399 	
9.700905 	-0.979764 	-8.913954 	-48.238636 	-51.648556 	-58.973764 	-60.085621 	-57.526538 	-58.882224 	-59.377704 	-58.720450 	-62.714252 	-59.308341 	
9.681627 	0.682565 	-1.249712 	-4.170457 	-10.959640 	-21.790466 	-22.487708 	-35.525003 	-45.954751 	-52.677669 	-58.556372 	-58.755101 	-60.282505 	-57.840771 	-59.815177 	-58.233482 	-57.993278 	-60.122421 	-61.884075 	-59.001825 	-63.423160 	-64.892119 	
10.105039 	-6.278286 	-12.526161 	-14.577637 	-18.851655 	-20.453619 	-35.070345 	-42.866645 	-46.078375 	-58.720740 	-58.639913 	-61.214512 	-58.899647 	-57.452910 	-58.014570 	-58.042084 	-57.587173 	-57.564006 	
9.879998 	-4.435641 	-6.785039 	-10.591097 	-17.424729 	-16.323481 	-23.946599 	-30.720138 	-34.024452 	-45.646082 	-49.342663 	-49.190230 	-51.538592 	-54.042240 	-56.349836 	-54.664300 	-60.910063 	
9.940284 	-2.815652 	-7.121453 	-9.703290 	-10.025790 	-20.362826 	-22.499884 	-29.512562 	-31.717762 	-30.772573 	-36.652406 	-45.524908 	-49.974119 	-51.182791 	-57.891729 	-60.150286 	-58.609402 	-57.051225 	-57.621822 	-56.951968 	-57.669140 	
9.542584 	0.577199 	-13.018807 	-15.269825 	-15.693639 	-30.432778 	-30.979505 	-32.264902 	-32.940302 	-41.635545 	-42.231349 	-43.907976 	-49.079342 	-50.287679 	-53.419916 	-58.169500 	-55.774351 	-60.052628 	-56.668875 	-58.939361 	
10.096224 	0.321551 	-8.402602 	-10.624160 	-15.467300 	-20.454165 	-29.532935 	-32.065579 	-33.213482 	-32.144405 	-35.691376 	-33.815262 	-37.688989 	-36.852999 	-41.558552 	-46.386717 	-47.415040 	-55.210655 	-55.576210 	-55.885042 	-57.215813 	-54.807334 	-59.968860 	
9.856958 	-17.268973 	-25.429344 	-26.292573 	-39.458937 	-40.641204 	-50.618628 	-57.883971 	-58.551786 	-58.765872 	-60.699579 	-59.053272 	-58.695223 	-58.303639 	-59.990003 	-58.820417 	-58.525775 	-58.068054 	
9.505224 	-1.332213 	-5.270901 	-6.304140 	-6.603266 	-7.815585 	-9.679871 	-10.541448 	-17.135070 	-28.933239 	-30.772127 	-33.693346 	-34.349416 	-34.360139 	-35.235789 	-34.790518 	-36.481642 	-39.790040 	
9.792786 	-4.589308 	-20.547798 	-42.288064 	-41.402108 	-45.646735 	-49.690878 	-55.445283 	-56.639204 	-58.948705 	-58.015432 	-58.006891 	-57.679565 	-57.821516 	
9.668688 	1.540834 	-6.212663 	-9.977522 	-14.265492 	-14.629639 	-12.801408 	-15.711432 	-15.323111 	-15.799105 	-15.896760 	-20.044040 	-41.220395 	-42.635839 	-46.210949 	-45.805102 	-49.364285 	-50.538071 	-53.228103 	-53.301273 	-54.237415 	-55.182197 	-57.944413 	-57.036872 	-57.918953 	
9.536991 	-12.036617 	-18.463011 	-29.230743 	-29.431889 	-39.649063 	-50.214579 	-59.485107 	-58.933401 	-58.303762 	-58.885884 	-58.390423 	-57.690453 	-58.783222 	
