9.879635 	3.247895 	-58.298722 	-60.238239 	-60.510231 	-58.683979 	-57.221778 	-57.989357 	
10.089309 	-4.911073 	-28.518279 	-57.302546 	-59.487629 	-57.967546 	-60.048332 	-57.661581 	-60.428950 	-59.185343 	-61.208500 	-58.318235 	-61.405739 	-59.850964 	-57.811157 	-58.931857 	-60.184707 	
9.978394 	-2.239852 	-11.365518 	-17.125240 	-33.274391 	-57.274191 	-61.559270 	-59.687976 	-58.776124 	-57.222204 	-59.441606 	-57.283374 	-58.845376 	-58.860496 	-61.005280 	-59.393276 	-60.189820 	-58.637266 	-58.636539 	
9.794421 	-49.709237 	-57.019858 	-60.146140 	-61.408580 	-61.597749 	-57.925242 	-58.126124 	-58.329592 	-59.755030 	-61.736966 	-59.055692 	-58.371225 	-59.567751 	
9.610017 	-7.067436 	-58.604321 	-59.063593 	-58.691374 	-60.916780 	-59.094798 	-59.985013 	-58.568277 	-58.931966 	-57.679077 	-59.033129 	
10.141048 	-59.535808 	-57.600508 	-58.402924 	-59.020253 	-57.739448 	-59.209215 	-59.722303 	-58.699715 	-59.667116 	
9.525709 	-0.061500 	-8.173331 	-13.727344 	-18.409863 	-19.415829 	-21.941389 	-38.654503 	-37.732945 	-49.108980 	-49.427757 	-50.230248 	-51.821534 	-56.252987 	-58.047098 	-57.099925 	
9.707907 	-3.554044 	-13.683421 	-38.584491 	-42.137433 	-43.531879 	-58.223434 	-61.439741 	-57.803842 	-61.646283 	-59.828392 	-60.271561 	-58.843398 	-57.894265 	-58.191476 	-60.023576 	-59.478379 	-58.862152 	-59.153188 	
10.045148 	3.615332 	-3.612889 	-7.583967 	-37.623635 	-38.778341 	-54.056553 	-57.106334 	-56.683976 	-59.455497 	-58.979747 	-57.541094 	-56.724733 	
10.255442 	-0.370067 	-14.099782 	-20.484348 	-37.351783 	-42.936609 	-50.236180 	-53.243073 	-59.018311 	-58.936728 	-58.451056 	-60.290021 	-58.655496 	-57.121100 	-59.141016 	-58.416200 	-59.468473 	-58.397430 	-57.895450 	
9.732863 	0.565685 	2.272952 	-6.974607 	-7.721808 	-15.311250 	-42.483933 	-57.993158 	-58.019571 	-61.232126 	-58.686339 	-56.905511 	-60.032558 	-57.985092 	-58.548934 	
9.770558 	-10.902951 	-17.258747 	-36.313582 	-39.614497 	-39.957906 	-57.799717 	-62.358083 	-58.247609 	-57.987110 	-57.715076 	-58.763121 	-62.435459 	-58.482582 	-58.953216 	-62.638205 	
9.546309 	7.434904 	-13.049213 	-19.746805 	-26.467244 	-39.790766 	-40.962845 	-41.136236 	-46.501425 	-51.298724 	-55.089417 	-55.109179 	-54.744148 	-57.315043 	-56.593071 	-58.433071 	-57.869764 	-59.978715 	-56.961977 	-59.601960 	-58.743812 	-57.733137 	-59.199711 	-60.515382 	
9.466081 	8.262804 	3.481800 	-5.240484 	-13.003780 	-22.897328 	-24.505440 	-60.688843 	-60.044583 	-59.406499 	-60.829273 	-57.664096 	-58.935736 	-60.035652 	-59.911775 	-59.141472 	-59.589948 	-58.292115 	-59.331072 	-57.981167 	-61.243854 	-58.955446 	-61.209514 	
10.092608 	-57.843457 	-60.278192 	-58.787570 	-58.120265 	-58.932039 	-58.296324 	-58.554544 	-58.774662 	-60.941767 	-58.235356 	-58.503643 	-59.025707 	-57.364764 	-58.491405 	-57.781542 	
9.904944 	-0.604220 	-45.773491 	-58.350444 	-58.618672 	-61.002141 	-57.340310 	-58.377928 	-58.411021 	-58.177618 	-58.786944 	-59.615701 	-60.585934 	-60.032079 	-58.502880 	-59.449930 	-58.020201 	-59.321669 	-60.035365 	-58.674150 	-57.918742 	
9.298314 	-20.213230 	-20.092086 	-24.169871 	-31.273806 	-33.250403 	-47.300912 	-53.185378 	-51.580390 	-58.906483 	-60.084817 	-59.839636 	-60.865987 	-60.610545 	-58.645030 	-58.234340 	-59.557057 	-58.501099 	-60.952025 	-58.687167 	
10.246846 	-13.301978 	-25.199565 	-33.023446 	-44.178824 	-58.563164 	-57.210040 	-58.622063 	-58.649794 	-58.364499 	-57.288748 	-58.568469 	-59.024018 	-61.144046 	
9.988820 	-57.671373 	-60.075714 	-58.877713 	-61.010072 	-58.910044 	-59.520320 	-59.606596 	-63.219738 	-59.737164 	-59.492992 	-58.631234 	-58.069409 	-58.660329 	-59.836059 	-58.992355 	-59.355988 	-58.924226 	-58.276165 	-59.380874 	-59.678198 	-58.449699 	
10.254985 	-32.316084 	-51.060678 	-58.663156 	-56.394440 	-56.979788 	-59.767629 	-57.162605 	-57.482915 	-60.306004 	-57.776946 	-57.989996 	-58.068978 	-57.555790 	-58.902816 	-57.215464 	-55.913501 	
