10.060743 	-17.056752 	-18.090296 	-39.235904 	-58.832029 	-57.852577 	-59.358035 	-59.086636 	-58.308928 	-61.009108 	-62.021655 	-59.033817 	-61.736559 	-57.727570 	-58.768118 	
9.640731 	-1.612787 	-7.648934 	-9.077836 	-23.087396 	-35.386288 	-60.789034 	-60.125301 	-59.934375 	-58.998627 	-57.389646 	-58.047866 	-58.114434 	-59.662920 	-59.593978 	-59.316104 	
9.662214 	-12.983574 	-46.491828 	-57.697789 	-60.053257 	-58.089877 	-58.909904 	-59.395420 	-61.574686 	-58.145302 	-58.146660 	-58.364846 	-58.888291 	-59.357953 	-64.145300 	-58.625106 	-60.465478 	
9.427523 	2.068986 	-5.136913 	-12.411292 	-20.469011 	-19.868488 	-25.568859 	-23.764272 	-28.130875 	-29.363722 	-30.565841 	-30.756493 	-34.387865 	-37.844935 	-44.346836 	-44.652405 	-43.970483 	-44.505566 	-45.784101 	-48.879469 	-47.660563 	-50.850448 	
10.000512 	3.605218 	0.768450 	-13.824451 	-13.803676 	-16.879807 	-20.937237 	-30.421348 	-31.200727 	-42.684135 	-59.379397 	-60.883342 	-60.128728 	-56.994389 	-57.729962 	
10.157694 	-57.485062 	-57.411930 	-58.778405 	-57.358283 	-60.345554 	-58.733905 	-58.504906 	-58.779964 	-59.092159 	-57.040866 	-58.311122 	-58.947976 	-60.422098 	-57.895343 	-58.227221 	-57.928821 	
9.759248 	-22.518230 	-58.114689 	-60.121190 	-59.428820 	-61.232642 	-62.333397 	-59.140135 	-58.448959 	-60.251377 	-61.473849 	-61.489501 	-60.959930 	-58.293313 	-58.794936 	-60.710530 	-59.331072 	-59.597921 	-58.572816 	-58.486385 	-59.239754 	-60.160385 	-59.801947 	
9.985520 	-12.436098 	-17.270444 	-35.251986 	-35.589713 	-43.781334 	-45.488667 	-50.808599 	-58.528445 	-57.567236 	-59.604089 	-61.302679 	-58.219303 	-57.809873 	-60.151048 	-59.493125 	-60.423867 	-60.530527 	-59.373583 	-62.000405 	-60.313977 	-60.322512 	-58.033701 	-57.800691 	-58.579341 	-58.256632 	
9.638751 	5.629929 	-1.718796 	-23.416800 	-60.132656 	-59.089200 	-60.867917 	-62.299483 	-58.065278 	-59.516778 	-60.652991 	-57.527874 	-59.204673 	-58.433477 	-61.594749 	-58.542603 	-57.539670 	-60.826825 	-60.031287 	-60.607798 	-58.907580 	
9.810634 	-5.655837 	-15.205401 	-23.044388 	-57.248011 	-58.638550 	-60.852962 	-58.879546 	-59.669929 	-61.547289 	-58.004038 	-59.879793 	-57.985571 	-58.708408 	-59.378829 	-59.114348 	-57.173987 	-59.078998 	-59.233568 	-57.437691 	-57.903274 	
9.452869 	-11.697786 	-20.594357 	-32.685608 	-42.023984 	-51.620085 	-57.644281 	-61.624518 	-59.060282 	-59.200592 	-59.440831 	-58.283071 	-58.331297 	-58.253942 	-58.887838 	-58.397810 	-57.986097 	-59.646300 	-58.846379 	-59.327693 	-58.657692 	-57.939630 	-58.994593 	-57.952173 	-61.381795 	-58.120356 	-60.066388 	-60.307433 	
10.213403 	-12.318436 	-26.536480 	-26.685357 	-32.123950 	-30.304977 	-34.768854 	-57.626741 	-58.344743 	-58.212015 	-56.512450 	-57.911572 	-57.757560 	
9.795158 	-38.192982 	-42.031490 	-55.543364 	-57.979099 	-58.716748 	-60.116999 	-61.143025 	-59.365836 	-59.241428 	-59.771524 	-60.097623 	-61.868689 	-59.143239 	-59.608465 	-59.990409 	-62.190985 	-60.808970 	-58.648168 	-60.964439 	
9.506459 	-22.572451 	-42.656432 	-43.509963 	-59.717931 	-59.568760 	-59.295408 	-61.616770 	-57.944893 	-58.972018 	-60.499956 	-58.118436 	-59.611407 	-62.028155 	-59.199213 	-67.333717 	
9.780693 	-5.143613 	-5.863556 	-8.818245 	-17.567236 	-21.574802 	-37.579785 	-48.926068 	-50.810848 	-52.800205 	-61.228234 	-56.781160 	-61.668872 	-57.462917 	-59.210895 	-58.053715 	-57.580397 	-58.551039 	
9.593716 	-21.842576 	-27.464284 	-28.170168 	-55.770739 	-58.617046 	-59.543685 	-60.495457 	-59.067868 	-59.012120 	-58.444385 	-58.383406 	-58.567173 	-58.074493 	-57.800109 	-62.401241 	-58.279995 	-58.030027 	
9.501276 	-2.579458 	-23.187973 	-40.273680 	-46.390407 	-58.344607 	-58.072242 	-57.866199 	-61.902843 	-60.397749 	-59.652938 	-59.944512 	-57.781659 	-59.802797 	-58.556768 	-59.365208 	-60.559677 	
9.802224 	-6.208711 	-17.069341 	-20.838975 	-23.164271 	-58.791391 	-57.368085 	-63.028604 	-59.620928 	-58.703720 	-60.283388 	-60.817925 	-57.792148 	-59.206275 	-59.159784 	-61.014589 	-58.581164 	-58.267438 	-58.419039 	-60.355611 	-58.377400 	
9.606260 	-8.170887 	-14.846351 	-24.575738 	-41.526811 	-58.426763 	-58.026910 	-60.821770 	-59.572977 	-62.171977 	-58.946233 	-60.066383 	-58.719266 	-58.530562 	-59.499339 	-61.030596 	-58.554606 	-62.049835 	-58.973709 	-59.195982 	-60.783279 	-59.771371 	-58.853434 	-59.855719 	-59.877014 	
9.719511 	-18.237688 	-21.592688 	-26.766250 	-58.734765 	-58.880706 	-59.808488 	-58.913506 	-62.135315 	-58.624919 	-59.151352 	-58.416840 	-60.687852 	-60.065834 	-59.976045 	-58.257070 	
