9.201739 	-23.491279 	-60.676604 	-58.081564 	-60.494536 	-57.381150 	-56.818957 	-57.703617 	-60.388555 	-60.304135 	
9.838556 	5.773498 	-5.322363 	-12.722572 	-28.062309 	-33.634308 	-39.356723 	-47.179498 	-49.877981 	-59.261300 	-59.370483 	-59.101051 	-59.573123 	-58.659091 	-58.346101 	-59.520215 	-60.990924 	-58.406026 	-61.806762 	-57.550840 	-62.028013 	
9.696866 	-6.194923 	-5.335478 	-9.088318 	-18.422967 	-24.591710 	-27.624989 	-57.289443 	-58.113859 	-57.150639 	-57.881337 	-59.671145 	-58.010743 	-58.769881 	-57.834521 	-60.172591 	-57.599013 	-58.763185 	
9.840934 	-1.767275 	-7.608317 	-10.966753 	-18.512919 	-24.269753 	-33.428819 	-35.015371 	-40.480039 	-57.466623 	-59.325747 	-57.335632 	-57.581977 	-56.288049 	-57.273426 	-59.483658 	-56.885623 	-56.352635 	
9.574333 	-4.260478 	-3.970976 	-6.227227 	-7.615471 	-17.018068 	-25.582636 	-33.130703 	-49.014165 	-49.491063 	-58.275614 	-59.200878 	-59.051890 	-59.087349 	-59.571835 	-58.968252 	-58.913103 	-58.453336 	-58.121804 	-58.382787 	-58.447146 	
9.724197 	4.090063 	-11.637670 	-31.096754 	-29.422334 	-32.240527 	-33.116517 	-38.759132 	-47.830932 	-47.134977 	-58.610567 	-57.619382 	-59.343100 	-58.912145 	-60.102620 	-59.297318 	-58.524225 	-59.073897 	-59.972441 	-58.944048 	-58.843190 	-59.091040 	-59.014781 	-58.846187 	-58.699309 	-60.274154 	-57.754840 	
9.628330 	0.380408 	-1.880331 	-14.604379 	-28.168307 	-27.445425 	-29.556354 	-28.343661 	-59.521843 	-56.309600 	-57.549745 	-57.056528 	-57.658467 	-61.379617 	
9.691076 	-2.630314 	-35.590129 	-48.085838 	-56.404267 	-58.630484 	-57.947292 	-58.419945 	-57.944001 	-58.746146 	-58.465713 	-58.913436 	-59.412422 	-59.129534 	-58.939400 	-60.608465 	-58.050427 	
9.870313 	-1.146860 	-13.740286 	-17.164774 	-18.979696 	-26.919040 	-34.528292 	-41.432834 	-49.813036 	-59.045852 	-58.650176 	-58.902769 	-60.011335 	-58.966286 	-60.562100 	-56.850132 	-58.264554 	-63.929077 	-58.467259 	
9.586635 	1.999683 	-7.504182 	-7.616964 	-20.587176 	-25.556094 	-30.882359 	-35.176989 	-44.516494 	-46.818696 	-50.972750 	-48.541858 	-50.802345 	-51.201779 	-57.245854 	-57.507641 	-58.215049 	-57.376717 	-58.263186 	-56.842049 	
9.954743 	2.875798 	-0.392009 	-7.262894 	-26.676049 	-39.671546 	-48.499693 	-52.293584 	-58.937283 	-58.269050 	-57.306664 	-57.566445 	-59.188916 	-57.772493 	-59.222164 	-57.560268 	-60.265187 	-58.814796 	-57.878867 	-58.465050 	
10.158523 	2.770922 	2.615374 	-5.409421 	-25.346181 	-30.702656 	-36.803917 	-46.897284 	-58.607413 	-58.168712 	-59.282367 	-60.169076 	-58.133552 	-58.564317 	-57.810365 	-58.237984 	
9.853375 	1.165485 	-16.768998 	-22.892932 	-26.337163 	-33.014605 	-33.083583 	-37.427362 	-43.900192 	-51.445904 	-56.960172 	-60.250426 	-58.050003 	-58.148709 	-58.719695 	-59.232708 	-58.768051 	-59.278330 	-60.813522 	-58.902855 	-57.157282 	
9.644031 	4.437920 	-7.826296 	-17.175671 	-15.824830 	-26.715263 	-35.938244 	-58.157058 	-61.074960 	-61.080800 	-58.758823 	-60.977723 	-59.620057 	-58.473224 	-57.824464 	-58.082106 	-58.297413 	-58.454018 	
9.681035 	-13.648724 	-23.268479 	-26.126233 	-45.058282 	-58.813078 	-59.531132 	-58.408992 	-58.942552 	-59.961070 	-57.995264 	-58.074255 	-60.665321 	-59.235595 	-59.309569 	-58.000057 	
9.930830 	1.542677 	-6.225699 	-11.122558 	-19.980512 	-25.256692 	-36.355105 	-38.077241 	-57.885424 	-55.669106 	-57.632628 	-57.584859 	-58.850760 	-57.951666 	-57.037168 	-58.182678 	-57.807085 	-56.406407 	-57.723893 	
9.269913 	-13.472150 	-18.056836 	-18.476628 	-28.058551 	-30.391843 	-31.845542 	-49.624249 	-49.549760 	-61.885049 	-55.472505 	-57.856863 	-56.794448 	-58.630502 	-61.336171 	-58.238711 	-59.264291 	-59.340448 	-58.271228 	-60.224895 	-59.400716 	-58.985779 	-59.315458 	
9.616008 	0.787639 	-2.980237 	-10.015040 	-12.996166 	-18.624863 	-33.291197 	-53.759810 	-58.721492 	-55.492856 	-57.921937 	-58.207776 	-56.878581 	-56.759864 	-56.775246 	-59.247632 	-57.537321 	-57.560492 	
9.939268 	-26.059126 	-34.731016 	-58.678289 	-59.508048 	-58.255858 	-58.738614 	-60.452623 	-57.842964 	-57.950824 	-58.828289 	-62.122119 	-60.896450 	-57.698622 	
9.846286 	4.093265 	4.066926 	-17.434374 	-23.174631 	-45.373256 	-55.229815 	-57.229601 	-59.071724 	-61.459402 	-58.599644 	-58.303920 	-61.142119 	-59.526915 	-59.113359 	-58.629350 	-58.690311 	-58.364583 	
