9.183357 	6.260847 	5.973438 	4.151276 	3.807239 	-3.768389 	1.400430 	-0.347524 	-1.575307 	-1.826367 	-0.918227 	-1.873254 	0.183458 	-0.990942 	-1.764959 	-1.050166 	-1.603096 	-0.827830 	-2.526483 	-1.183568 	-1.847953 	-2.039349 	-2.092496 	-2.063482 	-2.794328 	-3.148352 	-1.857804 	-3.106377 	-1.818774 	-1.719221 	-2.170140 	-3.445248 	-1.925566 	-2.069179 	-7.325899 	-3.110843 	-6.068027 	-1.924065 	-4.056515 	-2.595011 	-2.989595 	-2.709428 	-4.732724 	-4.420377 	-4.617735 	-3.983552 	-2.838984 	-4.222717 	-3.963643 	-3.622930 	-3.239917 	-3.729351 	-4.161573 	-5.613905 	-3.017941 	-2.717016 	-3.456629 	-5.056772 	-4.222662 	-4.752053 	-5.246228 	-3.828884 	-3.955761 	-4.593606 	
9.683737 	4.478642 	2.127600 	1.134100 	-0.663236 	-0.984740 	-3.419789 	-3.515122 	-5.212533 	-4.724363 	-7.821568 	-6.315349 	-8.330028 	
9.688193 	2.186213 	1.179369 	5.573724 	0.141193 	-6.762731 	-4.963301 	-8.227296 	-9.825013 	-9.750070 	-14.074291 	-13.722901 	-12.942876 	-16.431023 	-21.383305 	-22.633425 	-25.365470 	-29.349246 	
9.736890 	4.548999 	1.401654 	-7.675198 	-5.460827 	-11.890861 	-19.022698 	-20.135992 	-28.624199 	-30.451765 	-31.331082 	-33.537010 	-36.136834 	-41.316855 	-40.949772 	-39.810806 	
9.351371 	0.484005 	-14.058155 	-23.410568 	-25.188484 	-26.517308 	-27.582828 	-32.078211 	
9.420303 	5.500858 	5.119645 	3.083113 	3.148193 	0.818085 	-7.117471 	-3.780846 	-5.782020 	-11.246885 	-8.399674 	-13.800601 	-8.854496 	-9.625987 	-11.802863 	-14.532017 	
8.965091 	-0.234366 	-3.328874 	-3.996354 	-3.715974 	-5.494798 	-8.771093 	-6.713581 	-12.460657 	-11.567737 	-12.192854 	-15.049475 	-15.062483 	-16.627691 	-18.384690 	-20.630327 	-20.433619 	-24.534788 	-25.579089 	-29.994751 	-30.486156 	-32.219089 	-32.642335 	-33.979709 	
9.646547 	6.032651 	4.525158 	-6.706835 	-7.200527 	-6.631514 	-9.521095 	-8.655725 	-9.496688 	-8.579384 	-11.276616 	-12.704930 	-13.610905 	-13.405054 	
9.618135 	3.970429 	1.269369 	1.396481 	-0.548364 	-0.040549 	-0.306942 	-0.761403 	-9.032509 	-7.178519 	-10.273838 	-12.082992 	-14.028916 	-11.990101 	-13.330744 	
9.547514 	1.781843 	-0.108170 	2.332247 	0.691723 	-1.196049 	-1.052229 	-4.985474 	-3.824236 	-3.847070 	-6.957622 	-6.995323 	-8.137432 	-8.074375 	-8.391616 	-8.319347 	-8.818096 	-8.765402 	-8.815569 	-9.986858 	-9.702939 	
9.616362 	2.556788 	0.009809 	-0.264917 	-1.725773 	-1.222284 	-1.869119 	-4.594607 	-7.383816 	-10.207784 	-9.561790 	-14.607871 	-14.335173 	-15.070738 	-15.663890 	-18.704604 	-16.356481 	-17.575824 	-21.043680 	-20.437918 	-21.284375 	-21.685282 	-20.474830 	
9.433930 	4.933109 	-0.325890 	0.540204 	-2.257796 	-3.287908 	-6.223586 	-8.461165 	-8.514568 	-8.629430 	-10.986778 	-11.953049 	-11.870367 	-13.183800 	-13.677616 	
9.290966 	6.611182 	3.417880 	-0.121418 	-1.576475 	-8.961824 	-17.202219 	-30.943183 	-33.265157 	-43.934517 	-45.182617 	-51.018040 	-52.133138 	-55.893227 	-57.202052 	-56.932995 	-60.440585 	-57.106348 	-56.269831 	-57.606194 	
9.461237 	6.848691 	4.145666 	4.260440 	3.108353 	1.139899 	3.282005 	-0.533921 	0.070141 	-1.241254 	-0.282750 	0.877330 	0.247434 	-0.699710 	-0.661217 	-0.716321 	-4.006866 	-2.308899 	-0.938216 	-2.348014 	-3.103490 	-1.642265 	-1.398279 	-2.732687 	-1.755963 	-3.726686 	-4.779782 	-1.481394 	-1.728771 	-5.590697 	-3.748669 	-3.612677 	-6.495341 	-4.093818 	-4.297993 	-4.334710 	-3.465949 	-3.732191 	-3.961921 	-8.248046 	-5.383728 	-2.812482 	-4.454091 	-5.866025 	-5.403355 	-5.457163 	-3.145894 	-4.700980 	-4.939221 	-4.323173 	-6.653051 	-4.759381 	-4.621335 	-3.878548 	
9.633665 	-0.304072 	-5.897902 	-7.860693 	-16.029352 	-20.882573 	-23.209399 	-38.674489 	-38.218010 	-36.492751 	-41.610107 	-42.758133 	-42.500278 	-42.928986 	-44.756734 	-46.011169 	-49.765810 	-51.885278 	-52.669037 	-56.151105 	-58.735797 	-56.057454 	-56.664532 	
9.711193 	-0.248226 	-2.042399 	-3.511712 	-3.812513 	-6.734217 	-6.871696 	-7.619042 	-12.343341 	-12.004075 	-13.174191 	-13.285651 	-13.431349 	-15.038181 	-13.962884 	-12.752671 	-17.240997 	-15.712993 	-17.380872 	-16.716733 	-17.912976 	-18.073306 	-18.048047 	-17.398603 	-15.315514 	
9.508418 	2.961589 	4.526217 	2.425298 	3.707539 	0.812606 	-3.543814 	1.685277 	0.119543 	-0.058627 	0.545948 	0.684004 	0.391361 	-0.402653 	-1.819375 	0.167988 	0.070425 	-0.906987 	-2.410998 	-1.959782 	-0.797070 	-3.983923 	-0.754686 	-0.746410 	-4.358613 	-2.052239 	-0.359975 	-3.105321 	-1.190017 	-1.582445 	-0.971705 	-6.858496 	-1.730523 	-1.160489 	-0.710167 	-1.518105 	-2.227628 	-2.055768 	-3.798501 	-2.288904 	-3.221889 	-5.364377 	-2.997101 	-1.533804 	-1.825273 	-3.023035 	-3.330855 	-4.043224 	-6.144032 	-4.522974 	-7.960868 	-3.033171 	-4.479982 	-5.264970 	-3.562443 	-2.359230 	-2.857120 	-3.518139 	-5.684970 	-2.490324 	-3.944403 	-2.640003 	-3.376113 	-3.621212 	-3.913993 	-5.143762 	-2.311458 	-5.211676 	-4.514387 	-2.617910 	-5.290603 	-3.526195 	-2.295979 	-2.698802 	-4.903512 	-2.771938 	-4.806047 	-3.548545 	-4.319154 	-2.683347 	-3.124627 	-5.735345 	-3.692738 	-4.225718 	-5.884067 	-4.845640 	-5.518591 	-4.822137 	-3.315743 	-2.310783 	-3.817017 	-5.444304 	-6.644854 	-4.088804 	-3.245606 	-3.443941 	-5.787474 	-8.840280 	-3.952061 	-4.064523 	-5.295612 	-6.700716 	-3.806808 	-5.811282 	-4.320973 	-6.899515 	-3.454760 	-5.953682 	-4.052890 	-6.092468 	-4.359366 	-7.151933 	-3.932341 	-4.406414 	-6.944353 	-8.194909 	-6.515575 	-5.662232 	
