9.327699 	-16.939392 	-35.027494 	-35.597558 	-38.250874 	-36.594869 	-56.718503 	-58.366680 	-58.693963 	-58.757892 	-59.557083 	-59.118132 	-57.840151 	-58.239906 	-59.909927 	-59.620899 	-58.452914 	-61.536688 	-60.531830 	-59.968931 	-60.406531 	
9.712467 	-7.642688 	-8.766382 	-24.729432 	-27.531812 	-45.128708 	-58.842662 	-59.346561 	-58.045022 	-58.379726 	-59.603494 	-61.918670 	-61.784695 	-57.801637 	-57.940795 	
9.653604 	2.031414 	0.585653 	-3.924776 	-6.372483 	-12.645459 	-21.465683 	-41.632090 	-45.021934 	-49.791457 	-58.456601 	-60.764707 	-60.225992 	-59.773824 	-57.346636 	-57.675866 	-59.427176 	-58.856969 	-57.931324 	-61.288798 	
9.810993 	-15.466709 	-27.067912 	-27.916954 	-38.333503 	-58.038850 	-59.825535 	-58.273185 	-58.454911 	-58.926006 	-57.533075 	-58.371340 	-57.891021 	-63.964639 	
9.926812 	-2.825409 	-7.838056 	-12.561519 	-11.006264 	-13.189765 	-24.992445 	-36.687884 	-56.292697 	-59.030367 	-57.558309 	-59.966087 	-59.992866 	-59.579970 	-60.002265 	-59.375710 	-59.735947 	-58.954889 	-58.608387 	-59.466761 	-56.888621 	
10.105381 	3.138035 	-7.494832 	-23.608046 	-28.949275 	-29.686759 	-28.590671 	-39.844974 	-49.648798 	-59.120217 	-57.586841 	-60.496301 	-57.733763 	-58.659552 	-56.578778 	-57.500405 	-57.788753 	
9.651448 	-7.455484 	-14.751534 	-59.051595 	-58.928823 	-58.853167 	-59.543015 	-58.058037 	-58.328067 	-59.767863 	-59.487704 	-60.999816 	-58.921086 	
9.948740 	-4.992279 	-6.067308 	-9.576113 	-19.559028 	-27.999448 	-50.262174 	-53.803799 	-56.311012 	-57.756931 	-58.239905 	-58.209336 	-57.738265 	-58.102450 	-58.055849 	-58.975636 	
10.048718 	4.125833 	0.029980 	-7.535393 	-14.432196 	-26.267903 	-28.484130 	-29.442755 	-30.468587 	-54.582710 	-57.518227 	-58.230885 	-59.844775 	-56.868651 	-57.325997 	-59.661458 	-58.581385 	
9.924117 	2.956199 	-42.640083 	-56.022313 	-63.195073 	-58.227598 	-58.412950 	-58.041152 	-58.429985 	-58.271190 	-58.653234 	-59.525680 	
9.742143 	1.331485 	-16.492255 	-19.032383 	-37.648168 	-40.944956 	-57.882204 	-58.142539 	-59.933075 	-58.559240 	-63.801289 	-58.753993 	-59.975516 	-58.984191 	-57.525234 	-58.636248 	-57.832342 	-58.721623 	-58.277678 	
9.731353 	-11.298573 	-18.861961 	-58.665236 	-58.594839 	-57.941504 	-58.615079 	-60.511964 	-59.004308 	-58.497350 	-57.621016 	-60.307800 	
9.731326 	-19.983371 	-60.237649 	-59.112986 	-60.463813 	-58.218647 	-60.528122 	-58.088808 	-60.285674 	-58.931567 	-61.585065 	-58.901844 	-61.730284 	-58.064755 	-59.583081 	-61.586299 	-58.296178 	-61.291177 	-59.019010 	-59.937942 	-58.967278 	-58.567224 	-59.370063 	-60.052730 	-59.352689 	
9.884441 	-0.809384 	-14.160068 	-18.277463 	-57.124003 	-58.663472 	-58.356160 	-62.452442 	-60.650705 	-58.183733 	-58.419627 	-61.739133 	-58.429735 	-58.541728 	-61.341433 	
9.867778 	0.256582 	-2.732573 	-24.004878 	-32.557685 	-42.265441 	-58.003201 	-58.542168 	-58.384367 	-60.347055 	-58.403206 	-61.368018 	-59.816548 	-60.837225 	-58.642276 	-59.735374 	-59.170165 	-67.235277 	-58.883809 	-60.952348 	-60.533697 	-61.239114 	-60.054000 	-59.468694 	-59.156400 	-58.580949 	-59.311425 	-60.016438 	-58.213350 	
9.763945 	0.964614 	-38.127307 	-41.997469 	-46.498514 	-49.865626 	-58.897521 	-58.415225 	-57.685042 	-59.771676 	-61.086156 	-58.374313 	-58.020713 	-58.910534 	-61.991599 	-62.538870 	-59.497309 	-58.430810 	-58.397096 	-58.882160 	
9.916254 	6.077860 	-15.299369 	-22.782187 	-58.695294 	-58.614782 	-58.130505 	-57.873619 	-59.960790 	-59.507611 	-58.128825 	-57.636202 	-57.340314 	-56.828768 	-58.032615 	-60.274888 	-58.045752 	-59.231353 	-61.192031 	-60.087788 	
9.628612 	-36.488289 	-36.411614 	-37.317561 	-55.556125 	-57.736076 	-58.990992 	-61.749896 	-61.593889 	-60.419227 	-58.638247 	-59.276488 	-58.223118 	-59.543505 	-58.322414 	-60.704891 	-58.436094 	-57.557990 	-57.844007 	-58.818255 	
9.630238 	-27.163746 	-28.782868 	-39.614675 	-39.872386 	-58.349780 	-57.645045 	-58.482837 	-59.922124 	-60.465224 	-59.431845 	-60.157971 	-59.292987 	-60.364023 	-58.453595 	-58.841322 	-58.236251 	-57.836133 	-58.397100 	-59.282474 	
9.836274 	-25.358142 	-59.212211 	-57.576046 	-60.230983 	-59.836478 	-61.640231 	-60.411183 	-60.681574 	-58.162137 	-58.266623 	-57.345676 	-57.815295 	-58.665098 	-60.510970 	-59.613935 	
