10.146621 	-4.075201 	-9.883098 	-14.429525 	-18.880137 	-31.858565 	-33.928478 	-39.134407 	-58.089229 	-57.882027 	-57.884311 	-60.010759 	-61.006003 	-58.042175 	-60.108851 	-56.614191 	-58.533034 	-59.153043 	-58.567149 	-58.218317 	-59.438025 	
9.490031 	6.363070 	1.983616 	2.857696 	0.987576 	-1.103596 	-6.191545 	-13.502618 	-20.969489 	-27.788584 	-26.488352 	-34.711411 	
9.954489 	-24.490589 	-31.245089 	-35.811372 	-41.113785 	-51.914794 	-58.177410 	-60.304512 	-58.110860 	-58.065226 	-58.634711 	-58.564915 	
9.964095 	-6.824809 	-7.744230 	-6.095465 	-34.795002 	-41.412116 	-56.352162 	-59.177756 	-61.161656 	-59.997136 	-58.870405 	-57.688671 	-59.048599 	-58.074975 	-57.871367 	-57.107699 	
9.767779 	3.091922 	0.262437 	-24.027445 	-27.819561 	-35.622090 	-37.509285 	-55.823605 	-57.871467 	-60.120410 	-58.045169 	-59.214694 	-60.727506 	-57.927451 	-61.090898 	-57.297396 	-58.662314 	-59.566431 	
9.657109 	-8.823622 	-10.636134 	-28.429373 	-30.159117 	-57.960986 	-57.717666 	-59.977524 	-60.321005 	-58.088742 	-57.755090 	-60.114197 	-59.043731 	-58.586182 	-61.159217 	-57.745117 	
9.752222 	5.983501 	3.011615 	-0.852285 	-0.404245 	-4.988511 	-8.429186 	-9.803656 	-21.890037 	-25.125157 	-26.907600 	-27.871380 	-31.152630 	-29.735801 	-34.015961 	-35.540902 	-34.591765 	-40.534173 	-43.691287 	-42.958686 	-45.087748 	-47.538106 	-47.993565 	-46.391316 	-49.973190 	-53.238468 	-55.356099 	-59.749457 	
9.927391 	2.456612 	0.052658 	-12.475267 	-15.406073 	-25.595503 	-25.847724 	-38.451651 	-57.853764 	-58.184484 	-57.349498 	-59.482428 	-56.573025 	-57.473402 	-60.237013 	-58.213766 	-57.939820 	-56.058968 	-58.745666 	-59.557961 	
9.254293 	-7.516942 	-60.584273 	-58.708165 	-60.616272 	-59.891710 	-62.818273 	-59.385478 	-59.840031 	-60.735882 	-58.504239 	-60.334411 	-60.264863 	-60.183527 	-63.707710 	-61.712529 	-58.865341 	-60.378324 	-62.147150 	-58.058629 	
9.311053 	4.398446 	4.416578 	-2.000370 	-7.087883 	-16.203945 	-19.322702 	-27.183463 	-25.357764 	-29.424862 	-57.031963 	-56.862427 	-57.342825 	-56.803736 	-57.235941 	-57.569202 	
9.802702 	-1.836496 	-4.632038 	-5.560499 	-11.130449 	-34.860793 	-39.534271 	-42.476382 	-45.311630 	-57.219114 	-57.673586 	-58.210936 	-59.313945 	-61.222431 	-58.470303 	-58.344369 	-56.979193 	-58.704214 	
9.835697 	6.994502 	-16.786567 	-37.650848 	-57.297526 	-59.121083 	-58.717094 	-57.596642 	-57.691161 	-59.245350 	-63.220302 	-61.347302 	-60.480238 	-57.569583 	-59.451739 	-60.804735 	-61.228341 	-58.676825 	-57.310441 	-58.103728 	-57.558053 	
9.847807 	3.114330 	-0.935161 	0.156484 	-2.151282 	-3.194064 	-7.184341 	-8.466662 	-11.497920 	-18.745652 	-21.013355 	-24.239042 	-25.122354 	-26.567381 	-34.729585 	-33.685249 	-32.340350 	-35.232272 	-36.645166 	-36.445009 	-39.032910 	-36.798092 	-39.513315 	
9.577076 	2.773162 	0.016939 	-25.743732 	-30.315084 	-33.413081 	-35.658310 	-38.213420 	-41.139693 	-42.902530 	-60.240704 	-57.765646 	-58.435201 	-56.988420 	-58.948528 	-59.439092 	-59.408609 	-57.157169 	-58.053449 	-57.192927 	-59.060176 	
10.023421 	6.534123 	-11.853771 	-20.255019 	-25.436791 	-28.754123 	-35.446373 	-39.531477 	-57.390556 	-58.100206 	-57.566743 	-58.822837 	-57.645181 	-57.521609 	-57.068469 	-58.517430 	-61.844227 	
9.564458 	-4.910597 	-12.233366 	-27.976158 	-29.154473 	-50.849701 	-59.473452 	-58.327735 	-58.944819 	-57.687309 	-57.619283 	-58.922375 	-58.357209 	-57.548044 	-57.490892 	
9.463506 	-6.529074 	-18.512119 	-27.120367 	-36.795959 	-38.304591 	-54.766498 	-58.300488 	-59.074545 	-59.031775 	-58.411463 	-59.217038 	-58.590574 	-59.497485 	-58.507914 	-59.236710 	-59.802299 	-59.121308 	-60.916755 	
9.632916 	-3.313930 	-10.979045 	-14.739069 	-15.185905 	-17.833593 	-18.307506 	-26.591994 	-28.543419 	-33.110317 	-40.372892 	-43.351729 	-43.150851 	-59.420655 	-59.618197 	-58.417585 	-58.109121 	-58.596585 	-59.191731 	-58.151083 	-59.793591 	-59.022698 	-59.134697 	-56.912908 	-57.744095 	
10.418939 	-35.725719 	-56.450852 	-56.882001 	-57.205267 	-56.678243 	-58.601797 	
10.189710 	-23.238033 	-47.382550 	-52.713046 	-54.561685 	-57.591139 	-59.118221 	-56.831668 	-58.419199 	-59.912993 	-56.419158 	-57.824422 	-55.963857 	-58.329928 	-57.180888 	-56.835894 	-58.221584 	-57.451608 	-58.072990 	
9.705245 	1.077201 	-4.243018 	-11.261651 	-8.738688 	-11.815265 	-16.352595 	-21.845743 	-26.577604 	-49.625209 	-50.797299 	-54.045800 	-58.829275 	-56.107782 	-61.012251 	-58.965686 	-57.453824 	-57.782171 	-57.902813 	
