9.768615 	-10.045992 	-10.688845 	-45.444715 	-57.732846 	-56.047486 	-57.555822 	-58.210260 	-58.031844 	-59.536038 	-57.165911 	
9.830669 	-9.179255 	-17.308097 	-32.787469 	-51.739421 	-52.679003 	-56.559794 	-56.994921 	-57.676513 	-59.594142 	-59.626047 	-57.380528 	-60.041286 	-59.097313 	-60.637918 	-58.213289 	-60.366173 	-59.546619 	-60.854361 	-59.717848 	
9.837934 	2.788116 	-6.886417 	-20.765863 	-22.961031 	-24.723656 	-26.333962 	-40.926172 	-48.328763 	-53.683587 	-57.019799 	-57.921853 	-56.376091 	-58.586336 	-58.396109 	-58.802456 	-58.783240 	
9.644279 	3.688079 	-2.859243 	-1.580704 	-8.002961 	-9.979500 	-12.570426 	-12.862591 	-19.043320 	-19.757264 	-22.845243 	-23.177723 	-23.885817 	-29.703610 	-25.490149 	-33.017610 	-34.920105 	-37.430112 	
9.852162 	-19.464270 	-26.534448 	-34.320525 	-40.089594 	-57.345091 	-58.404963 	-58.380404 	-57.761758 	-58.614424 	-59.463221 	-58.470861 	-57.662985 	-58.398359 	-59.923537 	-59.146320 	
9.464488 	-0.975538 	1.145010 	-0.864040 	-2.401671 	-5.663550 	-8.063563 	-10.298499 	-11.855438 	-14.092676 	-14.451855 	-25.103783 	-23.388433 	-28.213182 	-29.294147 	-32.462795 	-32.061390 	-38.304191 	-36.975074 	-43.892082 	-40.563926 	-41.997628 	-42.917869 	
9.824155 	-5.467234 	-23.288052 	-40.635602 	-52.977706 	-58.394008 	-59.014255 	-58.718139 	-59.350510 	-57.304430 	-58.053680 	-58.365543 	-60.438405 	-61.027471 	
9.668538 	3.915565 	-12.656329 	-14.932058 	-23.112192 	-33.178426 	-32.292740 	-40.700734 	-41.345737 	-46.978612 	-45.963105 	-46.585423 	-54.797889 	-50.591039 	-50.872355 	-51.847090 	-54.698237 	-52.957580 	-55.677303 	-56.579963 	-58.031111 	
9.978762 	3.597505 	-29.183687 	-29.073925 	-61.021178 	-61.211493 	-60.732378 	-59.231017 	-58.692120 	-59.260416 	-58.723650 	-57.491724 	
9.823602 	-13.225733 	-11.427150 	-26.073710 	-28.245814 	-34.507208 	-42.283600 	-57.712590 	-58.193223 	-57.349433 	-56.189368 	-56.350361 	-60.762371 	-60.339135 	-57.606916 	
10.060588 	-1.680352 	-2.490791 	-8.830741 	-7.972135 	-6.403373 	-9.204986 	-17.981658 	-22.933231 	-21.433229 	-30.011939 	-35.769332 	-37.238417 	-48.156242 	-58.852589 	-58.205453 	-58.691910 	-59.172686 	-58.656618 	-58.422692 	-60.035233 	-57.826381 	-58.362455 	-58.267070 	-60.530379 	-57.500095 	-56.866663 	
9.720344 	-4.269805 	-9.142812 	-16.959314 	-33.758818 	-52.244664 	-58.863293 	-57.394677 	-57.654212 	-58.679120 	-59.113823 	-58.250965 	-58.367214 	
9.714678 	-3.351059 	-12.680925 	-28.312016 	-55.491927 	-58.117873 	-58.727519 	-59.386948 	-59.004520 	-59.336646 	-58.477198 	-59.283167 	-58.556859 	-58.495744 	-64.236035 	-57.931977 	-58.960730 	-59.234837 	-60.168166 	-58.633250 	
10.070887 	1.999318 	-1.509838 	-25.543453 	-58.881855 	-58.924615 	-58.675037 	-58.186970 	-57.493029 	-59.181264 	-57.950196 	-58.603653 	-59.348647 	-59.198409 	-57.319335 	-60.204125 	
9.507046 	0.635322 	-19.667428 	-35.137210 	-49.878120 	-48.726528 	-49.353856 	-58.416743 	-58.926051 	-59.285600 	-58.839194 	-60.375414 	-57.561919 	-58.032650 	
10.164768 	-0.461681 	-2.642157 	-4.307097 	-13.581751 	-31.372924 	-31.194559 	-38.929520 	-54.112920 	-60.235656 	-58.342204 	-59.596731 	-57.934616 	-58.179167 	-59.570720 	-58.389585 	-60.383244 	-58.391749 	-58.742147 	-59.078533 	-57.578349 	
9.901244 	3.686560 	4.055660 	-6.983024 	-12.464936 	-18.192282 	-21.097008 	-33.130250 	-35.005774 	-41.337801 	-53.909355 	-58.207117 	-57.932560 	-59.753635 	-57.960077 	-60.708872 	-60.947751 	-58.614685 	-58.014338 	-59.227137 	
9.842233 	-2.463217 	-2.477848 	-7.043481 	-17.030697 	-23.883348 	-33.552597 	-35.701470 	-34.085481 	-48.566705 	-49.950155 	-50.318876 	-60.386882 	-57.616192 	-57.686444 	-58.924430 	-60.101470 	
10.041216 	5.456730 	5.837348 	3.524233 	-0.803005 	-1.624405 	-5.989431 	-10.414953 	-18.267333 	-25.420816 	-26.198588 	-26.369650 	-27.160072 	-29.796043 	-29.406293 	-31.181143 	-33.246050 	-33.457857 	-36.720562 	-35.585049 	-37.918645 	
9.812871 	-8.450246 	-10.539842 	-16.033368 	-23.913485 	-26.032452 	-35.107102 	-37.592919 	-40.816243 	-38.255306 	-40.128169 	-42.355874 	-43.219384 	-46.172924 	-53.276830 	
