9.745036 	7.022468 	0.021295 	-4.989258 	-3.154448 	-6.990756 	-7.520097 	-7.210857 	-14.246793 	-13.216177 	-13.036322 	-16.072951 	-15.326829 	-18.755336 	-19.968286 	-22.960563 	
9.862808 	6.116252 	6.016320 	0.989472 	0.954279 	3.171442 	0.896653 	1.202889 	2.538906 	0.095186 	-0.144383 	2.250237 	0.784886 	1.409499 	1.197166 	1.993061 	1.065953 	1.834417 	2.099332 	1.461541 	-0.421640 	1.476554 	0.863426 	1.389225 	1.173457 	1.746009 	1.234500 	0.558275 	1.185031 	0.511352 	0.565569 	-0.942091 	-0.344397 	-0.680682 	-0.194877 	0.200767 	0.369714 	-0.400900 	0.902858 	-0.700920 	0.487853 	0.071568 	-0.439046 	-1.396897 	0.092231 	-0.370356 	0.762183 	-1.236452 	0.927540 	-0.099469 	-0.486948 	-2.538647 	0.120691 	-1.755314 	0.102075 	-0.153132 	-1.310531 	-1.570850 	-0.477361 	-0.388864 	0.534089 	-0.747361 	0.387269 	-0.698904 	-2.364125 	-2.386097 	-1.129969 	-1.486768 	-0.679647 	-0.525776 	-0.082617 	-2.526411 	-0.874646 	-7.642355 	-1.331470 	-1.183881 	-1.009785 	-1.303425 	-1.756335 	-1.836283 	-1.034554 	-2.739934 	-0.746537 	-1.435733 	-5.187630 	-4.546646 	-2.953831 	-1.357890 	-1.554822 	-2.346655 	-0.659589 	-2.024629 	-2.710589 	-0.760178 	-3.756687 	-2.050334 	-1.152489 	-2.113084 	-1.357142 	-1.524148 	-3.483197 	-2.208479 	-3.158086 	-3.366366 	-5.083057 	-3.424761 	-1.329311 	-2.032513 	-1.593287 	-1.497871 	-2.067010 	-1.410545 	-1.825656 	-0.364923 	-2.598228 	-2.199140 	-2.770715 	-3.769708 	-4.965853 	-3.401759 	-1.991129 	-2.624814 	-2.298896 	-4.434630 	-1.628053 	-4.592596 	-1.243863 	-3.108091 	-2.538667 	-2.392113 	-3.069250 	-4.170184 	-3.911604 	-2.470466 	-1.608224 	-1.576379 	-2.831180 	-2.688155 	-3.961930 	-4.026646 	-4.114250 	-5.895904 	-6.444375 	-4.390526 	-1.851045 	-2.329715 	-2.552237 	-3.705036 	-5.346459 	-2.479754 	-5.481698 	-4.096918 	-4.522400 	-2.360967 	-4.867046 	-1.962841 	-2.640479 	-2.961702 	-1.955407 	-2.660801 	-3.296051 	-3.236860 	-4.255037 	-3.493372 	-4.580076 	-5.960183 	-5.359302 	-2.779620 	-4.992652 	-3.640507 	-4.278458 	-2.966463 	-2.934297 	-3.114060 	-4.206133 	-2.379967 	-4.683597 	-4.981211 	-3.246319 	-3.114051 	-2.775139 	-6.561050 	-2.815460 	-2.534397 	-4.597453 	-2.076265 	-3.293453 	-3.987365 	-5.779445 	-3.111225 	-3.010668 	-3.453973 	-6.328991 	-2.957159 	-3.118139 	-3.547447 	-2.942918 	-3.157141 	-8.423023 	-4.315936 	-2.266036 	-4.640686 	-2.509980 	-3.544388 	-5.596292 	-3.627568 	-4.263196 	-3.305951 	-3.525832 	-7.321646 	-3.697750 	-4.657087 	-3.545489 	-5.033849 	-4.096277 	-8.928333 	-5.958707 	-6.026580 	-5.029382 	-5.766776 	-3.882751 	-5.424678 	-2.545255 	-4.366678 	-6.071224 	-4.906588 	-3.907025 	-4.138937 	-3.699693 	-5.176812 	-8.673266 	-4.779878 	-2.658179 	-3.523308 	-4.146771 	-3.244579 	-3.074337 	-4.857844 	-4.588465 	-3.388334 	-3.037221 	-3.770380 	-5.086499 	-5.241121 	-3.665974 	-2.370339 	-4.541640 	-5.555862 	-3.913820 	-5.710743 	-4.752597 	-5.747419 	-4.970261 	-4.251905 	-6.249760 	-6.004738 	-4.249287 	-3.888125 	-4.279538 	-3.967963 	-5.102237 	-6.877829 	-6.094365 	-5.089378 	-6.278272 	-9.797775 	-5.447367 	-5.104674 	-3.275283 	-3.261219 	-2.686572 	-3.419648 	-3.678583 	-4.843863 	-4.129114 	-4.000777 	-4.752995 	-4.614312 	-4.994130 	-4.240368 	
9.981741 	-0.396536 	-1.719465 	-3.277287 	-4.291257 	-4.647759 	-8.519664 	-10.131015 	-8.809877 	-6.629557 	-9.292619 	-9.904305 	-8.091956 	-8.219198 	-10.136982 	-8.967426 	-10.592436 	-10.618813 	-9.056121 	-12.512261 	-9.930442 	-8.779636 	-9.921322 	-9.835343 	
9.223714 	8.501146 	-4.004267 	-13.593384 	-26.511035 	-38.742501 	-60.458589 	-58.984506 	-59.080377 	-58.339542 	-59.546231 	-59.555374 	-61.154608 	-59.331116 	-58.780831 	-59.209827 	-59.336534 	-59.004785 	-57.784359 	
9.718467 	7.754024 	-22.537293 	-29.543129 	-56.685676 	-58.597212 	-59.301625 	-58.686431 	-58.492341 	-61.563754 	-57.592208 	
9.544549 	5.091855 	7.006885 	5.528251 	1.034935 	-2.949798 	-1.949349 	-3.547030 	-5.307592 	-6.004723 	-5.566616 	-5.469765 	-7.662504 	-13.849608 	-18.332297 	-24.418963 	-22.410645 	-24.394835 	-27.975975 	-28.372199 	-31.670433 	
9.394851 	0.077526 	-5.155855 	-9.549989 	-20.052634 	-19.430626 	-22.205434 	-26.691194 	-27.829251 	-36.027766 	-46.210781 	-47.052546 	-49.968788 	-52.067173 	-53.246879 	-55.771771 	
9.552567 	0.927965 	2.938292 	-3.215034 	-16.660757 	-19.101863 	-23.676089 	-25.164396 	-28.436298 	-29.415260 	-30.249662 	-29.555007 	-33.605625 	-37.718941 	-35.600496 	-37.141094 	
9.382893 	3.794389 	0.194037 	2.653354 	-0.506737 	0.456823 	-1.869721 	-0.309989 	-3.155426 	-0.938031 	-3.128842 	-2.719265 	-4.109297 	-4.663469 	-4.148752 	-1.123482 	-3.468370 	-2.168570 	-2.369470 	-3.199673 	-1.782540 	-4.860140 	-4.349510 	-3.889440 	-6.225329 	-3.039293 	-4.604462 	-3.031664 	-5.691624 	-6.576619 	-6.208095 	-3.012661 	-10.591490 	-4.584845 	-3.487483 	-5.055871 	-3.076458 	-4.233222 	-5.712529 	-6.120924 	-5.945959 	-5.043244 	-5.835211 	-9.369933 	-8.748353 	-4.182841 	-8.302755 	-5.639783 	-6.198730 	-4.919908 	-3.981992 	-4.037127 	-4.816153 	-4.286531 	-5.691149 	-7.689114 	-4.894995 	-4.761438 	-8.438902 	-5.348801 	-5.098195 	-4.211345 	-5.905655 	-4.781603 	-4.780292 	-4.946656 	-5.201845 	-5.620630 	-3.931953 	-4.423422 	
9.766427 	3.004926 	0.225618 	-2.753850 	-2.142242 	-9.804307 	-14.012083 	-17.230085 	-27.060953 	-30.573965 	-30.169561 	-31.530103 	-30.596948 	-34.257339 	-33.202562 	-37.991662 	-41.994549 	-40.523587 	-41.786030 	-43.010225 	
9.375622 	7.798015 	4.925583 	1.941228 	-4.532104 	-6.600545 	-7.666764 	-6.987136 	-13.205591 	-13.667227 	-16.896496 	-27.477878 	-26.443096 	-35.277936 	-35.611074 	-38.614140 	-43.152127 	-47.138901 	-50.278497 	
