9.713220 	-43.206479 	-51.951726 	-58.639858 	-58.202263 	-58.050708 	-57.836095 	-59.205485 	-57.918208 	-59.387553 	-57.477739 	-58.634579 	-59.483903 	-58.730679 	-59.249486 	
9.675040 	2.492826 	4.319989 	-21.009192 	-30.215586 	-31.793316 	-35.142625 	-40.646798 	-47.588741 	-57.876448 	-59.450893 	-61.039632 	-57.801692 	-60.370012 	-58.785490 	-58.715407 	-61.052502 	-58.964629 	
9.960893 	4.479540 	4.029072 	-0.837623 	-2.410182 	-6.809725 	-8.713843 	-30.895157 	-35.874960 	-35.923299 	-42.742262 	-46.900108 	-49.262557 	-50.443631 	-50.585064 	
10.003146 	0.380274 	-1.660665 	-1.718617 	-2.014296 	-10.827115 	-12.617136 	-20.750209 	-23.311662 	-22.806594 	-25.081714 	-25.673245 	-25.836267 	-25.819783 	-25.977410 	-30.211480 	-28.564411 	
9.686640 	-5.887714 	-29.868437 	-38.904667 	-43.682207 	-49.537547 	-60.046320 	-57.995335 	-58.677842 	-59.481748 	-59.735522 	-58.148282 	-57.757702 	-60.423376 	-57.624519 	-59.715589 	
9.644691 	5.356888 	3.145508 	1.641596 	-6.880626 	-6.664750 	-15.888931 	-40.288834 	-49.314858 	-52.841003 	-52.617293 	-50.458365 	-56.750912 	-55.882410 	
9.881017 	2.008451 	-5.842355 	-13.438292 	-24.259808 	-33.066071 	-60.599879 	-58.141080 	-59.873440 	-60.994825 	-57.445215 	-59.144967 	-57.724013 	
9.615295 	6.945104 	2.955723 	-5.977599 	-27.362521 	-34.447573 	-40.553779 	-59.117300 	-59.364705 	-61.313358 	-57.719814 	-58.482481 	-58.971284 	-59.540020 	-57.824411 	-63.389460 	-59.504330 	-63.580467 	-60.023057 	-60.325501 	-58.437528 	-59.932009 	
9.920493 	1.167679 	-2.450886 	-3.684962 	-10.997085 	-22.723093 	-26.356672 	-24.449460 	-30.232329 	-32.126748 	-32.506667 	-39.003063 	
10.029866 	1.092972 	-5.549419 	-4.428557 	-9.827965 	-12.270440 	-19.149683 	-21.962429 	-22.310972 	-24.784968 	-34.764839 	-58.721405 	-60.613095 	-57.340144 	-58.272418 	-58.525199 	-58.042848 	
9.816996 	-4.430029 	-9.273075 	-7.362219 	-7.750863 	-10.191373 	-15.781942 	-26.003445 	-33.634192 	-37.223013 	-36.669683 	-43.221064 	-48.233294 	-46.785899 	-47.503432 	-56.048644 	-56.782304 	-59.863990 	-57.496161 	-57.350943 	-58.045895 	-56.997174 	
10.111464 	-9.507785 	-13.857832 	-38.483553 	-48.443281 	-58.188937 	-60.658848 	-58.576937 	-59.072055 	-58.056765 	-58.120687 	-59.410493 	-60.176933 	-61.145642 	-60.799028 	-59.449632 	-62.573663 	
10.153695 	-11.426801 	-39.431939 	-40.938457 	-45.148296 	-46.386276 	-54.206255 	
9.732259 	0.897489 	-13.390505 	-21.394339 	-34.699890 	-57.645076 	-59.253268 	-59.575118 	-57.789398 	-60.141230 	-59.055861 	-61.801427 	-60.915840 	-58.500139 	-57.486606 	-60.322741 	-59.707067 	-59.433389 	-60.805846 	-57.580016 	-60.842186 	
9.799153 	9.325901 	-4.119762 	-25.366883 	-32.597726 	-56.395651 	-57.158286 	-58.531273 	-57.945718 	-64.907999 	-57.532092 	-59.458883 	-59.923757 	-59.627661 	-59.681698 	-58.914557 	
9.693571 	-24.065721 	-38.624543 	-48.363260 	-57.968148 	-57.728477 	-57.692153 	
9.957859 	1.382740 	2.416046 	0.981931 	-5.132498 	-19.257328 	-16.218649 	-18.988666 	-25.032821 	-32.653928 	-33.754417 	-36.809438 	-38.591262 	-40.567912 	-38.464680 	-38.700894 	-40.545160 	-43.178363 	-45.821303 	-46.907318 	-52.653139 	-50.981043 	-52.222599 	-52.400419 	-56.789560 	-57.182839 	
9.863713 	-1.791302 	-14.457095 	-31.227645 	-38.385978 	-56.869646 	-58.812899 	-63.754698 	-58.902335 	-59.045419 	-58.129465 	-58.152371 	-58.937168 	
9.674089 	-10.095153 	-22.755853 	-45.996713 	-52.138767 	-53.012667 	-57.611504 	-60.825896 	-58.445892 	-58.279454 	-60.121517 	-60.219360 	-59.385882 	-60.823510 	-57.773069 	-58.671495 	-61.728880 	
9.796332 	-8.445913 	-30.875623 	-43.609399 	-48.774369 	-56.742215 	-59.474910 	-58.337606 	-61.360039 	-58.676325 	-58.151990 	-59.061606 	-64.880929 	-60.261481 	-60.224136 	-58.407797 	-59.639343 	-58.877981 	-57.312704 	-61.426260 	-59.966124 	-57.066816 	
