10.095675 	0.082901 	-2.347249 	-9.593829 	-23.259711 	-58.192297 	-58.729015 	-58.925394 	-60.826761 	-58.450024 	-59.825779 	-58.115951 	-60.302829 	-60.382039 	-58.323461 	-57.691738 	-58.864345 	-57.435689 	
10.058931 	4.919425 	1.734803 	0.705999 	-7.839717 	-10.352194 	-26.811769 	-27.933254 	-35.014104 	-47.790108 	-49.856902 	-51.087128 	-57.155555 	-59.057060 	-58.821226 	-58.037992 	-58.996720 	-58.245236 	-57.445643 	-58.730904 	-60.191605 	-58.744923 	-58.365980 	-58.742956 	
9.982322 	4.186767 	-1.397148 	-57.806225 	-59.300822 	-60.501000 	-57.717079 	-58.438017 	-59.089688 	-58.712740 	-58.851200 	-59.870493 	
9.809224 	-23.488131 	-59.553127 	-59.056737 	-62.752318 	-59.144243 	-58.433126 	-57.754476 	-60.027183 	-57.603117 	-61.456360 	-58.355178 	-57.399726 	-58.928947 	-60.330414 	
10.130089 	-3.672032 	-10.917933 	-14.374934 	-12.801480 	-35.061734 	-38.635171 	-59.154057 	-58.391389 	-60.183672 	-58.589154 	-58.559266 	-59.280289 	-58.784628 	-59.203095 	-59.260195 	-61.736283 	-57.732442 	-58.024110 	-58.533873 	-59.452380 	-60.392399 	-60.598299 	
9.940142 	-0.373672 	-2.988840 	-15.947862 	-30.562374 	-34.160425 	-44.406421 	-58.121826 	-56.952231 	-57.046238 	-58.465036 	-58.271868 	-62.387880 	
9.786371 	-11.251624 	-29.519438 	-37.203400 	-57.915653 	-57.800804 	-58.922565 	-62.697106 	-58.759095 	-58.490567 	-58.343826 	-58.077948 	
10.217346 	-0.883425 	-12.008083 	-15.139717 	-20.270208 	-35.032985 	-62.264582 	-58.176531 	-57.908323 	-58.266506 	-58.123670 	-58.406446 	-58.844303 	-58.411115 	-60.539550 	-58.560219 	-56.884536 	-58.865329 	-61.838325 	-58.498961 	-59.673173 	
10.068049 	-5.386919 	-35.378851 	-41.798458 	-42.454346 	-54.861647 	-58.278607 	-57.238580 	-60.417023 	-58.967403 	-58.261705 	-57.238500 	-57.535316 	-57.984127 	-60.498761 	-59.895297 	-61.471591 	-61.227265 	
9.783586 	-14.189535 	-11.969583 	-13.519736 	-46.683233 	-55.034116 	-54.010162 	-59.171716 	-57.958484 	-60.181621 	-58.177348 	-58.568209 	-57.071785 	-57.766612 	
10.007055 	-6.572071 	-36.405632 	-35.919169 	-40.714550 	-47.107360 	-57.526459 	-58.650342 	-60.848203 	-59.465125 	-58.598237 	-59.784374 	-59.380899 	-58.418976 	-57.549076 	-57.732835 	-60.062912 	-58.516402 	-58.981796 	-58.641792 	
9.790923 	-4.317384 	-17.544022 	-26.493959 	-36.021930 	-45.966104 	-58.386437 	-59.618108 	-59.747080 	-58.916806 	-58.346910 	-60.121136 	-60.104511 	-58.289165 	-63.872030 	-58.327765 	-59.124856 	
10.000992 	-59.575679 	-61.264101 	-58.010629 	-58.620375 	-59.007838 	-58.320127 	-58.984013 	-60.659680 	-58.194522 	
10.057981 	-8.019560 	-15.817127 	-15.207767 	-17.971696 	-25.299487 	-55.768114 	-57.481883 	-60.404412 	-58.475251 	-59.809769 	-60.239984 	-57.750067 	-59.162271 	-59.763068 	-57.409913 	-60.114949 	-58.593965 	-60.847823 	-60.348610 	-58.706967 	
10.070438 	4.206653 	1.136579 	-1.072233 	-0.968724 	-7.244061 	-10.844440 	-19.251911 	-50.833912 	-57.941346 	-57.343935 	-58.790182 	-58.410976 	-58.901371 	-58.624919 	-58.994019 	
9.758424 	-4.035561 	-8.755599 	-18.122087 	-24.102055 	-29.787557 	-33.695204 	-57.771829 	-60.308550 	-60.592715 	-61.659357 	-58.308892 	-60.262129 	-58.185084 	-57.358966 	-58.156564 	
9.810178 	2.075103 	-29.388681 	-48.073725 	-57.790222 	-59.927525 	-59.390522 	-60.011095 	-57.159763 	
9.894865 	-29.784691 	-37.365909 	-55.714555 	-55.561873 	-58.304224 	-57.085933 	-61.070080 	-58.794396 	-57.939611 	-58.150847 	-59.967989 	-58.318286 	-57.996177 	-57.505277 	-62.189432 	-60.383540 	-60.341915 	
10.183342 	-34.995431 	-39.900600 	-43.352891 	-50.881291 	-52.788898 	-55.415992 	-56.799146 	-57.820891 	-57.418529 	-58.960098 	-58.093566 	
10.087287 	5.771995 	-5.822830 	-29.595299 	-52.571740 	-57.667298 	-57.035298 	-57.319569 	-58.513702 	-58.378498 	-59.825522 	-58.694491 	-57.293030 	-59.238341 	-57.135529 	-58.410466 	-58.043043 	-58.156784 	-60.198218 	-58.473917 	
