9.591201 	-3.874209 	-6.080800 	-15.076675 	-23.873366 	-39.809387 	-47.262350 	-57.663675 	-60.722838 	-59.466722 	-56.921078 	-57.228424 	-57.804256 	
9.507243 	-20.475600 	-31.238515 	-40.883856 	-59.719319 	-59.492933 	-57.617684 	-61.609864 	-58.118506 	-58.450444 	-59.926589 	-58.039614 	-60.860711 	-57.741217 	-58.302310 	-60.089367 	-60.918214 	
10.105144 	-38.315352 	-56.685617 	-56.971414 	-58.474208 	-60.192093 	-58.532275 	-59.162834 	-62.937991 	-58.840851 	-58.709501 	-58.272817 	-57.761688 	-58.836672 	-60.637212 	-58.721626 	-59.556608 	-57.858345 	-58.510913 	-58.842689 	-59.003961 	-60.678839 	
9.414943 	4.863943 	-12.386133 	-14.812685 	-23.416603 	-25.725632 	-36.921306 	-40.457574 	-47.898890 	-57.688057 	-59.877214 	-61.264791 	-59.775620 	-59.881892 	-59.105980 	-58.269426 	-60.956440 	-60.001757 	-60.596877 	-60.482332 	-57.871521 	-61.349417 	
9.234360 	-21.109342 	-30.761107 	-35.104513 	-41.868502 	-46.675653 	-48.905786 	-50.421198 	-53.802250 	-58.686132 	-58.250922 	-59.131888 	-60.916845 	-57.229960 	-59.911640 	-58.617748 	-58.363472 	
9.908364 	2.061125 	-33.042650 	-38.895926 	-58.361145 	-58.071424 	-57.926157 	-58.750201 	-59.046740 	-61.134391 	-60.338643 	-60.217804 	-57.950656 	-60.318095 	-57.835578 	
9.331412 	-1.543138 	-5.393074 	-12.220668 	-16.463458 	-19.088565 	-19.492186 	-23.691603 	-28.749567 	-27.897180 	-29.018166 	-34.844520 	-35.894281 	-36.461403 	
10.065206 	3.286090 	-24.729176 	-29.834701 	-60.032813 	-58.797068 	-58.909120 	-57.362685 	-59.650261 	-61.711903 	-58.264972 	-59.420565 	-58.670609 	-57.254081 	-58.428654 	-58.029954 	-57.702761 	-58.479330 	
10.060341 	5.839097 	0.527500 	-12.487154 	-15.817470 	-39.296985 	-57.473327 	-61.849447 	-59.413844 	-57.301116 	-58.203000 	-59.222679 	-58.285870 	-59.310517 	-59.044237 	-60.310074 	-58.171093 	
10.198636 	6.311360 	3.437369 	-6.547724 	-20.934519 	-24.749833 	-23.649995 	-26.511102 	-34.745483 	-37.631349 	-49.288164 	-50.595340 	-51.595643 	-52.524198 	-60.590706 	-57.340713 	-62.879770 	-58.457970 	-57.544777 	-58.278056 	-56.793887 	-57.817165 	-58.538339 	
9.742219 	-6.919322 	-27.858938 	-34.706097 	-44.523102 	-51.234571 	-54.850492 	-60.885283 	-58.557577 	-58.575170 	-58.766484 	-58.518844 	-60.041386 	-59.166843 	-58.496016 	-58.250470 	-59.501445 	-60.710930 	-59.209819 	-59.741008 	-59.047151 	-64.221735 	-57.900839 	
9.484586 	-3.587304 	-58.328706 	-58.569394 	-59.033286 	-60.688252 	-58.653934 	-58.855826 	-58.286884 	-61.159647 	-58.516218 	-62.003048 	-58.092169 	-61.845476 	-58.880245 	-59.877268 	-59.878119 	-59.350906 	
10.133328 	4.367016 	-22.671884 	-35.131273 	-46.823444 	-58.159998 	-58.783965 	-58.134195 	-62.203053 	-58.857300 	-60.612140 	-57.165505 	-58.259066 	-59.533815 	-59.397539 	-59.376810 	-59.513164 	-58.220207 	-60.983689 	-58.154214 	
9.719174 	4.589266 	1.632037 	-16.814145 	-30.421848 	-58.438209 	-60.367211 	-57.601832 	-58.356093 	-61.662232 	-60.678447 	-59.193909 	-58.097993 	-60.642681 	-62.588213 	
9.639965 	-16.449896 	-30.915676 	-45.197699 	-58.083524 	-60.635923 	-59.169524 	-59.887384 	-57.757074 	-58.781036 	-59.703788 	-59.105448 	-62.186078 	-60.660066 	
9.313696 	4.544213 	3.671307 	0.092384 	0.892027 	1.506256 	-7.752615 	-3.086379 	-4.855048 	-12.412610 	-14.232090 	-14.076132 	-15.994157 	-19.009336 	-17.123163 	-18.626674 	-19.562437 	-21.622992 	-26.287321 	
9.476801 	-9.631005 	-13.247951 	-22.626769 	-26.039249 	-37.780385 	-44.262577 	-58.751130 	-58.392753 	-65.321115 	-59.150762 	-59.647970 	-61.477538 	-59.387579 	-57.841359 	-57.969145 	-60.268140 	-57.599200 	-58.852160 	-58.544547 	-58.839811 	
9.618146 	-18.994014 	-19.967680 	-32.587844 	-58.247972 	-59.176863 	-60.116134 	-57.522962 	-58.497997 	-58.059267 	-59.008977 	-59.742060 	-59.295554 	-63.728582 	
9.680159 	-24.254115 	-26.992206 	-26.400427 	-36.173584 	-57.587431 	-56.999034 	-57.503584 	
10.196133 	-33.810716 	-42.781292 	-46.462570 	-50.193333 	-58.064883 	-58.233362 	-59.630616 	-58.855458 	-57.485760 	-59.215921 	-57.032804 	-59.601352 	-57.747472 	-59.310444 	-59.671283 	
