9.469218 	-58.439316 	-61.373534 	-60.836581 	-58.007989 	-60.464953 	-57.783637 	-58.828560 	-59.784939 	-58.679609 	-60.258974 	-64.027004 	-61.595276 	
9.588363 	-9.014701 	-12.365798 	-16.458164 	-17.140438 	-19.510645 	-58.216868 	-57.737180 	-57.199272 	-57.817397 	-58.102349 	-56.823670 	-61.206998 	-58.136426 	
9.628710 	-4.913101 	-18.695211 	-24.127995 	-30.592835 	-31.304981 	-35.624175 	-47.491533 	-47.522143 	-60.375509 	-58.395003 	-58.985494 	-61.213976 	-64.124086 	-59.543978 	-59.657326 	-62.540235 	-57.631166 	
9.710478 	-12.393852 	-18.886322 	-22.950261 	-26.454058 	-38.502094 	-55.818064 	-57.016575 	-56.878387 	-57.426636 	-57.681434 	
10.100984 	2.650315 	0.628380 	-18.263636 	-35.794256 	-40.821182 	-50.748091 	-57.789970 	-57.288312 	-59.608119 	-57.572966 	-57.947711 	-57.603804 	-60.065234 	-59.357855 	-58.792408 	-60.173751 	
9.546841 	-59.195962 	-57.629730 	-57.598332 	-59.249695 	-57.830435 	-57.811348 	-59.509867 	-58.486982 	-59.908327 	-57.749184 	-58.295022 	-58.952583 	-57.398449 	
9.786481 	-39.808861 	-46.224701 	-52.909856 	-59.209811 	-59.886424 	-59.327712 	-59.444206 	-60.966380 	-58.726870 	-58.274643 	-60.208657 	-57.932589 	-58.947638 	-58.812525 	
9.964981 	1.401392 	-4.013540 	-7.497568 	-12.310110 	-14.684296 	-20.903855 	-20.832770 	-21.412603 	-24.811998 	-37.330322 	-40.708277 	-42.611727 	-44.765218 	-42.903300 	-49.094753 	-51.155676 	-52.343405 	-52.381358 	-55.700548 	-58.353732 	-57.149474 	-56.174752 	-57.614261 	-59.874457 	
9.534279 	-17.415237 	-31.207218 	-41.866439 	-41.585912 	-49.423971 	-57.594008 	-59.934853 	-59.305642 	-60.545419 	-59.004163 	-58.679771 	-62.137652 	-59.200851 	-59.885402 	-58.900220 	-59.053071 	-61.440245 	-58.711481 	-62.160817 	-58.179892 	
9.670375 	-11.912071 	-19.452444 	-33.133601 	-46.841080 	-58.479082 	-58.260560 	-60.107457 	-59.972105 	-61.189739 	-61.954950 	-58.901216 	-58.155686 	-60.480381 	-57.672363 	-58.911656 	-60.133797 	-59.111788 	-59.569734 	
9.362002 	1.770236 	-1.671023 	-7.194299 	-10.498609 	-22.726581 	-24.701200 	-34.736187 	-34.827082 	-34.673575 	-36.149806 	-42.652473 	-44.453940 	-44.468843 	-46.841766 	-46.831093 	-48.629985 	-47.506142 	-48.208693 	-51.907752 	
9.594018 	-11.685484 	-30.434836 	-32.512425 	-38.162081 	-41.672562 	-49.396066 	-59.022619 	-58.408583 	-60.639082 	-58.420376 	-60.038771 	-59.644493 	-60.218138 	-58.816691 	-58.623603 	-61.545135 	-61.054064 	-59.391195 	-60.494185 	-59.077457 	-60.258743 	-59.855239 	-58.958364 	-57.162980 	
9.658278 	-8.516000 	-7.483838 	-9.712255 	-15.071353 	-26.011061 	-58.287436 	-59.411374 	-58.794524 	-59.996338 	-58.718394 	
9.725118 	3.346690 	-0.268741 	-7.029204 	-18.997127 	-22.460522 	-28.420875 	-30.838794 	-42.614598 	-47.355843 	-57.326402 	-61.179235 	-60.252333 	-58.771243 	-60.656677 	-60.431866 	-60.059671 	-59.002459 	-59.401360 	-60.939717 	-59.050978 	-61.260364 	-59.513849 	-57.995535 	-59.526855 	-58.917037 	-59.080303 	-59.710092 	-59.031229 	
9.448119 	-3.548664 	-9.292016 	-24.062485 	-45.344254 	-52.499148 	-52.686039 	-52.536600 	-59.487605 	-60.661847 	-59.538183 	-57.125239 	-58.015995 	-58.134641 	-60.248603 	-59.189657 	
9.711654 	-23.620805 	-31.299590 	-59.628672 	-58.276478 	-57.267229 	-59.668369 	-57.558746 	-58.283896 	-58.334588 	-57.449896 	-57.683735 	-57.622808 	-57.130823 	-58.851498 	
9.258516 	8.357779 	-16.904579 	-33.492687 	-58.016588 	-58.929480 	-58.031943 	-58.000688 	-59.467070 	-58.055155 	-59.744959 	-58.990002 	-61.578261 	-59.199644 	-58.653146 	
10.067828 	-20.875434 	-30.724555 	-55.764713 	-56.863357 	-59.731587 	-57.721752 	-57.464714 	-59.253672 	-58.992595 	-58.669558 	-62.357946 	-59.688397 	-59.451233 	-59.500591 	-60.000958 	
9.275286 	-18.376375 	-19.935158 	-26.120233 	-35.396940 	-37.211005 	-54.083883 	-59.269497 	-59.577075 	-59.975318 	-59.497323 	-59.759856 	-62.059742 	-59.670371 	-61.014545 	-59.173345 	-58.298560 	-58.350782 	-62.620556 	-61.081134 	-61.598021 	-60.874262 	-61.787212 	-62.532309 	-60.184791 	-58.410325 	
9.654621 	-2.544978 	-9.824115 	-7.170133 	-25.307051 	-24.183616 	-30.106739 	-39.768787 	-41.432229 	-52.616522 	-52.270386 	-58.487832 	-58.285886 	-59.897182 	-60.900591 	-59.497685 	-61.978290 	-59.083945 	-59.043421 	-58.481502 	-57.618334 	-62.113020 	-58.398829 	
9.800160 	0.039985 	1.080552 	-3.720652 	-4.518310 	-5.656585 	-16.703153 	-19.279698 	-34.809441 	-57.637569 	-59.226628 	-58.169948 	-60.627747 	-57.814770 	-58.154382 	-61.587217 	-58.782905 	-58.148679 	-59.397847 	-57.927620 	-59.615472 	
