9.588410 	5.518856 	-3.585602 	-55.162824 	-57.118124 	-57.251030 	-60.637934 	-59.499237 	-59.445524 	-61.148506 	-56.967065 	-60.148908 	-59.457488 	-59.394025 	-63.656530 	-58.672845 	
10.109257 	-11.831303 	-10.120031 	-35.771946 	-55.155440 	-59.466335 	-58.763268 	-60.130839 	-57.863782 	-58.279727 	-63.749240 	-58.101163 	-58.104134 	-59.066363 	-58.586197 	-58.589666 	-59.821643 	-59.536781 	-58.407934 	-59.729673 	
9.993131 	2.883543 	-21.827582 	-33.849967 	-37.814749 	-51.613018 	-55.851847 	-60.264231 	-58.877671 	-59.345767 	-59.249797 	-59.371996 	-58.145672 	-59.261460 	-57.317491 	-59.744834 	-57.784287 	
10.095392 	-15.856791 	-21.993748 	-38.532179 	-55.794909 	-60.349945 	-59.170152 	-58.344869 	-59.579847 	-62.266006 	-58.085388 	-57.622902 	-59.088139 	-56.794992 	-60.994449 	
10.013819 	-24.704259 	-43.631820 	-57.614110 	-61.182875 	-57.550498 	-58.229620 	-58.527884 	-58.400206 	-57.779650 	-62.510104 	-62.173275 	-58.673770 	-60.053261 	-58.084860 	-58.852802 	-59.483010 	-57.988815 	-58.876629 	-58.055322 	
10.017828 	9.049219 	-4.354153 	-24.206607 	-28.652121 	-40.238745 	-58.152079 	-57.390001 	-57.134480 	-57.108075 	-58.196770 	-57.586634 	-56.588149 	-57.964306 	-59.762300 	-56.676652 	-59.078773 	-60.565005 	-59.477793 	-58.285587 	
9.987772 	-9.707184 	-36.558076 	-59.022762 	-58.565391 	-59.007428 	-60.683693 	-60.750500 	-61.581609 	-58.100150 	-60.300057 	-58.777467 	-57.169851 	-58.077656 	
9.971349 	1.956202 	-11.434717 	-39.226321 	-43.164159 	-58.259039 	-59.146676 	-60.130385 	-59.441071 	-58.200357 	-58.098271 	-59.575576 	-57.094829 	-58.975289 	
9.831198 	-0.055895 	-6.134902 	-12.140931 	-18.693481 	-47.707446 	-57.828175 	-59.520196 	-61.113945 	-60.668520 	-58.422300 	-58.719795 	-60.391742 	-58.582638 	-58.280613 	-60.121472 	
9.871139 	4.221804 	-16.945055 	-17.578753 	-35.591458 	-35.984352 	-43.778876 	-47.237433 	-50.141248 	-50.138793 	-58.091184 	-59.550357 	-59.323559 	-61.451959 	-59.885447 	-57.657085 	-56.953150 	
9.823500 	-13.837388 	-36.617968 	-51.561163 	-58.451281 	-59.828717 	-59.828761 	-58.003069 	-59.399882 	-59.358624 	-58.257382 	-57.551010 	-59.454083 	-59.022560 	-60.346325 	-57.824074 	
10.079726 	-1.725298 	-6.020985 	-14.505202 	-34.439554 	-41.262301 	-45.565250 	-47.863092 	-58.400091 	-59.554456 	-58.597836 	-58.545042 	-57.059885 	-56.713722 	-59.889760 	-58.165440 	-57.656763 	-60.731421 	-57.835282 	
9.796640 	-4.646731 	-32.742663 	-59.468897 	-60.821349 	-58.445411 	-58.654340 	-59.845843 	-59.461708 	-58.595796 	-63.858596 	-59.051602 	-58.581663 	-59.902564 	-59.804656 	-58.853551 	-60.001876 	-60.148125 	-59.533747 	
10.151068 	1.753116 	-15.691236 	-21.571801 	-31.223812 	-42.671238 	-58.687778 	-60.548809 	-60.263894 	-57.294805 	-58.509847 	-59.339651 	-60.623800 	-58.724327 	-59.068880 	-57.003327 	-57.426794 	-58.797110 	-58.292701 	-58.768187 	-60.627018 	-59.843326 	-57.955623 	-60.512769 	
9.796624 	-4.856858 	-7.915649 	-15.163319 	-14.464914 	-13.638462 	-18.934500 	-17.704465 	-31.154076 	-48.507029 	-49.828078 	-59.462230 	-58.638428 	-58.950288 	-59.390090 	-59.304282 	-59.123707 	-58.679777 	-59.315608 	-57.998492 	-58.742490 	-59.055820 	-59.181966 	-59.233244 	-59.324783 	
10.210268 	-2.839960 	-6.304215 	-6.906067 	-19.103187 	-23.121256 	-37.224800 	-58.006790 	-58.909884 	-56.758154 	-58.747875 	-58.499176 	-61.469669 	-58.986232 	-58.611824 	-57.882600 	-58.700138 	
9.765717 	-7.843600 	-25.791859 	-35.876054 	-47.684127 	-51.921481 	-57.599411 	-58.630411 	-60.034204 	-59.617285 	-60.744070 	-58.218081 	-58.067294 	-57.889737 	-58.164296 	-59.302923 	-59.640198 	-59.909259 	-58.436906 	
9.901902 	-13.133403 	-40.358640 	-57.991525 	-59.573973 	-59.442266 	-58.471029 	-58.242890 	-59.403530 	-60.642568 	-59.220517 	-58.131734 	-58.152633 	-59.253664 	-58.347780 	-57.468891 	-58.436166 	-58.958525 	-60.665216 	
10.039945 	1.567670 	-15.550996 	-58.235620 	-63.703874 	-57.884523 	-57.967836 	-58.645445 	-58.681996 	-57.624441 	-57.666610 	-58.163671 	
9.740921 	-14.333878 	-20.571950 	-38.462425 	-36.562401 	-39.519714 	-45.663460 	-45.145047 	-58.046324 	-58.493396 	-58.279505 	-58.786330 	-59.775433 	-58.299895 	-59.899040 	-62.303067 	-57.654164 	-59.743716 	
