10.234155 	4.436863 	-23.019218 	-25.372878 	-54.443921 	-55.749381 	-56.663318 	-58.173599 	-59.072339 	-61.258846 	-57.255075 	-58.393710 	-57.965076 	-58.345572 	-57.870598 	-60.100991 	-58.420817 	-59.175035 	
9.534401 	3.206420 	1.180435 	-8.551388 	-31.954602 	-48.234002 	-49.443416 	-53.045843 	-54.619449 	-56.982076 	-57.348608 	-58.059554 	-59.977098 	-58.867647 	-56.684926 	-57.532938 	-58.114511 	-57.666814 	
9.860546 	-5.830526 	-20.150928 	-44.927638 	-61.485397 	-59.921216 	-57.678396 	-58.943909 	-57.395744 	-58.714375 	-57.959698 	-57.410753 	
9.693630 	-11.921979 	-28.033734 	-25.216327 	-31.867620 	-59.508873 	-61.681606 	-57.982317 	-58.830837 	-57.884903 	-58.018114 	-59.888732 	-60.931149 	-61.424914 	-60.047807 	-57.372079 	-58.513792 	-59.912494 	
9.517993 	-9.616112 	-29.004358 	-39.830301 	-61.282121 	-59.993670 	-60.556256 	-62.137473 	-60.017936 	-60.086599 	-62.731541 	-59.432030 	-58.403302 	-59.125435 	-60.582048 	-60.998256 	-58.466288 	-58.765350 	
9.464711 	-4.122466 	-30.326734 	-47.561048 	-51.198337 	-58.271030 	-60.579237 	-58.360773 	-58.854482 	-59.006108 	-59.429441 	-59.805702 	-58.272481 	-59.337908 	-59.554939 	-59.297105 	-61.270368 	
9.761880 	-1.071874 	-3.436697 	-8.692723 	-27.228654 	-32.071050 	-55.779445 	-57.978697 	-58.585932 	-56.999300 	-57.915966 	-56.700554 	-56.798313 	-59.591593 	-57.873527 	-58.959135 	
9.776817 	6.194978 	3.046203 	-9.513690 	-9.503691 	-36.448933 	-51.586470 	-50.436065 	-58.047210 	-58.527088 	-59.689602 	-59.719066 	-59.247332 	-58.743238 	-59.334827 	-57.239251 	-61.043961 	-57.033772 	-58.364830 	-61.025630 	-58.162939 	
9.981844 	-18.741965 	-28.942890 	-58.235914 	-57.076674 	-60.725797 	-57.137515 	-57.429886 	-57.189733 	-56.801729 	-59.935478 	-56.662365 	-58.512209 	
9.750048 	5.135883 	-9.740185 	-12.461796 	-16.012395 	-18.265431 	-45.991661 	-54.791055 	-57.767833 	-58.044011 	-63.010155 	-59.365022 	-57.136706 	-58.270871 	-59.370951 	-57.938669 	-59.613648 	-57.864629 	-58.056490 	-57.653735 	-60.153259 	-58.552992 	-61.568053 	-58.209956 	-59.596802 	-59.296898 	-58.798900 	-60.338480 	-59.913567 	-59.792811 	
9.368004 	-11.316437 	-13.187724 	-18.501500 	-61.517093 	-58.842062 	-61.422502 	-59.238163 	-58.591195 	-59.733582 	-57.993429 	-57.698451 	-62.409341 	-60.103044 	-58.635333 	
9.680697 	-4.193692 	-1.081189 	-24.912075 	-26.435825 	-26.527000 	-35.945792 	-40.469656 	-40.236949 	-56.062937 	-56.922705 	-56.418471 	-57.024558 	
10.047755 	-4.357691 	-15.013870 	-27.548801 	-32.035558 	-45.484552 	-58.003382 	-58.073586 	-58.005189 	-59.890018 	-57.333319 	-59.353884 	-56.641841 	-57.965616 	-57.321116 	
9.551964 	-25.374141 	-49.042349 	-56.628470 	-56.119600 	-59.000219 	-60.107102 	-57.969225 	-60.206721 	-57.647466 	-61.342300 	-59.803761 	-60.199150 	-60.182144 	-60.296287 	-63.799778 	-59.343066 	-60.570453 	-57.781598 	-58.440175 	-58.950183 	-62.161786 	-59.715731 	-59.423163 	
10.138022 	4.286783 	-6.835692 	-21.169515 	-28.572365 	-57.822687 	-57.945727 	-59.958153 	-56.807373 	-59.218046 	-58.401712 	-58.342663 	-57.880854 	-62.033160 	-59.834435 	-58.751090 	-58.239012 	-60.038640 	-56.352750 	-59.427311 	-59.662880 	
9.969319 	-1.670735 	-8.336520 	-10.971613 	-42.750365 	-42.528378 	-58.614357 	-58.739473 	-58.401685 	-58.140740 	-62.511386 	-60.435428 	-58.522011 	-57.791234 	-59.209249 	-62.348959 	-59.554616 	-61.547209 	-59.632837 	-57.964286 	-58.372638 	-58.990823 	-60.274165 	-57.680304 	-60.167095 	
9.808945 	-30.277136 	-36.530257 	-52.706481 	-58.085648 	-60.989457 	-58.207867 	-58.881086 	-58.914595 	-58.193978 	-60.842924 	-58.661619 	-57.523020 	
9.957553 	-24.619855 	-35.204451 	-57.684552 	-59.017197 	-58.897021 	-57.223757 	-59.389813 	-59.542901 	-59.081565 	-58.090256 	-59.426038 	-59.171694 	-57.926958 	-57.169047 	-57.721304 	-60.488341 	
9.840167 	2.806699 	-2.573177 	-11.134150 	-16.082284 	-15.703979 	-29.258470 	-31.168502 	-46.056191 	-44.933651 	-49.594929 	-54.957914 	-57.424638 	-57.138016 	-57.874828 	-62.053833 	-58.748545 	-58.189670 	-60.020246 	-59.386213 	-57.564869 	-57.059095 	-59.341664 	
10.293395 	1.235575 	-3.189967 	-12.172278 	-11.416636 	-22.470862 	-51.605670 	-56.072329 	-57.023696 	-57.207589 	-58.889063 	-58.247392 	-62.172484 	-59.491061 	-58.612640 	-59.375953 	-56.703129 	-57.695588 	-58.530622 	-56.711721 	-58.127189 	-59.039866 	-56.841274 	
