9.847343 	-2.320426 	-2.703083 	-15.159704 	-19.105216 	-20.667103 	-23.489646 	-25.313698 	-26.634044 	-30.663069 	-35.368413 	-37.129237 	-35.909193 	-39.880028 	-44.939783 	-44.884139 	
8.371879 	8.921911 	1.233755 	1.013879 	-6.759739 	-8.577119 	-5.877111 	-10.176911 	-11.751333 	-11.615513 	-22.067740 	-18.760529 	-20.112470 	-25.496843 	-25.687377 	-36.398596 	-40.294170 	-49.129687 	-48.436596 	-49.978890 	-57.631118 	-58.653607 	-60.831303 	-57.307573 	-61.061252 	-57.923406 	-59.779692 	-58.596440 	
9.588843 	3.006725 	2.103987 	1.970029 	-0.613042 	-1.995681 	-2.595916 	-3.189142 	-5.367644 	-3.494146 	-3.964007 	-4.857250 	-6.239847 	-7.930853 	-5.506927 	-7.086160 	-7.186546 	-6.437105 	-10.227282 	-11.398159 	
9.294181 	8.670037 	4.772898 	2.493283 	-3.581871 	-5.075912 	-12.961038 	-21.797259 	-30.170647 	-39.774172 	-44.718250 	-46.004073 	-56.864741 	-55.435298 	-56.149609 	-56.575545 	-58.451403 	
9.578268 	5.918667 	4.752619 	-3.866227 	-5.749749 	-5.825446 	-8.305501 	-12.457028 	-9.294613 	-11.709821 	-14.501619 	-15.496080 	
9.761566 	1.391968 	-7.311940 	-13.115103 	-25.130457 	-23.605700 	-23.826108 	-25.458623 	-39.868544 	-53.740570 	-54.321148 	-56.199884 	-58.333632 	-58.039576 	-56.158871 	-56.628399 	-57.206823 	-56.938835 	-58.844520 	-56.782112 	
9.797956 	0.289099 	-0.530752 	-0.945449 	-19.252099 	-39.653354 	-41.031635 	-51.822053 	-59.562788 	-59.047178 	-59.715941 	-57.297379 	-57.778135 	-61.191888 	-61.275717 	-59.621253 	-57.705760 	
9.448377 	-0.656853 	-5.453067 	-3.784905 	-11.567508 	-20.546407 	-23.963427 	-31.468616 	-38.581849 	-37.979902 	-39.862433 	-42.183596 	-41.422823 	-51.653066 	-55.529676 	-57.952102 	-58.866167 	-59.703630 	-56.360532 	-57.915421 	-58.462747 	-58.167248 	-57.297789 	
9.644011 	6.483852 	2.886137 	4.889182 	4.182522 	2.366245 	1.516385 	1.314657 	-0.021156 	1.662902 	1.424146 	-0.678307 	-0.443705 	-0.279874 	-0.129546 	0.017538 	-0.882048 	-1.151812 	-0.952466 	-0.019002 	-0.613213 	-3.070043 	-0.079369 	-2.999833 	-1.902130 	-1.839211 	-4.138935 	-3.527198 	0.384426 	-2.174738 	-0.713342 	-2.070943 	-2.916147 	-1.110039 	-3.388156 	-2.191801 	-2.320100 	-2.222129 	-1.836398 	-2.423309 	-3.237730 	-2.750928 	-2.577879 	-1.876529 	-1.421155 	-2.604114 	-4.661984 	-4.493921 	-3.616562 	-3.284969 	-1.560186 	-4.165453 	-3.241485 	-3.606127 	-2.956836 	-2.698207 	-3.864913 	-3.192848 	-3.390374 	-4.164993 	-2.196645 	-3.127030 	-3.689143 	-4.457998 	-2.494468 	-5.277011 	-3.526829 	-5.770617 	-3.209173 	-5.130444 	-4.016098 	-2.741113 	-4.443426 	-6.293304 	-4.900274 	-2.503831 	-3.637430 	-5.768047 	-4.520614 	-5.905059 	-2.099611 	-3.639913 	-4.387543 	-2.738086 	-4.608584 	-3.723063 	-4.285294 	-5.695644 	-3.040797 	-3.944895 	-6.054393 	-4.122104 	-5.196447 	-3.670067 	-4.940129 	-6.773984 	-4.515957 	-5.351415 	-3.682515 	-4.525412 	-5.225629 	-6.904118 	-6.018069 	-6.463180 	-4.015990 	-4.122898 	-3.305016 	-5.093091 	-7.870894 	-3.898388 	-4.272313 	-4.131027 	-3.913908 	-4.945385 	-4.259189 	-3.646089 	-4.737250 	
9.767637 	0.402907 	0.057032 	-8.851792 	-10.143625 	-13.702293 	-16.389664 	-30.845054 	-32.016724 	-40.387338 	-45.298533 	-46.466266 	-63.808117 	-59.813444 	-57.958359 	-63.242646 	-58.052794 	-58.313806 	-58.541353 	-58.623177 	-58.646313 	-59.421923 	-59.079872 	-57.733136 	-59.112685 	-59.062844 	-59.083954 	
9.685223 	-5.264915 	-11.264427 	-16.548734 	-17.842505 	-22.898935 	-25.681205 	-25.369528 	-28.317926 	-36.959013 	-40.197299 	-42.743652 	-42.686115 	-50.469051 	-50.701702 	-50.845185 	-55.797412 	
9.971204 	-11.334376 	-16.770509 	-33.935467 	-45.610639 	-56.777350 	-56.111939 	-56.021884 	-58.454010 	-57.825451 	-59.156914 	
9.835668 	3.895770 	-0.297642 	-3.548592 	-16.025839 	-10.636215 	-15.118971 	-20.111768 	-22.039599 	-25.973682 	-24.206663 	-44.156436 	-51.280162 	-51.563668 	-51.420122 	-52.560867 	-53.264078 	-56.786909 	-55.512004 	-55.751139 	-56.253412 	
9.755858 	-9.560286 	-19.292840 	-25.527760 	-31.741271 	-38.733812 	-45.539009 	-50.138718 	-55.109953 	-57.244747 	-57.558639 	-58.793273 	-57.368113 	-57.910602 	-57.939386 	-57.020305 	
9.859837 	5.954420 	1.884138 	2.229890 	0.484410 	1.898363 	-1.464246 	-2.762692 	-1.514935 	-1.975536 	0.099772 	-2.953782 	-5.166445 	-3.116937 	-4.383408 	-5.288091 	-5.391900 	-7.947794 	-6.138382 	-7.725262 	-10.890119 	
10.077635 	2.447548 	2.131364 	-6.229551 	-5.088322 	-6.450660 	-7.022857 	-14.080777 	-22.713030 	-24.381765 	-24.847963 	-28.072854 	-29.598790 	
10.031085 	6.965529 	3.577751 	2.717524 	0.654596 	-0.369989 	-4.637234 	1.084919 	-0.698116 	-0.141963 	-5.264912 	-7.599132 	-6.586810 	-7.587598 	-7.484805 	-9.388679 	-7.867498 	-9.332080 	-8.992045 	-11.843464 	-9.680905 	
9.502382 	-3.870470 	-9.272754 	-16.648103 	-41.236777 	-45.271900 	-49.690571 	-47.640263 	-51.304442 	-52.954505 	-56.802379 	-56.911364 	-57.765722 	
9.925435 	-14.037955 	-21.335823 	-25.651436 	-29.615167 	-37.780159 	-41.200188 	-59.120536 	-56.953108 	-57.260238 	-57.369364 	-59.353489 	-57.906239 	-59.193641 	
9.640319 	2.960826 	-13.822103 	-45.685543 	-44.769670 	-51.996893 	-56.355853 	-57.321635 	-56.626186 	-56.396188 	-57.131179 	
