9.615963 	6.774185 	4.725308 	0.615998 	-12.809005 	-14.839696 	-19.385399 	-21.603787 	-24.861834 	-37.180642 	-33.081965 	-39.255111 	-40.553899 	-40.716438 	-44.640796 	-43.802416 	-48.966319 	-50.940691 	-52.927141 	
9.673913 	-10.402119 	-10.711718 	-16.278763 	-24.821119 	-27.276426 	-29.038386 	-53.046220 	-56.138104 	-55.054231 	-59.197638 	-58.481386 	-57.160583 	-60.589027 	
9.816596 	3.791699 	1.135338 	-22.843050 	-28.758439 	-30.513351 	-52.922540 	-58.823198 	-57.184033 	-57.776882 	-59.314881 	-59.077047 	-60.726804 	-57.750197 	-59.018816 	-60.442078 	-62.070770 	
9.614225 	0.070866 	-7.037003 	-19.278320 	-21.296217 	-30.342971 	-33.954706 	-38.015491 	-37.389214 	-38.329326 	-38.592228 	-48.420278 	-46.409510 	-48.687053 	
9.427464 	-4.790458 	-7.713142 	-7.759957 	-8.003907 	-12.739234 	-15.423885 	-20.597092 	-28.907398 	-41.207782 	-41.480589 	-42.820636 	-45.669284 	-47.508811 	-48.466638 	-48.845921 	-51.807681 	-49.995555 	-50.822323 	-54.244503 	-49.815202 	-52.942142 	
9.720062 	7.273521 	3.659869 	1.222804 	3.109093 	-1.368305 	-4.667670 	-8.234418 	-7.541949 	-7.574578 	-14.567418 	-14.386329 	-13.536634 	-16.845184 	-15.012373 	-15.841409 	-16.822526 	-17.672605 	-21.637425 	-20.783941 	
9.728062 	-2.737577 	-13.846797 	-10.260456 	-21.485526 	-28.729116 	-30.302398 	-36.106242 	-35.079562 	-35.446957 	-35.862584 	-37.670596 	-38.782270 	-42.716294 	-41.649246 	-43.318365 	-44.143534 	-45.488227 	-45.163267 	-47.063337 	-49.802997 	-49.521862 	
9.437654 	7.471891 	-8.347048 	-8.194190 	-28.929580 	-29.146530 	-31.224295 	-33.123555 	-39.451366 	-42.021541 	-43.298053 	-44.649143 	-44.033304 	
9.632554 	2.399338 	-4.466189 	-11.042077 	-9.616638 	-10.070618 	-12.757947 	-15.075345 	-14.536824 	-18.174346 	-35.007842 	-37.767001 	-46.077128 	-47.582200 	-57.897425 	-59.096152 	-57.320068 	-60.132719 	-58.775578 	-57.827240 	-58.377181 	-60.499447 	
9.808204 	6.355350 	-1.327101 	-32.717990 	-47.535921 	-55.312101 	-59.397311 	-58.789985 	-59.804829 	-58.281132 	-58.774924 	-60.107779 	-59.155076 	-58.199993 	-60.513817 	-59.220604 	-60.302103 	-61.417677 	-60.599389 	-59.038541 	-60.625949 	-61.533076 	
9.720158 	-1.627177 	-5.807889 	-9.461433 	-11.354950 	-12.654981 	-15.921764 	-19.349179 	-20.252262 	-20.099067 	-19.621817 	-20.533359 	-25.284739 	-24.781254 	-24.763714 	-25.788304 	-28.788661 	
9.610935 	6.688719 	-7.668615 	-11.329883 	-20.580185 	-21.923858 	-24.712197 	-26.373933 	-27.672437 	-39.380071 	-38.844894 	-44.195911 	-44.742879 	-45.502827 	-47.563320 	-51.579604 	-55.616277 	-54.117490 	
9.874239 	-3.987329 	-6.794792 	-15.236985 	-17.639590 	-26.933971 	-29.000032 	-32.108199 	-31.819653 	-33.357436 	-41.535264 	-55.626167 	-55.988888 	-56.590163 	-57.536376 	-56.641066 	-56.771017 	-57.055399 	-58.647398 	-57.683141 	-56.511805 	
9.477002 	-12.703829 	-17.530987 	-28.277675 	-35.123795 	-46.009367 	-44.753314 	-55.275830 	-57.292451 	-56.488613 	-58.931068 	-58.297255 	-57.883391 	-57.511222 	-57.625607 	-58.290802 	
9.431346 	3.652251 	1.857508 	0.561946 	0.139128 	0.372761 	-0.861052 	-2.526838 	-1.696006 	-4.273062 	-7.507724 	-8.127517 	-13.573805 	-10.931723 	-18.286538 	-15.029305 	-16.048672 	-15.768005 	-17.863896 	-20.761817 	-17.469808 	-18.973741 	-18.089327 	-21.044298 	
9.605090 	1.172118 	-0.615067 	-5.949725 	-10.818341 	-15.625753 	-21.201871 	-22.030492 	-23.686943 	-27.628240 	-32.727984 	-29.723337 	-26.738906 	-38.727237 	-38.147734 	-41.388237 	-43.094124 	-44.377764 	-45.460802 	-50.725501 	-52.490781 	-54.359417 	-53.495486 	-55.502419 	-56.450068 	
9.545858 	2.018357 	-7.672739 	-10.232611 	-14.416510 	-18.063850 	-21.541613 	-20.227069 	-25.910371 	-50.062145 	-55.467171 	-57.430538 	-57.854112 	-56.764280 	-58.386243 	-55.886985 	-61.162675 	
9.634980 	1.013764 	-1.137080 	-7.500335 	-5.749380 	-9.909541 	-11.122154 	-10.923253 	-12.163104 	-11.548344 	-16.073172 	-18.313651 	-18.881362 	-19.021106 	-27.591915 	-24.422542 	-24.028294 	-26.771084 	
9.596713 	5.278584 	-1.597391 	-1.758814 	-4.469636 	-3.163705 	-4.826721 	-6.774651 	-7.757970 	-20.319290 	-20.335992 	-27.575678 	-31.551593 	-32.524907 	-38.090934 	-42.203758 	-42.694909 	-45.584091 	-46.664594 	-54.916652 	
9.485918 	0.937884 	1.455225 	-4.313171 	-14.927454 	-18.802844 	-17.980934 	-19.371916 	-28.023662 	-36.060018 	-35.689711 	-34.745001 	-39.573398 	-43.212905 	-45.374426 	-51.127557 	-47.698810 	-54.218233 	
