9.866156 	2.684482 	-1.662930 	-6.464377 	-19.283857 	-22.863302 	-20.882073 	-28.289898 	-27.832288 	-28.459713 	-31.706410 	-35.754951 	-37.827259 	-38.548864 	-39.725720 	-40.639712 	-43.344228 	-45.348628 	-50.485554 	-46.283433 	-47.836008 	-52.306361 	-52.679162 	-54.992471 	
9.532222 	4.724131 	-1.852466 	-3.464557 	-4.733165 	-13.851663 	-18.485642 	-26.675258 	-28.237215 	-31.624032 	-35.259503 	-41.180835 	-41.140358 	-45.905605 	-47.381860 	
9.736834 	6.590430 	6.258244 	2.816072 	3.230307 	3.029528 	-1.692284 	0.065182 	-1.965354 	-2.432774 	-2.863048 	-2.013868 	-0.998777 	-4.115652 	-2.208709 	-4.155427 	-6.089465 	-4.832398 	-6.740301 	-5.424348 	-8.980763 	-8.268090 	-6.665364 	-5.657050 	-6.230849 	-9.120064 	
9.524346 	5.604676 	2.029902 	0.999866 	-1.707204 	-2.161153 	-2.443452 	-2.753601 	-7.758265 	-7.737922 	-8.543181 	-12.582994 	-13.461706 	-12.379806 	-13.784325 	-17.244614 	-16.616879 	-15.976104 	-20.788452 	-18.660953 	-20.296163 	-21.064507 	
9.486304 	8.073734 	4.584625 	2.002991 	4.696054 	2.867921 	-3.551403 	-5.713842 	-6.101242 	-9.674863 	-13.250078 	-9.855409 	-10.515085 	-10.081302 	-12.197622 	-13.036922 	-14.437240 	-15.462237 	-13.063308 	-15.938036 	-15.620543 	-13.669892 	-14.080233 	-16.898334 	
9.535409 	-3.378025 	-21.533004 	-32.732809 	-39.540895 	-60.840810 	-57.873758 	-59.557569 	-58.855409 	-57.773125 	-57.015215 	-58.967206 	-58.228277 	
9.399428 	-0.638123 	-0.777848 	-7.555383 	-9.693292 	-8.907032 	-10.018654 	-13.473063 	-13.967998 	-18.163037 	-21.646693 	-27.944176 	-25.062471 	-24.803108 	-26.517827 	-24.517266 	-28.575947 	-29.356063 	-29.263591 	-31.768987 	-31.799141 	-34.906304 	-35.888025 	
9.673693 	6.685776 	-0.180580 	-0.816527 	-4.100848 	-2.482417 	-5.876624 	-8.396233 	-8.294591 	-10.096329 	-13.493630 	-14.133142 	-15.288898 	-15.055090 	-17.785143 	-17.605650 	-16.403030 	-19.345644 	-23.547829 	
9.604762 	-0.624637 	-6.966953 	-8.078317 	-12.032986 	-26.708250 	-27.646392 	-33.265326 	-35.300688 	-41.515379 	-44.584277 	-47.095360 	-50.584126 	-53.711982 	
9.573544 	-3.603800 	-15.921352 	-16.680409 	-16.696789 	-18.576876 	-20.476505 	-37.707275 	-49.631738 	-50.953325 	-50.986963 	-51.809190 	-55.032238 	-56.391568 	-56.915730 	-61.221514 	-57.825638 	
9.613371 	-3.444479 	-20.721283 	-29.527176 	-40.725269 	-46.395351 	-51.547314 	-55.824096 	-59.488662 	-58.720288 	-58.916344 	-58.603690 	-58.663108 	-58.049731 	-61.389746 	-60.253405 	-58.132930 	-60.078273 	-61.873370 	-58.124748 	
9.668701 	5.089359 	0.040410 	-28.349420 	-46.396712 	-41.817935 	-52.692238 	-58.618078 	-59.289402 	-59.962751 	-56.943819 	-58.431746 	-56.662882 	
9.731328 	-1.685494 	-10.309740 	-20.648959 	-28.110546 	-31.726366 	-49.349026 	-47.399854 	-50.551773 	-53.431382 	-54.855353 	
9.603384 	-4.375991 	-10.669961 	-16.632326 	-17.818372 	-24.537178 	-22.654333 	-23.655407 	-24.408593 	-36.982705 	-39.746946 	-48.586034 	-48.777213 	-49.303121 	-47.901961 	-52.407894 	-53.940440 	-57.241469 	-57.309777 	
9.626004 	-6.083892 	-9.595934 	-13.066423 	-13.483201 	-13.683925 	-14.792387 	-26.425968 	-32.597010 	-31.060059 	-33.098711 	-34.125917 	-36.682502 	-39.891605 	-40.683187 	-41.466246 	-43.026334 	-43.393393 	-47.025939 	-44.031316 	-47.551453 	
9.712728 	3.710796 	3.287157 	-11.948883 	-16.834363 	-18.610062 	-18.816365 	-16.624868 	-23.037391 	-20.989747 	-22.684427 	-23.470632 	-28.749381 	-34.041546 	-32.954697 	-35.894919 	-37.913196 	-39.703806 	-39.548241 	-41.369852 	-43.734553 	-43.743168 	
9.903862 	3.737024 	-2.786839 	-2.265240 	-6.549472 	-7.971076 	-9.717362 	-10.352836 	-17.734656 	-29.750868 	-36.718786 	-37.717401 	-42.114729 	-44.021823 	-46.214830 	-48.428088 	-51.491949 	-48.834117 	-54.884905 	-56.681018 	-56.926002 	-55.191382 	-56.392149 	-60.012708 	
9.928432 	6.115387 	7.299090 	5.595905 	4.645826 	5.177091 	5.972186 	1.004596 	-4.031539 	-6.012662 	-8.209931 	-8.576684 	-10.042194 	-9.600905 	-10.811809 	-8.920992 	-11.198376 	
9.457384 	6.929593 	6.233447 	5.476223 	4.418169 	2.651557 	1.276335 	1.905275 	-0.568198 	-8.416555 	-9.719159 	-7.799169 	-11.075599 	-21.149744 	-20.865682 	-28.491883 	-26.685105 	-28.797463 	-30.196241 	-31.257292 	-31.785825 	-31.207378 	-34.607622 	-36.515061 	
9.311624 	3.115003 	-0.391956 	-5.745259 	-5.918207 	-18.228510 	-26.565175 	-29.587022 	-31.734805 	-31.756431 	-32.867531 	-35.882145 	-37.036928 	-40.598858 	
