8.901869 	-3.531135 	-7.710583 	-7.359452 	-6.424184 	-29.979377 	-29.866264 	-40.789459 	-59.385552 	-59.774938 	-61.754865 	-60.886329 	-58.638348 	-59.388729 	-61.330207 	-59.533097 	-57.653853 	
9.854234 	4.731264 	-0.851279 	-1.618477 	-7.553077 	-8.734686 	-11.267507 	-17.693973 	-13.165367 	-17.990978 	-19.696342 	-20.281124 	-23.880903 	-22.741770 	-25.398494 	
9.320183 	-0.192182 	-12.304951 	-21.401512 	-26.334631 	-24.086845 	-26.884178 	-25.947234 	-26.442305 	-29.346015 	-28.853521 	-28.880049 	-31.615475 	-28.300487 	-29.248801 	-32.667847 	
9.823541 	-21.328687 	-27.100418 	-37.643449 	-55.236575 	-56.790902 	-56.333764 	
9.270971 	7.066900 	-16.746369 	-30.614029 	-32.878969 	-33.577552 	-61.464583 	-58.907796 	-57.580753 	-57.805510 	-58.859901 	-57.865969 	-59.624644 	-58.623082 	-61.495490 	-58.851573 	
9.815182 	-11.244552 	-15.625252 	-23.594540 	-24.126079 	-36.543339 	-49.066064 	-58.732280 	-59.828968 	-60.554321 	-63.074930 	-59.273350 	-58.486657 	-61.550122 	-57.272443 	-58.188319 	-57.730028 	
9.847195 	7.171981 	0.237245 	-2.596559 	-11.040682 	-16.417756 	-28.224888 	-29.651682 	-31.364282 	-34.161626 	-39.560683 	-39.195739 	-39.150013 	-39.312891 	-47.569160 	-45.014036 	-47.054593 	-52.873173 	-49.687437 	-50.544729 	-52.004689 	-53.180306 	-54.324396 	-55.456639 	-59.907019 	-56.982244 	
9.445689 	-7.661661 	-18.494969 	-23.559192 	-29.149537 	-35.013685 	-31.803989 	-32.940571 	-37.045358 	-41.391519 	-57.283127 	-57.925844 	-57.348036 	-57.130867 	-58.051622 	
9.692051 	2.697217 	0.762955 	-2.098112 	-9.082605 	-15.435300 	-9.779537 	-14.378499 	-14.024569 	-15.954159 	-18.543850 	-19.218281 	-23.235189 	-21.590739 	-22.499446 	-25.153698 	-26.512765 	-26.612484 	-29.207119 	
9.629374 	-1.218642 	-14.809292 	-22.573953 	-27.970177 	-56.914536 	-58.853164 	-59.101249 	-58.776126 	-57.910564 	-57.914244 	
9.929034 	-23.440286 	-33.698671 	-44.416989 	-57.015691 	-56.052742 	-55.212233 	-57.652216 	-57.636460 	-58.826343 	-63.793257 	-58.239442 	-59.740806 	-57.529557 	-60.385695 	-57.393323 	-57.140079 	-58.546656 	-58.139965 	-56.813527 	-60.777229 	
9.547027 	-0.068437 	-9.286303 	-26.433231 	-32.988319 	-39.814234 	-56.760879 	-54.472831 	-58.081136 	-59.351399 	-58.967981 	-60.281441 	-59.845558 	-59.181643 	-58.665449 	-58.105195 	-58.873511 	-58.517277 	-59.452545 	-58.687845 	-59.730780 	-60.309926 	-59.489709 	
9.741811 	6.809996 	-12.981019 	-18.067213 	-27.887961 	-48.952730 	-55.915508 	-58.013692 	-58.256607 	-59.564610 	-57.893804 	-59.453786 	-57.782065 	-58.523682 	-60.255008 	-57.507653 	-62.927418 	
9.638761 	4.355047 	3.025593 	-7.495138 	-7.474902 	-17.392278 	-30.682123 	-34.308602 	-34.344162 	-39.068176 	-43.194346 	-54.608249 	-58.338922 	-58.818837 	-58.006759 	-57.730532 	-59.585367 	-58.153659 	-57.475884 	
9.747776 	-0.681103 	-4.719376 	-4.047432 	-20.260814 	-18.812826 	-41.545629 	-48.303720 	-57.489022 	-57.449619 	-59.753910 	-57.745406 	-60.190223 	-57.561979 	-57.513211 	
9.918812 	6.340858 	-0.854770 	-16.842309 	-29.908994 	-33.695852 	-39.481372 	-41.087376 	-41.525484 	-43.817232 	-44.995943 	-47.030864 	-46.526830 	-48.457761 	
9.503428 	-3.651387 	-4.352905 	-27.281763 	-29.215082 	-29.415508 	-49.834847 	-47.351575 	-49.807589 	-51.397025 	-55.409835 	-56.418967 	-57.756262 	-59.237713 	-59.608142 	-56.505119 	-61.384600 	-57.116143 	
9.742484 	-16.878220 	-33.737292 	-48.489268 	-58.299714 	-58.125638 	-59.937717 	-59.278236 	-58.392903 	-58.285294 	-58.622717 	-59.125893 	
9.270538 	3.330837 	0.688152 	-2.957700 	-3.492465 	-4.474685 	-5.717210 	-8.909081 	-18.118825 	-17.137199 	-20.453612 	-21.860211 	-21.328086 	-21.327646 	-25.022822 	-24.641648 	-25.173553 	-25.947521 	-28.111413 	-28.981066 	
9.485626 	-1.835756 	-4.421709 	-13.017620 	-18.744690 	-21.603432 	-33.405723 	-40.956768 	-42.356537 	-46.064647 	-56.614863 	-59.416760 	-59.861821 	-58.149444 	-57.804468 	-56.508248 	-57.548370 	-58.337432 	-60.015484 	-61.510785 	-58.027158 	-57.484005 	-59.354736 	-58.082925 	
9.787790 	1.332083 	-4.292631 	-6.080254 	-5.590396 	-8.398837 	-8.189587 	-13.847896 	-14.278964 	-16.040700 	-16.560140 	-17.508806 	-18.061963 	-24.037209 	-25.324395 	-26.051027 	-25.539768 	-24.972719 	-25.847454 	-29.004188 	-30.901440 	-35.375284 	-40.064848 	
9.784925 	-15.225445 	-19.961710 	-22.195900 	-38.806615 	-58.791680 	-59.396638 	-58.122127 	-58.464401 	-57.232836 	-57.955689 	-58.271296 	-58.039797 	-57.134090 	-59.354922 	-58.021787 	
