9.713668 	-30.955303 	-36.392481 	-39.362022 	-53.400571 	-58.451746 	-57.937885 	-59.191629 	-61.243680 	-58.139442 	-58.904774 	-62.361019 	-60.602296 	-59.804938 	-59.295821 	-59.497880 	-59.503807 	-62.116161 	-57.573462 	-57.774353 	-59.941279 	-60.676364 	
9.587742 	-3.001221 	-58.542439 	-60.324432 	-57.542783 	-63.125428 	-57.443445 	-57.560941 	-58.279613 	-59.431621 	-69.314718 	-59.714163 	-59.052942 	-59.097907 	-56.767786 	-57.430962 	-57.624418 	-58.731458 	
10.005356 	-19.872069 	-34.494444 	-57.250399 	-58.709956 	-59.230894 	-59.170078 	-58.955987 	-58.081530 	-58.201503 	-59.907474 	
9.978875 	-25.451003 	-34.934047 	-55.797837 	-59.334458 	-58.273938 	-59.868170 	-58.303767 	-57.666908 	-57.963543 	-61.058553 	-59.725173 	-58.363476 	-59.257346 	-58.093398 	-57.659036 	-58.293101 	-59.735507 	-58.538613 	-60.376810 	
10.000131 	-23.822340 	-58.821652 	-57.080233 	-58.765356 	-56.888438 	-57.019400 	-58.586835 	-58.657864 	-58.572024 	-59.770527 	-63.803118 	
9.735106 	-9.948967 	-31.422637 	-58.258644 	-59.338756 	-58.233122 	-58.210920 	-60.452828 	-60.059075 	-59.720009 	-59.364365 	-59.599005 	-58.533211 	-59.321208 	-57.956718 	-58.929916 	-60.241831 	-61.712319 	-59.206846 	
9.983278 	-19.015219 	-45.559580 	-57.818075 	-57.648728 	-58.724095 	-60.055684 	-57.862032 	-58.676272 	-58.047562 	-57.465151 	-59.301963 	-58.762497 	
10.189816 	-0.852938 	-30.926622 	-58.181264 	-62.459700 	-59.134956 	-58.374884 	-60.964144 	-58.226757 	-58.738217 	-58.157211 	-57.354585 	-59.754064 	-63.822107 	-61.686938 	-59.942773 	-58.322382 	-57.911759 	-58.385714 	
9.771187 	-3.717556 	-12.672528 	-50.634855 	-56.978082 	-60.598559 	-57.113310 	-58.083737 	-60.424573 	-58.578924 	-58.697411 	-59.077439 	-59.179215 	-58.759401 	-59.318642 	-57.999393 	-61.609478 	-58.663975 	
10.003286 	6.788002 	-6.967408 	-11.979641 	-18.532586 	-18.371546 	-34.922562 	-42.201361 	-58.764499 	-58.326177 	-58.582376 	-59.668880 	-59.371856 	-60.944304 	-60.703858 	-58.659635 	-61.717008 	-58.696102 	-59.231703 	-57.930294 	-58.734631 	-58.788249 	-59.233534 	-58.829410 	
9.825190 	-39.988518 	-51.583765 	-53.406534 	-60.402720 	-58.251537 	-58.228160 	-59.578228 	-58.752037 	-57.051720 	-62.719557 	-58.240019 	-59.995507 	-66.306563 	-63.211007 	-59.103197 	-59.650839 	-57.677242 	
9.646455 	2.689657 	-35.045444 	-46.292974 	-48.798842 	-58.485692 	-58.696070 	-61.459838 	-58.639346 	-60.122057 	-59.152024 	-58.848071 	-59.103134 	-58.841050 	-58.714855 	-58.276228 	-57.823653 	-59.322511 	-57.492711 	-60.979279 	
9.754788 	-20.392332 	-48.088782 	-56.846437 	-58.918942 	-57.232855 	-57.764317 	-57.014085 	-58.857037 	-61.243963 	-62.558295 	-59.552583 	-62.912076 	-60.150661 	-59.548854 	-57.073096 	
9.728336 	2.694688 	2.606806 	2.027785 	-5.104040 	-13.838901 	-23.621737 	-39.583099 	-50.681434 	-50.337596 	-55.455360 	-58.597451 	-58.109756 	-59.509387 	-57.602343 	-60.074161 	-58.612961 	-59.080483 	-61.557119 	-57.335333 	-58.698164 	-57.093302 	
9.580478 	-11.722562 	-18.738634 	-23.847768 	-26.772703 	-33.288139 	-45.774892 	-57.552959 	-58.723920 	-58.293742 	-57.403549 	-60.338324 	-60.094177 	-58.394358 	-59.406975 	-59.265100 	-58.271038 	
10.344629 	-6.537418 	-14.052183 	-26.058958 	-43.297509 	-51.267939 	-58.326492 	-58.445970 	-57.611296 	-59.331236 	-60.600482 	-59.879452 	-58.225108 	-59.329109 	-61.306220 	-58.645826 	
9.604771 	-16.846139 	-26.231911 	-52.003743 	-58.216612 	-57.779855 	-59.768387 	-58.800978 	-57.925994 	-59.347438 	-57.943455 	-59.741458 	-58.049058 	-60.568665 	-58.509287 	-60.190621 	-60.097241 	-60.108299 	-58.901032 	
9.409318 	7.367146 	-44.612002 	-51.207911 	-59.199600 	-59.837269 	-58.070759 	-62.288121 	-61.821581 	-62.831229 	-58.469758 	-61.110079 	-59.193117 	-59.426337 	-58.282767 	-62.312946 	-59.959590 	-59.067433 	-59.165641 	-60.537559 	-59.137847 	
9.941414 	-7.817540 	-8.559582 	-9.174018 	-19.577683 	-53.175196 	-55.397687 	-54.904802 	-57.646785 	-59.519401 	-57.724933 	-60.092266 	-61.579737 	-59.520701 	-57.977826 	-58.510796 	-57.583348 	-59.098396 	-59.256501 	-59.573176 	
9.666689 	-39.355857 	-45.531241 	-48.890731 	-62.001289 	-58.681183 	-57.746217 	-59.215170 	-59.295999 	-57.176112 	-58.202579 	-58.961975 	-58.285974 	-58.977192 	-57.471578 	-59.129517 	-59.616059 	-60.655196 	-57.449535 	
