9.431427 	-0.018574 	3.328899 	1.045416 	-2.441415 	-2.870273 	-8.436268 	-11.217263 	-18.690388 	-28.621557 	-31.162068 	-29.934899 	-29.538178 	-39.203347 	-37.780040 	-43.445723 	
9.601341 	-15.805651 	-26.181520 	-25.745215 	-30.175525 	-32.385689 	-52.297358 	-52.615206 	-60.008211 	-59.117296 	-57.882719 	-58.648390 	-58.131225 	-58.145055 	-60.954208 	-58.822309 	-58.638516 	
9.554605 	2.247975 	-3.231786 	-4.942857 	-8.077372 	-11.724560 	-10.841919 	-10.492061 	-13.728776 	-34.182128 	-37.193154 	-37.456802 	-38.978241 	-43.090189 	-53.065043 	
10.143911 	2.537843 	-2.203303 	-8.240413 	-8.123313 	-6.690819 	-12.365362 	-14.436417 	-20.959716 	-19.291662 	-23.986211 	-26.499269 	-27.067103 	-33.513513 	-35.964133 	-35.830336 	-43.549796 	-45.547718 	-56.880475 	-56.337097 	
9.548067 	4.411059 	2.245894 	-6.055898 	-34.181187 	-38.828276 	-45.259732 	-58.121608 	-59.155853 	-60.606359 	-59.590306 	-59.906376 	-58.147208 	-58.684640 	-58.555831 	-57.824143 	-58.021240 	-59.620830 	-60.101008 	-62.020869 	-60.243399 	
9.164741 	-12.519190 	-15.301976 	-26.633617 	-43.025922 	-48.809405 	-48.775403 	-58.440654 	-60.034998 	-60.662292 	-61.618242 	-58.124092 	-59.117424 	-58.064879 	
9.932618 	-1.612637 	-25.584611 	-37.894066 	-38.841836 	-45.294703 	-50.737602 	-59.368444 	-60.239936 	-59.874947 	-57.986675 	-58.266693 	-57.495010 	-57.168409 	-62.015206 	-59.260396 	-59.324724 	-58.486170 	-57.815708 	-57.638501 	
9.428178 	-48.889571 	-59.391280 	-58.818004 	-57.063132 	-58.024511 	-60.096618 	-58.770308 	
9.629159 	6.256596 	-12.600449 	-23.573320 	-33.269937 	-38.856099 	-43.663568 	-46.222558 	-52.176111 	-56.241023 	-59.179218 	-62.897475 	-58.503503 	-61.254537 	-61.325840 	-59.060711 	-58.041535 	
9.211924 	8.934307 	-0.395113 	-3.775408 	-9.610963 	-21.372005 	-25.042850 	-23.190471 	-43.459142 	-47.284155 	-47.317091 	-49.601786 	-52.094854 	-58.001121 	-55.921332 	-56.332940 	-61.218528 	-60.287912 	-57.486557 	-57.889618 	-58.860593 	-59.235419 	-58.639176 	-58.227495 	-58.369591 	-58.546397 	
10.352305 	-2.135138 	-10.406547 	-10.467323 	-19.191561 	-26.501758 	-29.357008 	-37.487349 	-42.281347 	-54.551169 	-59.693499 	-57.252447 	-57.986797 	-56.175332 	-57.919743 	-56.436413 	
9.906898 	-8.788547 	-8.731136 	-10.886285 	-26.557288 	-27.374796 	-29.729274 	-35.553739 	-45.365569 	-50.995029 	-60.694468 	-56.632472 	-57.237443 	-59.614306 	
9.865307 	-13.818942 	-30.697408 	-30.108279 	-31.785386 	-34.323773 	-41.967681 	-49.451528 	-60.415078 	-59.935729 	-59.197572 	-59.676797 	-57.685273 	-57.539574 	-57.975560 	-59.440977 	-59.037890 	-58.548498 	-60.758950 	
9.487984 	-8.741306 	-8.252083 	-45.913739 	-60.691088 	-59.435356 	-58.552047 	-59.198099 	-58.677002 	-58.867486 	-58.156372 	-59.509806 	
9.675996 	-0.455671 	-57.281261 	-57.361978 	-57.744375 	-61.665800 	-57.694260 	-58.266336 	-58.908551 	-58.153817 	-59.131063 	-57.427108 	
9.923230 	-9.118632 	-14.478784 	-17.293032 	-44.109612 	-56.537351 	-57.562909 	-58.949218 	-59.884582 	-58.050147 	-59.214776 	-60.180831 	-58.151782 	-57.927532 	-58.092186 	-58.978680 	
9.940818 	0.564179 	-19.329538 	-32.211136 	-48.492320 	-58.438133 	-60.219973 	-58.282540 	-58.958067 	-56.418926 	
9.636313 	-4.215074 	-6.397765 	-21.250847 	-41.037266 	-56.572355 	-58.337172 	-60.803555 	-58.408954 	-58.237502 	-59.425865 	-57.164105 	-57.812976 	-58.670434 	-59.028583 	-58.900359 	
9.525864 	-7.489686 	-17.243078 	-21.468948 	-27.222797 	-45.382566 	-52.229092 	-52.019340 	-54.189460 	-55.461406 	-57.576281 	-57.433990 	-61.092299 	-57.521302 	-57.878698 	-58.472583 	-57.377920 	-58.232677 	-58.082561 	-58.066013 	-58.823891 	-59.709871 	-59.387503 	-61.343460 	
9.287945 	6.812309 	-4.479713 	-7.846653 	-10.610888 	-21.547077 	-25.482757 	-26.107841 	-30.324214 	-28.708465 	-32.157386 	-34.944342 	-36.755953 	-40.098489 	-43.642728 	-42.867503 	-49.041130 	-51.941369 	-53.972933 	
10.252229 	5.572441 	-0.112699 	-2.472602 	-24.763569 	-28.066063 	-35.836014 	-46.874994 	-46.889021 	-47.996838 	-52.906185 	-58.141615 	-57.991535 	-59.144692 	-58.567029 	-57.380210 	-57.826746 	-56.349522 	-59.863775 	-60.391887 	
9.614623 	0.980358 	-1.849954 	-2.308766 	-11.149519 	-12.515076 	-12.947511 	-17.792240 	-20.586897 	-24.504441 	-25.934898 	-28.982644 	-35.769758 	-39.703434 	-39.777244 	-43.425596 	-43.391060 	-43.633621 	-48.208371 	-48.014324 	-50.616118 	-50.148305 	-53.990706 	
