10.091461 	-20.642845 	-32.138075 	-36.643278 	-37.349559 	-41.889451 	-59.442660 	-57.264604 	-60.886329 	-59.326637 	-58.078485 	-57.991896 	-58.919241 	-58.367770 	-64.408980 	-60.216922 	-59.792808 	-58.660795 	-56.907138 	-59.266653 	-59.116769 	-58.212269 	-60.726327 	-59.494485 	-60.098914 	
10.164688 	-3.804693 	-25.361187 	-58.167439 	-60.171055 	-57.274549 	-58.159057 	-59.017648 	-59.904312 	-61.612868 	-57.996256 	-58.155079 	-59.158060 	-57.708082 	-59.551121 	-58.494008 	
9.659012 	-44.313156 	-52.778260 	-58.430245 	-58.400988 	-60.061345 	-57.274628 	-59.757141 	-58.547028 	
10.132883 	-2.252031 	-5.078637 	-58.118841 	-59.677807 	-59.539813 	-57.992932 	-61.423509 	-59.933421 	-61.677469 	-59.243500 	-58.699437 	-62.188656 	-59.270181 	-58.610288 	-60.079362 	-58.167315 	-58.508547 	-57.686633 	-59.050566 	-58.712674 	
9.802707 	-25.072567 	-27.083118 	-29.999059 	-44.231299 	-63.273236 	-57.927746 	-59.477416 	-58.570709 	-57.988729 	-62.078502 	-59.805240 	-57.807390 	-60.143662 	-58.994489 	-61.104316 	-61.306469 	-59.481328 	-59.744949 	-58.572514 	
9.595975 	1.599375 	-30.555144 	-40.046865 	-55.300332 	-55.104379 	-59.183177 	-57.927712 	-57.975302 	-57.788647 	-60.352822 	-59.081460 	
10.054178 	4.883550 	-24.049426 	-30.809761 	-54.678535 	-57.007846 	-59.639081 	-59.609939 	-59.896408 	-59.800963 	-58.382014 	-56.708629 	-60.590549 	-57.950724 	-58.292324 	-57.855560 	-59.091763 	
9.551296 	-8.825397 	-11.320739 	-21.288235 	-28.794499 	-42.836610 	-60.054328 	-58.287976 	-59.912827 	-60.562156 	-58.761782 	-61.309580 	-58.303287 	-59.835484 	-57.529646 	-61.813325 	-59.137249 	-59.156046 	-59.716325 	-58.918824 	-59.758339 	-57.669331 	
9.436862 	-53.952371 	-57.963267 	-62.510831 	-59.417678 	-58.561599 	-63.142724 	-60.433457 	-58.522192 	-59.828087 	-61.780129 	-60.004895 	-58.218802 	-60.102536 	-58.135991 	-58.849956 	
9.490226 	-2.754607 	-3.542483 	-5.997201 	-12.519574 	-14.557649 	-15.506291 	-21.354985 	-21.110750 	-39.396669 	-56.873621 	-58.447904 	-60.890720 	-58.335139 	-60.825574 	-59.299218 	-59.368463 	-60.901189 	-58.488499 	-58.797449 	-59.746064 	-58.381775 	
10.026369 	-14.783059 	-32.873183 	-57.599962 	-58.225085 	-57.750480 	-60.208147 	-58.776008 	-58.418526 	-58.154021 	-59.029886 	-58.434284 	-59.276340 	-60.180164 	-58.453595 	-59.514645 	-57.418734 	-58.973646 	-61.532758 	-58.941984 	-58.654615 	
10.136849 	-0.970902 	-20.214921 	-27.043822 	-38.783711 	-44.728480 	-58.457808 	-57.576644 	-59.199532 	-58.431155 	-60.196899 	-60.321696 	-64.922586 	-58.872129 	-56.645363 	-57.311667 	
9.729876 	-0.271664 	-17.847203 	-42.337240 	-41.902143 	-56.223670 	-58.778180 	-58.152970 	-57.234688 	-57.957651 	-60.235986 	-58.428808 	-58.073469 	-59.848892 	
10.432619 	-58.699623 	-60.099452 	-58.822389 	-58.637575 	-58.490140 	-59.243684 	-57.289870 	-62.996510 	-61.120895 	-58.529271 	-63.998361 	-59.312157 	-59.966669 	-58.106868 	-59.430559 	-59.211376 	
9.872199 	-10.114182 	-18.358847 	-38.774189 	-41.752608 	-58.812773 	-61.043123 	-58.215752 	-59.389859 	-60.424908 	-59.663542 	-57.701636 	-57.408220 	-58.900002 	-57.904208 	
9.924871 	1.105709 	-46.321351 	-57.704828 	-61.496263 	-59.902187 	-60.434889 	-61.205606 	-56.732034 	-57.504976 	-58.580449 	-57.510780 	-59.442763 	
9.814572 	-34.091290 	-38.351459 	-43.896480 	-58.093195 	-59.066784 	-60.419359 	-58.587466 	-62.595629 	-58.740121 	-58.307336 	-57.372611 	-63.361312 	-66.888810 	-58.713675 	
9.944528 	-6.050809 	-37.758507 	-58.887808 	-58.158490 	-57.772333 	-59.548316 	-58.200786 	-57.611012 	-59.501857 	-59.133461 	-59.035788 	-59.106772 	
9.639676 	0.280078 	-7.992862 	-23.438426 	-26.171675 	-26.416213 	-31.968049 	-42.137115 	-53.472452 	-54.800793 	-58.632766 	-59.486457 	-58.236340 	-62.097217 	-58.722582 	-61.207794 	-58.360376 	-57.831313 	-60.785204 	
9.899789 	2.548404 	-23.425775 	-34.994703 	-57.297975 	-60.354623 	-57.982086 	-57.231127 	-59.939526 	-60.454026 	-59.098387 	-57.343002 	
