9.854939 	-9.224583 	-20.530549 	-43.032248 	-59.926990 	-58.385282 	-58.329193 	-62.017011 	-61.261168 	-59.097696 	-60.433477 	-58.277966 	-61.465995 	-60.297163 	-61.170751 	-60.499769 	-58.904843 	
9.297804 	3.959113 	-9.483331 	-9.698423 	-11.556184 	-16.434997 	-14.590111 	-18.606599 	-27.091746 	-39.751934 	-39.939636 	-41.310789 	-46.151225 	-47.226581 	-55.571509 	-52.133689 	
9.929864 	-28.186591 	-30.114450 	-28.505578 	-50.498390 	-50.321572 	-58.467354 	-58.538118 	-59.978635 	-59.339016 	-59.365886 	-62.103715 	-59.760093 	-57.597834 	-59.398272 	
9.525296 	4.661223 	2.164711 	-1.120557 	-28.169298 	-30.752846 	-36.665375 	-36.237153 	-57.518013 	-57.368874 	-57.296883 	-57.274362 	
9.560317 	4.568084 	3.516083 	3.263230 	2.600243 	0.930066 	-0.872934 	-10.229270 	-12.139569 	-16.281928 	-22.757845 	-24.745854 	-27.391281 	-36.469952 	-36.646730 	-35.054299 	-36.590032 	-36.534286 	
9.839558 	-1.370626 	-4.127490 	-6.458599 	-10.308075 	-23.120749 	-25.762619 	-30.263749 	-52.064735 	-61.078418 	-57.542072 	-58.037281 	-58.675511 	-58.111237 	-57.980787 	-59.442392 	-57.041850 	-60.071954 	-59.661698 	-58.838831 	-61.173722 	
9.305586 	6.489529 	3.147133 	-0.683589 	-3.656535 	-10.633158 	-11.285428 	-20.411014 	-18.829298 	-18.534158 	-18.358701 	-18.068144 	-20.419760 	-20.715389 	-28.122801 	-27.404246 	-29.468654 	-29.205263 	
9.520991 	3.546786 	-1.626940 	-3.572494 	-2.800734 	-19.699396 	-19.724049 	-19.759335 	-25.880841 	-30.331924 	-32.262872 	-33.499872 	-31.398345 	
9.482848 	3.849259 	-10.131968 	-13.751904 	-21.002495 	-27.769158 	-28.261779 	-32.374498 	-59.454229 	-57.160652 	-59.252029 	-61.970181 	-59.989687 	-57.552843 	-58.848885 	-58.670546 	-59.507651 	-59.490355 	-59.529441 	-58.674558 	
9.825820 	0.205211 	2.482227 	1.795199 	0.947811 	-2.401382 	-2.528293 	-0.849503 	-3.115583 	-6.186090 	-6.190980 	-10.579507 	-11.596211 	-15.719811 	-16.982062 	-16.688531 	-17.735139 	-20.032470 	-18.661346 	
9.696197 	-29.649991 	-30.181033 	-57.894195 	-58.879657 	-61.658181 	-59.010127 	-59.550792 	-59.037599 	-58.648834 	-58.247477 	-58.530421 	-58.952827 	-60.860893 	-60.799733 	-59.200421 	
9.649059 	5.850159 	-0.762465 	-3.490704 	-13.229002 	-24.690090 	-33.155932 	-40.376550 	-50.271758 	-50.324211 	-57.163261 	-56.112824 	-55.504010 	-60.926982 	
9.296176 	5.995738 	-7.691279 	-40.782376 	-60.492289 	-59.002117 	-58.040288 	-59.019753 	-58.885793 	-58.575727 	-58.844791 	-60.223357 	-59.172295 	-58.811107 	-61.411998 	
10.329615 	-8.706148 	-12.987276 	-17.464722 	-26.552528 	-39.040616 	-44.494097 	-58.191582 	-57.220658 	-60.123804 	-57.922217 	-57.451529 	-59.434534 	-58.404130 	-58.309568 	-57.955547 	-59.092764 	-60.417943 	
9.308954 	-4.628268 	-18.066056 	-21.908689 	-51.475831 	-58.565602 	-61.878368 	-57.406708 	-61.632347 	-63.420046 	-57.273095 	
9.960132 	2.456646 	-10.800871 	-24.618806 	-57.815094 	-60.358262 	-58.989488 	-58.341499 	-59.017792 	-58.953112 	-58.271282 	-59.929348 	-57.766872 	
10.413781 	1.498973 	1.678029 	-10.593607 	-24.929222 	-28.050023 	-29.660263 	-32.444251 	-33.964814 	-46.401286 	-55.715180 	-57.668926 	-58.536394 	-57.283138 	-58.374497 	-57.668763 	-56.884434 	-59.223434 	-59.501693 	-57.835608 	-61.029559 	-57.753214 	-59.081561 	
10.068912 	4.853219 	-21.435574 	-27.437296 	-30.811265 	-32.625001 	-55.394252 	-58.992790 	-58.399344 	-61.601771 	-57.568984 	-58.435542 	-58.534542 	-57.724926 	-56.845377 	
9.119895 	-0.307552 	-6.799317 	-14.176180 	-17.851786 	-15.274891 	-34.600057 	-36.215703 	-43.302643 	-48.041589 	-52.729213 	-59.857466 	-58.867584 	-59.268181 	-58.923912 	-60.137141 	-59.060797 	-57.461990 	-58.395274 	
9.878581 	5.280563 	-41.878805 	-49.918267 	-57.956398 	-57.881216 	-59.613444 	-59.637439 	-59.261541 	-58.992828 	-62.510926 	-58.842106 	-60.476223 	-59.244804 	-59.690998 	-58.217508 	-59.069366 	-58.931321 	-59.139173 	
10.086236 	1.092381 	-6.502794 	-10.818403 	-18.704794 	-21.948734 	-29.811332 	-32.272794 	-32.116328 	-38.275488 	-36.933920 	-40.415710 	-42.227515 	-41.951499 	-43.200633 	-43.090770 	-46.266110 	
