9.793098 	1.688346 	-15.665939 	-21.886036 	-19.409397 	-23.365108 	-52.791075 	-61.590479 	-57.674920 	-58.866012 	-62.251707 	-58.246943 	-57.345030 	-59.021173 	-58.315236 	-61.337349 	
9.824361 	-26.813271 	-32.112704 	-38.219071 	-57.590978 	-58.560912 	-61.565039 	-57.858607 	-59.677195 	-58.200409 	-58.978552 	-58.201880 	-58.519930 	-62.009299 	-61.121904 	-58.736298 	-59.728540 	-59.121648 	
9.854096 	-3.568597 	-13.740358 	-55.320509 	-58.277275 	-57.782404 	-57.833103 	-59.355217 	-60.322817 	-58.536905 	-59.800602 	-59.362235 	-59.380104 	-58.162595 	-58.314321 	-59.100964 	-58.659075 	-59.832174 	-58.919147 	-59.480477 	-61.749281 	-59.407560 	-59.435015 	-59.504137 	-60.504168 	-60.956682 	-59.989102 	
9.715361 	1.906137 	-3.802718 	-4.267153 	-14.922908 	-18.140324 	-18.230806 	-17.547488 	-27.293768 	-45.457013 	-59.499720 	-60.026477 	-57.769777 	-58.947982 	-59.011616 	-58.077712 	-61.096310 	-59.319862 	-58.900703 	-59.260830 	-59.509627 	-59.900098 	-59.621041 	-58.945393 	-60.762169 	
9.912816 	2.726553 	-10.961111 	-23.134041 	-45.516523 	-58.252780 	-56.633265 	-58.506930 	-57.736526 	-59.753153 	-58.653088 	-57.332838 	-57.462990 	-59.871405 	-59.261258 	-58.031985 	-57.749137 	-58.403464 	-58.472420 	-57.794615 	
9.494959 	-8.307467 	-28.988727 	-48.924457 	-59.242219 	-57.903341 	-59.793366 	-59.505268 	-61.475808 	-60.185444 	-63.116779 	-59.377775 	-59.148279 	-59.928788 	-59.633804 	-58.824365 	-58.495148 	-59.735801 	-57.658744 	-60.429967 	-60.902726 	-58.272916 	-60.210677 	-59.659285 	
9.594523 	6.281520 	-1.206564 	-3.780576 	-31.652549 	-36.991269 	-37.762291 	-47.637532 	-57.779475 	-59.843773 	-59.161187 	-58.872003 	-58.913838 	-61.346597 	-59.016568 	-60.030511 	-58.920631 	-58.469550 	-63.216995 	-61.492622 	-60.004227 	-58.682799 	-58.343555 	
9.734499 	-19.023953 	-34.458075 	-38.857442 	-57.846239 	-59.199513 	-59.892584 	-58.796919 	-59.280170 	-58.922190 	-61.300335 	-57.704213 	
9.804473 	-2.100874 	-24.348841 	-29.660910 	-35.741759 	-60.713100 	-60.579329 	-58.889311 	-58.098136 	-58.097760 	-59.257546 	-58.630603 	-59.897765 	
9.666406 	-8.436277 	-17.252068 	-39.378237 	-46.955741 	-54.250811 	-59.826636 	-59.680075 	-61.794162 	-59.121594 	-61.609927 	-62.160909 	-57.871199 	-60.085483 	-60.305112 	-60.637010 	-58.272750 	-57.931706 	-58.809059 	
9.674402 	-21.173566 	-25.586857 	-58.331791 	-58.466329 	-58.625503 	-61.475583 	-59.812253 	-59.574465 	-58.662662 	-58.119175 	-58.915852 	-59.539412 	-58.052392 	-59.403378 	-60.172551 	-59.519511 	
9.754362 	-10.784887 	-22.564448 	-20.998663 	-30.409729 	-57.812935 	-58.677445 	-59.141168 	-58.129744 	-59.425717 	-59.991358 	-61.043278 	-58.562156 	-58.279780 	-58.123903 	-58.227790 	
9.522759 	3.200168 	-36.925426 	-62.944790 	-59.138498 	-58.079261 	-62.918492 	-58.342087 	-58.407953 	-58.081069 	-57.826950 	-57.899703 	-59.840500 	
10.240789 	-3.969888 	-27.664753 	-38.735639 	-41.862769 	-49.007502 	-57.575296 	-57.090598 	-59.809438 	-58.819288 	-60.140160 	-59.911709 	-60.517292 	-60.750286 	-58.123748 	-58.034454 	-59.844095 	-58.880003 	-59.346435 	-58.361815 	-60.330858 	-58.955852 	-58.565832 	-59.969854 	-57.177275 	-59.074452 	-60.948566 	
9.534136 	5.624628 	5.561984 	-8.012823 	-13.324051 	-16.926249 	-21.051167 	-25.655917 	-59.139698 	-59.236266 	-60.714273 	-59.331009 	-62.798745 	-59.699877 	-59.542151 	-59.022342 	-59.937132 	-59.423879 	-59.189119 	-58.650056 	-61.975624 	-58.168063 	-60.155265 	-59.806267 	-58.460739 	
10.239952 	0.576649 	-6.377897 	-36.335016 	-32.897104 	-40.354463 	-57.596598 	-59.342118 	-57.245957 	-60.583055 	-58.174947 	-57.143983 	-58.938421 	-61.621286 	-58.415916 	
10.113198 	-13.967795 	-12.956740 	-15.205317 	-32.883340 	-33.244816 	-57.841422 	-59.236185 	-59.168442 	-59.623543 	-60.304681 	-59.621259 	-58.012158 	-57.890695 	-59.409003 	-58.258965 	-58.588033 	-58.445889 	
9.728427 	1.506225 	-31.104105 	-34.058037 	-38.131754 	-44.462931 	-56.304657 	-58.134717 	-58.393928 	-59.175488 	-57.621293 	-57.307194 	-59.973263 	-58.982826 	-57.711265 	-60.886148 	-59.293324 	-59.334307 	-58.930172 	
9.426690 	1.261609 	-8.524243 	-9.136940 	-12.376212 	-17.383547 	-22.484668 	-29.439763 	-34.523585 	-42.585069 	-49.295962 	-59.984830 	-61.961734 	-59.256242 	-59.289154 	-57.736535 	-60.556922 	-61.060100 	-58.992885 	-60.381274 	-60.670898 	-59.430483 	
9.721809 	-3.123117 	-23.839793 	-42.515439 	-41.795913 	-49.617760 	-50.983536 	-55.427738 	-57.841566 	-58.159217 	-58.346292 	-58.657269 	-56.837032 	-57.024542 	-59.107933 	
