9.025067 	2.260043 	-6.673598 	-7.810878 	-6.901099 	-47.052259 	-57.530454 	-57.992006 	-59.454926 	-59.248308 	-61.224811 	-59.945549 	-58.209909 	-58.488568 	-59.746702 	
9.720162 	0.547375 	-23.974607 	-44.907757 	-48.415550 	-60.335355 	-59.647997 	-58.115586 	-58.433248 	-58.688372 	-59.472198 	-59.888827 	-58.685435 	-58.893966 	-58.640540 	-58.844430 	-58.324368 	
9.212060 	8.552270 	5.231379 	2.295243 	-0.022332 	-3.238953 	-3.378553 	-3.625333 	-8.999028 	-22.414308 	-25.099773 	-27.223759 	-44.189570 	-43.867458 	-51.910577 	-56.387017 	-58.587987 	-58.073971 	
9.950146 	-10.255320 	-31.128918 	-29.840882 	-30.293636 	-33.488503 	-43.462299 	-54.001967 	-58.724645 	-57.766175 	-58.675043 	-57.431700 	-57.240951 	-60.132425 	-57.809918 	-59.079949 	
9.315641 	-2.398192 	-4.186579 	-4.979206 	-8.976955 	-10.690889 	-13.935893 	-15.599002 	-20.033254 	-33.544861 	-34.666218 	-40.492636 	-46.705866 	-46.378361 	-46.769232 	-51.857193 	-55.748335 	-57.034205 	-55.537483 	-57.221227 	-60.613311 	-58.088177 	-58.334660 	
9.545543 	3.846193 	4.625568 	-7.300551 	-15.052277 	-12.170021 	-12.424512 	-18.082009 	-15.077794 	-23.135846 	-24.981426 	-24.539859 	-26.079825 	-23.527839 	-22.335216 	-27.861938 	-23.990427 	-26.606501 	-25.043326 	-24.868293 	-28.000238 	-26.966263 	-28.744343 	-28.634399 	-32.827404 	-31.248058 	-31.588998 	-31.071305 	-36.149570 	-33.514453 	-36.630620 	
9.955424 	5.443418 	-6.316739 	-19.017403 	-26.601991 	-42.065378 	-49.803738 	-59.120763 	-58.056965 	-57.879384 	-59.448447 	-58.809162 	-59.544111 	-58.881868 	-58.065095 	-56.762137 	-58.877044 	-60.489116 	
9.398466 	2.670369 	-8.828833 	-9.087663 	-17.495690 	-18.112915 	-19.548642 	-59.505482 	-57.749791 	-58.887978 	-61.059715 	-58.872520 	-57.947203 	-58.666223 	-58.969119 	-59.487087 	-60.042215 	-59.765669 	
9.417810 	-6.654678 	-13.683013 	-26.879140 	-57.359317 	-57.341338 	-58.424517 	-60.674039 	-57.544820 	-57.129453 	-56.482855 	
10.029996 	-4.588626 	-9.939354 	-14.924246 	-32.188648 	-41.113293 	-59.521351 	-58.735935 	-59.280193 	-59.350030 	-58.594608 	-60.962241 	-60.610470 	-57.122274 	-59.903976 	-57.325330 	-62.159517 	
10.344779 	-3.173442 	-38.499079 	-39.349599 	-52.259943 	-58.084854 	-58.074618 	-61.064562 	-59.049067 	-60.603028 	-57.252166 	-63.028342 	-59.082196 	-59.330446 	-56.769990 	-58.768627 	
9.873919 	3.362326 	-39.141994 	-44.682367 	-43.370203 	-57.388289 	-56.617380 	-56.749525 	-62.018305 	-56.484530 	-57.240211 	-58.936284 	-61.616575 	-59.132598 	-60.075068 	-56.744805 	
10.258198 	1.408081 	3.273396 	-13.199203 	-14.170478 	-26.516128 	-52.663306 	-57.854040 	-57.531054 	-55.985070 	-56.811318 	-58.045660 	-57.594857 	
9.116585 	-56.481071 	-58.482289 	-60.017436 	-59.709285 	-58.895096 	-57.532752 	-58.521603 	-60.357483 	-60.313103 	-58.354770 	-60.654176 	-58.759516 	
9.879320 	7.729746 	1.304624 	1.733778 	-4.219430 	-19.117764 	-29.990975 	-32.748482 	-33.940250 	-41.076061 	-58.655418 	-58.013147 	-58.087233 	-60.285623 	-61.230410 	-58.700216 	-58.453761 	-61.111010 	-57.410141 	-59.131977 	-59.542868 	-60.118382 	
9.448188 	-12.783929 	-20.843902 	-28.586334 	-37.613274 	-42.578582 	-47.456235 	-56.304087 	-58.961149 	-59.459299 	-57.576199 	-57.987440 	-62.079924 	-62.246746 	-60.473999 	-58.647612 	-60.751995 	-59.455734 	
9.619177 	-8.919299 	-2.198508 	-57.470505 	-57.890321 	-59.211687 	-57.391960 	-62.512028 	-57.796000 	-59.537647 	-58.356296 	-58.743520 	-58.400287 	-58.724296 	-58.217218 	
9.772755 	-3.995981 	-17.045254 	-22.506968 	-34.652391 	-44.651568 	-52.398874 	-56.069619 	-54.046337 	-53.828819 	-57.752614 	-56.637282 	-57.771000 	-57.509201 	-58.246992 	
10.228790 	-3.005081 	-3.154465 	-17.311225 	-23.730824 	-26.436618 	-25.413372 	-29.155274 	-40.850095 	-40.022712 	-38.235027 	-38.897416 	-49.950484 	-57.344592 	-58.828534 	-58.531910 	-57.065531 	-58.556425 	-60.100711 	-60.540351 	-57.254129 	-58.590898 	-57.593504 	-58.237790 	
9.317441 	-3.631945 	-31.674618 	-39.807366 	-38.782895 	-41.426460 	-60.726851 	-59.075562 	-58.910974 	-59.628404 	-58.022860 	-60.491823 	-59.828067 	-62.892283 	-59.876687 	-59.675406 	-60.070017 	-58.939890 	-58.892475 	-62.163291 	-60.131984 	-59.272644 	
9.753330 	-15.852954 	-19.129851 	-37.427017 	-42.923287 	-38.295483 	-44.694286 	-59.650837 	-58.290493 	-58.940442 	-59.134330 	-57.092402 	-57.927894 	-59.906098 	-64.488406 	
