9.951416 	-12.306157 	-13.322375 	-57.456430 	-59.557947 	-60.332457 	-62.696887 	-59.688547 	-61.030608 	-58.754352 	-60.194376 	-58.837426 	-60.486531 	-58.262906 	-57.891732 	-60.477493 	-57.768686 	-58.845782 	-60.573011 	-61.092402 	
9.856987 	4.708025 	-7.602772 	-15.282749 	-25.842316 	-39.653285 	-42.096038 	-58.834223 	-57.402668 	-59.440621 	-58.348693 	-57.404309 	-60.901712 	-59.911571 	-60.225938 	-58.224005 	-57.190135 	-59.547665 	-59.701341 	-59.924973 	
9.517612 	8.851701 	-0.084894 	-4.624519 	-7.780464 	-7.065369 	-15.122719 	-35.899273 	-40.676539 	-50.492959 	-61.997827 	-58.032301 	-58.911153 	-58.812753 	-61.916649 	-59.533413 	-61.408487 	-56.836586 	
10.244858 	1.294460 	-58.373606 	-56.859268 	-58.418910 	-57.546859 	-59.497839 	-58.392071 	-59.700577 	-58.417606 	-57.687487 	-56.940480 	-59.043119 	-58.208728 	-58.741722 	-58.749042 	-58.455721 	-58.098775 	
9.764266 	1.646885 	-0.283837 	0.032116 	-5.011383 	-4.291117 	-7.086288 	-31.896761 	-36.016636 	-34.525398 	-42.477683 	-45.696028 	-52.024694 	-59.522039 	-59.798120 	-59.607699 	-57.862531 	-59.133237 	-58.538338 	-58.948098 	-59.640057 	-59.839120 	
9.671842 	4.650328 	0.620287 	-2.685940 	-7.765003 	-59.154836 	-61.362540 	-58.312985 	-58.062326 	-57.928578 	-57.855246 	-60.465800 	-59.981890 	-61.505691 	-58.580943 	-62.515662 	-59.177645 	
9.534538 	-2.256294 	-9.941231 	-13.507211 	-24.982253 	-32.278716 	-36.960961 	-44.696643 	-56.743297 	-59.306914 	-60.541174 	-57.001808 	-58.179850 	-59.083511 	-59.208540 	-59.055988 	-59.630090 	
9.531570 	-8.747157 	-15.272768 	-14.984112 	-15.022041 	-20.028142 	-22.202505 	-24.956625 	-23.063679 	-29.346718 	-33.657455 	-41.345779 	-57.488106 	-57.601270 	-59.616003 	-60.071221 	-60.834283 	-60.322037 	-59.563623 	-59.535916 	-59.038231 	-57.686185 	-58.849123 	-58.873030 	-60.237259 	-58.701828 	-60.381146 	-62.125211 	-61.594047 	-59.810661 	
9.919238 	2.944722 	-18.012293 	-25.432993 	-27.585680 	-29.066245 	-36.728496 	-45.771125 	-55.958989 	-58.804002 	-57.412544 	-56.660054 	-56.422543 	
10.014671 	3.028756 	-16.906794 	-18.815163 	-35.855404 	-45.329018 	-52.676146 	-57.718500 	-61.695117 	-58.863045 	-57.606008 	-59.907372 	-57.144438 	-56.895882 	-59.218420 	-59.207373 	-57.471320 	-60.053885 	
9.544901 	2.714097 	-4.159685 	-19.879006 	-57.957732 	-57.430015 	-64.105830 	
9.840114 	5.371414 	-0.570793 	-8.736856 	-15.030494 	-18.804308 	-19.700874 	-25.775167 	-31.833661 	-59.257237 	-62.540941 	-59.341527 	-59.432830 	-58.443934 	-59.258074 	-58.521024 	-58.946395 	-58.535947 	-58.536280 	
9.534274 	4.992000 	-7.016266 	-9.815377 	-13.150941 	-37.756358 	-42.364690 	-59.910549 	-57.936660 	-59.157109 	-58.616868 	-61.349121 	-59.645092 	-57.619163 	-56.730965 	
9.727137 	-2.844664 	-2.647477 	-13.553720 	-18.813792 	-22.081219 	-24.569358 	-27.235799 	-47.426586 	-54.461106 	-59.022860 	-59.674275 	-60.252259 	-58.542550 	-60.538316 	-56.893995 	-59.284066 	-59.247963 	
9.861357 	-24.293812 	-26.804146 	-33.927750 	-59.518835 	-59.536768 	-58.598114 	-61.592227 	-59.885380 	-57.785356 	-61.539334 	-62.852127 	-57.487233 	-59.990960 	-59.651245 	-60.463782 	-58.509409 	
9.897389 	2.853759 	-15.923943 	-23.417270 	-33.061494 	-31.261372 	-37.903007 	-50.315178 	-53.757672 	-54.901317 	-56.890782 	-57.336604 	-60.059063 	-59.178057 	-58.460036 	-58.311056 	-59.290094 	-59.385161 	-60.759871 	-58.493398 	-59.465465 	-59.625863 	-59.002991 	-59.894661 	
9.581460 	-1.759660 	-11.848718 	-19.470488 	-26.475065 	-27.721321 	-27.692683 	-32.196729 	-60.157018 	-60.707175 	-59.231248 	-59.406107 	-57.942874 	-60.802770 	-57.866210 	-64.877227 	-58.924877 	-57.698217 	
9.748268 	3.592646 	-5.302738 	-9.949441 	-14.795184 	-20.933463 	-27.482620 	-32.019700 	-32.993315 	-35.017171 	-52.515963 	-58.201954 	-58.426334 	-61.773765 	-59.574303 	-58.046798 	-58.980199 	-59.150523 	-58.509046 	-59.193562 	-59.681555 	-57.878476 	
9.767538 	-6.373773 	-14.603825 	-18.980404 	-26.970774 	-24.078598 	-47.712751 	-54.364461 	-60.286178 	-58.515624 	-58.289209 	-59.102424 	-58.645009 	-59.067295 	-59.911675 	-60.826006 	-58.740378 	-58.864121 	-57.901481 	-59.189109 	-61.163753 	
10.074436 	6.463932 	-9.870504 	-17.686988 	-27.219446 	-32.193338 	-34.133211 	-40.270240 	-47.999809 	-58.358664 	-60.546856 	-59.411266 	-59.845813 	-61.635048 	-57.175708 	-57.061676 	-58.244547 	-57.190961 	
