9.980698 	-3.924641 	-11.898821 	-55.704353 	-62.021902 	-58.432500 	-59.736822 	-57.434651 	-58.163580 	-58.654975 	-60.523201 	-57.279133 	-57.584387 	-57.399037 	-57.688487 	-60.429052 	
10.088999 	-8.879659 	-28.017179 	-34.753155 	-48.198457 	-50.307906 	-54.577744 	-56.812906 	-57.369047 	-61.135019 	-58.420364 	-57.352511 	-60.313645 	-58.549688 	-58.776116 	-62.108341 	-58.806066 	-61.924997 	-58.882593 	-58.354649 	-59.619966 	
9.617062 	-59.530816 	-58.853906 	-58.213152 	-58.339382 	-58.874268 	-59.999467 	-60.707283 	-58.290109 	-60.063684 	-59.342486 	-58.641871 	-59.876032 	-59.349183 	-59.242374 	-58.957233 	-58.402025 	-61.051759 	
9.731695 	-0.360132 	-8.482679 	-14.980273 	-34.287722 	-39.958689 	-47.655117 	-51.425888 	-50.745431 	-57.083556 	-60.234010 	-58.846710 	-61.575637 	-57.856420 	-58.292637 	-58.380776 	-58.819936 	-58.781664 	-58.710650 	-57.479716 	-58.334223 	-58.388200 	-60.546521 	
9.992011 	4.817503 	-9.537525 	-16.101851 	-27.747852 	-38.611372 	-39.967207 	-48.364160 	-57.684553 	-61.935534 	-58.224432 	-57.978940 	-58.818036 	-57.943747 	-58.267708 	-58.437806 	-58.262140 	-59.325598 	-58.842772 	-58.286601 	-58.390444 	-57.764213 	
9.921742 	0.793438 	-23.067615 	-40.290238 	-48.892829 	-55.488525 	-58.442907 	-59.209233 	-57.899616 	-59.125876 	-59.770804 	-60.523189 	-57.271735 	-57.596123 	-57.879639 	-58.684386 	-60.290113 	
9.978530 	-5.612003 	-34.720276 	-50.004379 	-52.579467 	-53.889799 	-59.813277 	-61.027594 	-58.860170 	-59.848543 	-59.006086 	-58.508395 	-61.676270 	-59.141675 	-59.155858 	-57.552028 	-58.121622 	-59.038290 	-58.283818 	-58.977190 	
9.647180 	-1.515218 	-14.333035 	-30.429704 	-31.085789 	-37.172855 	-61.640297 	-59.072558 	-59.681765 	-59.241888 	-59.411216 	-58.432372 	-58.981253 	-59.373495 	-60.219274 	-59.126629 	-59.728990 	-59.368009 	-58.538313 	-60.351594 	-59.427214 	-60.866158 	
9.675394 	-43.306372 	-48.038394 	-57.625264 	-56.259983 	-58.473226 	-57.188469 	-57.655618 	-57.549688 	-60.540832 	-58.238998 	
9.671080 	-3.254305 	-46.658726 	-56.593319 	-58.612305 	-61.323311 	-60.066673 	-60.195235 	-60.328095 	-58.979523 	-58.498266 	-62.454808 	-59.231310 	-60.805343 	-59.982163 	-59.721238 	-59.920268 	-60.065979 	-58.478686 	-60.301323 	-60.795667 	-58.516063 	-58.566135 	-61.906538 	
9.807487 	3.868564 	-43.311948 	-53.432384 	-59.126476 	-57.973473 	-58.258683 	-60.350390 	-58.640755 	-57.965001 	-60.493802 	-57.432918 	-63.700393 	-58.650833 	
10.306847 	-15.906183 	-22.515846 	-29.022921 	-46.271820 	-52.168819 	-57.142292 	-57.169723 	-59.345982 	-59.036439 	-58.491403 	-58.328218 	-59.449305 	-57.486814 	-59.937674 	-57.368154 	-59.374343 	-57.225004 	
9.637025 	-26.305571 	-30.843610 	-36.758500 	-35.643084 	-47.760373 	-56.886104 	-56.441634 	-58.374858 	-58.645216 	-57.349674 	-59.619467 	-59.151682 	
10.079696 	-41.477598 	-49.291273 	-50.628456 	-54.334909 	-58.709073 	-61.996251 	-57.537635 	-58.311429 	-56.723893 	-59.584353 	-57.990843 	-59.287888 	-57.646648 	-59.354151 	-59.952629 	-57.784367 	-57.790014 	-57.602287 	-58.082508 	-61.313880 	-59.344754 	
9.876702 	1.536443 	-6.250003 	-11.491351 	-14.106396 	-13.890595 	-15.986781 	-19.887156 	-19.532400 	-23.415421 	-25.388187 	-26.082461 	-27.165439 	-27.364626 	-33.232029 	-30.547185 	-30.934923 	-31.340684 	-42.253225 	
9.693652 	3.228482 	-0.707448 	-6.825386 	-7.334432 	-10.121627 	-10.787938 	-13.265189 	-15.910720 	-19.171944 	-20.228077 	-21.881016 	-21.979966 	-25.084629 	-25.358922 	-29.878439 	
9.760317 	6.938095 	-0.280632 	-56.195954 	-57.329608 	-58.971842 	-60.218394 	-59.584612 	-59.766126 	-59.338195 	-58.694988 	-61.077249 	-57.977239 	-60.583682 	-60.104278 	-58.064532 	-58.731836 	-59.276159 	-60.555720 	-61.059489 	
9.533983 	-15.209771 	-19.809659 	-26.354739 	-32.547762 	-49.392345 	-51.630688 	-55.388478 	-59.441509 	-57.637929 	-59.152224 	-57.925349 	-60.168806 	-59.068807 	-60.044238 	-60.019214 	-59.256911 	-59.307451 	-59.172542 	-61.339555 	-59.966086 	-59.017943 	-60.298519 	-60.255822 	
10.116583 	-0.267039 	-4.016269 	-3.651272 	-23.829593 	-34.663068 	-43.225430 	-47.904839 	-57.211250 	-55.226983 	-59.147942 	-59.416512 	-57.740750 	-60.138300 	-58.779111 	-59.187181 	-58.983994 	-59.383994 	-59.066445 	-57.774727 	-58.476849 	-58.286633 	-58.539146 	-58.354703 	-60.726373 	-59.855013 	-58.937586 	-60.252619 	-63.847977 	-59.987621 	-58.968755 	
9.719985 	-43.908472 	-57.123708 	-58.603234 	-57.969280 	-57.256185 	-61.036802 	-58.095097 	-59.578980 	-59.578662 	-59.266414 	-60.342440 	
