9.712463 	4.629163 	3.403222 	2.260605 	-0.339686 	-8.981148 	-11.089738 	-13.833084 	-16.415768 	-16.890945 	-19.149020 	-22.323690 	-23.507185 	-25.877395 	-25.504422 	-26.181685 	
9.871517 	1.362809 	1.382388 	-2.531229 	-1.857334 	-6.371121 	-8.816070 	-24.572562 	-44.312213 	-45.481013 	-47.221772 	-49.528621 	-49.289469 	-48.778917 	-52.448219 	-51.773755 	-51.845943 	-54.974068 	-57.478562 	-56.232114 	-57.872726 	
9.655589 	2.713821 	-6.585073 	-6.794241 	-9.485119 	-12.626702 	-11.001405 	-14.631001 	-15.150855 	-17.616071 	-19.516417 	-21.475104 	-39.048425 	-37.899166 	-39.599274 	-43.254770 	-47.274071 	-50.975275 	-53.456760 	-52.676228 	-55.047434 	-55.584673 	-57.261365 	
9.606064 	6.865961 	-16.789610 	-21.171819 	-28.486311 	-49.097561 	-50.846454 	-56.257303 	-58.768438 	-60.107831 	-59.233196 	-61.673144 	-59.381363 	-58.473914 	-60.288658 	-58.901185 	-58.499942 	-58.503311 	-57.818421 	-60.227293 	
9.837699 	1.386068 	-3.117905 	-12.086390 	-16.899131 	-17.152076 	-18.601369 	-32.004265 	-40.840582 	-50.838683 	-55.585048 	-53.681402 	-54.593119 	-54.656914 	-57.462625 	-57.639513 	-57.449680 	-57.327679 	-58.341424 	-57.597369 	
9.635105 	5.431846 	1.692704 	-0.132761 	0.490108 	-1.486119 	-3.558695 	-5.108454 	-3.450274 	-6.580286 	-9.169950 	
9.768874 	-30.575707 	-47.580820 	-57.133939 	-54.963589 	-55.943398 	-57.324504 	
9.649077 	-6.339644 	-7.501083 	-12.496820 	-16.014851 	-20.433837 	-24.756119 	-28.345063 	-32.206932 	-31.856508 	-36.767481 	-37.242056 	-45.368812 	-48.220368 	-53.235017 	-55.199993 	-52.623881 	-53.616248 	-55.925278 	-57.864235 	-55.497833 	-58.249652 	-57.519667 	-56.226862 	-57.694987 	-57.394949 	
9.075866 	8.358464 	2.778365 	-1.313304 	-8.419160 	-5.023848 	-6.279295 	-10.149871 	-26.913229 	-50.449980 	-55.370866 	-57.689530 	-59.405494 	-59.721353 	-58.594739 	-61.889488 	-61.273073 	-58.379738 	-65.588272 	-57.785463 	-58.919859 	-59.185744 	-59.227510 	-60.620889 	
9.832971 	3.763275 	-3.815558 	-27.802532 	-29.645892 	-26.182398 	-28.155450 	-32.317636 	-35.322096 	-39.220738 	-42.805870 	
9.734033 	4.141521 	1.772753 	0.276103 	-0.589202 	-6.957705 	-10.745932 	-14.721586 	-15.795002 	-20.054639 	-19.751792 	-28.799857 	-27.334255 	-30.181429 	-37.798847 	-37.959351 	-42.261886 	-40.596004 	-50.258135 	
9.950131 	6.103781 	-2.827039 	-26.866409 	-32.811796 	-35.756342 	-40.043636 	-51.287884 	-59.369015 	-57.470973 	-59.258244 	-57.592083 	-58.367391 	-57.385026 	-61.216281 	
9.282774 	-1.157187 	-29.688362 	-45.489401 	-47.064589 	-57.863426 	-58.572473 	-58.067954 	-58.283444 	-60.317839 	-59.215770 	-59.185700 	-58.778550 	-59.723674 	
9.763350 	-3.697228 	-13.881764 	-17.520564 	-27.928010 	-37.989469 	-42.264898 	-55.734789 	-55.575248 	-58.520679 	-58.955379 	-60.834201 	-57.933538 	-58.581440 	-59.619789 	-58.696173 	-57.988759 	-58.444965 	-59.589893 	
10.093268 	4.223422 	2.869464 	1.526372 	-0.382672 	-1.080263 	-1.012431 	-3.948312 	-3.892556 	-7.380232 	-4.225198 	-5.611197 	-7.824181 	-9.389639 	-10.318718 	-14.037332 	-14.248039 	-13.635681 	
10.148029 	1.401144 	-4.236585 	-6.694943 	-34.721997 	-36.941795 	-42.493763 	-42.416055 	-58.835525 	-59.384811 	-58.571418 	-56.274293 	-59.104353 	-57.482103 	-60.171133 	
9.778547 	-7.352136 	-9.411156 	-9.467376 	-11.893088 	-22.532265 	-48.977994 	-56.842897 	-57.664027 	-58.131002 	-56.711362 	-58.106527 	-59.616533 	-58.552204 	-57.126825 	-56.473621 	-57.248843 	-59.544808 	
10.060663 	-0.489461 	-5.443612 	-25.330416 	-27.708591 	-33.197276 	-37.116086 	-37.596811 	-38.210990 	-44.784613 	-47.712709 	-56.606102 	-56.254499 	-58.334978 	-56.753427 	-57.739666 	-57.417925 	-57.615536 	-56.976229 	-59.327403 	-58.648366 	-57.914763 	-61.495948 	-57.903282 	
9.714848 	0.416883 	-6.215636 	-6.302487 	-11.984206 	-18.270258 	-20.058761 	-19.689768 	-21.123581 	-25.442259 	-25.181201 	-26.058392 	-27.666744 	-28.512092 	-31.454048 	-31.021977 	
9.658821 	0.220308 	-0.381416 	-2.442618 	-6.969636 	-6.902019 	-10.266423 	-13.999561 	-10.739606 	-10.094466 	-11.385891 	-11.683084 	-14.087617 	
