10.174420 	5.232896 	-10.942500 	-18.928529 	-57.386157 	-57.867023 	-57.800903 	-58.620020 	-58.610503 	-57.987359 	
9.850374 	-0.984632 	-7.304256 	-52.824841 	-55.053588 	-58.420007 	-57.890123 	-62.123948 	-59.062658 	-60.773834 	-58.813442 	-59.567994 	-61.912267 	-58.311375 	-58.725717 	-58.606202 	-57.293074 	-60.563077 	
9.901549 	5.198380 	-11.305730 	-18.015363 	-34.115623 	-44.945025 	-45.957851 	-58.788946 	-57.111546 	-60.044100 	-59.210503 	-61.767769 	-59.317870 	-60.260836 	-60.829893 	-57.505249 	-59.320464 	-58.802811 	-57.970605 	-58.021731 	-58.096884 	-60.032660 	-59.475448 	
9.598879 	-58.887406 	-57.510004 	-59.624127 	-58.054854 	-59.145841 	-59.424741 	-57.281411 	-58.233480 	-59.948375 	
9.729398 	-11.273083 	-39.917081 	-43.978628 	-58.402073 	-59.309633 	-60.384982 	-58.889083 	-58.725908 	-59.164917 	-57.383391 	-61.367651 	-57.800938 	-58.288551 	-58.587785 	-59.231078 	-59.149784 	
9.865192 	-3.679505 	-2.418117 	-13.088656 	-17.624509 	-21.055239 	-58.535943 	-58.508575 	-58.786237 	-57.673461 	-59.529961 	-57.627184 	-57.156457 	-57.158863 	-58.255654 	-56.979284 	-59.655202 	
9.923295 	0.462874 	-14.559542 	-29.464934 	-27.105917 	-32.858084 	-40.214506 	-47.351303 	-48.334516 	-56.705622 	-57.678339 	-59.669569 	-56.680356 	
9.732531 	-9.326410 	-12.331416 	-19.801211 	-48.829481 	-53.122952 	-58.630210 	-58.492677 	-59.828014 	-58.646339 	-59.487373 	-60.419275 	-57.954451 	-59.361063 	-64.235548 	-58.952474 	-59.398610 	-59.305051 	-61.749912 	-61.613249 	-58.695547 	
10.114763 	2.130446 	-6.924500 	-25.270270 	-28.590589 	-34.005986 	-41.777761 	-58.947389 	-58.276923 	-60.276263 	-59.479368 	-57.970712 	-59.503792 	-58.296282 	-57.640444 	-60.276588 	-58.534031 	
9.696396 	0.599757 	-13.656600 	-25.463582 	-28.340090 	-32.890069 	-36.605304 	-53.409689 	-55.202517 	-59.572009 	-57.814735 	-58.155596 	-61.659829 	-58.684233 	-57.707033 	-59.098496 	-58.651672 	-62.870585 	-61.014433 	-60.265528 	-58.244740 	-58.289089 	
9.745397 	-2.648268 	-25.875625 	-58.631817 	-58.621529 	-58.037958 	-57.592776 	-60.170112 	-59.441266 	-56.997076 	-59.143278 	-56.755715 	
9.343509 	9.463553 	-18.788784 	-21.060932 	-26.879242 	-37.885158 	-58.605949 	-57.818971 	-58.127071 	-60.796647 	-59.358878 	-57.383150 	-59.238658 	-57.902216 	-57.971475 	-59.110788 	-58.686025 	-59.439848 	-58.063441 	-59.262088 	
9.678605 	-1.401071 	-24.965693 	-34.787490 	-59.227141 	-59.516956 	-56.171062 	-59.983854 	-57.149102 	-57.204415 	-58.181718 	-59.545557 	
9.914338 	-13.867022 	-39.056066 	-58.770518 	-59.551137 	-58.177287 	-58.525865 	-66.657961 	-58.017428 	-60.046370 	-58.829113 	-59.566047 	-58.529961 	-57.725687 	-57.837048 	-60.586894 	-58.932824 	-58.480983 	
9.716138 	-14.519554 	-19.157191 	-58.068400 	-63.223337 	-57.853005 	-57.604355 	-58.839411 	-60.054389 	-59.598855 	-58.879632 	-58.518658 	-59.362707 	-59.623531 	-57.667832 	-59.775153 	
9.460272 	-11.423573 	-12.414378 	-24.178002 	-29.195071 	-58.871387 	-58.361139 	-59.886240 	-57.424876 	-58.096483 	-58.910095 	-60.047506 	
9.793578 	-21.157250 	-25.226066 	-30.782344 	-44.657961 	-50.471554 	-58.588241 	-60.548296 	-58.480730 	-57.363427 	-61.108815 	-59.544256 	-58.110716 	-56.927165 	-57.646344 	-58.371972 	-61.947236 	
10.138487 	-9.728270 	-13.293054 	-53.513880 	-55.005861 	-57.743256 	-59.322081 	-58.368117 	-58.583749 	-61.695071 	-59.028396 	-58.226068 	-59.069298 	-61.743534 	-59.484884 	-58.290990 	
9.953913 	0.669557 	-1.347956 	-30.519203 	-33.517209 	-35.293143 	-41.970107 	-50.918718 	-58.727286 	-58.768822 	-57.896306 	-58.052624 	-61.075418 	-57.671725 	-59.471599 	-59.402865 	-58.513404 	-64.489409 	-59.119111 	-57.349769 	-59.623974 	
9.754949 	-4.648710 	-3.835844 	-6.545847 	-7.320113 	-50.610372 	-55.410008 	-57.553585 	-58.719276 	-59.441404 	-60.653825 	-58.363069 	-64.302002 	-58.436611 	-59.470873 	-59.681862 	-60.843518 	-58.415328 	-59.051782 	-58.683354 	
