9.886128 	3.210354 	2.723506 	2.264582 	-8.396363 	-18.647435 	-26.322518 	-33.144876 	-33.558745 	-38.906364 	-52.266986 	-60.322553 	-58.040358 	-55.496995 	-56.920813 	-56.723345 	-60.215437 	-58.195995 	-57.558271 	-57.176319 	
10.085544 	0.905888 	-2.862788 	-9.760658 	-9.913393 	-9.469822 	-9.611500 	-25.670182 	-25.068663 	-25.656646 	-26.818067 	-34.211469 	-33.768426 	-36.925328 	-38.062756 	
9.802225 	-2.192039 	-5.552447 	-33.789322 	-32.644982 	-42.444680 	-57.379780 	-57.798577 	-55.958163 	-58.786467 	-57.076727 	-57.701389 	-58.286934 	
9.949354 	3.899323 	-0.781675 	-0.941990 	-1.096452 	-13.211248 	-16.894067 	
10.018278 	2.419795 	-21.251984 	-22.826542 	-31.374294 	-36.762921 	-37.166384 	-38.818469 	-44.270560 	-49.247952 	-48.526108 	-51.015705 	-55.076355 	-54.632562 	-57.323894 	-56.308534 	-58.518234 	-56.963303 	-57.127813 	-59.001811 	-58.107640 	-56.730564 	-56.968641 	
10.003311 	1.161324 	0.019473 	-2.346918 	-2.881380 	-5.014850 	-6.752522 	-6.030611 	-6.209820 	-10.508386 	-25.101778 	-33.681868 	-27.862726 	-33.072855 	-38.834902 	-41.511726 	-39.842468 	
10.117152 	-4.124323 	-16.938103 	-39.947688 	-43.034372 	-59.365589 	-57.524705 	-58.090009 	-58.497597 	-58.670770 	-58.355643 	
9.879912 	3.375537 	3.309212 	0.170761 	-2.682874 	0.454396 	-1.952083 	-4.537832 	-3.154859 	-9.438038 	-13.114330 	-11.811611 	-14.470078 	-13.283932 	-15.745287 	-18.144346 	
9.732674 	-0.883610 	-4.463396 	-16.574252 	-20.350706 	-48.837247 	-50.654286 	-54.689599 	-57.725545 	-57.874562 	-58.175327 	-64.916418 	-58.315634 	-57.905088 	-59.426062 	-57.551600 	-58.295663 	-57.735560 	
10.085769 	1.888483 	3.110164 	0.608238 	0.987251 	0.959438 	-4.963578 	-8.223031 	-7.728145 	-8.082527 	-14.524877 	-14.804737 	-18.809855 	-18.051656 	-18.464155 	-17.825152 	
10.083516 	-1.968940 	-0.716264 	-2.271943 	-3.667884 	-6.219867 	-7.020096 	-9.071671 	-9.081518 	-8.477191 	-17.063485 	-18.481607 	-16.580280 	-55.710395 	-57.571088 	-57.988961 	-55.491343 	-57.185882 	-58.182427 	-58.597116 	-57.857985 	
10.287209 	4.940998 	-0.751715 	-3.239755 	-5.389172 	-10.667286 	-25.317097 	-18.952883 	-27.954451 	-30.032306 	-38.339224 	-38.322326 	-41.007180 	-40.711844 	-42.411804 	-43.970269 	-46.366481 	-44.360808 	-49.905267 	-50.550152 	-51.402728 	-49.447543 	-51.497665 	
10.099321 	-5.116481 	-20.036980 	-32.106813 	-37.203695 	-50.285529 	-56.546150 	-56.527782 	-58.010251 	-57.472888 	-54.923815 	-56.140326 	-56.977328 	-58.122376 	-60.224554 	
9.957994 	-13.734028 	-23.909286 	-40.776167 	-52.420945 	-56.722769 	-57.763394 	-59.641544 	-57.758868 	-61.141238 	-60.389269 	-60.873413 	-58.487096 	-58.881282 	-57.229626 	-58.252657 	-61.227278 	-57.679528 	
9.708777 	-1.081914 	-0.855281 	-24.852208 	-36.595228 	-34.954483 	-38.806822 	-57.799305 	-59.053280 	-60.477434 	-59.861499 	-58.158430 	-58.751206 	-60.067798 	-58.657364 	-58.899743 	-59.619443 	-58.736500 	-58.429075 	-58.759557 	-57.580295 	-59.959318 	-58.884983 	
9.887741 	-2.100992 	-33.488625 	-51.750981 	-58.206055 	-58.895489 	-59.012574 	-58.263412 	-59.275886 	-59.896741 	-59.295762 	-58.355674 	-59.403706 	-59.219852 	-59.992281 	-59.759021 	-58.409862 	-59.684384 	-59.016345 	
9.642988 	6.700884 	0.856644 	-4.701444 	-6.286908 	-7.221943 	-6.001652 	-7.754813 	-11.242834 	-21.911842 	-20.664219 	-24.486355 	-31.537276 	-34.919412 	-35.857678 	-35.889947 	-37.525958 	-37.994671 	-40.282816 	-45.042297 	
9.526669 	-5.044038 	-10.999955 	-9.465650 	-11.551288 	-15.116428 	-32.297978 	-32.463460 	-35.408205 	-36.362043 	-39.000233 	-36.734282 	-43.352972 	-47.097473 	-45.016358 	-45.156617 	
10.042629 	5.862688 	7.220317 	-9.969098 	-28.988456 	-38.520951 	-39.083842 	-46.679938 	-51.954224 	-56.148327 	-59.074347 	-59.558545 	-60.061959 	-56.531336 	-56.470782 	-57.367486 	-58.465970 	-58.813918 	-58.843300 	-58.528035 	-57.181872 	-58.271050 	-57.125100 	-58.118178 	-57.433358 	
9.769144 	6.641889 	-5.400151 	-14.723507 	-14.497052 	-16.282263 	-29.814591 	-31.205642 	-36.393029 	-53.466995 	-65.066223 	-58.851976 	-59.349595 	-58.497153 	-59.490410 	-59.846394 	-58.914167 	-59.247757 	-61.187628 	-59.517386 	-59.424376 	-59.035405 	-59.076718 	-59.932207 	-58.536736 	-60.196639 	-58.976979 	-59.007086 	-60.175915 	-59.467498 	-58.940576 	-57.668539 	
