9.468311 	-9.602415 	-10.181431 	-22.651800 	-24.074817 	-32.695102 	-32.323730 	-33.979138 	-40.871979 	-41.941066 	-43.355312 	-51.033990 	-57.608489 	-63.725365 	-60.120779 	-58.585151 	-58.257158 	-58.123883 	-58.576817 	-58.092991 	
9.628723 	-13.017135 	-19.140678 	-40.297405 	-49.122397 	-58.724422 	-57.973273 	-59.049814 	-59.591740 	-59.830658 	-58.884449 	-58.307985 	-57.428128 	
9.915598 	4.329200 	-0.197854 	-7.610507 	-24.228467 	-20.059702 	-38.731503 	-55.262073 	-58.015481 	-57.544145 	-59.046889 	-59.735222 	-58.232945 	-59.862309 	-59.821551 	-59.826828 	-58.952592 	-60.840966 	-59.177998 	-57.296967 	-59.360473 	-58.700144 	-58.518818 	-61.424323 	-59.378738 	
9.897188 	-5.937715 	-22.575291 	-22.530447 	-41.327586 	-57.658890 	-59.223498 	-60.056024 	-58.813332 	-59.900825 	-58.491284 	-57.826365 	-57.735349 	-60.679450 	-58.854150 	-59.295784 	-59.413357 	-57.797086 	-58.464228 	-58.791780 	-58.294427 	-58.171675 	-59.028833 	
9.336185 	3.019917 	-7.588122 	-11.149781 	-13.561741 	-16.753792 	-38.345688 	-41.430020 	-46.557742 	-61.241879 	-60.775817 	-62.404793 	-57.758296 	-58.743721 	-57.967856 	
9.696333 	-16.666472 	-23.374010 	-30.540699 	-58.116591 	-59.834178 	-58.574092 	-60.452252 	-58.583093 	-59.568744 	-58.984058 	-58.784118 	-58.255550 	-58.489834 	-58.223275 	-59.075788 	-61.899204 	-60.338284 	-60.951940 	-58.961156 	-58.986676 	
9.638906 	-17.306950 	-25.600312 	-29.266714 	-43.092475 	-58.609896 	-60.542480 	-59.759885 	-58.296992 	-57.865221 	-61.241466 	-58.993584 	-60.412913 	-60.383060 	-59.081050 	-59.683038 	-58.427132 	-60.919356 	
9.520663 	-6.254850 	-29.547317 	-31.614149 	-46.353559 	-58.815617 	-59.561350 	-59.817101 	-60.211042 	-59.170364 	-59.537138 	-60.869830 	-59.034141 	-60.573740 	-58.220711 	-58.177148 	-58.387416 	-59.547887 	-59.909628 	-60.219870 	
10.048729 	-6.310251 	-10.192703 	-20.553459 	-23.432744 	-56.922477 	-57.732389 	-58.965367 	-57.665074 	-58.628966 	-58.350830 	-57.863057 	-59.346774 	-59.517791 	-58.698491 	-58.523630 	-58.145433 	-56.622692 	-58.739565 	-59.296230 	
9.987972 	6.162887 	-0.924457 	-7.142973 	-13.186409 	-37.220477 	-58.929951 	-57.476239 	-58.884490 	-58.455301 	-58.882554 	-58.018473 	-59.324564 	-58.154434 	-58.571536 	-57.179317 	-59.579105 	
9.787214 	-0.470092 	-3.760994 	-16.447815 	-23.169536 	-56.510606 	-59.585167 	-59.570583 	-59.192323 	-59.227895 	-58.329543 	-59.627825 	-57.386263 	-58.694148 	-59.182592 	-57.254282 	-58.191959 	
9.079923 	2.858237 	-1.147746 	-2.018630 	-16.416072 	-20.229047 	-28.645007 	-31.072969 	-34.582141 	-50.544066 	-57.292533 	-57.842154 	-57.605658 	-56.772132 	-57.264648 	
9.564817 	8.390743 	3.572426 	-18.040233 	-24.838693 	-36.865282 	-45.943311 	-48.545035 	-55.609721 	-61.291094 	-62.662561 	-60.154271 	-59.954169 	-60.458354 	-59.607201 	-58.849524 	-59.189705 	-58.559588 	-60.236258 	-58.541435 	-58.998743 	-62.188442 	-58.202237 	
9.674412 	-6.128034 	-13.210733 	-17.039665 	-22.223811 	-25.009516 	-26.186006 	-30.818658 	-29.639238 	-31.177484 	-34.971776 	-34.339108 	-41.645213 	
9.595893 	-3.356286 	-18.015940 	-57.534361 	-58.950334 	-58.138167 	-59.138409 	-58.933498 	-58.850696 	-57.833551 	-59.600133 	-60.181593 	-60.062903 	-57.514514 	-65.163678 	-60.364842 	
9.518384 	-3.308896 	-10.252577 	-35.116283 	-47.730670 	-44.295429 	-60.704385 	-57.829330 	-58.722759 	-59.112712 	-59.125896 	-56.967577 	-61.538176 	-58.390625 	
9.741506 	1.730263 	-1.024920 	-19.851395 	-27.595108 	-28.812493 	-37.786821 	-59.488566 	-58.256908 	-59.126430 	-60.807493 	-60.987958 	-62.520359 	-59.620103 	-62.806019 	-60.271325 	-59.341825 	-60.739214 	-58.695471 	-57.550953 	-59.404157 	-58.778608 	-61.161013 	-59.192371 	
9.478230 	-27.574353 	-57.954920 	-61.154934 	-58.181462 	-58.105001 	-59.177914 	-61.781327 	-58.111245 	-58.568056 	-58.629995 	-59.465993 	-59.220423 	-57.955786 	
9.347890 	2.152663 	1.877742 	2.473244 	-5.375134 	-4.762691 	-4.864557 	-6.627284 	-7.860602 	-11.568693 	-10.779733 	-10.688056 	-11.197847 	-12.410596 	-14.117576 	-14.193426 	-17.629006 	-19.539165 	-18.145639 	-22.383700 	-21.917892 	
9.604751 	-3.204870 	-18.719890 	-34.609296 	-37.079326 	-59.608418 	-59.019178 	-59.661266 	-59.466461 	-62.860749 	-58.595356 	-59.796602 	-58.747875 	-59.169254 	-59.156734 	-60.832828 	-62.452761 	-63.253261 	-59.859148 	-59.981584 	-59.601358 	-58.569162 	-60.880312 	-58.313008 	
10.223274 	4.466795 	-35.962116 	-60.092177 	-57.899081 	-57.528556 	-59.690518 	-57.154586 	-59.100218 	-57.505741 	
