9.830469 	-10.903558 	-18.560867 	-41.833694 	-58.961148 	-57.938949 	-58.942108 	-59.889072 	-59.291836 	-60.057040 	-58.938168 	-59.589260 	-58.851788 	-57.959212 	-58.405055 	-60.228718 	-58.479032 	-60.313802 	
9.784958 	-6.865816 	-31.332376 	-57.300371 	-62.802532 	-60.734879 	-58.231447 	-57.978563 	-58.248462 	-57.930630 	-60.921054 	-58.239384 	-59.606665 	-62.612029 	
10.247069 	-14.655205 	-27.552224 	-41.968399 	-49.029011 	-50.903087 	-51.623068 	-56.237964 	-59.039807 	-58.504653 	-56.748836 	-58.141703 	-58.826015 	-59.839668 	-57.151628 	-58.270473 	-60.155095 	-57.661849 	-60.322079 	-59.882382 	
10.154111 	-16.877629 	-36.652190 	-56.920843 	-61.861745 	-58.058882 	-58.728325 	-57.603318 	-59.726199 	-62.784250 	-59.257778 	-57.847906 	-58.840071 	-60.446534 	
9.814087 	1.851869 	-15.543042 	-25.303812 	-30.125964 	-57.445657 	-60.000599 	-58.453172 	-59.285099 	-58.969925 	-59.019621 	-58.588685 	-59.264964 	-60.026340 	-60.488327 	-59.519384 	-62.279903 	-58.164646 	-59.922561 	-60.633634 	-59.828035 	
9.984250 	-35.091873 	-36.158455 	-47.859686 	-50.269555 	-59.468177 	-58.986157 	-58.457823 	-58.216176 	-64.002128 	-62.076516 	-58.707998 	-59.838599 	-58.080468 	-57.820695 	-61.465150 	-59.715490 	-58.817276 	-60.365728 	
10.066166 	-21.660619 	-57.699169 	-59.942190 	-58.677720 	-57.381405 	-58.733141 	-59.318827 	-58.960720 	-59.497656 	-59.378607 	-58.480492 	-58.652000 	
9.876795 	-3.663944 	-19.384676 	-25.418170 	-58.674794 	-58.106800 	-57.653366 	-58.117347 	-58.173515 	-57.535877 	-58.009814 	-58.225849 	-58.731699 	-59.750605 	-57.541286 	-57.181408 	-58.143973 	
9.987226 	-3.216538 	-56.775455 	-61.997298 	-60.837224 	-57.451614 	-57.421896 	-58.832909 	-57.531964 	-58.296348 	-58.427025 	-57.488250 	-64.062445 	
9.962109 	-30.688654 	-59.096546 	-59.338400 	-57.728707 	-58.472370 	-57.659736 	-57.255022 	
9.777625 	5.038674 	3.342616 	-11.421099 	-36.647731 	-51.876572 	-58.045882 	-57.778592 	-58.712327 	-59.630902 	-59.390651 	-61.596132 	-58.467333 	-62.251817 	-58.361984 	-59.188183 	-60.624349 	-63.803592 	-58.883330 	-59.345212 	
10.139926 	-14.898910 	-35.190472 	-55.255441 	-58.058328 	-57.280608 	-60.439841 	-59.947208 	-62.460149 	-57.787920 	-58.572095 	-58.786709 	-59.189463 	-59.396237 	-58.082781 	-57.874119 	-58.944146 	-57.585508 	-58.479140 	
9.385644 	3.854557 	-11.144057 	-37.125759 	-51.975926 	-59.496867 	-60.520985 	-58.257523 	-60.651996 	-58.794943 	-60.664950 	-60.510771 	-61.602994 	-59.562353 	-59.110384 	-58.952698 	-63.955408 	-58.939279 	-61.897635 	-59.791501 	
10.033563 	1.744928 	-18.591603 	-56.762736 	-57.365881 	-58.689047 	-58.375614 	-57.317498 	-60.189024 	-56.836105 	-57.593863 	
9.952228 	-1.485070 	-38.016590 	-47.771546 	-60.147502 	-58.926157 	-56.721623 	-57.718582 	-59.026076 	-59.008991 	-57.651790 	-63.305905 	-58.992862 	-61.165626 	-58.957523 	-57.572850 	-59.287525 	-61.743784 	-59.617614 	-62.303603 	-60.286919 	
9.535994 	7.833299 	7.167487 	-20.487081 	-39.366267 	-58.355394 	-59.593008 	-57.346568 	-59.830243 	-59.840424 	-60.063353 	-58.821674 	-58.565924 	-58.869315 	-57.730903 	-58.878915 	-59.426016 	-58.564031 	-59.083713 	-60.690881 	
9.627739 	-13.366071 	-30.865699 	-35.897557 	-47.689057 	-59.264842 	-58.417594 	-59.490846 	-61.608066 	-58.024000 	-59.904907 	-62.297534 	-59.686798 	-58.761476 	-60.574026 	-63.433531 	-58.050925 	-60.737617 	-59.169482 	-59.237813 	-58.188904 	
10.111577 	4.605974 	-24.552677 	-47.015586 	-58.183980 	-57.701371 	-58.421053 	-58.074032 	-59.247192 	-57.756919 	-59.342020 	-58.590189 	-58.413840 	-58.632832 	-58.047567 	-57.809384 	-58.431443 	
9.758220 	-34.400370 	-40.721253 	-40.412526 	-44.877926 	-57.614991 	-59.110597 	-58.854753 	-57.798091 	-58.857477 	-58.977973 	-59.075498 	-58.577835 	-58.488913 	-59.112874 	
9.864664 	-20.024782 	-58.426005 	-61.157226 	-61.548472 	-58.940898 	-59.507111 	-60.600324 	-59.454333 	-60.574275 	-59.302816 	-58.545733 	-59.544548 	-58.577755 	-58.900593 	-58.573007 	-62.947577 	-62.886007 	-58.980591 	-59.547344 	-59.613366 	
