9.593048 	5.690692 	-14.447482 	-15.311448 	-20.102060 	-21.660223 	-24.588971 	-52.255671 	-59.407928 	-57.288494 	-57.937439 	-58.477589 	-57.745408 	-58.120389 	-57.876410 	-59.057121 	-58.254051 	-58.744689 	-58.663815 	
9.397510 	5.282964 	-1.482980 	-0.452177 	-1.737253 	-18.884328 	-27.592546 	-29.759726 	-34.750404 	-43.390718 	-47.845037 	-57.052991 	-55.369482 	-56.819017 	-59.090045 	-56.690140 	-57.450560 	-57.640153 	-58.582686 	
10.132263 	-13.369127 	-25.952699 	-34.305096 	-57.463050 	-58.688289 	-57.749449 	-61.196087 	-59.783467 	-57.732880 	-59.509441 	-57.451611 	
9.823540 	-10.754878 	-35.659893 	-43.894979 	-54.695498 	-57.473402 	-59.125715 	-60.329268 	-59.508604 	-58.791226 	-58.012316 	-58.857018 	-62.057867 	-60.151377 	-57.932260 	-57.882892 	-57.869975 	-58.499388 	
9.962222 	6.412665 	-2.928052 	-13.867816 	-16.310797 	-32.151157 	-37.316253 	-40.641122 	-41.384843 	-44.897679 	-49.556025 	-51.620099 	-54.504848 	-54.609803 	-59.133764 	-59.131405 	-61.509676 	-57.719555 	-59.123710 	-59.523371 	-61.066095 	-57.883926 	-60.380127 	-58.885639 	-59.089548 	-60.032733 	-58.988144 	-58.349286 	-58.215211 	
8.817103 	8.999822 	-1.359109 	-14.668495 	-20.001608 	-23.512288 	-32.320668 	-31.035267 	-46.455811 	-52.010748 	-54.451998 	-55.080723 	-57.040483 	-58.409912 	-59.007914 	-57.262815 	
9.691644 	-2.152329 	-29.295845 	-33.833236 	-41.990368 	-55.049787 	-57.759383 	-57.935664 	-59.194373 	-57.452331 	-58.194963 	-58.752437 	-58.438227 	-58.371806 	-58.197885 	-59.010335 	-59.639991 	-59.123508 	
9.360770 	2.883566 	-2.270082 	-3.880875 	-8.031141 	-13.453285 	-19.952764 	-20.308309 	-22.594293 	-23.504082 	-30.817511 	-40.726422 	-50.423050 	-47.817927 	-52.794859 	-53.789437 	-56.320685 	-56.833274 	-57.268143 	
9.720573 	-23.406984 	-48.704170 	-50.001647 	-60.129474 	-59.334798 	-59.266477 	-58.762691 	-58.696124 	-58.412767 	-58.837721 	-58.321866 	-60.107940 	-58.677433 	-58.715773 	-57.830084 	-57.657223 	-58.722503 	
9.913692 	-16.375681 	-53.821849 	-53.996159 	-57.043839 	-57.303910 	-56.724251 	-57.651359 	-59.469038 	-58.598995 	-57.729190 	-56.609458 	-58.570422 	-61.047482 	-57.465005 	-60.075931 	-57.784900 	
9.759802 	-6.491912 	-40.242278 	-58.668884 	-59.423400 	-58.150307 	-57.874374 	-58.533677 	-59.221060 	-58.265911 	-58.105518 	-57.776866 	-57.264577 	-60.655209 	-63.769541 	
9.688466 	2.512434 	3.838004 	-3.088018 	-6.336102 	-2.915889 	-10.411427 	-6.518702 	-10.214835 	-10.342402 	-9.586078 	-8.580726 	-11.628573 	-11.283514 	-15.144442 	-9.893492 	-13.693331 	-18.146599 	
9.839919 	-15.213040 	-16.811503 	-38.211772 	-46.259725 	-45.574164 	-60.682387 	-57.251191 	-58.107030 	-59.470112 	-62.638890 	-58.867459 	-60.028913 	-62.497870 	-58.810682 	-58.185151 	-58.098980 	-58.636930 	-59.291386 	-59.337793 	-59.785054 	-59.703618 	-59.757039 	-59.621609 	
10.105568 	-10.920929 	-13.347256 	-28.749459 	-57.906390 	-67.117493 	-57.233998 	-59.677172 	-58.776828 	-59.481521 	-57.288471 	-57.889046 	-58.756649 	
10.155718 	3.938968 	2.940272 	2.765972 	0.696634 	-5.974306 	-11.082256 	-15.465592 	-19.665938 	-19.081363 	-20.934917 	-21.235960 	-43.094947 	-52.924715 	-52.084248 	-57.617157 	-56.819597 	-55.314391 	-57.153593 	
10.052709 	-1.610115 	-12.228689 	-56.378545 	-57.458068 	-57.887529 	-58.668378 	-57.234496 	-61.142973 	-60.457068 	-58.175686 	-61.142327 	-59.694806 	-57.856449 	-58.183150 	
9.920179 	-4.921785 	-15.945236 	-48.875989 	-59.293240 	-59.159581 	-58.469691 	-60.984525 	-57.944557 	-58.678207 	-58.575842 	-58.640244 	-58.670802 	-60.756551 	-58.473826 	-60.505398 	
9.948424 	-40.759593 	-55.237115 	-59.167835 	-59.092612 	-58.531207 	-59.214709 	-59.776387 	-57.893052 	-57.761433 	-58.914887 	-57.280772 	-58.968448 	
9.593438 	-10.306982 	-18.454946 	-37.788846 	-45.927684 	-58.406952 	-58.812760 	-58.512638 	-60.646246 	-59.625212 	-61.041876 	-58.252621 	-58.165522 	-60.827974 	-59.231723 	-58.931776 	-63.219175 	
9.417806 	4.485333 	-18.107032 	-34.138431 	-42.251663 	-46.376906 	-46.048168 	-58.474674 	-60.395493 	-61.523982 	-60.751048 	-58.915975 	-59.133581 	-57.733972 	-59.240979 	-59.008587 	-59.511867 	-58.917652 	
9.714823 	4.735596 	-1.687999 	-2.908442 	-3.319269 	-9.011308 	-12.112617 	-13.146434 	-15.468598 	-16.139865 	-14.525499 	-15.951267 	-16.633381 	-17.904440 	-17.798276 	-18.749339 	-18.034309 	-19.298943 	-20.467340 	-19.085320 	-23.253624 	-23.337039 	-22.212917 	
