9.686255 	0.972384 	2.082439 	-2.790345 	-18.807331 	-45.541360 	-52.985768 	-57.912257 	-57.811609 	-58.045673 	-58.137472 	-59.158945 	-57.040215 	-57.336302 	
9.215951 	-9.970698 	-10.715007 	-18.632611 	-21.096939 	-30.848693 	-33.001466 	-37.266648 	-38.821609 	-42.014317 	-42.053900 	-51.187529 	-55.333347 	-56.600389 	-60.145488 	-57.333723 	-58.173027 	-59.094181 	-60.403456 	-61.423625 	-60.134284 	-58.515929 	-59.269974 	-61.297282 	-57.943886 	-58.725485 	-58.062454 	-59.588212 	-58.283948 	
9.322993 	5.023801 	6.235452 	-11.063405 	-13.185924 	-14.423655 	-29.267783 	-32.065079 	-34.570884 	-40.112763 	-40.707896 	-48.952234 	-49.779819 	-54.393528 	-51.613079 	-52.764131 	
9.581793 	2.578384 	1.920316 	-0.531695 	-10.424048 	-7.723004 	-11.458089 	-15.051123 	-19.012113 	-26.901808 	-31.405382 	-31.912891 	-31.431395 	-35.421661 	-36.075997 	-42.892186 	-40.853649 	-43.391360 	-40.614820 	-47.700506 	-51.556477 	-57.336162 	-58.291851 	
9.786335 	-10.897810 	-13.720348 	-16.295865 	-21.170588 	-28.189774 	-31.763444 	-50.489259 	-53.768254 	-59.246520 	-57.584600 	-56.040751 	-56.815259 	-58.449033 	-57.425881 	-58.369187 	-57.266510 	-57.306009 	
9.815044 	-5.189957 	-4.964689 	-6.517270 	-6.042080 	-6.611582 	-7.423561 	-13.196124 	-17.724145 	-29.787438 	-35.104427 	-32.098495 	-36.356561 	-37.425200 	-36.103451 	-37.898644 	-46.344965 	-47.293333 	-50.128937 	-50.929102 	-56.295399 	
9.855896 	5.541776 	2.419801 	0.930111 	-6.255794 	-7.026867 	-15.425753 	-20.262539 	-28.462554 	-35.046002 	-40.980252 	-51.240982 	-53.842035 	-57.592547 	-56.844298 	-59.254396 	-57.128360 	-56.410444 	-57.716536 	-56.493301 	-59.721398 	
9.796217 	3.112460 	-5.083795 	-10.834924 	-9.470297 	-22.593578 	-22.267234 	-25.994268 	-30.726524 	-40.676016 	-43.580560 	-47.416972 	-46.231883 	-48.542565 	-51.743538 	-52.590243 	-53.437555 	-56.521495 	-53.616725 	-56.162529 	
9.468037 	-20.646519 	-21.911753 	-28.565990 	-41.124988 	-58.091821 	-58.300920 	-60.069107 	-60.048107 	-59.386080 	-60.012402 	-59.732060 	-57.570538 	-62.196170 	-57.728745 	-59.213249 	-59.287021 	
9.382885 	-11.603894 	-23.155826 	-38.235077 	-32.967951 	-34.245214 	-58.901566 	-58.149159 	-63.547166 	-64.079940 	-60.732732 	-59.111290 	-58.185423 	-57.862011 	-60.116140 	
9.523870 	0.244711 	-1.281448 	-6.625687 	-43.921150 	-58.281307 	-62.242614 	-59.425687 	-61.807946 	-60.039301 	-58.880468 	-58.938533 	-57.779759 	-59.745516 	-60.473403 	-58.688829 	-59.521611 	-57.984199 	-58.714788 	-59.244281 	-59.179207 	
10.096525 	3.285125 	1.413972 	-13.009214 	-19.506733 	-25.109425 	-29.934795 	-30.204076 	-38.067041 	-48.897124 	-56.673233 	-57.010682 	-61.937663 	-56.633702 	-58.722218 	-57.062380 	-57.666296 	
9.254761 	6.361714 	-0.577893 	-4.754076 	-10.553986 	-60.759428 	-61.500981 	-58.584636 	-58.677297 	-59.015146 	-58.196908 	-59.935687 	-60.665800 	-59.195981 	-60.313004 	-59.476451 	-59.647971 	-59.683264 	-59.939545 	
9.884373 	-2.364573 	-8.775802 	-10.876907 	-12.102479 	-14.387246 	-14.759973 	-20.287662 	-24.404298 	-33.866466 	-34.080787 	-38.842058 	-41.405985 	-43.322715 	-51.054929 	-49.698418 	-50.853692 	-55.082055 	-55.684438 	-56.043293 	-59.123421 	-60.192627 	-56.631390 	-56.698251 	-57.625516 	-58.361956 	
9.984592 	4.195357 	-10.854154 	-38.952529 	-57.063340 	-57.944843 	-58.849264 	-59.821474 	-59.134488 	-59.124464 	-57.780911 	-57.549941 	-61.657677 	-61.655243 	-60.168321 	-60.010117 	-59.417439 	-59.372658 	-59.283109 	-58.159734 	-58.932194 	-62.168518 	
9.121550 	6.604480 	5.601386 	-0.274986 	-22.940775 	-23.113152 	-25.328384 	-29.688909 	-36.813044 	-38.459620 	-38.644962 	-38.687961 	
9.972914 	2.180424 	0.547142 	1.408275 	-0.465901 	-9.352557 	-12.699480 	-17.264142 	-22.040806 	-31.998492 	-34.576359 	-53.668448 	-59.958414 	-58.617171 	-58.841981 	-60.168599 	-58.464837 	-57.729354 	-59.581756 	-57.853666 	-58.949584 	-58.611765 	-57.903445 	
9.613930 	-10.601267 	-13.304762 	-19.813210 	-30.486060 	-58.756110 	-58.307496 	-59.287418 	-58.107718 	-61.401316 	-60.594387 	
9.532982 	2.112406 	-2.265486 	-11.352963 	-16.398959 	-22.055081 	-34.128054 	-31.111606 	-38.080568 	-36.464242 	-40.292385 	-40.069954 	-40.369396 	-39.359184 	-44.616417 	-44.366093 	-44.283287 	-46.942505 	-49.833358 	-47.522111 	-49.107693 	-53.603890 	-50.827430 	
9.305128 	2.103155 	2.871414 	1.250534 	-2.607022 	-7.637895 	-17.150237 	-14.668182 	-14.887661 	-27.300989 	-29.362401 	-36.336985 	-51.101776 	-50.551682 	-56.786990 	-55.089649 	-58.100423 	-56.852120 	-58.492099 	-62.384697 	
10.590227 	0.694497 	-2.938339 	-10.723564 	-17.175374 	-22.349568 	-21.669137 	-23.375028 	-31.627262 	-43.719363 	-45.830811 	-52.609181 	-53.416575 	-55.476169 	-55.704497 	-57.484029 	-54.539087 	-55.408712 	-56.802509 	-55.980574 	-56.565019 	
9.733969 	3.716969 	1.366108 	-1.478318 	-1.932242 	-9.529750 	-14.928278 	-12.513326 	-19.914956 	-22.274384 	-22.959012 	-54.235842 	-59.852987 	-59.552439 	-58.475459 	-59.865479 	-58.470361 	-58.684883 	-57.475160 	-58.048509 	
9.816151 	4.654367 	-7.102776 	-9.119756 	-9.929824 	-9.972798 	-11.282636 	-10.942514 	-11.054589 	-14.238227 	-18.600360 	-19.801446 	-20.842218 	-21.584079 	-22.755962 	-23.613107 	-25.098657 	-27.102279 	-30.021179 	
