9.564676 	6.924414 	0.540020 	0.310740 	-4.102394 	-5.256476 	-6.999157 	-7.274216 	-9.827638 	-16.195642 	-23.985049 	-25.786751 	-26.809189 	-27.744484 	-27.890704 	-36.452614 	-30.157137 	-30.116322 	-33.326712 	-34.953604 	-36.722005 	-41.077418 	-40.798165 	-38.118068 	
8.827045 	8.791871 	-0.662256 	-5.570318 	-18.752043 	-23.648866 	-21.557607 	-31.428732 	-32.057897 	-38.411093 	-51.403273 	-58.636801 	-57.980927 	-60.176685 	-57.686159 	-58.623172 	
9.966171 	7.153368 	2.447388 	3.345768 	2.242603 	-1.540490 	-2.560621 	-2.026079 	-1.550284 	-2.236311 	-4.317046 	-2.468219 	-3.917037 	-3.883460 	-4.552278 	-5.198866 	-5.172848 	-5.528677 	-6.928842 	-6.547747 	-6.667057 	-4.884226 	-5.451610 	-4.598337 	-6.244243 	-7.167425 	
9.628327 	6.028234 	-7.743424 	-10.783018 	-8.721250 	-11.189637 	-13.066812 	-13.900059 	-17.221288 	-18.523014 	-24.074175 	-19.727486 	-23.564129 	-24.684243 	-25.751103 	-27.243427 	-29.166169 	-31.034679 	-29.717688 	-29.992131 	-33.510064 	-34.918273 	
9.461825 	4.683234 	0.012359 	-3.924282 	-8.423639 	-9.600917 	-14.306761 	-15.019253 	-17.669220 	-18.679288 	-18.292644 	-19.889140 	-20.312782 	-21.789325 	-21.228274 	-26.139223 	
9.729613 	3.724987 	1.251496 	-7.867009 	-11.103533 	-15.700046 	-17.682464 	-19.674296 	-21.497256 	-46.984720 	-48.757447 	-49.528224 	-52.693864 	-55.471309 	-55.795766 	-57.184414 	-57.453516 	-55.051678 	
9.720503 	4.620910 	-3.124638 	-5.377413 	-7.320112 	-5.203626 	-7.092714 	-8.529238 	-10.502978 	-18.458033 	-17.849933 	-23.686963 	-20.961098 	-24.312435 	-25.156040 	
10.147946 	5.225228 	2.604884 	-6.057042 	-9.709756 	-12.809903 	-20.451768 	-22.369448 	-21.355908 	-26.659771 	-26.898251 	-27.184484 	-29.747785 	-30.240220 	
9.782300 	5.605264 	3.012098 	0.956005 	-3.693320 	-8.726259 	-8.439128 	-15.040689 	-16.533854 	-23.342671 	-23.990071 	-25.911480 	-29.604333 	-28.216775 	-30.879783 	-31.284399 	-33.277162 	-37.176720 	-37.719385 	
9.764333 	4.090329 	5.149640 	-11.620258 	-13.823604 	-20.541181 	-22.677115 	-21.778979 	-36.719188 	-49.980646 	-55.355556 	-57.454353 	-59.615790 	-58.483504 	-59.381329 	-58.901351 	-57.081665 	-59.066709 	-59.653520 	-57.902320 	-57.083986 	-57.573297 	
9.672321 	-2.523294 	-3.605693 	-9.711855 	-9.927131 	-9.650149 	-8.474871 	-9.942377 	-13.035321 	-13.142413 	-13.825485 	-16.094273 	-16.200696 	-17.140481 	-18.859387 	
9.529305 	3.738310 	1.693021 	-2.852773 	-5.691511 	-7.302193 	-13.353872 	-13.935534 	-14.673232 	-17.105153 	-18.519718 	-18.404050 	-21.408981 	-26.393938 	-27.101915 	-32.369891 	-34.633515 	-37.145951 	-40.941050 	-40.213608 	-42.961367 	-46.298072 	
9.549203 	2.148076 	2.475410 	-2.731423 	-4.136306 	-7.287400 	-9.547497 	-8.510939 	-14.856489 	-14.732645 	-17.481499 	-25.237509 	-24.899691 	-26.973226 	-29.488514 	-27.202449 	-28.488521 	-29.596395 	-31.902113 	-37.190136 	-36.577873 	
10.050819 	-4.306988 	-11.604896 	-12.006928 	-16.099298 	-29.613745 	-33.719811 	-36.009801 	-41.408232 	-39.445185 	-44.003337 	-42.529717 	-46.169268 	-46.172025 	-47.066898 	-52.175727 	-49.612062 	-51.104768 	
10.000976 	5.404669 	0.471809 	-2.578843 	-2.235625 	-4.060607 	-8.684225 	-11.339179 	-10.785010 	-11.819821 	-12.112980 	-14.575320 	-15.716279 	
9.759896 	-1.018094 	2.101279 	-2.987690 	-6.375464 	-6.767168 	-16.327530 	-16.661246 	-17.862361 	-18.165270 	-22.222467 	-24.827739 	-26.109558 	-27.281569 	-26.494084 	-32.113055 	-34.297598 	-35.111353 	-37.293587 	-37.462596 	-36.985181 	-38.761139 	-39.774715 	
10.022864 	3.422032 	4.034185 	3.558695 	-2.261594 	-23.595148 	-26.536973 	-23.929885 	-25.755633 	-25.452721 	-34.087083 	-31.521892 	-34.245078 	-33.917296 	-34.424075 	
9.497893 	5.512828 	3.563616 	0.060268 	2.505691 	3.202632 	-0.353117 	-0.162013 	0.105773 	-1.419215 	-6.702823 	0.031171 	-0.069211 	-1.066688 	-2.251729 	-2.231902 	-1.704596 	-0.876011 	-3.613852 	-5.375805 	-5.244930 	-4.569672 	-3.537704 	-4.121470 	-5.027562 	-7.677022 	-4.072003 	
9.685269 	-16.268389 	-18.998426 	-20.051707 	-27.971513 	-34.889440 	-40.712318 	-39.821161 	-47.969160 	-48.197862 	-49.242311 	-46.753970 	-49.102310 	-51.696422 	-55.941138 	-52.815209 	
9.708908 	4.952472 	-0.791098 	-7.057950 	-11.222821 	-11.424692 	-15.526937 	-16.765407 	-16.236571 	-20.038709 	-19.848933 	-18.864644 	-19.204753 	-20.505982 	-19.895558 	-22.612301 	-22.091303 	
