9.966880 	-1.655334 	-23.631799 	-24.506484 	-24.969956 	-37.593207 	-38.495546 	-47.224102 	-51.549630 	-52.933111 	-50.521756 	-54.567724 	-57.341939 	-55.597669 	-58.266219 	-57.512364 	
9.727521 	-0.732995 	1.693224 	-7.253312 	-9.713299 	-8.537828 	-13.280536 	-10.314350 	-14.808184 	-16.481683 	-38.757442 	-40.420345 	-41.485274 	-46.071907 	-48.770314 	-49.624294 	-52.518200 	-56.425201 	-57.003224 	-56.419962 	
9.988612 	-0.822644 	-5.178817 	-12.882826 	-23.597369 	-28.661711 	-27.840239 	-28.648974 	-29.854537 	-29.785729 	-33.049441 	-36.551176 	-33.724292 	-34.820093 	-41.518648 	-42.964444 	-45.515147 	-50.393434 	
9.449094 	8.557611 	6.446816 	1.286575 	-0.020235 	-1.781553 	-27.768007 	-29.521151 	-41.262594 	-57.397362 	-59.831023 	-58.273132 	-58.236422 	-58.282911 	
9.832902 	-16.164698 	-27.155473 	-37.493113 	-41.226688 	-50.524175 	-59.406082 	-56.233653 	
9.859033 	-3.811228 	-5.926251 	-11.330160 	-21.777388 	-29.483393 	-31.507365 	-34.548290 	-41.494774 	-48.019577 	-53.300266 	-55.888325 	-57.293100 	
9.690615 	-3.199729 	-0.035109 	-2.172580 	-3.554871 	-4.322720 	-4.940151 	-43.848452 	-44.689705 	-49.742875 	-49.967897 	-53.666283 	-52.503306 	
9.836033 	-1.519913 	-13.473725 	-22.930478 	-24.200599 	-26.523348 	-37.088179 	-59.804238 	-59.818105 	-57.559255 	-58.122854 	-59.139016 	-58.576779 	-60.241489 	-58.447922 	-59.372717 	-57.630496 	
9.912852 	2.500329 	-8.860950 	-10.199168 	-17.113709 	-19.446930 	-20.097340 	-30.370426 	-34.153414 	-46.367770 	-59.600685 	-57.561420 	-58.177432 	-57.672425 	-56.626089 	-57.513095 	-60.635577 	-59.399710 	
9.491825 	-3.904264 	-15.768819 	-22.803056 	-28.365633 	-46.270045 	-52.140235 	-59.045763 	-61.406232 	-58.914718 	-59.242205 	-58.879221 	-61.657413 	-58.762077 	-59.099481 	-61.359414 	-57.997367 	-58.014516 	-60.891687 	-61.041047 	-60.272025 	-63.269417 	-60.805718 	
9.729503 	-2.728721 	-0.974107 	-7.434701 	-18.644491 	-27.950968 	-32.447442 	-32.583858 	-43.720120 	-47.338375 	-53.459482 	-54.937764 	-55.589818 	-55.024804 	-57.770504 	-57.382514 	-56.889925 	-59.921675 	-58.054594 	-56.403737 	-58.800687 	-57.935537 	
9.502160 	5.541628 	-12.033154 	-13.709779 	-16.168870 	-22.333959 	-24.062109 	-28.831863 	-32.946171 	-31.462417 	-44.218243 	-32.865382 	-31.855563 	-34.759776 	-36.726849 	-41.562604 	-44.504560 	-42.849574 	-50.135315 	-48.326134 	
9.671133 	-5.006963 	-3.137982 	-14.746970 	-15.111686 	-16.464772 	-23.951450 	-24.661713 	-31.291484 	-37.292526 	-37.496852 	-40.729400 	-41.753464 	-45.371128 	-45.180552 	-49.377995 	-49.484453 	-51.445688 	
9.835386 	-3.198105 	-12.268682 	-20.350403 	-18.506040 	-18.510389 	-31.091922 	-41.543631 	-39.273091 	-40.216282 	-48.474775 	-53.414445 	-51.653530 	-52.744331 	-54.443973 	
9.682402 	1.784866 	0.380666 	-13.057499 	-20.024163 	-35.532135 	-40.359366 	-43.886343 	-51.653396 	-58.788759 	-60.363003 	-59.475137 	-60.032833 	-58.466089 	-57.695153 	-58.569514 	-58.816560 	-57.540213 	-60.338567 	-60.099301 	-60.066951 	
10.337745 	-11.216443 	-10.438272 	-15.700192 	-25.167828 	-27.851609 	-47.307308 	-49.418080 	-56.359183 	-55.311049 	-56.237329 	-56.071317 	-58.474243 	-57.514815 	-56.947685 	-56.974312 	
9.617732 	0.132334 	-5.139666 	-6.904687 	-13.305128 	-16.257737 	-25.089918 	-49.023820 	-57.494437 	-58.822590 	-58.301809 	-59.930786 	-58.443681 	-58.623494 	-58.866233 	-59.564781 	
10.151091 	5.213884 	-4.370199 	-8.444583 	-13.644877 	-15.418592 	-23.544272 	-22.158712 	-22.358851 	-24.379152 	-40.946528 	-41.201881 	-46.013958 	-50.594672 	-55.706817 	-59.615556 	-56.055438 	-55.959888 	-55.284357 	-59.665541 	
9.669811 	5.393954 	-2.332737 	-5.479710 	-8.258478 	-10.935124 	-16.218172 	-16.623373 	-24.464654 	-25.133567 	-24.079947 	-27.629071 	-28.928516 	-31.842432 	-34.927286 	-38.004560 	-41.610410 	-46.713650 	-45.331927 	-47.139489 	-48.898618 	-48.947861 	-48.953513 	-49.226161 	-52.867505 	
9.948389 	2.253292 	-15.327219 	-16.987160 	-29.271041 	-28.167269 	-29.706668 	-29.798294 	-33.150617 	-35.580038 	-43.711745 	-52.827112 	-56.636534 	-58.789419 	-58.574358 	-60.421891 	-61.044512 	-58.195281 	-57.370348 	-57.730217 	-57.513853 	-57.344566 	-57.268673 	-61.901728 	
