9.588189 	1.963963 	-8.231238 	-55.164932 	-56.343487 	-58.761250 	-59.101309 	-57.761156 	-59.882913 	-58.372682 	-57.479950 	-59.076043 	-59.636096 	-57.814606 	-61.155785 	
9.610978 	1.160279 	-6.631259 	-9.115947 	-36.954907 	-33.877826 	-46.425930 	-54.152716 	-56.671234 	-59.566626 	-59.816295 	-61.450694 	-58.685633 	-57.952996 	-58.667325 	-62.830154 	-60.979359 	-57.991655 	-60.726376 	-58.355586 	-58.744378 	-61.922071 	
9.591704 	-1.664816 	-4.860345 	-26.941666 	-51.796516 	-47.177635 	-51.412127 	-57.333127 	-57.785329 	-57.758889 	-58.552778 	-59.291381 	-60.397611 	-57.976648 	-58.611144 	-59.664000 	
10.050574 	3.186234 	-20.276140 	-34.373169 	-58.214323 	-58.392278 	-57.853390 	-60.316535 	-58.489274 	-58.347961 	-60.626693 	-59.425571 	-57.125529 	-57.816833 	-59.123050 	-58.013208 	-56.918228 	-57.951356 	
9.922602 	-21.413676 	-20.930849 	-41.157991 	-58.775607 	-59.895741 	-59.040874 	-59.199880 	-57.665379 	-57.723791 	-58.444567 	
9.843828 	-21.606913 	-58.013843 	-58.941485 	-59.782116 	-60.535021 	-58.378143 	-59.745363 	-58.907194 	-58.868005 	-58.374148 	-59.250978 	-59.619036 	-57.769730 	-58.444766 	
9.536199 	5.764245 	1.148008 	-33.371369 	-33.357009 	-32.215920 	-35.070925 	-42.727027 	-42.560911 	-49.147583 	-45.910838 	-56.942027 	-53.093126 	-56.201128 	-55.656327 	
10.147904 	4.012204 	-4.254387 	-10.869662 	-18.830197 	-33.349500 	-38.964483 	-37.554281 	-38.454003 	-42.762871 	-43.686655 	-48.335472 	-53.516237 	-55.176040 	-58.443297 	-57.665457 	-61.223631 	-58.197507 	-58.627693 	-58.257864 	-59.928395 	-60.614448 	-59.139886 	-58.907514 	-58.963945 	-59.676225 	-58.029646 	-56.949801 	-60.054756 	
9.979560 	-1.471841 	-3.945771 	-14.873351 	-24.443049 	-26.138942 	-43.231535 	-54.115522 	-55.053418 	-54.873592 	-56.848520 	-57.733298 	-58.923948 	-57.350121 	-63.737822 	-58.384906 	
9.611414 	-30.804369 	-38.653993 	-44.598516 	-53.921624 	-55.382779 	-59.899835 	-59.575807 	-60.280348 	-58.167830 	-58.955060 	-59.244256 	-59.182107 	-58.840412 	-58.453852 	
9.568661 	2.186125 	-8.387136 	-11.183542 	-35.722846 	-42.886230 	-47.807680 	-55.824338 	-58.853600 	-64.403213 	-63.532261 	-60.143701 	-58.159695 	-61.056115 	-63.094058 	-58.807106 	-61.008317 	-59.405596 	
9.620984 	6.879290 	-1.272239 	-3.910127 	-7.987044 	-10.724262 	-11.376913 	-16.016633 	-15.063664 	-28.627637 	-31.864126 	-36.542594 	-54.675561 	-55.552617 	-57.517388 	-57.397349 	-57.295107 	-58.522792 	-56.661443 	-58.794067 	-59.765733 	-59.641249 	
10.198520 	-9.089553 	-60.659261 	-58.759126 	-57.926436 	-59.336836 	-61.163871 	-58.308695 	-57.895811 	-61.176318 	-57.922258 	-56.913841 	
10.050055 	-4.687056 	-18.301437 	-22.511886 	-29.021135 	-37.737221 	-49.035410 	-52.177781 	-52.363124 	-58.151873 	-58.641049 	-66.018881 	-57.534702 	-57.451824 	-59.705887 	-57.663906 	-57.891015 	-56.819194 	-58.426381 	-59.198336 	-59.417953 	
9.833266 	-24.197607 	-51.078563 	-58.941881 	-58.768922 	-57.609244 	-59.075148 	-57.427545 	-60.649967 	-58.100343 	-58.023454 	-58.713196 	-57.667490 	-58.047315 	-57.863513 	-57.053557 	-58.678919 	-59.358801 	-59.784969 	-57.534097 	
10.085287 	-23.457743 	-41.174157 	-46.752590 	-46.216733 	-48.952150 	-64.760841 	-58.050049 	-58.542664 	-57.193620 	-58.421107 	-58.137255 	-58.844389 	-57.371860 	-59.174198 	
9.916276 	-13.819327 	-33.263744 	-57.720598 	-60.644277 	-57.234216 	-61.126996 	-58.600580 	-58.548759 	-58.610307 	-58.614031 	-59.481776 	-61.106507 	-59.377759 	-58.686745 	-60.535740 	-58.966628 	-59.000643 	
9.981590 	0.886385 	-3.727263 	-8.448978 	-16.953873 	-38.029473 	-40.534253 	-49.395164 	-55.432270 	-56.113451 	-56.199454 	-57.038321 	-56.956257 	-56.358472 	
10.264161 	2.976786 	0.392632 	-4.994500 	-14.184266 	-40.983473 	-39.823273 	-42.621024 	-50.873283 	-47.912224 	-51.678412 	-52.251742 	-55.405536 	-56.077212 	-56.587192 	
10.450700 	-3.620795 	-14.001727 	-37.566101 	-42.390231 	-52.081673 	-55.470719 	-58.060298 	-58.776910 	-59.156008 	-65.553518 	-57.297491 	-59.186564 	-58.183687 	-60.842509 	-59.425496 	-57.970930 	-57.842131 	-58.040733 	-58.449066 	-58.703381 	-58.823473 	
