9.856200 	-9.648465 	-46.183249 	-57.007357 	-58.149758 	-60.546895 	-58.223978 	-58.296579 	-57.940092 	-57.926311 	
9.905745 	-0.620186 	-13.714378 	-30.361265 	-33.714235 	-46.894154 	-50.482570 	-57.789510 	-61.502732 	-58.238695 	-59.639343 	-62.001414 	-58.474778 	-61.036277 	-59.483154 	-60.211839 	-60.593250 	-58.791091 	-57.772757 	-59.451288 	
9.643322 	-1.576212 	-22.417309 	-57.900186 	-59.225508 	-58.591669 	-58.694627 	-59.291213 	-59.775938 	-59.151147 	-57.999636 	-60.604302 	-61.024794 	
9.783073 	0.226137 	1.459994 	-20.657185 	-30.679387 	-34.349461 	-41.373343 	-57.835514 	-58.537385 	-58.607394 	-58.748129 	-60.076484 	-57.641389 	-60.241516 	-59.486636 	-57.786336 	
9.962573 	-2.894220 	-30.603572 	-58.657975 	-59.119319 	-56.909756 	-62.051498 	-58.248329 	-58.509466 	-58.495117 	-58.006600 	-59.048701 	
10.120860 	-9.374144 	-17.371980 	-22.435717 	-31.198338 	-59.419812 	-57.479727 	-59.643526 	-57.863165 	-57.969856 	-60.318086 	-58.047069 	-58.272214 	-59.401600 	-58.536909 	-58.482199 	-59.127400 	-60.937173 	-57.864221 	
9.966004 	0.560684 	-3.724719 	-5.427868 	-5.666961 	-52.831797 	-58.088883 	-58.535280 	-57.467961 	-58.056637 	-64.892870 	-58.166868 	-61.746428 	-57.843589 	-57.670943 	-56.495066 	
9.811513 	-32.344754 	-42.601888 	-46.674149 	-59.393835 	-59.968091 	-57.497589 	-61.102709 	-59.921762 	-59.461789 	-58.041506 	-59.334622 	-58.260410 	-59.543417 	-58.212321 	-57.672470 	
9.882857 	-10.246529 	-12.261370 	-25.397447 	-34.599433 	-47.999677 	-49.734748 	-53.814259 	-59.092548 	-58.567256 	-59.944622 	-59.689925 	-58.686039 	-61.620546 	-59.123603 	-57.157854 	-58.363614 	
10.040788 	-15.600519 	-14.514513 	-47.608571 	-60.048724 	-58.351018 	-58.143891 	-58.176013 	-58.093928 	-58.658928 	-57.547274 	-58.071410 	-58.340923 	-60.964969 	-58.107346 	-58.015559 	-58.258777 	-58.728948 	-59.219002 	-58.905751 	
9.972537 	2.294705 	0.013957 	0.181020 	-15.498380 	-18.840831 	-37.171904 	-41.616327 	-58.368829 	-57.690870 	-59.278793 	-57.784822 	-61.824738 	-62.589084 	-58.449964 	-58.290982 	-61.711997 	-58.033629 	-60.514585 	-59.477241 	-58.703704 	
9.635895 	2.072498 	1.096052 	-2.972331 	-19.376250 	-34.634787 	-58.551656 	-58.552657 	-58.053267 	-60.096101 	-59.585781 	-59.272348 	-59.429115 	-58.450535 	-57.707482 	-60.165478 	-58.594078 	
9.858358 	5.787884 	-9.535995 	-9.425599 	-38.622008 	-45.838789 	-46.046421 	-58.520499 	-58.273210 	-58.553051 	-60.162599 	-58.790704 	-59.956491 	-57.353525 	-59.930467 	-60.753898 	-60.006293 	-60.712042 	-59.863151 	-59.914829 	-58.660936 	
10.075071 	-20.198748 	-32.832674 	-60.271366 	-58.549600 	-59.418192 	-57.313954 	-60.168770 	-58.410199 	-56.995279 	-58.949357 	-58.789915 	-58.406520 	-59.005381 	-58.405845 	-58.026580 	-59.247684 	-59.314988 	
9.811147 	-14.201648 	-21.806188 	-27.651476 	-56.678036 	-57.882342 	-59.221166 	-60.331723 	-58.972067 	-58.781168 	-56.509347 	-58.225646 	-58.787401 	-59.329152 	
9.746362 	-0.436522 	-10.761411 	-14.834168 	-19.119828 	-41.427603 	-45.499323 	-52.284535 	-57.519453 	-60.559985 	-58.451645 	-58.998803 	-58.560981 	-58.561837 	-59.150537 	-58.393963 	-58.083157 	-58.026081 	-59.294421 	-58.335796 	-58.118733 	-58.726852 	
9.742037 	6.433401 	-13.912465 	-21.816127 	-34.601910 	-34.157084 	-59.265740 	-58.198740 	-58.075319 	-59.058586 	-58.316120 	-58.470255 	-58.880726 	-58.017215 	-57.920497 	-58.785130 	-58.646538 	
10.090962 	-2.089563 	-17.805329 	-55.725238 	-57.085019 	-58.086765 	-59.138095 	-59.696401 	-57.344044 	-59.910378 	-57.606421 	-58.676770 	-58.992047 	-57.482469 	-58.561774 	-58.037795 	-58.964098 	
10.033074 	-11.151554 	-22.906639 	-39.067102 	-41.560081 	-44.575506 	-59.970835 	-58.915149 	-56.837900 	-57.478440 	-58.220571 	-59.604747 	-59.262443 	-57.954220 	
9.558853 	-58.765405 	-60.285253 	-59.106204 	-56.791761 	-59.144991 	-58.649239 	-62.112802 	-58.450663 	-58.954738 	-61.024602 	-58.251949 	
