9.827482 	-9.391577 	-9.402727 	-11.427013 	-14.182741 	-16.656727 	-22.544914 	-30.299421 	-41.584299 	-51.485593 	-59.889350 	-59.248177 	-59.436217 	-60.068690 	-60.337522 	-58.800851 	-62.003716 	-58.258696 	-61.485444 	-59.256126 	-59.165321 	-60.922293 	-61.712338 	-60.119495 	-58.984012 	-58.722815 	-60.250057 	-58.670492 	-61.782107 	-61.519256 	-60.149147 	-62.012951 	-60.811739 	-60.894579 	
9.372206 	-3.648948 	-5.791911 	-17.952681 	-21.614875 	-24.854669 	-41.229810 	-48.423337 	-51.015293 	-50.226973 	-50.458473 	-55.769648 	-56.778203 	-56.308570 	-56.900440 	-57.538115 	-57.048546 	-57.926249 	-58.418876 	
9.678103 	-17.913912 	-27.305635 	-41.831538 	-45.392484 	-52.853404 	-57.825261 	-58.211575 	-58.523481 	-59.726836 	-57.114313 	-58.619657 	-58.504875 	-59.080197 	-63.328266 	-58.477079 	
10.305005 	-14.393517 	-15.035300 	-17.679730 	-33.193828 	-45.383654 	-51.013842 	-57.198715 	-59.606930 	-61.109269 	-58.356753 	-57.212000 	-57.056282 	-56.915523 	-58.959728 	-59.956242 	
9.856100 	-2.334175 	-13.552967 	-36.983366 	-38.339949 	-41.968639 	-58.506424 	-60.706627 	-60.264964 	-58.007149 	-62.620543 	-57.989228 	-60.585535 	-58.134967 	-57.922339 	
10.055267 	-2.021065 	-16.982049 	-19.443054 	-45.282436 	-57.270642 	-57.838720 	-57.813342 	-59.235407 	-57.371590 	-63.683954 	-59.271184 	-58.847620 	
10.172049 	-2.976025 	-16.976665 	-22.263149 	-27.667994 	-27.867627 	-58.875622 	-57.524525 	-58.951689 	-56.837169 	-57.776153 	-59.457550 	-59.847214 	-58.633520 	-58.422820 	-60.850593 	-57.997783 	-58.938574 	
9.541805 	4.281707 	-17.563678 	-16.729784 	-22.665349 	-29.412792 	-28.413425 	-41.020408 	-57.484593 	-58.429937 	-60.278884 	-59.634759 	-59.843787 	-58.217131 	-57.548603 	-60.850431 	-60.072514 	-58.914691 	-60.592734 	-59.366231 	-59.571207 	
9.872909 	4.392488 	-0.176070 	-36.758449 	-32.579453 	-41.100475 	-38.821606 	-43.139476 	-48.311583 	-49.997378 	-51.166556 	-51.244214 	-55.350225 	-54.377831 	-56.267287 	-57.985144 	-56.891131 	-57.054612 	-57.897187 	-57.668892 	
9.408696 	-2.815582 	-14.216053 	-17.223741 	-60.210991 	-57.760101 	-58.093822 	-57.944912 	-60.238791 	-57.764932 	-59.100679 	-60.851131 	-58.829077 	-59.369651 	-57.766029 	-58.801720 	-59.255121 	-59.289765 	-60.440916 	
9.781885 	7.394681 	-3.418170 	-7.628512 	-14.179076 	-12.100375 	-16.273568 	-19.604664 	-24.542084 	-24.629663 	-28.146273 	-37.817268 	-38.520884 	-42.385400 	-44.280195 	-46.486994 	-49.842068 	-50.044193 	-52.327411 	
9.386751 	3.984707 	2.535168 	-3.669325 	-31.895279 	-32.833992 	-39.660972 	-54.768112 	-58.063115 	-63.200656 	-59.108010 	-58.301915 	-58.517673 	-58.615109 	-60.913806 	-57.856819 	-60.230183 	-59.429664 	
10.159358 	-3.702774 	-6.636898 	-13.547747 	-21.383673 	-21.460606 	-56.137645 	-55.724515 	-55.432863 	-56.282955 	-57.490004 	-55.900088 	-60.759591 	
9.906808 	-3.561940 	-11.688290 	-9.819010 	-22.488599 	-31.184028 	-33.586396 	-36.542801 	-52.547145 	-57.281637 	-58.303625 	-55.600835 	-59.254049 	-57.807696 	-56.907839 	-56.306270 	
10.130374 	-30.106553 	-43.355731 	-51.384340 	-53.536951 	-52.004501 	-57.871884 	-57.527065 	-59.433931 	-60.000578 	-60.862559 	-58.361681 	-57.995802 	-57.874960 	-57.837075 	-58.785660 	-58.615399 	-59.052341 	-57.973415 	-57.264043 	-58.417879 	-58.867945 	-58.719671 	
9.535525 	5.379106 	-7.016345 	-10.061976 	-14.744201 	-35.145984 	-35.416021 	-35.373805 	-48.444393 	-48.577913 	-54.828740 	-53.960491 	-55.808143 	-56.238302 	-56.718703 	-55.459593 	-57.393966 	-57.721440 	-57.670166 	-57.845202 	
9.770448 	-31.131975 	-32.647138 	-45.364835 	-46.131690 	-51.586275 	-51.553010 	-56.646505 	-59.801207 	-58.275144 	-59.492275 	-59.257363 	-57.984146 	-60.268707 	-58.815067 	-58.714737 	-58.476044 	
9.099936 	-6.247919 	-17.365108 	-36.498259 	-33.246232 	-35.824500 	-44.869317 	-46.608849 	-49.885904 	-58.852094 	-58.159796 	-59.685510 	-59.989881 	-58.094428 	-60.124928 	-57.572961 	-59.105014 	
9.443393 	7.026061 	0.528293 	0.201860 	-6.824171 	-9.908125 	-20.446310 	-33.383555 	-46.059537 	-57.621186 	-57.306928 	-58.708292 	-59.452482 	-60.302179 	-59.164132 	-58.097928 	-59.790686 	
9.732255 	-0.519063 	-1.639363 	-5.357300 	-30.885907 	-33.088214 	-36.375242 	-38.730812 	-52.166519 	-59.423999 	-56.806046 	-54.731709 	-55.797579 	-60.386681 	-57.807084 	-58.837013 	-57.449062 	-58.483456 	-57.485499 	-58.040181 	-56.861165 	
9.595661 	-34.440172 	-58.196519 	-57.291430 	-57.934711 	-59.720228 	-60.495688 	-59.277948 	-57.530228 	-58.340288 	-60.175385 	-56.559292 	
