9.844047 	-20.525703 	-34.752491 	-35.787543 	-58.159022 	-59.379134 	-60.006814 	-59.393364 	-58.337716 	-59.826609 	-59.510064 	-60.008678 	-60.391548 	-59.346817 	-59.159470 	-63.312916 	-59.395291 	-59.388342 	-60.608235 	-57.167421 	-58.256240 	
9.957148 	-13.261994 	-53.843057 	-59.764747 	-58.104622 	-59.483969 	-60.345797 	-59.374265 	-60.365929 	-60.158466 	-57.886974 	-57.987122 	-58.244880 	-61.927935 	-59.698733 	-59.557753 	-60.576910 	-59.457725 	-61.022925 	-57.475855 	-58.331299 	
9.746436 	0.746724 	-0.414669 	-6.961918 	-11.668478 	-52.042964 	-59.359917 	-59.402268 	-59.395713 	-62.543427 	-57.868241 	-60.696995 	-58.479085 	-57.743896 	-59.353390 	-58.677600 	-58.657787 	
10.104573 	-25.761533 	-26.951763 	-35.474636 	-48.394082 	-57.505199 	-60.035900 	-58.398196 	-58.929075 	-57.381250 	-57.595516 	-60.783791 	
10.165100 	-32.333280 	-49.943016 	-58.102250 	-59.088166 	-58.270084 	-61.214168 	-57.081136 	-58.743110 	-58.401556 	-58.133165 	-57.100680 	-59.828506 	-60.045339 	
9.892237 	-30.487716 	-59.797749 	-60.303338 	-59.682990 	-58.150119 	-58.593233 	-59.656413 	-59.718017 	-60.313810 	-59.492587 	-60.198268 	-61.527479 	-59.695264 	-58.097856 	-58.496940 	-63.150450 	-59.574882 	-58.877673 	-57.823184 	
9.850643 	2.127079 	-1.090752 	-1.847862 	-3.143343 	-7.173841 	-8.278876 	-18.025552 	-22.288785 	-23.323112 	-26.143297 	-25.063061 	-27.584388 	-32.121097 	-32.019322 	-34.359121 	-41.244416 	-39.656519 	-42.132897 	-41.924950 	-45.019193 	
9.611683 	-12.623484 	-37.499585 	-57.771897 	-58.324625 	-60.925248 	-58.309992 	-57.977135 	-57.372924 	-62.618282 	-59.001730 	-60.893379 	-58.952507 	-60.306458 	
10.205951 	-1.350387 	-20.469088 	-30.979343 	-46.631549 	-59.045378 	-58.793536 	-57.980430 	-57.783430 	-59.242745 	-58.488681 	-58.343651 	-58.899831 	-57.501166 	-60.788629 	-58.061001 	
9.979621 	2.890501 	-9.556402 	-22.402758 	-27.514697 	-31.222297 	-52.011733 	-58.358873 	-59.485201 	-60.502446 	-59.321950 	-64.288373 	-59.511221 	-59.097417 	-59.075541 	-59.104231 	-58.625460 	-58.340874 	
10.029664 	2.200145 	-2.714254 	-11.743672 	-21.258409 	-34.464380 	-39.311774 	-58.287721 	-60.812597 	-59.937793 	-62.805460 	-57.255422 	-58.474622 	-58.478366 	-59.319819 	
9.605844 	-4.153893 	-8.122026 	-9.818087 	-16.751451 	-28.544750 	-42.082298 	-54.035821 	-59.083293 	-58.808609 	-59.884217 	-57.945086 	-60.033349 	-61.026123 	-59.230682 	-61.551252 	-60.297423 	-58.646598 	-57.881918 	-59.262604 	-59.454798 	-59.737258 	-58.658682 	-59.941576 	
9.525179 	4.442768 	-1.797500 	-1.893173 	-4.260214 	-4.366903 	-37.838651 	-49.214106 	-56.629787 	-58.898712 	-60.155840 	-59.252144 	-59.470949 	-60.171699 	-58.124971 	-59.310078 	-58.727996 	-59.148837 	-62.341991 	-59.301040 	
9.850223 	0.121512 	-2.782796 	-21.605362 	-29.980925 	-61.669679 	-59.155929 	-57.672638 	-59.506840 	-60.826027 	-57.907043 	-60.071262 	-59.647304 	-58.040783 	-56.286506 	-61.300956 	-59.334995 	-64.424369 	-57.661104 	
10.018108 	-41.760593 	-50.357654 	-55.381544 	-59.248483 	-63.986842 	-57.209151 	-58.326749 	-60.065530 	-59.655260 	-58.940073 	-60.947868 	-58.247233 	-58.312242 	-58.612587 	-57.399204 	-57.384931 	-57.987560 	-57.648757 	
9.797428 	-2.404099 	-6.132249 	-10.073544 	-58.934470 	-58.766674 	-58.279914 	-58.418217 	-58.658761 	-61.475628 	-59.993912 	-58.021634 	-58.288155 	-59.577747 	-60.696733 	-60.248929 	
9.629230 	-9.056482 	-16.846835 	-25.806304 	-49.068438 	-58.447853 	-58.582728 	-60.700678 	-60.134461 	-60.211336 	-58.275501 	-59.143559 	-61.125067 	-58.205268 	-59.022892 	-58.687621 	-61.265558 	-62.357842 	-59.478832 	-59.015776 	-58.619101 	
9.595135 	-61.499085 	-59.621334 	-58.475559 	-60.012848 	-59.033955 	-58.983206 	-59.199473 	-58.204502 	-58.594443 	-61.081596 	-58.439745 	-61.397233 	
9.453603 	4.332469 	-1.560935 	-4.397444 	-8.575525 	-9.153499 	-14.462543 	-16.117797 	-25.114831 	-29.514997 	-28.235358 	-32.614910 	-31.543777 	-34.196608 	-37.606395 	
9.657416 	7.738281 	-1.557803 	-9.312995 	-27.221089 	-27.957120 	-57.735347 	-58.610472 	-61.138885 	-59.556741 	-58.458215 	-57.936838 	-58.268272 	-57.515382 	
