9.918772 	-59.591835 	-58.172658 	-61.000621 	-58.999907 	-61.200702 	-59.755185 	-60.571321 	-60.517552 	-59.290587 	-58.014069 	-59.467084 	-59.180318 	-59.150046 	-59.476311 	-57.159040 	-60.191099 	-57.800482 	-57.330966 	-57.701035 	-58.746746 	-57.921880 	-58.479084 	-59.171381 	-58.916915 	-58.516281 	
10.358996 	-13.436285 	-13.485398 	-19.315413 	-17.224752 	-40.002196 	-61.648116 	-57.175823 	-57.022424 	-58.426642 	-56.393331 	-58.070527 	-59.792271 	-59.879498 	-57.900014 	
9.536156 	-33.585500 	-32.909912 	-60.404781 	-58.013388 	-60.089167 	-58.156353 	-60.214313 	-58.791093 	-58.334144 	-61.486573 	-57.549350 	-60.214530 	-59.301465 	
9.568038 	3.812463 	-11.763613 	-29.264072 	-30.777418 	-58.293787 	-61.530869 	-60.075854 	-58.277133 	-60.233837 	-58.527408 	-58.428533 	-57.167563 	
9.662935 	6.397111 	-1.824096 	-58.110548 	-60.886018 	-59.476250 	-60.830847 	-61.382518 	-60.979479 	-58.279826 	-58.456624 	-58.927665 	-59.237364 	-60.746852 	-58.465906 	
9.835656 	6.110642 	-3.060775 	-5.232179 	-14.225451 	-13.384358 	-17.564628 	-25.545068 	-30.615545 	-48.435626 	-58.160459 	-58.975935 	-58.735163 	-58.699211 	-62.252965 	-58.535808 	-57.058603 	
9.866828 	1.743757 	1.695257 	-2.579594 	-2.694845 	-11.475029 	-31.612622 	-31.989617 	-31.147976 	-32.126309 	-34.318652 	-34.515158 	-38.634812 	-39.308162 	-47.553625 	-46.182560 	-48.619141 	
9.817123 	1.457617 	-26.169705 	-31.978250 	-33.340639 	-37.813704 	-57.449834 	-60.316527 	-58.887545 	-57.496774 	-57.741560 	-57.625732 	-58.933965 	-57.771647 	-57.886453 	-58.790461 	-58.580143 	-60.169201 	
9.504731 	2.350618 	-8.916817 	-10.206696 	-11.732274 	-24.144993 	-23.136396 	-30.450741 	-34.954992 	-44.437319 	-45.608285 	-58.516872 	-58.041059 	-59.112070 	-56.847573 	-59.513637 	-58.156426 	
9.430059 	-1.191937 	-1.764099 	-48.370984 	-50.185089 	-59.473052 	-60.041103 	-60.348680 	-58.804669 	-59.155085 	-60.084685 	-60.326831 	-60.665696 	-60.029504 	-61.105548 	-58.934377 	-59.527350 	-59.755033 	-64.487780 	-58.692599 	-59.778495 	-60.136638 	-62.678869 	-61.921260 	-59.098805 	-59.176322 	
10.027389 	3.032247 	-12.885605 	-37.721386 	-40.126330 	-60.067080 	-57.988194 	-57.017649 	-57.523819 	-57.891403 	-59.691809 	-59.969563 	-60.139293 	-57.909482 	-59.484315 	-60.719430 	-57.904716 	
10.129422 	-19.338360 	-36.770961 	-46.854530 	-48.966090 	-52.027402 	-53.276193 	-59.161869 	-59.477760 	-58.368106 	-56.532657 	-59.318898 	-57.598565 	-58.492280 	-57.871372 	-57.198350 	-63.469499 	-59.405775 	-58.524054 	-57.750927 	-60.690766 	-59.295224 	-60.601717 	-58.492731 	
9.553693 	-10.923060 	-13.884649 	-33.962872 	-42.047361 	-54.920289 	-58.919749 	-59.934704 	-60.681594 	-61.937250 	-58.981179 	-59.493203 	-57.810432 	-58.765970 	-58.202592 	-58.852167 	-60.597320 	-60.303954 	-59.133826 	-60.355782 	-59.740118 	-58.723972 	-60.574209 	
10.013074 	-11.267977 	-23.376293 	-21.843381 	-58.348535 	-58.700307 	-57.222480 	-60.845153 	-58.793384 	-58.924697 	-58.438619 	-58.320529 	-59.597999 	-57.440096 	-59.779933 	-58.332827 	-60.231246 	
10.050584 	-34.213427 	-36.477161 	-37.952450 	-49.554658 	-57.128327 	-57.334910 	-57.785604 	-58.847046 	-61.641321 	-59.583493 	-58.365189 	-59.471137 	-58.462500 	-57.631476 	-62.483557 	-57.812070 	-60.125735 	
9.843701 	2.019792 	-2.267320 	-17.723476 	-26.446982 	-39.311907 	-40.262328 	-39.850304 	-42.445903 	-42.078135 	-43.199466 	-50.589016 	-51.342990 	-55.011213 	-56.008558 	-56.395529 	
9.524223 	3.387554 	-18.771765 	-18.393623 	-40.284035 	-47.382453 	-49.510525 	-58.358768 	-58.992797 	-58.755623 	-57.805256 	-59.396787 	-60.068742 	-59.100099 	-58.059348 	-59.805309 	-60.889688 	-59.314038 	
9.608692 	-10.001554 	-15.573250 	-15.174159 	-42.470449 	-60.268931 	-60.321349 	-62.131215 	-59.107389 	-58.136528 	-59.273522 	-59.919045 	-57.067310 	-60.902661 	
9.973506 	3.598846 	-6.996259 	-12.098830 	-17.068566 	-22.337134 	-59.957139 	-59.409812 	-58.327291 	-58.404497 	-58.523627 	-59.969205 	-61.111012 	-58.278131 	-59.409929 	-60.118794 	-59.106368 	-60.247006 	
9.795639 	2.887185 	-19.065631 	-44.906984 	-50.248513 	-58.252270 	-58.006394 	-57.890773 	-59.461648 	-58.690240 	-58.307374 	-60.517612 	-59.875533 	-59.178504 	-60.849175 	-57.779918 	-58.138502 	-61.004078 	-60.070400 	
