9.940541 	5.377037 	-0.756858 	-1.073393 	-12.484708 	-11.852388 	-12.710092 	-17.907169 	-56.837744 	-57.719384 	-59.616031 	-58.279333 	-57.345675 	-59.300743 	-58.633807 	-58.745144 	
9.869859 	-58.589315 	-58.982134 	-57.463667 	-60.004315 	-59.659223 	-57.203933 	-59.287409 	-59.673642 	-58.405624 	-58.522251 	-57.475571 	
9.897187 	-2.585465 	-7.171485 	-24.168440 	-28.502770 	-32.288060 	-40.018772 	-58.383875 	-59.455538 	-58.752011 	-66.168413 	-58.116184 	-59.220343 	-60.826059 	-60.177565 	-58.291274 	-58.325696 	-59.929107 	
9.458644 	-5.680061 	-5.996335 	-12.211389 	-15.581981 	-32.513226 	-33.724522 	-35.855821 	-36.910864 	-45.873160 	-55.069506 	-57.674007 	-59.133579 	-59.424488 	-59.552539 	-59.376840 	-59.973121 	-59.682164 	-60.351532 	-58.448251 	
9.292706 	-11.818109 	-12.813257 	-19.758524 	-24.846483 	-37.417225 	-43.047173 	-57.719490 	-59.005247 	-58.040592 	-59.161938 	-60.194527 	-59.328594 	-62.963873 	-60.346519 	-59.227964 	-58.796638 	-59.518957 	-58.967261 	-59.934081 	-58.679392 	-59.338580 	-59.344386 	
9.743175 	1.454040 	-4.652521 	-11.920951 	-33.372363 	-56.762367 	-55.753929 	-57.555927 	-62.945620 	-57.626271 	-58.409963 	-57.999625 	-59.129530 	-57.867519 	-59.998212 	-58.196103 	-59.644350 	
9.292778 	-2.457702 	-5.154630 	-7.409342 	-11.947072 	-35.777895 	-42.769488 	-48.348645 	-56.853723 	-58.975373 	-62.343489 	-59.477134 	-60.115107 	-60.408112 	-58.168431 	-57.741416 	-58.711289 	-59.026279 	-59.631957 	-58.672209 	-60.847968 	-59.302390 	
9.236259 	-18.943313 	-35.112628 	-50.685778 	-59.951624 	-59.672782 	-58.712035 	-59.228175 	-58.562242 	-60.806078 	-58.800464 	-62.403091 	-59.970475 	-58.684212 	-58.543468 	-58.827806 	-59.463367 	-58.143723 	-59.920998 	-58.850959 	
9.941431 	-24.208271 	-53.197212 	-54.466782 	-57.615238 	-57.503061 	-57.681212 	-58.550005 	-58.455001 	-58.357130 	-58.122305 	
9.591995 	-6.197080 	-8.824888 	-14.842516 	-15.004597 	-19.347586 	-34.718497 	-39.654167 	-42.552393 	-48.669885 	-52.675590 	-55.948502 	-60.377458 	-58.112540 	-56.037779 	-56.852921 	-57.062543 	-58.958910 	-57.527940 	-59.257334 	
9.376707 	-3.465330 	-8.034357 	-6.962949 	-15.552251 	-16.501880 	-19.160382 	-21.883797 	-37.782732 	-36.983827 	-54.955250 	-58.218912 	-58.024459 	-57.116399 	-58.014703 	-58.581745 	-56.875163 	-58.176118 	-56.980261 	-59.281095 	-58.451154 	-58.260300 	
10.148914 	0.090763 	-2.677557 	-7.521247 	-26.550844 	-44.840389 	-45.116714 	-50.166593 	-51.499591 	-54.395037 	-56.785412 	-58.407558 	-58.203030 	-58.049480 	-62.473036 	-58.324567 	-57.254994 	-59.917440 	-58.648730 	-58.333209 	-59.667869 	
9.711879 	1.427216 	-11.415107 	-32.131778 	-35.218894 	-56.227908 	-60.289028 	-57.089174 	-57.920312 	-57.545283 	-60.240433 	-59.920969 	-59.393931 	-58.817135 	-59.351712 	
9.689111 	-12.733627 	-15.275278 	-22.700664 	-22.119643 	-30.257492 	-35.720385 	-37.768939 	-39.188173 	-58.820676 	-62.208166 	-57.875986 	-58.685413 	-59.266175 	-59.897191 	-59.968598 	-58.177184 	-59.616715 	
9.631700 	-9.901205 	-9.228959 	-20.435963 	-19.744015 	-29.171688 	-59.784674 	-58.985926 	-60.329903 	-57.553036 	-58.545151 	-59.978273 	-59.592018 	-59.065341 	-60.371881 	-60.697916 	-60.237198 	-61.719127 	-59.208926 	-57.942230 	-61.129472 	
9.491308 	-8.282685 	-24.738083 	-54.998015 	-57.437822 	-59.713578 	-58.183550 	-57.847408 	-60.470912 	-58.027897 	-58.096554 	-58.104268 	
9.776501 	-9.501809 	-14.948026 	-15.367120 	-14.309623 	-17.202384 	-17.385080 	-25.395776 	-45.949775 	-47.185399 	-49.842899 	-49.958915 	-56.007500 	-55.872516 	-56.862991 	-56.494010 	-56.688066 	-56.108429 	
9.774274 	5.675365 	-6.844107 	-8.465710 	-13.223186 	-23.825346 	-40.190403 	-47.572425 	-53.157110 	-60.523478 	-60.986833 	-59.313187 	-59.297722 	-59.401670 	-60.547326 	-57.838747 	-60.095219 	-59.314321 	-58.251723 	-60.076744 	-59.823451 	
9.727031 	-21.460652 	-57.078749 	-59.792412 	-58.977391 	-57.972150 	-58.375048 	-59.196795 	-57.398481 	-57.921637 	-58.863018 	-60.169863 	-57.937472 	-58.128327 	
9.632292 	-14.299580 	-14.303713 	-50.715306 	-57.697740 	-59.846217 	-58.659621 	-60.074921 	-58.548682 	-58.703073 	-57.711585 	-57.548256 	-57.158943 	
9.793565 	-2.864316 	-21.594318 	-30.111289 	-55.466215 	-59.084079 	-58.199258 	-58.373467 	-61.267119 	-58.100620 	-58.441717 	-59.716004 	-57.353050 	-57.945910 	-58.893275 	-60.324088 	-57.183067 	
