9.853690 	3.267593 	1.488243 	0.560504 	-2.215749 	-2.353791 	-2.555089 	-2.242930 	-6.558810 	-5.912783 	-7.779691 	-8.208979 	-8.711186 	-8.045999 	-8.459591 	-9.331884 	-10.234469 	
9.880222 	-11.695561 	-14.522100 	-19.608579 	-31.060641 	-35.288836 	-41.097042 	-45.602157 	-51.030844 	-58.941287 	-57.903231 	-56.792116 	-57.743390 	-59.743835 	-56.605003 	-57.522457 	-57.935081 	-60.441003 	-59.029892 	-56.637839 	-57.701413 	
9.601763 	-4.539360 	-5.274747 	-9.500691 	-17.304668 	-19.063580 	-24.945435 	-24.601996 	-32.899781 	-43.690232 	-45.021161 	-43.707039 	-42.815200 	-57.754883 	-59.450047 	-59.633347 	-58.675787 	-60.195304 	-57.491882 	-59.234889 	-60.181461 	-58.823132 	-57.258893 	-61.357652 	-58.131896 	-60.647489 	
9.946066 	-0.965650 	-6.279579 	-15.085199 	-31.505374 	-40.378103 	-45.855086 	-47.820882 	-59.905971 	-58.717557 	-56.717020 	-60.167950 	-59.828655 	-56.943434 	
9.666818 	-2.913893 	-24.047267 	-52.515004 	-58.107525 	-59.306727 	-59.033374 	-59.349357 	-60.597713 	-58.358526 	-57.368378 	
9.607275 	5.152272 	-11.913816 	-15.711881 	-16.708148 	-20.942237 	-22.478409 	-24.490162 	-24.346752 	-25.002180 	-25.809195 	-25.526092 	-25.992982 	-30.554886 	
9.829784 	-22.057195 	-38.094593 	-37.930237 	-58.764268 	-55.613477 	-56.185461 	-56.788037 	-61.022342 	-56.913584 	
9.721180 	-7.737321 	-8.129863 	-10.885048 	-48.779004 	-56.321068 	-57.025002 	-57.704587 	-61.545379 	-58.595048 	-58.819506 	-59.562092 	-59.365302 	-59.519138 	-62.243911 	-57.867904 	-59.314176 	
9.653951 	-2.929257 	-17.012450 	-18.954245 	-21.674236 	-27.413710 	-31.223284 	-31.053303 	-34.101991 	-34.784601 	-32.607239 	-39.049103 	-37.688243 	-41.011318 	-44.881957 	-47.425369 	
9.738333 	1.492339 	1.935614 	-0.974595 	-5.678138 	-7.454550 	-14.027894 	-19.523708 	-20.176047 	-20.977006 	-23.940380 	-23.238375 	-25.732292 	-28.534596 	-30.499642 	-36.372760 	-41.250717 	-41.020223 	-42.593222 	-43.514909 	-46.862787 	-44.132719 	-44.666830 	-46.915608 	-54.202399 	-57.395301 	-54.462113 	-58.385571 	
