9.865364 	-58.260805 	-59.416988 	-59.029921 	-59.317493 	-59.477086 	-58.647594 	-58.432610 	-59.090343 	-58.062978 	-58.658352 	-60.135394 	-61.375225 	
8.502435 	9.154200 	-8.384311 	-15.154994 	-23.716581 	-34.545344 	-37.273007 	-40.813506 	-51.320297 	-58.176090 	-55.615817 	-60.001488 	-58.864846 	-57.893319 	-58.284005 	-60.082554 	-61.753653 	
9.816641 	-15.049916 	-16.799827 	-39.706197 	-37.186977 	-42.408222 	-55.960284 	-59.447999 	-57.204688 	-60.566875 	-60.064649 	-58.031059 	-58.293447 	-57.224796 	-57.988215 	-57.720751 	-59.207523 	
9.876418 	8.938812 	-1.536122 	-9.714927 	-11.889627 	-15.435123 	-32.761909 	-35.416705 	-43.970305 	-57.856643 	-60.467949 	-61.355218 	-57.938381 	-57.865487 	-58.067452 	-57.862843 	-57.777097 	-60.701207 	-58.587774 	-57.049943 	
9.876857 	-2.275789 	-0.336273 	-19.034878 	-31.744882 	-37.697050 	-40.953068 	-60.950364 	-59.648208 	-58.359328 	-58.430837 	-58.889711 	-59.097254 	-57.952306 	-59.733284 	-59.120822 	-58.738200 	-61.161736 	-58.264321 	-60.214207 	-58.010018 	-60.993814 	-60.848766 	-58.710250 	-60.632696 	-60.092513 	
9.893369 	-22.984655 	-39.308641 	-47.816031 	-52.348353 	-54.033070 	-54.277278 	-56.552953 	-58.183826 	-59.616545 	-60.751858 	-61.726149 	-57.619227 	-59.554448 	-58.656305 	-59.281555 	-57.313100 	-60.476325 	
9.461258 	4.888069 	0.026578 	-1.517015 	-40.665155 	-49.543108 	-59.064726 	-60.739327 	-57.062312 	-59.467054 	-58.795114 	-58.645021 	-60.827891 	-59.917031 	-57.734965 	-58.301891 	-61.015957 	-59.798095 	-59.326144 	-60.106198 	
10.113875 	0.141027 	2.160184 	-6.458345 	-12.118594 	-37.023960 	-55.349503 	-57.563818 	-57.264827 	-58.913659 	-58.631340 	-57.979897 	-57.152081 	-59.432069 	-59.950111 	-59.524699 	
10.232238 	4.585322 	-2.405748 	-6.093507 	-8.766462 	-14.216221 	-13.832957 	-20.319346 	-24.185143 	-22.045318 	-23.804750 	-31.655371 	-36.855087 	-43.430382 	-60.577203 	-57.390477 	-59.105420 	-57.664640 	-60.579660 	-59.284106 	-58.505201 	-58.526544 	-59.738486 	-58.706145 	-58.040678 	-59.453959 	-58.442349 	-59.405611 	-58.440787 	-59.863647 	-58.158311 	
10.077667 	-14.365081 	-26.652218 	-38.716774 	-40.971456 	-42.755878 	-47.825539 	-52.833960 	-61.626571 	-58.512235 	-59.685473 	-60.397724 	-58.456923 	-58.578664 	-59.739284 	-57.497756 	-57.681013 	-58.868906 	-57.738306 	-58.618185 	-59.878367 	-58.345931 	
9.635220 	-5.354560 	-11.934728 	-12.603028 	-40.562429 	-54.040543 	-58.990141 	-57.754597 	-60.335602 	-57.873440 	-60.059509 	-58.850256 	-58.720383 	-58.363270 	-60.743959 	-61.455545 	-61.646993 	-59.329002 	-61.781421 	
9.766079 	-41.044054 	-44.516104 	-53.642999 	-59.697177 	-60.533885 	-56.955464 	-58.929757 	-58.339991 	-58.480830 	-57.898331 	-58.867314 	-57.220060 	-58.707861 	-61.505811 	
9.637009 	1.283975 	-18.235573 	-19.930070 	-26.919110 	-28.695629 	-28.631623 	-27.214595 	-31.629463 	-32.693584 	-37.343750 	-34.125737 	-35.798694 	-38.823291 	-39.075891 	-41.347517 	
9.776720 	3.546304 	3.668338 	2.315899 	-11.592293 	-19.495746 	-24.100550 	-40.800851 	-42.703376 	-46.444360 	-55.878690 	-56.437023 	-57.962217 	-59.897267 	-59.126647 	-58.366458 	-58.185714 	-60.220723 	-58.118981 	-58.137009 	-56.940758 	-57.377570 	-58.317825 	-58.353505 	-57.540492 	-59.183959 	
9.879398 	-0.080885 	-1.784700 	-3.156134 	-30.441336 	-30.075832 	-35.907686 	-54.010802 	-55.164558 	-57.979276 	-57.974608 	-61.116060 	-59.156414 	-58.117634 	-57.408601 	-61.290418 	-58.979727 	-60.324813 	-58.330958 	-59.352371 	
9.541823 	-3.199320 	-22.582142 	-24.214574 	-24.609995 	-43.484608 	-58.448472 	-58.704135 	-60.505996 	-59.529375 	-59.950848 	-57.976855 	-58.430199 	-57.272552 	-59.901963 	-58.510830 	
9.838643 	3.819196 	1.135657 	-8.706790 	-19.198555 	-27.854254 	-44.046418 	-57.174341 	-57.300060 	-58.291717 	-57.734779 	-63.203251 	-58.470818 	-59.008013 	-57.470033 	-60.432046 	-59.517481 	
9.720486 	-30.681715 	-33.124912 	-37.182428 	-39.832199 	-41.623104 	-47.303614 	-44.179252 	-52.492369 	-59.590514 	-60.806079 	-62.712067 	-60.196011 	-58.250572 	-58.226938 	-57.581728 	-58.718748 	-59.130951 	-58.629863 	-60.085430 	
9.839269 	-13.806511 	-17.345976 	-18.324348 	-30.888956 	-37.973268 	-42.005141 	-47.150851 	-58.201725 	-58.331051 	-58.163091 	-58.608629 	-62.136339 	-58.254173 	-59.545022 	-62.044644 	-64.351436 	-58.274530 	
10.075227 	5.714620 	-8.597399 	-10.423871 	-11.343243 	-14.127306 	-16.869564 	-19.717563 	-32.595207 	-37.502685 	-41.530593 	-38.954820 	-40.341934 	-43.568906 	-42.012509 	-44.610105 	-46.902291 	-47.094445 	-48.749592 	-53.242163 	-49.826130 	-50.486053 	-54.943616 	-53.971552 	
