9.460142 	1.746976 	-0.840299 	-6.192777 	-8.154478 	-14.423212 	-18.502322 	-38.141363 	-36.352316 	-39.340528 	-49.503268 	-49.573072 	-58.100131 	-59.897454 	-58.824297 	-58.547675 	-59.643510 	-57.739756 	-58.805523 	-58.894767 	-59.425913 	-58.863509 	-62.964978 	-58.947236 	
9.168273 	7.141277 	5.059864 	-10.560801 	-9.790349 	-16.509815 	-14.656531 	-16.405258 	-20.678389 	-24.668521 	-33.848512 	-33.981800 	-47.936753 	-57.118216 	-55.998511 	-58.410921 	-58.308374 	-57.870955 	
9.990282 	-4.055501 	-5.451133 	-8.758150 	-15.577380 	-20.268122 	-20.850055 	-33.387853 	-54.821249 	-55.119638 	-56.044456 	-57.285486 	-57.906771 	
9.422695 	5.355620 	4.385923 	4.463133 	-2.061222 	-5.203067 	-11.668446 	-11.103567 	-12.032176 	-27.636363 	-40.495492 	-41.133304 	-43.548848 	-43.053624 	-43.689494 	-55.307148 	-56.563301 	-57.501631 	-56.519083 	-58.308263 	
9.676145 	0.411803 	-0.897748 	-6.647930 	-8.886691 	-26.139599 	-39.695416 	-38.193296 	-45.373120 	-56.136722 	-57.814705 	-60.490315 	-57.906068 	-61.249762 	-56.891714 	-59.184929 	
9.525233 	-1.333069 	-8.243783 	-6.072860 	-7.653470 	-6.358338 	-9.447558 	-6.869534 	-10.130814 	-15.726864 	-14.227182 	-15.499961 	-20.113759 	-18.880311 	-20.186652 	-18.906188 	-21.371230 	-24.463011 	
9.548111 	-3.532336 	-8.662011 	-27.660197 	-54.555208 	-59.486209 	-57.981821 	-57.475359 	-58.843154 	-60.530142 	-59.830783 	-59.351260 	
9.358665 	-7.845235 	-21.996794 	-32.005492 	-46.373778 	-54.865329 	-56.143208 	-59.011969 	-58.189975 	-59.401312 	-59.767656 	-58.559150 	-58.207096 	-58.934123 	-59.743479 	-59.682305 	-57.626468 	-58.755598 	
10.034566 	3.438506 	0.940312 	-0.256202 	-0.361428 	-0.483300 	-9.750073 	-10.240578 	-15.967945 	-33.801422 	-35.903257 	-37.421329 	-38.268152 	-49.085937 	-48.455920 	-48.841989 	-49.060652 	-50.876937 	-53.795652 	
9.507169 	6.441054 	-5.425327 	-5.289494 	-27.972279 	-30.882496 	-34.104570 	-52.766676 	-58.196776 	-57.770686 	-57.458676 	-58.380331 	-59.945058 	-58.802004 	-60.520948 	-57.877674 	-59.269076 	
9.766339 	2.296203 	-12.064539 	-10.826651 	-15.484152 	-12.352751 	-18.365317 	-16.553895 	-17.746247 	-21.542657 	-24.853525 	-42.218523 	-43.857861 	-50.671378 	-59.016956 	-56.863232 	-55.564054 	
9.308283 	8.657328 	2.428315 	-13.695712 	-15.412351 	-17.510889 	-22.575170 	-23.451334 	-26.572916 	-30.711682 	-30.565736 	-33.301900 	-35.638431 	-35.950146 	-36.245021 	
9.468037 	1.686366 	-7.269399 	-14.778925 	-16.789463 	-23.820473 	-25.746553 	-29.341021 	-35.120459 	-39.871589 	-51.070469 	-50.960873 	-54.988240 	-57.986173 	-56.464734 	-57.963353 	-57.669228 	-57.546331 	-57.955788 	
9.764991 	-12.335336 	-14.473188 	-34.802215 	-53.160523 	-50.974536 	-58.224475 	-59.730216 	-57.912801 	-58.273312 	-57.850088 	-58.547657 	-58.292190 	-57.274537 	-63.680542 	-57.944329 	
9.606895 	2.079004 	-0.467763 	-1.920038 	-4.355087 	-4.948381 	-15.646805 	-23.294556 	-17.724392 	-18.086869 	-19.877343 	-17.393892 	-21.670308 	-20.689361 	-21.785716 	-21.891525 	-22.670739 	
9.542546 	0.205211 	-3.666939 	-3.373541 	-13.326631 	-29.583416 	-30.836741 	-41.555319 	-48.763126 	-47.861921 	-53.820621 	-60.883386 	-57.653494 	-60.997584 	-58.643666 	-58.201865 	-59.752974 	-58.907567 	-64.706428 	-59.703052 	-59.810277 	-58.346755 	-60.291287 	-60.603269 	
9.433047 	8.832488 	0.694207 	1.459976 	-11.700588 	-26.990940 	-26.239830 	-32.707267 	-34.118392 	-33.847803 	-41.636374 	-43.831880 	-44.588844 	-47.245997 	-46.746776 	-49.903282 	-50.702464 	
9.610614 	-31.470119 	-60.601117 	-60.159043 	-59.228827 	-59.426858 	-58.487924 	-58.448552 	-59.732120 	-58.420336 	-58.501686 	-58.044116 	-59.582061 	
7.251341 	9.685999 	5.881195 	-6.470656 	-9.564168 	-12.916146 	-21.559307 	-25.631365 	-29.261078 	-64.036603 	-57.676237 	-59.504881 	-58.107061 	-58.841991 	-60.511341 	-57.420662 	-58.842032 	-58.064936 	-63.875552 	-58.274649 	-58.894755 	
9.622573 	-48.639844 	-54.192331 	-56.231138 	-55.084063 	-57.775422 	-57.442829 	-57.597398 	-57.836510 	-58.487592 	-57.290975 	-61.146785 	-59.232286 	
9.590243 	3.823671 	1.850117 	-2.005290 	-3.714052 	-24.622466 	-37.869623 	-46.206970 	-48.908783 	-49.600391 	-51.797384 	-50.589305 	-51.821759 	-52.790900 	-51.753513 	-55.760346 	-55.334706 	-58.329506 	-57.266554 	-57.784288 	
9.967283 	5.527778 	1.214598 	-3.693255 	-4.775568 	-18.513237 	-20.730058 	-19.408620 	-26.048521 	-25.943189 	-25.762776 	-26.409277 	-28.856024 	-27.454516 	
