9.756010 	-21.648608 	-28.726230 	-31.286149 	-35.395255 	-60.195524 	-58.337512 	-58.285136 	-59.001727 	-58.014759 	-58.868799 	-59.253791 	-58.943154 	-57.833293 	-59.560494 	-60.807932 	
9.828076 	-22.801919 	-38.665749 	-43.792415 	-51.438097 	-57.883482 	-57.798197 	-60.885773 	-60.878633 	-58.531508 	-57.750939 	-60.390552 	-58.820056 	-58.554309 	-58.428834 	
10.250157 	4.562407 	-58.664911 	-56.276883 	-57.451656 	-60.503995 	-59.174672 	-58.771380 	-57.604508 	-57.410345 	-60.055379 	-58.170191 	-56.275354 	-59.090633 	-57.699579 	-59.263154 	-57.269413 	
10.102430 	-5.572869 	-16.763246 	-36.878925 	-49.135232 	-59.510941 	-57.436716 	-58.987420 	-58.520104 	-63.475895 	-59.074623 	-57.978774 	-60.343182 	-58.299905 	-58.316773 	-58.373993 	-59.098778 	-58.189283 	-57.887818 	-59.344244 	-59.355697 	
10.143758 	-11.347680 	-16.190698 	-38.354277 	-44.950216 	-57.227791 	-59.809280 	-58.104357 	-59.452232 	-58.605348 	-57.941851 	-58.208561 	-57.047068 	-57.535572 	-58.931077 	-57.413302 	-57.571037 	-58.041040 	
9.745475 	0.618726 	-11.188584 	-35.876776 	-53.552335 	-54.445777 	-58.305420 	-58.312724 	-58.213275 	-59.122067 	-58.892280 	-58.582145 	-59.110338 	-59.844228 	-59.156469 	
9.772832 	-2.150917 	-3.544009 	-17.284065 	-35.290479 	-47.587928 	-47.097534 	-53.670254 	-59.759256 	-60.079644 	-59.888196 	-58.112609 	-61.883268 	-59.550562 	-59.361005 	-61.697748 	-59.078296 	-57.918883 	-58.283943 	
9.512603 	6.730476 	-8.659833 	-14.957560 	-13.226834 	-28.432374 	-30.690515 	-31.966856 	-43.705290 	-57.908779 	-61.603526 	-59.472170 	-60.790293 	-59.901443 	-59.421480 	-60.154701 	-59.082747 	-60.364321 	-59.934192 	-59.368320 	-58.732195 	-60.138176 	-57.780511 	-59.555522 	
10.316733 	-30.773799 	-56.357563 	-58.288087 	-58.086975 	-58.555497 	-58.226221 	-61.165387 	-58.041304 	-57.395214 	-57.860945 	-63.224682 	-57.522989 	-58.668009 	-60.214179 	
9.790686 	-18.018433 	-55.128271 	-54.632452 	-58.674972 	-57.885817 	-58.218843 	-58.881390 	-60.041568 	-57.310894 	-61.758413 	-59.068931 	-58.962222 	-58.535702 	
10.094923 	-0.481153 	-7.691724 	-23.430686 	-27.588674 	-28.283696 	-31.599665 	-33.159669 	-37.970124 	-43.172257 	-47.723435 	-48.349074 	-52.111843 	-55.333140 	-53.448644 	-56.600177 	-56.030426 	-57.321703 	-57.248504 	-56.695091 	-56.176302 	-58.320622 	-58.891017 	-57.170218 	-59.004348 	
9.472797 	1.215814 	-2.498074 	-6.527665 	-24.066948 	-23.363053 	-36.588245 	-52.957652 	-58.700473 	-60.129245 	-62.946531 	-58.829187 	-60.346577 	-59.607727 	-58.260174 	-59.449491 	-58.760492 	-58.707975 	-57.637309 	-58.675772 	-60.231274 	-59.142434 	
9.738758 	-7.882030 	-28.365240 	-27.193703 	-55.112230 	-58.178766 	-58.725634 	-59.869792 	-60.079907 	-61.305954 	-59.969497 	-58.941146 	-60.385402 	-59.108319 	-62.128213 	-62.721497 	-59.720762 	-58.547960 	-60.314069 	-59.918885 	-60.611922 	-59.731814 	-59.302708 	-58.453713 	-59.308149 	-58.549516 	-60.054145 	-59.502851 	
9.635127 	-46.974088 	-57.847672 	-59.526191 	-59.814477 	-58.480260 	-59.017010 	-58.701860 	-60.697274 	-61.224427 	-57.719435 	
9.899899 	1.946439 	-7.300053 	-8.249452 	-20.583661 	-27.615606 	-50.335425 	-59.050987 	-58.428816 	-58.648490 	-58.168114 	-57.396003 	-60.872220 	-59.227755 	
9.786997 	6.656818 	4.609706 	-7.099133 	-18.134206 	-24.863402 	-31.598063 	-50.423650 	-57.123871 	-59.558210 	-59.202539 	-61.916668 	-59.560569 	-58.804836 	-58.481523 	-62.158444 	-59.681377 	-57.460223 	-58.790867 	-58.485239 	-59.476439 	-58.953681 	-61.472556 	
10.021701 	0.104800 	-10.498376 	-15.354892 	-43.114741 	-45.188644 	-57.686482 	-59.953765 	-60.059758 	-58.205666 	-60.052437 	-60.665508 	-59.943094 	-60.036026 	-58.476788 	-58.890216 	-58.256881 	-59.461945 	-57.229667 	-59.237008 	-57.926586 	-58.181272 	
9.893749 	4.473770 	-4.606564 	-38.988449 	-39.100447 	-43.336020 	-56.658843 	-59.599599 	-58.090223 	-61.531546 	-59.643503 	-58.738355 	-60.246751 	-57.773880 	-57.585793 	-57.980695 	
9.667989 	-0.337084 	-36.409033 	-39.504915 	-42.165297 	-57.712013 	-60.149220 	-58.514837 	-62.337903 	-62.449544 	-60.819892 	-58.949304 	-62.054635 	-57.955544 	-57.637781 	-59.004016 	-57.984405 	-58.223368 	-58.108511 	-58.573971 	-58.899708 	-60.150127 	-60.085407 	
9.735688 	-13.540792 	-22.325430 	-22.838910 	-54.094262 	-58.671439 	-58.149317 	-60.177864 	-57.670132 	-59.647975 	-58.001272 	-60.631535 	-59.088718 	-58.873223 	-60.330571 	-61.287884 	-62.548094 	-58.577571 	
