10.319273 	-13.984013 	-24.779645 	-30.378969 	-35.822995 	-48.961008 	-59.035009 	-57.714464 	-57.895364 	-56.914374 	-59.265350 	-57.145839 	-59.679895 	-58.693201 	-62.826368 	
9.372944 	-0.114641 	-12.544360 	-17.998010 	-17.127265 	-26.037019 	-30.025138 	-35.238260 	-38.678116 	-39.500496 	-41.083435 	-43.228530 	-47.396962 	-47.821544 	-49.695752 	-52.758885 	-55.201725 	-57.411805 	
9.295165 	3.708568 	3.117793 	3.105360 	-2.358954 	-2.888504 	-3.976158 	-6.215282 	-9.997476 	-11.551578 	-15.269289 	-11.291170 	-15.146857 	-14.885760 	-13.538518 	-15.125240 	-13.644558 	-14.389463 	-15.331834 	-17.695337 	-16.224768 	
9.447503 	1.285437 	-3.173448 	-11.046491 	-22.652127 	-22.160920 	-28.190891 	-34.082551 	-42.215933 	-42.895362 	-46.629897 	-44.918662 	-46.681133 	-52.287594 	
9.559623 	2.344279 	-0.561449 	-5.953481 	-7.044996 	-20.822712 	-26.362577 	-28.989041 	-29.313970 	-31.427973 	-32.709454 	-34.766489 	-52.868059 	-54.984157 	-57.693263 	-59.209793 	-59.988105 	-57.753981 	-56.787512 	-56.797432 	-57.412421 	-58.460857 	
10.009165 	3.245472 	-0.295637 	-3.448250 	-9.125737 	-18.186824 	-19.356466 	-33.634553 	-33.481377 	-35.752333 	-35.644116 	-37.535092 	-40.184329 	-41.116184 	-45.633906 	-45.144600 	-44.489699 	-45.408067 	-46.673852 	-47.133741 	-55.639893 	
9.630191 	3.664457 	2.264736 	-1.737150 	-4.969179 	-6.082980 	-8.659998 	-8.969347 	-12.442001 	-9.623901 	-12.448460 	-10.111291 	-10.985345 	-13.731327 	-12.943691 	-12.168409 	-14.913416 	
9.363156 	6.114369 	4.577612 	3.160262 	-0.611008 	2.336102 	3.517247 	1.124493 	0.082526 	0.425266 	-1.055534 	-1.523205 	-3.501230 	-1.199787 	-3.950581 	-3.543473 	-2.440243 	-6.794407 	-3.514314 	-3.004021 	-4.894170 	-5.849197 	-2.661109 	-3.559842 	-3.398950 	-6.390150 	-4.050297 	-4.016867 	-4.534825 	-4.211812 	-3.615905 	-5.541685 	-6.222584 	-9.335982 	-3.837883 	-4.210390 	-6.479317 	-6.605478 	
9.631659 	5.026748 	0.201806 	2.182194 	3.700131 	3.031961 	-0.816097 	3.028044 	-0.221214 	-0.166406 	-1.254056 	-2.638462 	-0.303716 	-0.263517 	-1.145463 	-5.050316 	-4.557323 	-6.029172 	-8.303191 	-3.673507 	-3.566605 	-4.079673 	-5.436160 	-4.023111 	-5.246166 	-7.127198 	-5.076233 	-5.022881 	-5.575454 	-5.244965 	-5.891401 	-5.523407 	-6.470389 	-5.831045 	-8.897261 	
10.038329 	2.635181 	0.561451 	-5.851774 	-17.295278 	-18.759187 	-40.806871 	-48.324528 	-58.327065 	-59.569090 	-56.876545 	-60.761729 	-61.562853 	-59.836311 	-61.681001 	-57.805872 	-63.777876 	-59.930045 	-62.192166 	
9.465931 	5.716526 	4.690120 	-1.604089 	-6.495423 	-7.881165 	-15.927229 	-38.378873 	-40.729655 	-38.715746 	-42.671968 	-45.196093 	-50.135474 	-52.246872 	-50.883129 	
9.014395 	2.990200 	-8.186981 	-9.935672 	-11.113562 	-10.883043 	-9.893509 	-15.778428 	-35.540954 	-36.950083 	-41.666175 	-45.524335 	-42.278024 	-43.353529 	-46.840171 	-48.591809 	-54.149174 	
9.980565 	3.322254 	2.355233 	-0.372009 	1.963955 	0.509052 	-0.366672 	-0.013519 	-3.628739 	-7.116826 	-2.378666 	-3.989159 	-4.119053 	-7.539175 	-7.808040 	-7.831318 	-7.168262 	-6.648087 	-8.240727 	-9.266105 	-7.665895 	
9.867821 	6.247328 	-0.285708 	-0.693923 	-4.468391 	-6.903047 	-8.746770 	-9.614592 	-10.840335 	-10.244411 	-11.006302 	
9.346251 	7.399296 	3.720112 	-20.408591 	-27.673596 	-36.432448 	-40.364053 	-51.778525 	-52.450838 	-54.660489 	-58.775986 	-58.708768 	-61.717588 	-57.442209 	-60.302047 	-57.421035 	-57.531624 	
9.252659 	7.313315 	5.258109 	5.892530 	1.855295 	4.371794 	2.178915 	4.470359 	-2.083849 	1.398778 	-1.227625 	-0.239383 	-5.125812 	-2.149329 	-2.005080 	-2.205233 	-5.295839 	-5.961790 	-3.182304 	-2.931261 	-4.791339 	-4.375781 	-4.037569 	-3.346840 	-4.604843 	-5.665937 	-5.510017 	-9.089738 	-5.149592 	-5.535076 	
9.215448 	6.068628 	3.288571 	-11.310171 	-13.598477 	-15.633278 	-17.219223 	-23.167442 	-24.325285 	-25.470932 	-32.788009 	-28.692580 	-36.791523 	-36.546452 	-41.257386 	-42.824666 	-41.735987 	
9.360608 	4.303805 	2.476275 	3.339401 	2.375318 	-4.091925 	-14.539428 	-15.763980 	-17.750136 	-14.496618 	-16.535870 	-17.662748 	-20.533017 	-16.255398 	-20.441617 	-18.979249 	-18.890369 	-19.447870 	
9.568231 	3.102110 	1.761425 	-21.991132 	-22.904576 	-37.241731 	-44.846876 	-45.589381 	-55.353981 	-59.998940 	-60.666867 	-57.574719 	-57.609149 	-58.849402 	-56.750883 	-58.149932 	
9.830568 	1.264194 	3.760698 	4.435597 	3.168235 	3.264438 	-1.638678 	-1.525640 	-0.881643 	-6.583735 	-6.015931 	-7.833660 	-9.388072 	-11.890378 	-12.431466 	-12.550616 	-13.040882 	-14.896580 	-14.376176 	-16.903300 	-16.689722 	-15.432868 	
9.495185 	6.765530 	2.174354 	-0.794152 	0.314263 	2.080228 	0.324623 	-11.977600 	-12.173355 	-15.535787 	-17.560520 	-21.427035 	-23.813696 	-26.052153 	-25.461279 	-28.936272 	-25.876065 	-27.709592 	-29.475961 	-29.945755 	-33.363352 	-30.828213 	
9.766562 	2.445929 	2.542984 	-1.537949 	-2.420393 	-1.716306 	-11.239575 	-9.574244 	-9.844443 	-9.531844 	-8.762911 	-11.030103 	-10.166342 	-13.721545 	-12.872613 	
9.838104 	5.600238 	4.255897 	0.908757 	-1.410399 	-5.328213 	-7.749107 	-9.757460 	-10.225761 	-11.389134 	-17.992391 	-18.215487 	-25.434135 	-35.139726 	-37.752101 	-41.175587 	-45.419540 	-46.412145 	
