9.471312 	0.043833 	-2.010726 	-7.592755 	-12.644416 	-22.685447 	-22.003159 	-26.469141 	-26.531856 	-30.766540 	-29.626386 	
9.394672 	4.996595 	5.705440 	-0.373020 	-1.347954 	-1.228758 	-2.816454 	-1.688785 	-5.731479 	-9.052078 	-17.850153 	-22.730598 	-31.950487 	-33.470833 	-37.203399 	-37.265416 	-43.120776 	-42.222171 	-47.901119 	-44.606921 	-47.549269 	-49.811263 	-50.411794 	-51.728895 	-51.227242 	-50.957902 	-55.614727 	
9.925026 	-0.128323 	-11.243550 	-14.271338 	-20.951249 	-22.288830 	-24.407930 	-33.773242 	-40.125956 	-41.328359 	-46.938474 	-54.969486 	-59.541138 	-61.029041 	-58.368170 	-58.757868 	-58.187711 	-59.368729 	-60.438263 	-59.492940 	-60.126590 	-58.265062 	-60.635575 	
9.794955 	6.185431 	7.356111 	-4.245939 	-50.506459 	-48.978767 	-57.968214 	-58.303295 	-59.477398 	-59.255842 	-57.850660 	-59.106806 	-60.459264 	-59.131783 	-61.486854 	-59.912679 	-58.430953 	-58.248242 	-59.150700 	-60.688314 	-61.738356 	-59.177860 	
10.076874 	2.685408 	-1.225225 	-14.030089 	-13.465222 	-15.936359 	-22.200938 	-34.370001 	-56.086835 	-57.823667 	-58.013192 	-59.034243 	-59.519496 	-58.684546 	-60.321451 	-59.367558 	-57.537608 	-57.337796 	-60.915136 	
9.546819 	-10.089255 	-17.150270 	-17.339560 	-20.659962 	-22.709107 	-21.810050 	-24.522038 	-23.185248 	-22.926525 	-27.685442 	-26.722385 	-28.835704 	-28.942664 	-29.977235 	-34.466420 	-35.816007 	
9.662544 	1.120046 	-11.355140 	-12.057095 	-13.782931 	-18.389092 	-21.388269 	-37.920599 	-40.971941 	-42.076193 	-43.343287 	-44.354965 	-44.917795 	-46.919972 	-53.878402 	-55.400750 	-53.394169 	-56.796521 	
9.940949 	1.656022 	-22.183901 	-25.601620 	-24.342371 	-48.836575 	-49.851035 	-51.937986 	-55.344185 	-56.915061 	-57.054572 	-56.015471 	-57.465509 	-55.837088 	-57.325383 	-56.975963 	-58.971896 	
10.165071 	-18.414699 	-23.167808 	-27.326107 	-31.265490 	-39.963865 	-50.231987 	-56.079160 	-57.151910 	
9.636854 	4.336350 	2.430123 	-0.714823 	-10.526215 	-12.433340 	-11.153494 	-13.638154 	-15.592022 	-15.126627 	-16.142725 	-22.173749 	-26.746011 	-29.052269 	-29.412875 	-31.674866 	-39.956281 	-38.344161 	-38.700522 	
9.705970 	-1.358714 	-9.131862 	-15.252216 	-18.085870 	-27.135349 	-31.550851 	-39.727517 	-47.794415 	-55.931361 	-57.420016 	-58.034227 	-58.324886 	-57.719188 	-60.368660 	-58.296489 	-58.522734 	-61.538996 	-58.681465 	-57.226375 	
9.850727 	1.126518 	-1.664335 	-27.777528 	-29.722172 	-31.532242 	-56.002848 	-56.281828 	-60.011423 	-57.356000 	-63.264101 	-60.342690 	-58.673293 	-60.059093 	-60.909421 	-58.906876 	-58.571708 	
9.692354 	-12.709434 	-29.007789 	-38.239497 	-48.025236 	-58.909751 	-58.843308 	-59.934651 	-58.746762 	-58.061931 	-60.262711 	-59.379750 	-59.718125 	-60.478885 	-58.158106 	-60.796981 	-59.360712 	-59.067937 	-58.852269 	-59.142253 	-59.865680 	-61.186634 	-61.782126 	
9.809270 	-4.615807 	-8.406443 	-7.269184 	-9.401601 	-10.420775 	-13.115615 	-16.252556 	-20.937318 	-21.417725 	-23.688091 	-24.045959 	-27.026676 	-35.917296 	-36.492168 	-35.939271 	-38.013228 	-39.169221 	-40.667897 	-45.937670 	-50.316838 	-50.991454 	
9.433905 	0.333233 	0.347569 	-3.867878 	-5.556103 	-11.700441 	-16.583187 	-24.063226 	-25.796572 	-36.778085 	-36.280144 	-37.749703 	-37.388883 	-37.992407 	-42.472398 	-39.612348 	-41.541233 	-43.304984 	-43.036895 	-44.454664 	-49.967630 	
9.866645 	-9.005111 	-14.857795 	-15.739297 	-35.342087 	-43.856280 	-38.424476 	-59.991175 	-57.492952 	-58.609061 	-56.604026 	-59.990824 	-58.683653 	-59.146770 	-59.577381 	
9.671810 	-6.740139 	-8.264535 	-38.663927 	-43.971702 	-54.425089 	-55.938114 	-57.551250 	-57.458546 	-57.129710 	-57.401151 	
9.495926 	-7.366462 	-14.138187 	-21.034229 	-24.310358 	-32.643989 	-36.964848 	-61.159503 	-60.191143 	-60.262957 	-59.707947 	-59.370629 	-59.227169 	-58.055947 	-61.362985 	-58.675296 	-60.764274 	-57.469622 	-58.512999 	-58.516379 	-60.421630 	-58.589719 	
9.755174 	3.650020 	-3.096260 	-12.862527 	-17.299553 	-22.006788 	-49.733484 	-53.290458 	-57.730039 	-60.043141 	-58.733618 	-56.516758 	-57.081949 	-58.419927 	-58.222474 	-58.181514 	
9.453521 	-4.916505 	-5.710756 	-15.030255 	-16.525002 	-21.352037 	-23.651298 	-27.757063 	-38.169255 	-37.457667 	-47.624104 	-50.871978 	-56.675134 	-59.324017 	-57.743746 	-57.152034 	-58.810325 	-57.224498 	-57.790357 	-59.494678 	
9.601226 	-3.673452 	-17.933679 	-18.806788 	-26.932871 	-28.025383 	-27.185186 	-29.775345 	-31.150781 	-37.957516 	-34.831715 	-55.656336 	-58.005549 	-59.011423 	-59.143048 	-57.540834 	-59.966324 	-60.866445 	-65.904705 	-60.537943 	-59.197587 	-61.694465 	-57.802581 	-60.619752 	-58.403193 	-59.800844 	
