9.697618 	5.056966 	3.777417 	-1.206962 	0.826892 	-0.854593 	-2.683410 	-0.944387 	0.240304 	-1.171849 	-2.078674 	-3.402539 	-4.396549 	-5.441241 	-5.056833 	-4.891483 	-8.491977 	-6.041758 	-7.107777 	-6.923016 	
9.702816 	-3.571219 	-10.410241 	-33.102963 	-52.282326 	-52.252467 	
9.733779 	-0.767849 	-1.942341 	-5.922255 	-9.114056 	-25.593506 	-26.969445 	-26.825891 	-32.401921 	-30.155386 	-46.486469 	-46.322233 	-48.650186 	-51.716647 	-51.705668 	
9.733451 	1.757918 	3.978114 	2.550573 	0.511923 	2.614251 	1.658836 	-0.088564 	-0.035834 	-0.530189 	-0.262371 	-1.024908 	-4.785639 	-2.127016 	-2.776211 	-5.639939 	-6.308881 	-5.364470 	-4.718787 	-5.069280 	-6.111069 	-5.093863 	-7.141792 	-6.436879 	-4.774750 	-6.084858 	
9.594614 	-5.886733 	-7.497306 	-12.749125 	-19.103244 	-25.515864 	-30.409819 	-30.985247 	-32.023416 	-34.810039 	-34.373539 	-39.100626 	-47.711379 	-58.790707 	-59.269948 	-58.523385 	-59.524880 	-58.623941 	-58.977535 	-60.963154 	-58.368248 	-58.024676 	-58.288277 	-59.751151 	-60.395695 	
9.988984 	-2.568569 	-2.033641 	-1.724159 	-6.726591 	-8.084543 	-15.423386 	-18.915930 	-40.268904 	-38.823271 	-41.058837 	-41.452477 	-45.342399 	-46.348861 	-48.749132 	-47.295697 	-47.469982 	-50.415705 	-53.231616 	-56.472347 	-57.017154 	
9.611933 	-1.571741 	-2.329138 	-11.666860 	-20.029894 	-24.919371 	-26.284477 	-28.311961 	-29.668453 	-30.874075 	-32.154218 	-32.484982 	-37.652035 	-39.153948 	-42.482340 	-41.141918 	-43.910959 	-43.228116 	
9.629741 	-10.590136 	-14.606550 	-18.402236 	-17.870123 	-27.339591 	-30.072665 	-31.229341 	-35.078559 	-37.114019 	-37.468361 	-45.758262 	-45.993595 	-45.807934 	-47.510847 	-47.416832 	-50.495713 	-55.697194 	-56.446468 	-54.331427 	
9.868008 	6.401937 	-1.435308 	-8.722848 	-8.124052 	-15.484889 	-20.042496 	-23.417664 	-28.209719 	-29.560626 	-34.166550 	-33.799945 	-36.183894 	-40.168656 	-38.230873 	-38.530700 	-39.338288 	-46.039656 	-43.846351 	
9.465254 	-7.607957 	-14.707399 	-15.758504 	-15.760401 	-19.563841 	-18.612140 	-37.524735 	-39.406913 	-43.568320 	-53.538714 	-57.717129 	-60.682058 	-59.066555 	-56.944992 	-56.957279 	
9.663247 	-0.874995 	-7.043834 	-15.051493 	-59.280503 	-56.445105 	-58.226459 	-57.806368 	-58.022220 	-57.041881 	-58.365648 	-57.156505 	-59.186284 	-58.673415 	-58.848858 	-57.033648 	-57.780583 	
9.621895 	-1.177733 	-7.767730 	-11.320496 	-16.700876 	-17.751525 	-17.588809 	-24.400771 	-28.250181 	-50.813799 	-58.670723 	-58.783569 	-57.638855 	-57.285126 	-59.468980 	-60.208237 	-59.533865 	-57.735385 	-61.360295 	-58.960921 	-57.827680 	
9.642348 	-13.653795 	-24.410239 	-28.146605 	-31.439368 	-33.012019 	-33.853968 	-36.059006 	-45.073511 	-49.769003 	-52.653777 	-51.848289 	-55.339280 	-56.564645 	-57.853915 	-59.403903 	-56.711430 	-57.895749 	-58.376071 	-59.029075 	-58.130068 	
9.855509 	-2.732798 	-6.157448 	-7.155323 	-9.410875 	-16.993480 	-21.393211 	-32.873513 	-38.688491 	-39.463398 	-38.290718 	-43.676326 	-47.918014 	-46.152873 	-49.238773 	
9.709313 	2.521958 	-1.530788 	0.787582 	0.737098 	-2.016015 	-2.214917 	-3.575861 	-6.373127 	-7.228503 	-9.534606 	-8.409710 	-8.932565 	-11.830546 	-16.266858 	
10.240035 	5.428228 	1.156261 	1.593248 	-4.774792 	-6.419740 	-12.576552 	-15.220936 	-24.531463 	-34.832300 	-39.012189 	-39.910268 	-41.286631 	-43.691167 	-41.970025 	-44.204537 	-48.551484 	-46.365704 	-49.391313 	-47.913539 	-53.316514 	-53.947549 	-57.242057 	
9.935392 	3.961012 	1.946428 	-3.860168 	-4.743355 	-11.842289 	-11.342774 	-12.307217 	-15.897069 	-34.492936 	-27.606781 	-33.014093 	-32.751041 	-35.164229 	-34.168940 	-37.044642 	-38.707142 	-39.775419 	-41.205278 	-41.003063 	
9.543527 	0.532280 	-3.294845 	-8.262930 	-19.183821 	-18.590978 	-32.231269 	-33.464771 	-37.211619 	-38.831146 	-40.627974 	-42.073356 	-44.097558 	-43.653512 	-47.205510 	
9.650488 	5.033911 	-0.924073 	-8.516817 	-15.491281 	-23.153606 	-22.668082 	-22.792282 	-25.413772 	-31.371030 	-38.580980 	-44.530280 	-47.803226 	-46.877237 	-48.638020 	-49.948480 	-52.969530 	-52.327481 	-56.574752 	-55.624852 	-56.611631 	-59.151211 	-57.294148 	-56.708926 	
9.689089 	-0.665094 	-1.658702 	-3.714771 	-5.305923 	-13.327441 	-11.548777 	-29.997060 	-37.319810 	-52.091557 	-57.578466 	-56.344848 	-58.312864 	-56.422390 	-56.265883 	-59.181404 	-58.043417 	
