9.488437 	-3.730107 	-5.605179 	-15.618005 	-17.834706 	-20.679271 	-20.640323 	-26.602794 	-28.041372 	-56.403987 	-59.052817 	-57.286363 	-57.802644 	-59.108131 	-58.858538 	-59.880693 	-56.279141 	
9.287820 	5.306717 	4.302703 	-0.785520 	-5.581085 	-9.720155 	-11.616484 	-19.463252 	-31.068264 	-42.070785 	-44.198546 	-47.320488 	-49.332161 	-48.396685 	-49.988556 	
9.499255 	-10.730433 	-10.885689 	-18.833652 	-29.165546 	-30.843618 	-56.177815 	-56.751630 	-59.598059 	-57.766691 	-59.222819 	-58.675851 	-58.932347 	-57.190476 	-57.958795 	
9.944236 	-13.946434 	-32.664322 	-33.656269 	-34.524984 	-47.416900 	-58.445482 	-58.346018 	-58.371412 	-58.535166 	-57.502901 	-58.745603 	-59.220179 	-58.786226 	-60.376732 	-58.877865 	-61.456230 	-59.694142 	
9.502252 	-1.987182 	-4.610752 	-23.709904 	-36.398880 	-48.560657 	-57.921357 	-58.922000 	-58.700609 	-59.139174 	-58.390593 	-58.651703 	-58.588008 	
9.886435 	3.218024 	-0.966390 	0.281469 	-1.860089 	-3.967463 	-5.165523 	-8.588388 	-8.593328 	-13.202236 	-14.005226 	-14.170102 	-17.885317 	-18.045750 	-18.918058 	-19.664321 	-22.436642 	-21.776437 	
9.722330 	4.789028 	4.421308 	-11.206286 	-18.623715 	-23.429366 	-31.027109 	-44.490938 	-48.417263 	-58.500302 	-62.182196 	-59.499765 	-59.558823 	-57.090358 	-58.865920 	-58.574774 	-58.384512 	-57.199470 	-59.077477 	-62.484367 	
9.670206 	1.045037 	-2.540314 	-3.587556 	-10.125254 	-23.764992 	-27.786430 	-33.167690 	-41.562357 	-50.376077 	-53.436889 	-57.009449 	-56.856758 	-57.591317 	-61.530941 	
9.787123 	1.658638 	-5.034817 	-21.254271 	-22.051173 	-28.143663 	-35.574028 	-36.020437 	-36.907099 	-44.783095 	-45.341501 	-46.854529 	-49.643174 	-51.060813 	-50.750205 	-49.937280 	
9.421895 	-14.326279 	-19.817174 	-21.794005 	-24.826353 	-26.894895 	-34.998921 	-38.025300 	-44.552393 	-44.759748 	-54.752723 	-55.867570 	-55.349601 	-56.661297 	-58.906087 	-56.676133 	-58.919329 	-57.694300 	-61.077870 	-59.163557 	-58.305281 	-59.283022 	-59.925923 	
9.326908 	3.494359 	1.182350 	-8.307202 	-20.384049 	-21.602658 	-23.801743 	-27.816398 	-35.212010 	-40.925339 	-43.139216 	-48.328177 	-50.019873 	-55.183752 	-58.087202 	-57.073648 	-56.692707 	-58.258468 	-58.464216 	-58.119380 	
8.993984 	-0.435497 	-6.347323 	-20.101978 	-58.091091 	-58.235871 	-57.551100 	-57.111760 	-58.807325 	-57.978971 	
9.704297 	4.130593 	2.981414 	2.063301 	-4.526004 	-7.635441 	-7.030682 	-10.745703 	-9.216340 	-11.952534 	-13.283024 	-11.447267 	-11.198487 	-12.055591 	-15.792419 	-18.660706 	-16.668227 	-17.529497 	-19.690409 	-17.312060 	
9.516948 	7.035293 	5.763578 	-32.614715 	-33.399419 	-44.124388 	-58.470742 	-58.578080 	-57.950473 	-58.065191 	-60.603355 	-58.615739 	-60.706815 	-57.926320 	-61.971128 	-60.488123 	-62.637536 	
9.957562 	1.599641 	-18.243815 	-23.335128 	-37.314591 	-48.434019 	-54.115214 	-57.329192 	-59.349413 	-60.946175 	-58.146343 	-57.694129 	-60.158213 	-61.689123 	-57.038097 	
9.658729 	6.495009 	-1.466688 	-1.015141 	-23.353448 	-31.988146 	-33.007034 	-46.483511 	-55.660158 	-58.266529 	-56.641891 	-58.004962 	-57.727840 	-57.583641 	
10.024441 	-28.025098 	-29.294098 	-41.486092 	-44.161720 	-44.198177 	-43.408075 	-46.466890 	-57.494795 	-59.127690 	-58.067545 	-57.944085 	-59.309766 	-57.276282 	-57.301406 	-58.875476 	-59.026404 	-57.765831 	
9.666901 	-1.735201 	-3.333764 	-5.528713 	-7.662817 	-17.806285 	-19.297784 	-23.368506 	-55.441756 	-56.224081 	-60.218461 	-57.859399 	-57.884172 	-56.828672 	-58.080816 	-58.341341 	
9.309378 	4.406569 	0.401595 	-23.845677 	-27.737926 	-32.416638 	-32.854251 	-43.236554 	-50.207182 	-51.551135 	-54.091573 	-55.765330 	-56.625002 	-56.502944 	
9.945580 	-3.542754 	-8.297435 	-9.218272 	-8.400756 	-12.168211 	-32.403823 	-34.975938 	-36.626108 	-48.784712 	-52.133170 	-55.018726 	-58.951907 	-57.290997 	-56.995644 	-57.537591 	-57.132127 	-60.789002 	-57.878041 	-60.424419 	-58.638484 	-58.215615 	-59.350130 	
9.993452 	-28.944196 	-37.805946 	-44.682796 	-57.572281 	-59.938536 	-57.753587 	-59.955654 	-57.665359 	-60.570492 	-58.014831 	-58.560878 	-59.261883 	
