8.403923 	9.017798 	-0.915281 	-0.316672 	-2.872320 	-3.267512 	-6.644460 	-7.155499 	-10.812873 	-11.033104 	-9.377745 	-14.487258 	-16.051591 	-20.163238 	-17.100829 	-19.686076 	-19.588861 	-20.930816 	-21.200242 	
9.492412 	6.574064 	1.867499 	-2.173812 	-6.816726 	-10.048514 	-12.128732 	-17.745291 	-20.957522 	-45.772025 	-52.855841 	-55.470900 	-58.186425 	-60.975907 	-59.448728 	-59.997835 	-58.904630 	-60.286023 	-60.093231 	-59.830594 	-58.774077 	-60.572320 	-60.522009 	
9.679678 	-10.141856 	-25.665073 	-27.636656 	-31.717272 	-31.834973 	-34.392667 	-48.894638 	-56.005350 	-57.260220 	-57.820804 	-56.429617 	-58.775215 	-55.864875 	-57.933147 	
9.599775 	1.970259 	-1.890136 	-4.523398 	-6.686505 	-12.659891 	-22.163565 	-22.000128 	-26.639892 	-27.289312 	-36.329050 	-37.580785 	-37.497266 	-44.999464 	-39.196867 	-42.337076 	-40.910710 	-44.830879 	-44.182028 	-44.311230 	-44.937025 	-47.918271 	-46.632190 	-49.273874 	-48.548547 	-48.870721 	-50.187112 	-48.359985 	-52.709021 	
9.965647 	2.140944 	-8.462012 	-9.221303 	-12.140826 	-12.813097 	-14.855029 	-16.440622 	-19.031687 	-18.461763 	-20.238230 	-20.602085 	-29.010812 	-39.503169 	-42.770387 	-45.023557 	-46.413566 	-56.135597 	-56.637408 	-56.734661 	
10.145458 	7.130004 	4.522287 	-5.464855 	-4.167659 	-10.797105 	-8.927135 	-11.970129 	-9.713182 	-15.461462 	-20.355874 	-21.638640 	-36.391455 	-50.263128 	-53.064976 	-56.518649 	-55.388329 	-55.891570 	-56.660101 	-55.853415 	
9.542512 	7.204143 	2.968202 	-3.597298 	-5.949354 	-7.620252 	-14.974642 	-20.159245 	-28.733869 	-35.596710 	-39.898427 	-39.066413 	-41.965452 	-46.938256 	-53.086500 	-58.865984 	-56.971278 	-58.766769 	-57.722166 	-57.157564 	-56.304568 	
9.695805 	7.017051 	0.631199 	1.230151 	-7.150032 	-9.831748 	-13.276539 	
10.067701 	-8.563990 	-9.632795 	-21.124232 	-24.326120 	-26.149585 	-30.958898 	-33.472522 	-34.960235 	-38.706076 	-40.516343 	-40.796887 	-43.148038 	-44.792831 	-45.325317 	-52.148726 	-54.685439 	
9.716991 	1.359649 	-11.721550 	-10.458372 	-12.772754 	-17.262079 	-20.024772 	-26.762881 	-42.866925 	-51.038097 	-52.935497 	-54.066853 	-59.033075 	-57.677972 	-57.613599 	-57.525978 	-56.757780 	-59.690468 	-60.266819 	
9.575558 	7.946477 	0.935172 	-9.532104 	-10.438747 	-18.580063 	-23.562594 	-31.945430 	-32.147941 	-35.167887 	-35.204401 	-38.156996 	-42.745656 	-46.234127 	
10.023882 	-5.707221 	-9.585777 	-9.921799 	-24.195006 	-25.055643 	-28.497226 	-33.696732 	-29.041166 	-34.668748 	-37.520694 	-41.405280 	-44.554698 	-48.398765 	-54.216958 	-55.878663 	-57.697587 	-55.708807 	
9.830892 	-1.700587 	-3.277092 	-5.224165 	-14.490640 	-15.525134 	-17.125526 	-23.062420 	-22.613440 	-24.942686 	-25.873926 	-37.302052 	
9.738257 	-0.922043 	-1.133345 	-6.815612 	-7.785403 	-22.070840 	-25.425189 	-39.724596 	-44.054140 	-47.820209 	-48.848288 	-50.877371 	-54.052895 	-53.056289 	
9.245999 	4.582242 	0.935474 	-1.766956 	-5.975923 	-5.764887 	-8.071483 	-10.658679 	-15.613819 	-34.159872 	-34.585855 	-35.479854 	-34.791932 	-49.840585 	-56.150887 	-59.456104 	-61.471715 	-60.397205 	-59.295053 	-57.805267 	-57.457533 	-60.785786 	-59.958032 	-59.059874 	-58.824017 	-58.354907 	-60.050782 	-59.592387 	
9.525445 	-8.517010 	-10.798300 	-17.128805 	-20.174287 	-19.512642 	-21.744499 	-21.407022 	-21.233559 	-22.374991 	-37.757520 	-39.546675 	-40.069717 	-39.004130 	-46.509016 	-46.767033 	-49.955470 	-49.260408 	-54.391430 	-54.888782 	-57.437244 	-57.255501 	-56.497507 	-58.977595 	
9.833580 	-0.117721 	-4.550033 	-10.869511 	-13.970426 	-15.750147 	-18.640841 	-22.639571 	-26.154150 	-27.624954 	-28.749149 	-36.369555 	-35.221000 	-37.189504 	-38.165311 	-41.894737 	-45.517378 	-49.281113 	
9.421696 	-1.441488 	-6.484919 	-2.642446 	-3.965396 	-4.655049 	-7.182927 	-15.545720 	-14.761585 	-15.718178 	-16.602624 	-17.487849 	-28.463937 	-37.696136 	-39.091170 	-41.097240 	-41.560296 	-43.825935 	-46.065671 	-44.955952 	-47.439069 	-48.256340 	-51.703932 	-55.700045 	
9.575570 	-0.756663 	-4.923611 	-5.356464 	-8.514154 	-14.812970 	-17.629117 	-25.590354 	-30.539411 	-32.659223 	-36.803706 	-34.096186 	-36.748147 	-35.507215 	-37.756353 	-39.200953 	-44.891561 	
9.582894 	1.383272 	-1.480455 	0.362020 	-3.051409 	-3.665935 	-3.205806 	-10.539276 	-4.390983 	-5.591650 	-7.481064 	-3.215691 	-6.769035 	-5.731093 	-4.646538 	-3.494288 	-8.254121 	-6.455665 	-9.540991 	-6.404475 	-7.087938 	-9.151781 	-9.457057 	-10.413806 	-12.452281 	-9.211556 	-8.288095 	
9.251503 	4.792129 	-3.034921 	-3.502890 	-16.316140 	-19.189214 	-20.329507 	-26.959669 	-27.709006 	-28.305143 	-30.256264 	-30.396697 	-29.668955 	-31.577973 	-31.363338 	-35.868216 	-35.303152 	-35.029970 	-43.620696 	-40.779473 	-39.799828 	-40.672789 	
9.664563 	4.364368 	-3.996788 	-5.457622 	-7.089686 	-14.179268 	-18.002139 	-20.154246 	-18.752036 	-19.493206 	-23.899727 	-24.473675 	-25.932529 	-26.881169 	-29.929703 	
9.712611 	-12.055061 	-20.977216 	-23.170851 	-24.410342 	-29.108473 	-44.130292 	-44.706097 	-54.282319 	-53.208324 	-54.581466 	-57.388116 	-56.105158 	-56.285538 	
