9.855582 	-26.309293 	-26.863821 	-50.053627 	-49.734151 	-54.664848 	-59.957254 	-62.204953 	-58.260412 	-56.243101 	-59.551446 	-57.716624 	-57.750917 	-58.116110 	-58.926304 	
9.552055 	-4.842009 	-6.759235 	-12.778351 	-15.139330 	-15.846408 	-20.336093 	-23.906785 	-26.495336 	-33.045132 	-38.455081 	-57.600836 	-58.292207 	-58.800299 	-59.420731 	-59.533221 	-59.185360 	-58.225536 	-58.255940 	-59.135855 	-57.817807 	-64.659085 	-59.494022 	-60.260221 	
9.487330 	4.391769 	0.391899 	-0.939052 	-3.379251 	-1.362314 	-2.919521 	-4.912302 	-5.849337 	-4.089134 	-5.934063 	-7.570608 	-8.009030 	-10.378945 	-8.602858 	-10.013803 	-10.418995 	-12.862381 	-12.199072 	-11.258424 	-11.303896 	-12.545007 	
9.748166 	3.640470 	-1.186342 	-0.392714 	-2.257437 	-11.526955 	-10.526365 	-23.991275 	-22.482070 	-24.314178 	-23.387318 	-40.066947 	-36.528537 	-38.059111 	-39.684227 	-51.116802 	-48.679357 	-51.137608 	-54.522065 	-58.036973 	-57.682334 	-59.784051 	-55.811034 	
10.022999 	-6.453105 	-12.983217 	-25.767607 	-29.408894 	-34.358102 	-37.464840 	-47.398929 	-49.834701 	-50.936988 	
9.818706 	6.247680 	3.042729 	2.270764 	-0.356300 	-3.578709 	-5.798571 	-7.289953 	-11.122882 	-13.297326 	-17.259195 	-16.850955 	-21.331310 	-18.489537 	-19.382731 	-24.117602 	-23.573080 	
9.730240 	-4.915323 	-14.424126 	-17.680555 	-28.429903 	-32.090524 	-57.203495 	-59.518952 	-57.725249 	-58.265826 	-57.036770 	-61.125976 	-60.385179 	-59.500483 	-58.288204 	
9.097981 	8.120515 	-6.139835 	-12.223748 	-17.609604 	-18.658402 	-26.260860 	-28.225956 	-57.039833 	-56.245489 	-57.489854 	-59.739580 	-56.295944 	-57.187948 	
9.545168 	-5.973176 	-8.283107 	-9.826157 	-25.175851 	-30.636133 	-30.946546 	-40.644710 	-45.073292 	-47.811035 	-48.160334 	-49.045203 	-50.424832 	-50.323847 	-57.239219 	-53.697340 	-56.864012 	-57.698049 	-55.832461 	-57.366377 	-63.115224 	-59.041809 	-59.053896 	
9.877565 	1.853787 	0.580806 	-0.688177 	-3.806250 	-5.026994 	-5.832388 	-6.948730 	-8.184264 	-7.423336 	-6.917306 	-11.764839 	-7.188476 	-11.176634 	-8.708212 	-9.755275 	-10.697461 	-9.608140 	-9.636762 	-11.045059 	-12.265321 	-9.736617 	
9.861072 	-0.669744 	-5.636028 	-16.142672 	-17.330438 	-17.843730 	-37.253485 	-47.096455 	-50.839731 	-50.803910 	-55.721290 	-56.587476 	-56.435322 	-57.911419 	-58.614340 	-57.790749 	-58.867428 	-66.095842 	
9.961634 	5.886115 	-0.926229 	-18.547775 	-18.170399 	-31.475110 	-39.063892 	-48.526032 	-51.142501 	-56.640487 	-56.971406 	
9.710875 	1.318808 	-2.324095 	-4.643913 	-9.822448 	-11.599968 	-15.066414 	-19.102342 	-24.134318 	-37.978343 	-40.975819 	-44.136005 	-43.761128 	-45.833936 	-47.413057 	-49.918731 	-47.474677 	-49.856447 	-49.971770 	-54.365510 	-57.145338 	-56.283657 	-58.385838 	-56.374539 	-56.533939 	
9.576587 	-20.320373 	-35.692454 	-57.897161 	-57.568438 	-58.077111 	-57.145108 	-58.549520 	-59.362607 	-60.544530 	-57.030208 	
9.706768 	-6.588699 	-12.225749 	-20.976463 	-20.180273 	-23.907145 	-25.202044 	-38.508330 	-39.587942 	-47.793556 	-46.506601 	-49.034587 	-56.160413 	-55.873750 	-59.148405 	
9.914950 	2.575585 	-1.899376 	-33.498081 	-41.113765 	-52.123963 	-52.792832 	-54.668786 	-55.934982 	-58.708698 	-55.991729 	-56.459379 	-58.550839 	-56.928450 	-57.717297 	
9.370049 	3.991900 	-2.421480 	-5.061757 	-20.008727 	-23.491026 	-28.223928 	-55.152226 	-52.186193 	-55.741225 	-56.848281 	-60.080424 	-57.260157 	-56.780013 	-56.927063 	
9.874951 	-1.900486 	-1.159404 	-15.764444 	-17.833867 	-25.272217 	-35.266876 	-42.223125 	-46.747039 	-46.795977 	-59.048715 	-56.645939 	-57.595542 	-58.247026 	-58.292089 	-59.891351 	-57.469178 	-57.663979 	-60.540275 	-57.125131 	-56.760413 	-58.405240 	-58.059634 	
9.709432 	0.976250 	-1.321764 	-3.788763 	-8.071318 	-7.273105 	-11.610844 	-16.702149 	-24.372847 	-28.949760 	-30.568451 	-45.205257 	-45.082489 	-52.727933 	-56.212625 	-57.853089 	-56.641064 	-56.503028 	
9.411772 	2.316566 	1.279845 	-2.681694 	-14.859211 	-16.471005 	-18.639157 	-20.138341 	-21.760671 	-23.499566 	-20.837985 	-22.707116 	-26.237900 	-23.445244 	-25.012194 	-24.595948 	
