10.034113 	1.919315 	-43.517692 	-58.034108 	-61.452822 	-61.602341 	-60.873816 	-57.794723 	-62.435684 	-59.634110 	-58.706175 	-57.934739 	-58.541777 	-57.832412 	-59.016715 	-58.644893 	
10.271134 	1.405301 	-19.243973 	-27.826841 	-32.033621 	-49.359538 	-59.342069 	-58.316816 	-59.171023 	-58.614823 	-58.016620 	-58.594676 	-58.794752 	-59.357502 	-60.860937 	-59.924346 	-59.150299 	-58.816708 	-58.871926 	-59.226646 	-58.445212 	-62.872203 	-60.365811 	-56.842042 	-59.421652 	
9.977298 	-14.248780 	-58.803860 	-58.003806 	-57.089533 	-57.461979 	-59.502928 	-57.616413 	-57.536645 	-57.455180 	-61.547507 	-57.117767 	-58.485382 	
9.877208 	-48.243895 	-56.213116 	-59.831575 	-59.973521 	-60.359100 	-60.176389 	-57.627307 	-60.597260 	-60.541552 	-59.322097 	-58.628454 	-64.143169 	-61.569734 	-57.230304 	-58.720649 	
10.185539 	2.877380 	-14.800200 	-22.694472 	-50.312177 	-60.324936 	-58.248189 	-57.969365 	-58.663971 	-60.503052 	-59.638783 	-58.668201 	-62.615930 	-60.510328 	-59.123973 	-58.799298 	-59.818224 	-57.530949 	-59.783088 	-58.972386 	-61.167307 	-60.117740 	-59.508729 	-59.020260 	-58.248934 	
10.394963 	-11.170166 	-16.378783 	-21.253257 	-23.926839 	-55.647690 	-58.822150 	-57.537778 	-58.527529 	-61.435421 	-61.862216 	-59.097580 	-57.676090 	-58.265781 	-56.834247 	-61.380238 	-58.199141 	-61.278888 	-59.907537 	-60.133749 	-58.511177 	-57.960317 	-57.488236 	-57.120565 	-57.806774 	-56.992906 	
10.018717 	7.255745 	-19.034992 	-32.762639 	-60.971900 	-63.058219 	-58.845691 	-58.342958 	-60.014096 	-59.454702 	-59.248305 	-58.788106 	-59.824374 	-59.691155 	-58.557352 	-59.880980 	-59.578945 	-59.413264 	-58.405518 	-58.198625 	-59.867022 	
10.151867 	-57.484429 	-58.551805 	-60.305981 	-59.451353 	-57.126081 	-57.042665 	-56.845052 	-58.321365 	-58.086741 	
9.943684 	-12.721065 	-42.014091 	-56.998931 	-58.609798 	-57.350793 	-58.818225 	
9.799100 	8.700036 	-38.602897 	-46.046883 	-58.448763 	-58.245900 	-57.701801 	-60.342211 	-57.476676 	-58.782490 	-57.664188 	-58.476094 	-58.357692 	-58.445569 	-57.929461 	-59.119380 	-60.390993 	-57.472166 	-60.563683 	-59.947009 	-60.161547 	-57.467541 	-58.708073 	-59.802188 	
10.261184 	2.483945 	-0.090157 	-17.130556 	-29.865823 	-56.408214 	-58.643784 	-59.071937 	-60.950184 	-58.538943 	-58.798180 	-59.676971 	-58.482019 	-59.720468 	-59.935397 	-58.124887 	-59.133006 	-59.735950 	-63.216082 	-57.357503 	-61.061812 	
9.855833 	5.516388 	-11.504708 	-15.150780 	-19.599180 	-47.512655 	-58.292023 	-63.134022 	-60.003774 	-58.379140 	-57.931836 	-59.664738 	-59.128268 	-59.800150 	-60.289044 	-58.020666 	-59.243313 	-58.072742 	-58.644090 	-57.663397 	-59.263089 	-58.249025 	
10.117129 	-14.701460 	-23.305328 	-31.038689 	-41.131402 	-57.502065 	-58.261275 	-56.816536 	-62.028526 	-58.685669 	-58.700691 	-58.223339 	-62.922801 	
9.956548 	-7.885859 	-17.130405 	-43.667816 	-57.634041 	-59.563104 	-61.435768 	-58.603109 	-58.263493 	-59.031719 	-57.307224 	-57.484398 	-58.818329 	-59.505690 	-60.236916 	
10.380844 	-9.879495 	-17.824899 	-35.804428 	-57.602408 	-59.565685 	-59.848520 	-58.575444 	-58.800705 	-58.737201 	-58.007077 	-59.657890 	-59.343009 	-58.170457 	-58.807269 	-60.138897 	-59.233926 	-58.600600 	-59.783739 	-58.708929 	-58.930513 	-58.192977 	-58.511292 	
10.515899 	-1.135769 	-53.067935 	-59.102867 	-59.276358 	-57.978751 	-58.278608 	-60.447538 	-58.235116 	-56.837536 	-57.799276 	-59.503314 	-58.776603 	-61.988679 	-58.994533 	-60.824562 	-61.282259 	-60.315545 	-57.815893 	-59.374684 	-58.163171 	-57.058298 	
9.417971 	-59.385963 	-60.333917 	-58.216234 	-58.820347 	-59.387039 	-58.293732 	-60.462739 	-59.066457 	-59.654655 	-61.013993 	-58.573454 	-58.824486 	
9.876757 	-14.030255 	-43.987773 	-45.020339 	-58.524741 	-59.931917 	-59.010904 	-59.702994 	-58.492413 	-57.867876 	-59.858772 	-58.951125 	-60.233233 	-59.685801 	-58.229310 	
10.175377 	-57.465118 	-58.286989 	-59.111121 	-62.153181 	-59.968614 	-58.558604 	-61.145776 	-61.396741 	-60.009412 	-58.246850 	-60.871726 	-58.892233 	-59.788902 	-57.551153 	
10.030032 	-2.807044 	-58.154832 	-58.479180 	-59.429288 	-59.118991 	-59.872502 	-59.347373 	-60.702581 	-59.455609 	-58.908973 	-57.736725 	-58.902278 	-59.550294 	-57.896249 	-56.760081 	-57.207138 	
