9.544263 	-1.806026 	-27.424676 	-29.826780 	-29.823148 	-34.034003 	-42.994803 	-52.476522 	-54.666953 	-57.130373 	-56.421370 	-56.493901 	-55.510391 	-57.773421 	-57.861214 	-56.284655 	
10.005292 	5.306524 	3.256302 	3.634056 	-0.451516 	-3.098503 	-3.511013 	-6.512637 	-5.091038 	-15.844263 	-18.575581 	-18.305547 	-17.039165 	-19.400880 	-19.368299 	-22.043382 	-22.358516 	-25.933673 	-26.070354 	-26.585984 	-27.235879 	-28.303385 	
10.011648 	6.643521 	4.984407 	-21.179771 	-31.197953 	-49.919994 	-51.942168 	-58.673022 	-58.427698 	-57.547080 	-57.604025 	-58.044893 	-57.294555 	-58.483132 	-58.042454 	-59.002658 	
9.902879 	4.817010 	2.690165 	-19.340669 	-20.875469 	-25.219733 	-31.726470 	-33.696295 	-34.731189 	-38.065885 	-38.604777 	-42.087282 	-42.408841 	-46.619420 	-47.197188 	-47.044198 	
9.778276 	-1.171851 	-0.116152 	-6.655522 	-11.613820 	-12.584416 	-26.392890 	-25.785835 	-29.363347 	-30.005048 	-31.448993 	-33.351625 	-32.993655 	-33.980184 	-34.551743 	-33.959565 	-38.141729 	-38.638121 	-38.570939 	
9.226604 	-2.123018 	-10.613284 	-9.703048 	-11.537059 	-15.928095 	-18.807594 	-23.630598 	-23.629704 	-24.515617 	-23.949363 	-27.101198 	-27.539677 	-28.688737 	-33.580646 	-33.690004 	-35.170164 	
9.589672 	1.124165 	3.717775 	1.129212 	-2.520893 	-4.988520 	-5.585932 	-5.741263 	-14.977392 	-5.981508 	-9.873114 	-9.440375 	-10.914029 	-11.139409 	-18.252876 	-18.420788 	-18.582881 	-18.427432 	-23.611960 	-22.688218 	-22.776548 	-26.633750 	-25.873691 	-26.229547 	
10.024036 	-1.985227 	-7.160906 	-19.347305 	-22.045708 	-24.703168 	-25.500833 	-29.299524 	-43.855831 	-41.928082 	-42.468210 	-45.002655 	-55.913933 	-58.071950 	-58.515012 	-56.196312 	-56.564258 	-56.801359 	-58.459525 	
9.767746 	-1.708401 	-2.180973 	-10.371733 	-9.589261 	-16.283340 	-20.628892 	-28.206329 	-27.283665 	-31.829752 	-33.125394 	-34.662398 	-35.127060 	-39.520094 	-39.249453 	-42.719209 	-40.043515 	-41.171505 	
9.475216 	-6.043955 	-10.138607 	-11.015078 	-17.124754 	-38.088616 	-36.140032 	-40.599671 	-41.450502 	-45.620928 	-46.380440 	-51.194922 	-52.615882 	-51.529355 	-54.007057 	-52.648476 	-54.662396 	-56.845533 	
9.925164 	2.449113 	0.483859 	-2.318601 	-3.043495 	-3.394202 	-11.630200 	-13.210451 	-12.859187 	-15.425594 	-19.806693 	-22.644980 	-33.361310 	-36.828714 	-39.007233 	-41.386089 	-42.695133 	-44.202674 	-43.804802 	-45.188050 	-44.323638 	-46.003747 	-46.971613 	-47.567466 	
9.840420 	2.282771 	0.756284 	0.316510 	-12.767323 	-18.028596 	-44.059106 	-47.935803 	-53.060215 	-50.724435 	-61.490672 	-51.956429 	-57.637683 	-55.425720 	-57.219825 	-58.251232 	-58.832959 	-58.583145 	-58.730469 	-56.997671 	-58.505310 	
9.827044 	-1.898201 	-1.133906 	-7.491260 	-15.011141 	-19.946921 	-19.296728 	-20.356614 	-27.520922 	-31.307260 	-33.879447 	-41.854946 	-57.671091 	-57.986926 	-58.757466 	-59.493952 	-59.160832 	-58.261467 	-58.682691 	-60.845759 	-58.312277 	-60.961606 	
10.048479 	1.373290 	-15.555626 	-10.479509 	-22.379496 	-32.974085 	-33.219382 	-35.357901 	-38.092095 	-39.921915 	
9.315931 	4.076839 	0.740049 	1.743028 	-5.746836 	-5.121207 	-10.536540 	-17.475326 	-27.862167 	-31.060460 	-37.117882 	-40.441902 	-41.943092 	-46.767064 	-50.103472 	-48.604360 	-56.983331 	-56.500262 	-56.672731 	-57.820281 	
9.686714 	2.209707 	-4.813460 	-6.654643 	-8.903103 	-13.995304 	-16.799236 	-35.152706 	-36.575271 	-42.532466 	-44.305584 	-56.320966 	-57.227654 	-59.896833 	-56.703269 	-59.219941 	-57.644700 	-57.945867 	
9.851739 	5.645473 	4.223904 	1.401689 	-0.142992 	-17.222210 	-15.131352 	-17.856616 	-28.530132 	-34.012040 	-34.173373 	-35.609611 	-36.996008 	
9.804528 	-5.846170 	-8.769219 	-9.482690 	-11.207581 	-20.467797 	-24.015100 	-40.403999 	-40.462464 	-40.893150 	-42.359961 	-45.783708 	-48.290121 	-49.457111 	-48.096951 	-49.063323 	-52.257418 	-54.329620 	-56.414803 	
9.762160 	2.920383 	-9.774560 	-13.770089 	-15.597448 	-12.619559 	-15.285028 	-16.424243 	-15.521097 	-16.319653 	-18.844876 	-24.654435 	-25.475100 	-33.865275 	-37.482257 	-35.029314 	-39.313792 	-44.837163 	-49.258373 	-47.331900 	-53.109655 	-49.148490 	
9.854031 	0.130566 	-6.340049 	-7.592208 	-25.670916 	-25.172664 	-25.713018 	-34.898903 	-37.383258 	-40.155014 	-41.285618 	-44.190678 	-46.143052 	-53.691465 	-54.565949 	-59.808927 	
