10.005094 	0.223115 	-13.568092 	-15.702789 	-17.142447 	-19.826090 	-28.520768 	-26.631368 	-39.702481 	-41.861406 	-46.241118 	-43.481735 	-45.349255 	-46.323679 	-50.552805 	-52.480430 	-52.157014 	
9.552183 	-15.363741 	-14.161630 	-15.857451 	-17.725019 	-20.263034 	-17.820905 	-20.111420 	-19.849805 	-22.016414 	-40.747150 	-40.591771 	-49.948943 	-52.458517 	-57.868694 	-59.911201 	-57.310776 	-56.673535 	-56.471970 	-58.252186 	-57.150916 	-59.607686 	-61.119462 	-58.706913 	
9.892708 	7.432577 	2.602363 	-2.905922 	-5.759871 	-6.700954 	-8.744067 	-10.384811 	-14.504195 	-15.798722 	-17.210128 	-18.143616 	-19.238952 	-20.577318 	-20.292592 	-33.008101 	-36.198310 	-39.074612 	-41.672292 	-42.190388 	-48.737012 	-47.464135 	-50.340399 	
9.943882 	-3.330622 	-16.387379 	-18.936363 	-32.555667 	-34.389981 	-35.805149 	-34.673735 	-35.842693 	-36.428634 	-37.008813 	-39.881896 	-43.683480 	-45.344048 	-45.891206 	-49.338444 	-48.843054 	
9.822140 	6.057880 	5.760886 	-1.162655 	-7.381167 	-6.578784 	-12.018339 	-12.734667 	-15.555837 	-15.739343 	-19.101955 	-21.245154 	-26.462378 	-32.446004 	-32.771779 	-36.885016 	-43.741756 	-50.884037 	-55.724674 	-55.897292 	-57.029863 	
10.098703 	-12.429616 	-15.877619 	-30.738619 	-34.267999 	-40.052010 	-40.532292 	-56.326642 	-56.265174 	-57.802364 	-61.802165 	-58.472743 	-56.892893 	-57.377624 	-58.566522 	-58.081633 	
9.775391 	2.118636 	2.228951 	-0.874591 	-6.539117 	-8.567226 	-28.506715 	-30.186140 	-34.215994 	-34.771874 	-39.648693 	-40.032224 	-43.042642 	-47.856737 	
9.741271 	-17.909345 	-21.654786 	-19.577333 	-27.088232 	-27.342672 	-33.774022 	-33.594054 	-36.993333 	-45.228951 	-51.985777 	-52.727724 	-59.953880 	-57.713607 	-60.067939 	-57.076423 	-57.761081 	-58.088383 	-59.721771 	-57.205801 	
9.827797 	-19.738479 	-24.440383 	-55.532942 	-55.489084 	-58.269492 	-59.257718 	-59.158001 	-61.219429 	-58.543542 	-57.939030 	-62.229703 	-58.700267 	-58.225530 	-58.366712 	-61.129801 	-60.004419 	-59.335954 	-58.922697 	-58.733347 	
10.171763 	8.407404 	4.796144 	0.746215 	-4.341674 	-28.722791 	-30.535765 	-40.192671 	-52.573798 	-57.594298 	-58.550033 	-57.494672 	-56.989312 	-57.712382 	-57.627927 	-58.322876 	-58.350329 	-57.184122 	
9.742637 	8.659392 	-6.622045 	-11.571846 	-18.436612 	-21.081726 	-33.772575 	-58.945811 	-59.791054 	-57.552636 	-61.888369 	-57.231338 	-59.474121 	-59.197548 	-59.750594 	-61.364009 	-60.295063 	
9.696563 	0.071940 	1.108328 	-57.369700 	-58.105469 	-58.199602 	-60.769964 	-59.447699 	-60.918673 	-58.932712 	-58.946234 	-58.983497 	-57.294182 	-58.494712 	-58.350018 	-59.394269 	-60.918694 	-58.174281 	
9.912217 	-13.554465 	-38.886073 	-40.276643 	-49.917309 	-58.487765 	-59.604363 	-57.002861 	-58.652741 	-60.441119 	-58.469613 	-61.619527 	-58.743335 	-57.948827 	-59.802464 	-57.370933 	
9.825125 	-5.005551 	-11.661106 	-21.282158 	-19.632953 	-24.324302 	-23.495817 	-32.959405 	-33.144933 	-39.178688 	-40.802470 	-49.509954 	-52.516238 	-56.925042 	-56.975095 	-57.978567 	-55.933911 	-58.190225 	-56.635390 	-55.692163 	-56.301355 	-58.443676 	-57.885182 	
9.646772 	5.687306 	-5.356931 	-15.059314 	-33.158639 	-36.834248 	-58.609824 	-59.429599 	-58.713274 	-57.777007 	-58.436243 	-57.594513 	-59.226206 	-57.905509 	-59.898874 	-58.009524 	-59.907832 	-61.288522 	-57.783689 	-61.253917 	-59.595626 	
9.672963 	3.047795 	-7.711206 	-14.363248 	-24.174796 	-59.012729 	-56.278372 	-59.574133 	-60.491146 	-58.708749 	-58.698276 	-58.879990 	-57.977147 	
9.770790 	-3.110728 	-14.995199 	-24.338470 	-30.377055 	-50.809374 	-53.293405 	-54.283910 	-55.493188 	-56.348668 	-56.834366 	-57.776112 	-58.435206 	-58.019097 	-62.809284 	-57.674084 	-58.306616 	
9.754323 	0.129210 	-1.310976 	-7.259347 	-14.569464 	-17.156733 	-19.512334 	-28.654747 	-28.454727 	-31.856590 	-36.618516 	-53.716484 	-55.089294 	-62.035798 	-58.668067 	-58.679046 	-57.453327 	-58.597421 	-58.833037 	-57.485328 	-60.912927 	-58.120322 	-58.969929 	-57.775547 	
9.359151 	-4.203036 	-6.957573 	-11.448303 	-13.342801 	-13.064569 	-20.389328 	-25.768869 	-26.216363 	-26.858808 	-35.013301 	-41.876355 	-49.803314 	-49.671749 	-53.090455 	-56.210005 	-60.431101 	-60.444100 	-57.593991 	
9.830599 	4.445500 	-9.620731 	-12.323202 	-20.123995 	-50.422690 	-53.272500 	-53.407479 	-59.075652 	-56.099559 	-56.665735 	
