10.022525 	-23.600620 	-36.194826 	-58.631032 	-59.762295 	-60.101665 	-59.580202 	-57.928467 	-63.765034 	-60.087114 	-59.203261 	-59.433417 	-57.621352 	-58.548656 	-60.289682 	-58.683854 	-59.460624 	
9.805888 	2.030010 	-22.969571 	-41.482537 	-59.476683 	-62.682222 	-58.399564 	-59.095500 	-58.161821 	-58.178297 	-57.189328 	-63.905167 	-58.387979 	-58.673390 	-57.019207 	-58.445150 	-57.444306 	-59.128771 	-59.027544 	
9.628224 	-2.364796 	-10.386857 	-26.874038 	-28.169882 	-58.385675 	-58.668344 	-58.598575 	-62.602028 	-58.943768 	-62.768718 	-59.165832 	-60.098440 	-59.182770 	-58.120001 	-59.860753 	-59.042557 	-58.992656 	-57.594310 	-59.877496 	-59.777739 	-59.280718 	-61.335989 	-61.047051 	-60.960235 	
9.761896 	2.074424 	-58.090144 	-57.166823 	-60.000808 	-57.807334 	-59.465589 	-57.696516 	-59.472358 	-62.154260 	-60.879179 	-58.523346 	-57.507451 	-59.256968 	-59.122612 	-57.700749 	-60.718413 	-58.430311 	
10.007471 	-3.743849 	-10.591599 	-32.251119 	-37.775199 	-39.184233 	-53.466927 	-59.530179 	-58.974061 	-58.589855 	-58.581524 	-57.568404 	-58.193213 	-58.344056 	-59.113689 	-57.726697 	
9.350891 	7.500725 	-57.996796 	-57.555473 	-59.811124 	-58.559253 	-57.419203 	-59.074351 	-57.631761 	-58.151805 	
9.832286 	-1.042689 	-14.000854 	-30.179931 	-35.516321 	-33.972329 	-47.015672 	-54.009054 	-58.383575 	-58.857609 	-61.118902 	-57.970246 	-58.291454 	-61.237048 	-59.790587 	-58.122883 	
9.776597 	-20.564866 	-21.529793 	-47.666851 	-57.857952 	-58.660238 	-57.999398 	-58.448012 	-58.564396 	-58.270714 	-59.147961 	-57.985114 	-58.507206 	-58.694500 	
9.976405 	0.120681 	-15.100554 	-10.573871 	-30.619883 	-41.558942 	-58.435585 	-58.187132 	-57.250715 	-57.923417 	-60.776540 	-58.369166 	-59.518943 	-57.688604 	-58.427714 	-57.844993 	-58.291077 	-58.146273 	-58.233893 	-58.428202 	-60.048901 	
10.120165 	-12.304681 	-18.866943 	-17.395749 	-19.750967 	-27.221331 	-59.223149 	-58.458835 	-57.474289 	-59.598186 	-57.606578 	-58.641533 	-58.834624 	-59.697013 	
10.327044 	-56.484940 	-58.521074 	-61.233528 	-58.446050 	-59.635746 	-59.418038 	-58.092398 	-58.563040 	-58.744416 	-59.912099 	-58.921709 	-58.308396 	-58.813158 	-58.786368 	-58.727134 	-57.290182 	-60.123527 	-60.297509 	-57.440165 	-60.689094 	-61.513033 	
9.800729 	-3.841604 	-10.673489 	-11.870158 	-12.859946 	-39.074073 	-41.185492 	-41.166301 	-42.703023 	-44.656561 	-50.214734 	-51.137360 	-51.869118 	-57.270037 	-57.294389 	-57.538499 	
10.082519 	-19.467759 	-23.897775 	-58.248969 	-59.388958 	-57.958814 	-58.328928 	-58.771877 	-58.612360 	-58.177647 	-59.552381 	-61.674978 	-58.485668 	-57.570079 	-59.582055 	-57.657957 	
10.012428 	7.589663 	-53.400882 	-60.438005 	-60.563668 	-57.187023 	-58.779094 	-58.001254 	-59.482695 	-57.486670 	-61.044292 	-58.828294 	-58.272416 	-57.462148 	-56.915816 	-59.830625 	
10.205469 	-3.996161 	-20.792737 	-39.840281 	-59.921131 	-59.206876 	-59.139445 	-57.378682 	-58.413434 	-58.700289 	-59.412256 	
9.593708 	0.448189 	-17.370057 	-34.482582 	-34.498952 	-35.168168 	-44.296823 	-46.470235 	-57.075052 	-58.023917 	-57.386741 	-59.778427 	-62.115156 	-58.068365 	-58.315035 	-60.721398 	-58.860681 	-57.845797 	-57.577914 	-59.341066 	-59.824515 	
9.633270 	-59.907568 	-57.754988 	-59.273544 	-58.844466 	-59.588414 	-62.287199 	-61.202167 	-60.213900 	
9.765514 	-16.478851 	-41.720718 	-57.738653 	-58.031735 	-58.010281 	-59.012198 	-58.474241 	-58.653396 	-60.810961 	-60.928602 	-58.032591 	-59.687516 	-57.847976 	-58.475063 	-59.348280 	-57.449169 	
10.188407 	-59.867382 	-60.922971 	-57.562872 	-58.363633 	-59.386835 	-61.170057 	-59.406020 	-58.886049 	-58.768559 	-60.139209 	-58.223446 	-60.861349 	-59.089536 	-58.087387 	-57.533238 	-63.157623 	-60.359402 	-58.829729 	
10.175282 	-58.460881 	-59.084145 	-56.365222 	-59.157121 	-59.161566 	-57.840845 	-60.580210 	-59.635809 	-58.932024 	-59.287253 	-57.178711 	-59.632530 	-57.260567 	-59.013393 	-58.637890 	-60.014887 	
