9.489500 	7.109094 	4.384293 	3.077749 	-0.699900 	-0.645710 	-4.035797 	-3.186714 	-18.347046 	-14.634555 	-20.167584 	-22.622926 	-23.262778 	-22.750494 	-25.750570 	-29.659306 	-31.237050 	-31.705466 	-34.096878 	-34.027911 	-34.165670 	-34.406649 	
9.694049 	5.276757 	2.677276 	2.521661 	1.562159 	-0.860758 	0.454328 	-2.679878 	-3.828481 	-7.386114 	-5.871901 	-5.574720 	-4.602179 	-8.849871 	-8.247872 	-6.915508 	-10.504425 	-9.855784 	
9.808991 	3.969961 	0.965395 	-1.022821 	-1.788801 	-7.241673 	-9.769281 	-11.170913 	-13.674947 	-18.745355 	-20.482459 	-28.044994 	-26.675626 	-29.441067 	-28.817744 	-30.257748 	-31.298052 	-30.836085 	-44.653461 	
9.140770 	1.483966 	-2.617473 	-4.152963 	-3.399899 	-3.640921 	-6.269118 	-6.932744 	-21.943411 	-24.173661 	-25.236869 	-30.366053 	-29.247505 	-34.845054 	-36.054846 	-37.082806 	-37.935079 	-40.769402 	-40.872169 	-39.873360 	-41.381349 	-44.130030 	
9.905083 	2.426046 	2.563645 	-3.342501 	-4.884726 	-9.024770 	-9.956677 	-12.322201 	-13.208968 	-17.261016 	-18.552901 	-29.576146 	-31.341239 	-33.924972 	-32.981632 	-33.867741 	-36.239207 	-36.186186 	
9.393766 	-14.000928 	-17.692501 	-16.352694 	-23.634991 	-28.189773 	-24.400324 	-29.480696 	-29.076223 	-29.377643 	-30.700815 	-30.455577 	-31.656513 	-34.137903 	-32.091574 	-35.601362 	
9.599986 	-3.300847 	-3.348458 	-7.214229 	-9.628546 	-15.799042 	-27.078222 	-28.165194 	-29.102982 	-31.162628 	-31.476037 	-32.415923 	-32.899174 	-37.029158 	-38.989474 	-41.384738 	
9.583155 	-13.261531 	-19.198880 	-19.080532 	-26.729611 	-35.285182 	-47.772560 	-48.919404 	-50.602813 	-55.172942 	-62.360661 	-55.643002 	-57.397695 	-58.397937 	-57.866020 	-58.899451 	-60.911155 	-56.526098 	
9.342766 	5.111577 	-2.751772 	-1.795817 	-7.778973 	-12.180718 	-12.850467 	-17.404113 	-19.318532 	-21.441626 	-19.458431 	-21.388943 	-20.413736 	-22.269543 	-26.423509 	-21.167571 	-24.061523 	-22.845599 	-26.796496 	-27.625931 	-26.833360 	-26.908310 	
9.635115 	3.718013 	3.617163 	-0.580870 	-2.121653 	-3.376211 	-0.522125 	-2.874062 	-2.439663 	-5.589401 	-4.597980 	-5.004864 	-8.056152 	-6.056173 	
9.545983 	0.542865 	0.016982 	-1.836128 	-1.397543 	-2.967929 	-3.606302 	-6.540817 	-5.960965 	-9.965082 	-12.124785 	-11.357493 	-9.513762 	-10.397745 	-8.641881 	
10.065050 	-5.859851 	-13.273515 	-15.549891 	-39.794547 	-49.778429 	-54.836289 	-56.448389 	-56.599560 	-55.721991 	-58.486148 	-58.403144 	
9.413013 	3.952007 	-1.280242 	1.348319 	-2.100835 	-2.257798 	-4.132862 	-17.121094 	-18.444609 	-34.418553 	-33.757645 	-37.579973 	-39.233449 	-39.166045 	-42.518278 	-43.090245 	-44.479267 	-46.062561 	-49.579705 	-49.455931 	-48.028023 	-53.290285 	
9.593535 	2.294724 	1.190146 	-0.932202 	1.514279 	-2.571895 	-5.764871 	-4.865491 	-7.945628 	-16.275485 	-15.018189 	-18.045599 	-18.437029 	-19.491617 	-21.930611 	-23.049564 	-22.135258 	-24.839531 	-24.427147 	-24.479350 	
9.537168 	-11.912611 	-11.754973 	-16.045372 	-19.825601 	-20.329130 	-23.611700 	-36.310866 	-45.991006 	-52.480678 	-49.027693 	-51.319733 	-53.335406 	-52.673241 	-52.507542 	
9.816672 	4.953177 	0.175122 	-3.365757 	-8.581293 	-7.778066 	-15.712503 	-22.742931 	-22.911830 	-22.678060 	-37.855899 	-51.846558 	-55.055933 	-57.079045 	-58.325727 	-56.932190 	-58.706222 	-57.863174 	-57.354816 	-57.416350 	-58.453037 	-57.778333 	-59.268304 	-59.877074 	-57.868746 	
9.577106 	-9.346083 	-8.506650 	-10.967573 	-20.443831 	-20.517399 	-19.429093 	-21.153167 	-22.898048 	-27.404080 	-25.153308 	-25.064118 	-29.308600 	-26.715788 	
9.485309 	3.113560 	1.709955 	1.293668 	-3.204023 	-6.778669 	-8.467728 	-14.796969 	-19.714493 	-23.992568 	-29.749785 	-31.846927 	-34.127815 	-35.940244 	-48.861863 	-45.175084 	-45.541223 	
9.754130 	1.630852 	2.254839 	-0.367007 	-5.870414 	-33.642328 	-39.042976 	-40.868844 	-40.609975 	-43.930978 	-44.478363 	-43.382236 	-46.640009 	-48.499138 	-49.958462 	-51.249572 	
9.477910 	2.784969 	0.606780 	-2.575702 	-5.004784 	-8.862144 	-10.772729 	-20.210317 	-19.147026 	-25.758400 	-29.908922 	-28.868569 	-32.003737 	-32.870714 	-33.349508 	-31.936449 	-36.105238 	-36.247519 	-42.099214 	
