9.893845 	-4.373958 	-13.529940 	-47.076034 	-48.597200 	-59.267723 	-60.826691 	-62.639782 	-60.386094 	-59.959567 	-59.281355 	-61.588209 	-63.440314 	-58.394990 	-58.148603 	-58.512709 	-60.569808 	-59.395123 	-58.348490 	-60.768698 	-58.645998 	
9.762908 	-1.240956 	-56.894821 	-57.321716 	-56.618621 	-56.637407 	-56.740997 	-59.607701 	-58.296947 	-57.655385 	-60.271353 	-59.062948 	-58.569898 	-61.193474 	
10.116118 	-12.622824 	-33.133306 	-57.356542 	-57.782963 	-57.329788 	-58.285791 	-60.558443 	-57.091307 	-57.901694 	
9.642834 	-7.560510 	-19.675783 	-26.199438 	-44.782431 	-49.260848 	-58.060244 	-59.971421 	-58.044071 	-57.718113 	-58.937480 	-59.030866 	-58.993998 	-60.176971 	-60.385304 	-59.671215 	-59.720685 	-59.122221 	-57.581887 	-59.559215 	
9.661254 	-14.364953 	-20.950532 	-57.536777 	-62.587473 	-59.012538 	-58.052198 	-60.553920 	-59.409773 	-63.154269 	-58.231519 	-57.744208 	
9.587410 	-24.841423 	-27.944259 	-31.719252 	-45.752666 	-48.883981 	-56.639937 	-58.405174 	-59.518907 	-59.415973 	-57.703991 	-58.460517 	-60.309516 	-58.300478 	-58.940227 	-58.591867 	
10.035819 	-7.071874 	-8.795986 	-19.042867 	-24.480931 	-36.101271 	-39.729610 	-60.371656 	-59.009183 	-60.080734 	-58.639650 	-59.874348 	-57.931251 	-60.067140 	-59.256699 	-60.162808 	-58.476915 	-57.708002 	-58.115899 	-58.294529 	-57.536489 	-59.855393 	
9.801070 	-12.632175 	-45.908349 	-58.865159 	-60.679968 	-60.823277 	-58.998298 	-58.558836 	-59.942060 	-60.294171 	-58.613132 	-60.764521 	-58.945709 	-57.700665 	-60.894371 	-58.586375 	-58.395403 	-59.989513 	
10.135651 	-0.540018 	-22.020846 	-33.148187 	-51.613597 	-58.286211 	-59.317354 	-60.254628 	-57.308152 	-57.709082 	-59.958290 	-58.130769 	-58.153451 	-57.997719 	-60.572497 	-60.463103 	
10.117401 	-19.803556 	-49.880107 	-56.030372 	-57.967469 	-56.845688 	-58.109608 	-57.033543 	-58.813373 	-57.970812 	-57.116601 	-58.583442 	-60.752301 	-58.335180 	-58.348471 	-59.026701 	-57.947584 	-60.257563 	-57.377598 	-60.045348 	
9.716637 	8.238742 	-7.137171 	-54.594513 	-55.325460 	-59.005586 	-59.155135 	-58.280975 	-57.778333 	-58.806460 	-61.636160 	-58.482255 	-60.346672 	-59.077177 	-58.190537 	-59.328920 	-60.055335 	
9.739448 	-13.770477 	-17.021603 	-29.604643 	-33.125304 	-31.939125 	-38.027078 	-41.296746 	-44.666424 	-45.036427 	-51.633361 	-58.046632 	-58.861925 	-57.283363 	-59.152141 	-58.642557 	-56.583654 	-58.966848 	-58.442057 	
9.897503 	4.671572 	4.317588 	-9.260622 	-18.235240 	-28.429713 	-32.828885 	-58.845923 	-59.002514 	-58.540168 	-58.898178 	-58.945128 	-58.137462 	-57.784741 	-58.414498 	-58.068191 	-59.322768 	-59.121392 	-60.039522 	-59.796182 	-58.712667 	-59.240027 	
9.725660 	-23.348325 	-25.653527 	-28.947643 	-33.513690 	-32.102528 	-36.478428 	-43.196864 	-57.902151 	-60.561894 	-59.392237 	-60.933392 	-59.475225 	-58.302395 	-62.283101 	-58.457715 	-60.689696 	-59.946161 	-58.487244 	-58.162943 	-59.572259 	-59.023783 	-58.635537 	-58.795971 	
10.049190 	-25.034792 	-27.733680 	-52.032438 	-57.995200 	-57.038342 	-57.340878 	-58.932727 	-58.150786 	-58.286590 	-61.448307 	-60.298182 	-57.403989 	-59.929666 	-60.359308 	-59.013515 	-57.409334 	-61.914632 	-60.124829 	-57.298380 	-61.172673 	-59.834889 	
9.867484 	2.647702 	-3.214056 	-4.672792 	-5.588060 	-14.989428 	-27.719192 	-52.478655 	-59.132741 	-59.031142 	-58.652293 	-60.371047 	-58.034302 	-59.581715 	-58.234704 	-58.908343 	-60.087883 	-57.733916 	-59.655120 	-61.964102 	-57.089187 	-59.975644 	-60.880584 	
9.962644 	1.812879 	-9.842197 	-17.355108 	-20.133802 	-20.516345 	-31.786253 	-38.101290 	-52.283199 	-54.423408 	-58.140684 	-58.347794 	-59.327957 	-58.586113 	-59.306020 	-57.734937 	-59.511205 	-59.168763 	-59.567927 	-58.574206 	-58.552285 	-58.670486 	-61.691181 	-60.720957 	
9.768157 	-4.273104 	-9.472612 	-15.148877 	-19.859568 	-20.097393 	-19.168986 	-37.298934 	-38.988594 	-40.495710 	-47.810277 	-57.613657 	-60.170927 	-59.415897 	-58.054186 	-59.757864 	-58.439541 	-60.189566 	-58.317797 	-59.510959 	-59.374011 	-58.993543 	-60.662993 	-58.192619 	-60.338963 	
9.750188 	-14.289219 	-28.002328 	-31.016945 	-40.661136 	-58.091473 	-57.836085 	-61.961156 	-58.470641 	-58.480835 	-58.209511 	-59.419475 	-59.650173 	-60.121128 	-58.151803 	-58.961558 	-61.449512 	-59.327540 	
9.511007 	-0.278387 	-15.666975 	-20.367847 	-55.038305 	-52.531386 	-54.923884 	-57.931700 	-58.770428 	-59.413547 	-58.316555 	-59.691771 	-59.049693 	-59.507181 	-60.861244 	-60.322199 	-60.781189 	-61.019232 	-57.988472 	-61.980784 	
