9.556389 	-4.236839 	-8.561312 	-10.941214 	-17.620565 	-28.136592 	-30.463914 	-43.375444 	-43.098444 	-48.334394 	-48.237723 	-47.958126 	-50.970450 	-57.559633 	-58.218991 	-55.136607 	
9.584916 	-9.378786 	-7.322619 	-11.048193 	-12.609518 	-16.424522 	-17.087495 	-16.889462 	-23.928763 	-23.121920 	-30.359434 	-38.451663 	-35.235032 	-40.135795 	
10.024086 	6.506356 	-1.254087 	-3.855401 	-2.684841 	-5.884300 	-8.134162 	-8.724457 	-11.933570 	-11.847536 	-18.343471 	-22.795040 	-25.413751 	-23.799217 	-25.938375 	-26.345477 	-26.385065 	-33.371854 	-31.609751 	-35.132559 	-34.131432 	
9.760096 	-7.203066 	-20.771828 	-32.119903 	-32.118096 	-34.295917 	-42.107979 	-53.092895 	-55.953087 	-57.753016 	-57.825221 	-61.360608 	-58.598356 	-56.871596 	-57.473243 	
10.067906 	1.534988 	-3.092762 	-0.611447 	-15.678884 	-31.580014 	-45.183418 	-49.844118 	-54.941931 	-56.248881 	-57.300656 	-57.691114 	
9.972107 	4.018711 	0.391188 	3.015138 	-0.924502 	-10.300515 	-17.115365 	-16.507040 	-20.164807 	-20.779811 	-21.562716 	-23.013979 	-22.816291 	
9.528534 	6.435371 	-8.726657 	-16.110269 	-15.111020 	-19.460722 	-24.180316 	-24.058713 	-27.919640 	-28.295914 	-26.755192 	-29.020071 	-28.254278 	-32.765844 	-30.474528 	-32.293799 	-31.180709 	-30.930775 	-35.529167 	-35.108210 	
9.809023 	5.370635 	1.795446 	1.728643 	-5.736380 	-11.140637 	-9.753775 	-10.872348 	-11.250526 	-18.722257 	-22.433043 	-32.579537 	-43.050222 	-52.057970 	
10.011535 	-7.578955 	-7.522784 	-8.222995 	-9.996868 	-10.486232 	-13.090996 	-15.565795 	-15.978328 	-16.000769 	-32.820016 	-31.541304 	-34.204480 	-36.469188 	-38.388168 	-40.753703 	-42.186684 	-44.349209 	
9.608884 	-7.262281 	-8.388877 	-12.974439 	-16.362159 	-24.764651 	-52.468733 	-55.474486 	-56.234557 	-56.039789 	-56.099074 	-56.811309 	-56.406370 	-57.048694 	
9.856659 	-17.437443 	-29.359399 	-31.947574 	-36.904830 	-34.233502 	-38.269261 	-42.616827 	-48.883206 	-57.992105 	-61.584509 	-57.776145 	-58.513840 	-59.160207 	-57.532718 	-60.041148 	-60.246825 	-57.878626 	-58.088048 	
9.678360 	3.526820 	-8.939324 	-39.620857 	-47.209450 	-52.708321 	-55.640514 	-58.691721 	-62.596281 	-58.158180 	-58.784275 	-62.552251 	-58.657634 	-59.807704 	-59.836844 	-59.706301 	-58.928469 	-58.743207 	-60.258784 	-58.662747 	-59.114936 	-58.466968 	-58.182419 	-59.046845 	-59.524893 	
9.367863 	-11.827265 	-15.435840 	-23.291784 	-33.141760 	-38.917393 	-56.268326 	-58.072808 	-56.921611 	-57.049099 	-57.655964 	-55.406868 	
9.532820 	6.142900 	-1.918296 	-0.730225 	-20.559059 	-21.328512 	-30.302119 	-31.499389 	-32.402032 	-36.951370 	-34.555723 	-38.226875 	-41.465064 	-38.825286 	-40.321675 	-42.674111 	-44.092602 	
9.631043 	2.834303 	-9.048282 	-29.444250 	-39.150160 	-51.402739 	-51.921972 	-57.224192 	-58.074250 	-58.685932 	-58.655710 	-58.314578 	-57.958944 	-61.328951 	
9.532074 	4.047825 	-7.727814 	-10.424174 	-11.715060 	-17.512368 	-20.051664 	-22.546356 	-26.593225 	-33.204388 	-38.319800 	-37.280284 	-39.405054 	-39.718554 	-40.750245 	-48.533806 	-50.026787 	-57.417138 	-57.034146 	-55.949835 	-57.519601 	-59.166085 	-57.970545 	
9.569777 	2.939430 	4.097113 	3.223355 	3.090193 	-0.418005 	-1.412376 	-3.116572 	-3.570278 	-6.621228 	-5.010656 	-14.291410 	-11.852419 	-12.677461 	-14.494353 	-14.342829 	-15.503077 	-15.439537 	-17.249040 	-15.238652 	-17.231547 	-18.184720 	
9.544782 	2.785861 	2.141118 	0.314481 	-0.969712 	-2.885834 	-6.843717 	-19.283571 	-31.204482 	-39.219103 	-41.011035 	-44.399244 	-45.600490 	-54.733131 	-57.222559 	-54.064332 	
9.764660 	1.531358 	2.160090 	-0.858330 	-5.960455 	-9.583977 	-8.859097 	-16.031767 	-17.852331 	-22.942802 	-20.784731 	-20.014299 	-22.182231 	-24.308636 	-27.203363 	-28.223278 	-27.886321 	-28.465076 	-28.702670 	-31.337586 	
9.554973 	-4.779191 	-23.248576 	-34.450928 	-33.979185 	-34.973557 	-43.999159 	-58.476443 	-56.960431 	-56.406223 	-58.399805 	-61.447439 	-58.188767 	-57.541561 	
