9.193692 	5.758986 	1.144362 	-1.876512 	-13.165670 	-33.674262 	-38.074061 	-59.421374 	-61.623159 	-60.482369 	-58.472954 	-58.936204 	-60.941368 	-58.752524 	-61.620684 	-62.099665 	-58.595100 	-58.722856 	-62.023064 	-59.566562 	-60.992653 	-60.583581 	-59.705934 	
9.484498 	4.998504 	-17.488762 	-20.834645 	-28.023369 	-42.633424 	-49.817938 	-57.358670 	
9.464936 	-0.948397 	-9.796296 	-16.104280 	-19.514842 	-25.378672 	-26.649776 	-30.833908 	-33.139450 	-57.256917 	-58.473719 	-57.231693 	-57.047995 	-58.345392 	-60.055438 	-57.487886 	
9.714337 	-0.669269 	-6.885051 	-11.122768 	-19.534456 	-17.083975 	-19.983746 	-22.330183 	-22.987076 	-33.896606 	-38.787513 	-37.198627 	-45.981815 	-47.785311 	-52.929722 	-58.093102 	-56.976233 	-58.305029 	-56.342815 	-59.237190 	-59.432066 	-57.861110 	-58.022194 	
9.727457 	1.635192 	-4.931326 	-3.691244 	-9.778737 	-14.019506 	-19.790460 	-20.523665 	-21.369842 	-25.262703 	-22.953067 	-25.737103 	-25.164534 	-26.249318 	-27.123614 	-28.393082 	-29.292899 	-29.867132 	-32.157278 	-31.135980 	-33.661323 	
9.574464 	-4.485209 	-14.762768 	-23.047988 	-24.675332 	-30.112733 	-52.957189 	-54.137389 	-52.626095 	-53.715074 	-59.739370 	-54.704138 	-56.243530 	-60.506895 	-59.579711 	-57.556873 	-58.789114 	-59.849837 	-60.462091 	-57.772805 	-58.585174 	-57.415195 	-59.262675 	
10.339396 	-13.250604 	-12.553314 	-15.315273 	-16.750270 	-18.563090 	-21.389270 	-27.253468 	-26.125981 	-28.594101 	-30.298326 	-32.966292 	-36.205850 	-33.731931 	-36.458191 	-35.143236 	-42.123174 	
9.239008 	-22.358549 	-26.981339 	-27.149459 	-44.720875 	-43.142549 	-58.894475 	-59.796560 	-58.281087 	-62.212064 	-59.657709 	-57.744799 	-57.889780 	-58.910542 	-59.568233 	
9.245487 	0.688623 	-1.737964 	-15.959846 	-28.861800 	-33.405252 	-38.107727 	-38.554795 	-38.749868 	-42.738439 	-47.061557 	-51.184846 	-59.107013 	-55.712525 	-58.084928 	-58.715657 	-58.951378 	-55.969573 	-60.452363 	-58.738836 	-57.580668 	-58.420987 	-56.777228 	-57.992046 	-59.502181 	-58.839268 	
9.872249 	7.512889 	3.991569 	-4.968466 	-12.448341 	-19.298974 	-41.266479 	-47.513561 	-51.777304 	-53.695071 	-56.527254 	-56.889808 	-56.289558 	
10.446478 	-3.015440 	-7.397752 	-8.953426 	-11.263167 	-21.611523 	-25.010286 	-27.665628 	-25.988592 	-27.669907 	-36.902897 	-38.301828 	-47.106723 	-46.185191 	-49.645765 	-49.479375 	-50.578540 	-60.611779 	-56.727731 	-57.286456 	-57.602481 	-56.243015 	-57.286546 	
9.656170 	0.559909 	-4.255812 	-20.990018 	-34.008132 	-56.938337 	-56.210326 	-56.197333 	-57.548815 	-56.708528 	-58.778390 	-55.930474 	-57.060573 	-57.928983 	
9.836738 	0.823614 	-15.953645 	-21.890169 	-24.529238 	-24.634265 	-27.642069 	-32.393244 	-51.337404 	-53.031163 	-55.199654 	-55.068657 	-54.591338 	-56.267093 	-56.940769 	-57.222576 	-59.773070 	-58.763408 	-56.313750 	-59.701561 	-59.857622 	-57.771124 	
9.523065 	5.449251 	-5.399940 	-6.866510 	-6.427339 	-23.266272 	-29.872256 	-29.621809 	-33.134651 	-37.950802 	-46.337938 	-50.385146 	-54.563494 	-55.945896 	
9.942254 	3.544191 	-5.008872 	-6.525502 	-10.360111 	-19.543589 	-56.141325 	-54.706746 	-56.459640 	-58.372223 	-56.373807 	-59.088810 	-59.602991 	-57.198488 	-57.293745 	-57.815196 	-60.387918 	
9.738774 	2.563394 	1.900038 	2.482607 	1.254445 	-2.490086 	-13.325856 	-13.420715 	-18.744686 	-20.475332 	-20.169999 	-21.631916 	-23.852128 	-23.593876 	-26.398435 	-30.537551 	-46.378724 	-42.145320 	-45.897388 	-46.743627 	-50.322819 	-52.748104 	
9.816316 	1.169156 	-1.699944 	-31.334690 	-34.103320 	-37.041190 	-40.884987 	-43.914400 	-45.675761 	-46.923350 	-49.258832 	-51.471161 	-55.377394 	-57.870151 	-61.440431 	-58.009839 	-57.861921 	-57.375534 	-59.565298 	-58.521358 	-60.843026 	-58.627212 	-57.569753 	-57.714615 	
9.267607 	-16.105438 	-24.819628 	-29.923750 	-35.210557 	-55.364633 	-58.807165 	-58.492111 	-57.802489 	-59.976907 	-59.623881 	-58.163262 	-57.276076 	
9.377077 	-18.342684 	-26.780510 	-41.394222 	-47.075983 	-58.095342 	-62.257735 	-59.651839 	-59.321071 	-57.254572 	-59.416232 	-63.098424 	-59.790263 	-57.877684 	-57.857782 	-58.536937 	-59.922642 	
10.008199 	4.068436 	4.241722 	-5.563589 	-11.258089 	-17.275405 	-17.399467 	-17.047552 	-33.141263 	-33.559515 	-36.578328 	-37.035767 	-43.090849 	-41.555773 	-41.020255 	-42.126046 	
9.597207 	3.548931 	4.419832 	2.012919 	-0.409699 	-1.316785 	-10.128267 	-16.737296 	-15.179971 	-15.357378 	-15.998618 	-26.624545 	-28.272802 	-29.463295 	-39.255531 	-38.238478 	-40.918257 	-40.465631 	-40.998379 	-41.832337 	-41.381071 	-43.448294 	
