9.678330 	-1.580409 	-16.058890 	-22.499688 	-25.230376 	-25.965017 	-29.300115 	-51.216719 	-51.362610 	-58.226223 	-58.955919 	-58.690100 	-58.817801 	-57.887474 	-56.909471 	-56.995308 	-59.536509 	-57.711665 	
9.696243 	-31.064691 	-45.293028 	-53.844676 	-60.174554 	-57.861921 	-58.683162 	-60.599202 	-61.811635 	-60.763169 	-59.701827 	-57.585658 	-58.610457 	-60.127107 	-60.180580 	-58.387785 	-58.664949 	-59.451212 	
10.008024 	3.528205 	3.442955 	1.492058 	-4.529847 	-14.034667 	-18.796310 	-30.270272 	-33.992808 	-44.491830 	-57.675284 	-58.130442 	-59.438706 	-60.242627 	-62.572704 	-57.727925 	-61.053700 	-57.677377 	-58.761717 	-58.147604 	-59.651756 	
9.853189 	-27.118047 	-41.400112 	-44.173893 	-47.717006 	-56.905623 	-60.658855 	-58.041099 	-60.490720 	-59.868498 	-56.790649 	-60.232460 	-58.833390 	
9.714513 	2.632561 	-1.019745 	-28.904254 	-57.465486 	-58.351231 	-59.274408 	-60.270812 	-58.015713 	-60.108008 	-58.309399 	-59.233950 	
9.968294 	-23.019477 	-40.658141 	-41.505274 	-44.306231 	-56.504819 	-57.471273 	-58.710177 	-62.969850 	-57.584038 	-59.349263 	-62.030197 	-59.152527 	-58.168530 	-58.022585 	-58.374545 	-59.384216 	-58.660704 	-59.655511 	-58.622777 	-59.542473 	-57.287169 	
9.607638 	-6.942708 	-12.183367 	-16.730555 	-21.660601 	-30.402049 	-33.613180 	-36.306592 	-50.842561 	-53.498914 	-57.174278 	-55.986535 	-57.773839 	-59.007825 	-59.065883 	-56.710623 	-58.583738 	-60.294287 	-56.892937 	
10.018103 	-3.119112 	-15.529912 	-22.879754 	-20.904128 	-47.513677 	-51.609455 	-56.026156 	-56.226166 	-58.227385 	-61.561900 	-58.200871 	-58.788990 	-62.351942 	-60.112128 	-60.057151 	-57.714235 	-59.413618 	-60.299690 	-58.173470 	-60.187856 	-57.011016 	
10.253481 	-4.100876 	-21.278416 	-25.784462 	-28.398024 	-28.269441 	-30.199490 	-49.948177 	-59.274159 	-56.679853 	-60.285165 	-56.719972 	-57.252906 	-57.315315 	-58.133802 	-58.618431 	-57.877145 	-57.363861 	-57.876135 	-56.811573 	-58.574371 	-58.195170 	-59.310274 	
9.593756 	-5.583017 	-16.625807 	-18.841235 	-24.768316 	-24.799367 	-33.795923 	-35.588444 	-37.829290 	-38.982896 	-51.297465 	-54.868088 	-53.712214 	-53.529354 	-54.706539 	-54.576118 	-55.052699 	-56.934713 	-55.599492 	
9.555431 	-0.806754 	-4.395195 	-7.521989 	-16.252958 	-17.636845 	-22.447780 	-19.432215 	-22.587913 	-24.317970 	-33.251035 	-33.336702 	-40.051895 	-41.480199 	-52.499999 	-54.927363 	-58.452228 	-56.801201 	-58.127307 	
9.679670 	-0.426474 	-25.459079 	-31.041353 	-44.866758 	-42.880849 	-58.424185 	-62.130264 	-57.902697 	-59.899246 	-60.710881 	-58.392508 	-59.650822 	-59.932783 	-61.689306 	-59.311364 	-58.947105 	-57.567198 	-59.538548 	-60.082338 	-59.515988 	
10.048242 	-34.916746 	-41.215259 	-44.832660 	-47.772918 	-58.634241 	-58.143894 	-56.885462 	-59.131022 	-58.936723 	-59.004660 	-61.424732 	-58.155394 	-58.786611 	-59.790989 	-61.820045 	-57.692760 	-60.613626 	-60.809930 	
9.850485 	-1.671406 	-5.998834 	-8.490011 	-11.351450 	-20.317453 	-21.840491 	-31.395272 	-37.234934 	-40.137259 	-50.311962 	-52.455238 	-56.666406 	-57.868372 	-58.411796 	-58.220624 	-58.966308 	-57.524611 	-58.518941 	-56.618512 	-58.556174 	-58.683263 	
9.872181 	-4.735667 	-54.007402 	-60.485078 	-59.303688 	-60.052959 	-58.003329 	-59.550953 	-58.815137 	-58.138053 	-58.453266 	-62.187002 	-59.866990 	-59.280697 	-57.745272 	-58.821896 	-57.861999 	-58.939501 	-58.294365 	-61.726891 	
10.109044 	6.206775 	-7.813934 	-40.901156 	-57.219942 	-58.866878 	-57.720620 	-58.878378 	-57.937828 	-58.855558 	-58.291361 	-57.022126 	-60.664949 	-57.874702 	-57.781014 	-57.052075 	-58.610247 	
9.638131 	-5.009743 	-8.513551 	-13.560723 	-21.725539 	-28.522372 	-42.039761 	-57.892857 	-59.539758 	-60.004099 	-60.819594 	-58.734435 	-61.678629 	-58.885200 	-58.361231 	-62.486530 	-58.200589 	-59.345305 	-60.046449 	-63.036285 	-58.638575 	-60.328387 	-60.571954 	-58.954704 	
9.731957 	1.990092 	-10.181784 	-11.475176 	-47.754075 	-45.793479 	-48.546852 	-53.027439 	-57.774032 	-57.720760 	-57.741997 	-57.390035 	-59.063054 	-57.577530 	-57.313462 	-58.262987 	
9.928907 	-16.596531 	-40.735276 	-46.274979 	-51.105211 	-59.063316 	-57.205541 	-58.571079 	-61.660882 	-59.135661 	-57.289228 	-59.321548 	-59.145516 	-57.555423 	-60.144765 	-58.543875 	-57.301803 	-58.975833 	
10.029900 	-2.472671 	-13.760109 	-39.222096 	-41.491327 	-57.329786 	-58.233704 	-58.098261 	-59.005503 	-62.890812 	-60.929171 	-59.029891 	-61.085340 	-58.891139 	-57.545831 	-58.216384 	-59.804399 	-59.514900 	-59.511990 	-58.767628 	-58.636681 	-58.058537 	-58.446916 	-58.353018 	-58.912650 	
