9.484378 	-2.147060 	-3.901482 	-18.479731 	-24.269152 	-33.155882 	-47.720376 	-46.887598 	-58.006319 	-58.696201 	-64.251629 	-59.100083 	-58.969074 	-58.815791 	-57.941428 	-60.200913 	-59.506726 	-59.554966 	-58.144412 	-59.247320 	
9.884708 	-3.373487 	-11.388741 	-19.636262 	-53.141226 	-58.048692 	-59.617813 	-58.038802 	-60.775435 	-60.649451 	-59.180010 	-58.254057 	-58.379868 	-60.680337 	
9.858676 	1.639073 	-13.760958 	-30.733407 	-42.608122 	-44.621907 	-45.674625 	-58.217349 	-58.058788 	-59.925265 	-58.645424 	-59.899725 	-59.402562 	-60.488065 	-59.049991 	-59.145212 	-58.999441 	-59.797704 	-59.349426 	-59.771992 	-59.474473 	-59.642981 	-59.018794 	-59.838193 	-59.166217 	-61.814016 	-58.986605 	-59.098210 	-61.018468 	
9.521578 	1.758399 	-17.074230 	-36.798592 	-40.447898 	-42.708734 	-59.150681 	-59.818223 	-61.004297 	-59.895444 	-59.582811 	-59.953594 	-61.071946 	-58.702765 	-59.507431 	-59.051714 	-60.311518 	-62.328267 	-59.669602 	-59.915735 	-58.587146 	-60.918219 	-60.200631 	-61.567106 	
9.891457 	-24.803247 	-33.016870 	-35.287772 	-40.469445 	-50.247212 	-57.975525 	-57.774969 	-60.868416 	-59.401273 	-59.267210 	-57.690064 	-59.172470 	-59.586604 	-60.899141 	-57.468602 	-57.939738 	
9.963995 	-24.483609 	-48.839358 	-56.365895 	-58.130218 	-60.639155 	-59.520229 	-58.819263 	-59.863153 	-58.855369 	-58.507786 	-58.587745 	-58.778003 	-59.349085 	-59.627013 	-57.061878 	-60.269675 	-58.582680 	-58.780095 	
9.930437 	-0.437958 	-8.227008 	-25.927233 	-33.043286 	-45.073082 	-58.922295 	-57.873761 	-58.617498 	-58.632877 	-58.996984 	-58.880750 	-58.862086 	-58.876876 	-59.075920 	-61.201323 	-58.407724 	-58.568015 	-63.904189 	
10.187844 	-14.602869 	-18.246351 	-21.827318 	-35.061636 	-39.255530 	-51.502233 	-56.890091 	-58.528917 	-57.748309 	-58.380148 	-59.428463 	-60.698872 	-57.909692 	-58.435835 	-60.382678 	-59.715787 	-57.986790 	-59.011580 	
10.233301 	-5.190918 	-25.378244 	-36.775294 	-43.079348 	-50.133504 	-59.960119 	-59.214791 	-58.770068 	-59.881596 	-57.556360 	-58.425431 	-58.721639 	-59.419354 	-58.023402 	-57.539146 	-58.765710 	-57.719082 	-59.427795 	-59.328652 	-59.648354 	
10.323387 	6.287364 	-36.996330 	-51.377506 	-56.630311 	-58.960483 	-57.697007 	-57.586868 	-58.053963 	-58.609141 	-58.346172 	-57.023579 	-57.386221 	-58.799472 	-57.771425 	-58.842087 	-60.310560 	-56.846081 	
9.520949 	-27.974720 	-33.489091 	-45.598159 	-53.364939 	-56.020225 	-60.879097 	-59.000789 	-59.290132 	-60.033429 	-58.307977 	-60.196774 	-58.126175 	-58.182631 	-59.819067 	-59.115957 	-60.403389 	-58.826321 	-59.360003 	-58.433748 	-58.617652 	-59.614207 	-58.522621 	-59.634497 	-59.854292 	
9.574418 	-8.294676 	-8.017696 	-59.701189 	-61.360827 	-60.188003 	-59.306674 	-60.428054 	-58.877319 	-59.285547 	-59.933636 	-60.302994 	-57.176344 	-58.932484 	-57.929065 	-58.385163 	-59.594482 	
9.857137 	-6.038505 	-42.518036 	-39.324914 	-44.251746 	-52.392531 	-59.125707 	-58.169959 	-58.110841 	-58.676817 	-57.218447 	-59.273368 	-58.025697 	-59.329507 	
10.139795 	-12.658540 	-13.497600 	-26.099772 	-41.855367 	-42.039361 	-58.248027 	-59.943747 	-58.385561 	-58.590995 	-58.767878 	-59.709487 	-59.412763 	-58.825248 	-60.802513 	-59.155382 	-57.659784 	-60.320696 	-58.440031 	-57.445195 	-58.663443 	-60.752314 	-58.330237 	
9.756485 	0.265775 	-2.546237 	-1.061597 	-1.915338 	-13.222962 	-14.633252 	-18.430020 	-48.229091 	-58.477232 	-58.403408 	-58.682062 	-57.215541 	-61.114790 	-60.647985 	-58.728608 	-59.319778 	-59.249838 	-61.193409 	-59.498084 	-58.051185 	-60.834807 	-58.675903 	
10.054863 	1.955156 	-8.810218 	-28.406181 	-50.807733 	-57.657157 	-53.954321 	-58.130841 	-58.979598 	-61.071510 	-58.865089 	-58.717931 	-59.801211 	-59.081443 	-59.408715 	-60.690098 	-63.295783 	-59.593577 	-59.202659 	-61.777072 	-61.116719 	-60.008563 	-59.755561 	-58.282682 	-59.457834 	-61.795221 	-58.504651 	-59.091941 	-59.501102 	-58.302793 	
9.720582 	1.430037 	-52.445667 	-57.849913 	-58.551898 	-59.526902 	-58.435792 	-58.984761 	-58.836365 	-58.543145 	-58.546557 	-59.957486 	-59.151119 	-61.327293 	
9.908064 	-0.098059 	-16.450173 	-20.728713 	-20.469982 	-22.105375 	-40.867443 	-47.929936 	-58.062648 	-58.551355 	-58.865559 	-60.239689 	-57.887900 	-59.626613 	-59.531437 	-60.864361 	-60.411874 	-58.748032 	-59.619427 	-60.680500 	-59.215191 	-61.566832 	-59.509002 	
9.690467 	-15.340560 	-17.914546 	-30.147094 	-38.532272 	-48.637012 	-60.771813 	-57.731442 	-57.785629 	-57.561089 	-59.257943 	-60.224296 	-57.757982 	-57.975003 	-59.350761 	-60.393749 	-60.625660 	-60.513110 	
9.673534 	-6.078499 	-19.519063 	-34.076522 	-41.010618 	-49.629173 	-57.933482 	-59.378805 	-57.640215 	-59.241555 	-58.674780 	-57.739099 	-58.924650 	-58.185923 	
