9.123654 	-3.306051 	-6.383592 	-19.686832 	-15.682459 	-58.901767 	-58.917942 	-59.777607 	-58.964142 	-59.302717 	-62.091764 	-58.851071 	-59.481492 	-59.420308 	-60.239699 	-63.514915 	-59.611481 	-60.157329 	-61.400496 	-63.106348 	-63.495563 	-60.797769 	-59.339378 	-61.524016 	-59.091118 	
9.809479 	-15.186025 	-25.209385 	-26.423420 	-36.737117 	-40.946770 	-50.705082 	-54.348694 	-60.554049 	-57.534228 	-61.113724 	-59.334781 	-58.272246 	-59.728615 	-57.320882 	
9.903625 	-31.561747 	-37.097523 	-48.308082 	-55.475340 	-62.234586 	-57.415749 	-59.442279 	-59.290302 	-57.550975 	-59.356999 	-56.948362 	-57.495545 	-58.912524 	
9.720585 	2.982929 	-2.026559 	-3.786022 	-37.007742 	-40.217181 	-57.717272 	-57.543304 	-60.269182 	-60.378525 	-59.635971 	-63.759943 	-57.990006 	-58.912951 	-58.845990 	-59.602413 	-59.170649 	-59.092555 	-58.002571 	-59.529415 	
9.756373 	1.862076 	-9.377851 	-10.102793 	-57.749169 	-57.363139 	-57.444221 	-58.620561 	
9.806321 	0.697068 	-0.194707 	-0.486163 	-13.154958 	-58.915516 	-58.677944 	-59.033022 	-58.379220 	-59.208716 	-60.246963 	-58.206707 	-59.475951 	-59.465675 	-57.568275 	-60.958881 	-59.914619 	-59.453537 	
9.823784 	2.390270 	-11.038357 	-15.840961 	-18.470425 	-22.453825 	-23.379684 	-38.368227 	-45.588822 	-44.682777 	-47.385960 	-46.942929 	-53.514321 	-54.369256 	-56.312592 	-56.534164 	
9.815051 	4.996838 	-29.321494 	-32.599576 	-31.940655 	-47.541674 	-51.221932 	-57.779154 	-57.959365 	-57.860164 	-59.724172 	-62.166065 	-56.950253 	-59.948735 	-58.023075 	
9.538324 	-10.329472 	-32.688132 	-40.913459 	-41.302650 	-57.734446 	-59.349469 	-57.219664 	-58.271988 	-60.574627 	-60.605283 	-59.157303 	-60.290245 	-58.315335 	-58.257191 	-58.995291 	-59.261982 	-59.678850 	-57.591978 	-57.415111 	-58.627264 	-61.655222 	
9.741203 	-38.316187 	-41.277602 	-53.167588 	-58.507772 	-57.921524 	-59.323274 	-59.325253 	-57.210510 	-58.415746 	-58.217252 	-58.286435 	
9.776806 	-43.543812 	-60.175726 	-61.463896 	-57.663191 	-59.165841 	-59.774719 	-61.917917 	-60.815103 	-59.602054 	-57.869824 	-58.042658 	-58.718689 	-57.939655 	-58.941100 	-59.001386 	
9.997563 	-0.544313 	-6.141449 	-6.285654 	-23.452022 	-31.371073 	-58.891875 	-57.862585 	-63.072951 	-59.015897 	-58.124551 	-58.969279 	-58.101942 	-60.327087 	-59.829442 	-57.763832 	-57.249949 	-57.090106 	-58.665343 	
9.819629 	7.528553 	-8.446125 	-17.763023 	-21.689162 	-27.282852 	-31.894436 	-33.666671 	-55.648142 	-57.301583 	-57.545954 	-58.976621 	-60.254701 	-57.955924 	-57.128494 	-58.997083 	-58.441614 	
9.192844 	-17.545205 	-50.693873 	-57.672796 	-60.951967 	-59.376404 	-58.911484 	-59.817317 	-60.165056 	-59.570568 	-61.159417 	-59.092531 	-58.832118 	-59.836927 	-58.848628 	-59.968531 	-63.833282 	-60.207504 	-60.910613 	
9.491610 	5.730511 	-8.534424 	-17.190875 	-24.337488 	-40.876994 	-58.506027 	-61.890623 	-58.123887 	-58.868479 	-58.421506 	-60.397883 	-58.408315 	-60.412846 	-60.274103 	-57.799977 	-58.695343 	-58.812694 	
10.288642 	-25.689469 	-30.444316 	-42.343323 	-57.470902 	-56.559130 	-59.942867 	-57.332309 	-60.214599 	-58.606034 	-58.304466 	-62.023403 	-58.710852 	-57.137485 	-58.223640 	-57.584412 	-58.721665 	
10.133147 	-45.212445 	-49.373703 	-54.696672 	-58.547270 	-59.485401 	-59.524015 	-59.050737 	-59.715942 	-59.777566 	-57.803343 	-58.556620 	-59.028039 	-60.205834 	-59.004022 	-60.510369 	-58.228078 	-58.223921 	-59.240516 	-57.645042 	
9.828909 	-3.020729 	-3.083167 	-8.268882 	-21.870576 	-24.512603 	-26.600096 	-26.771743 	-28.810635 	-30.663666 	-33.553179 	-32.316167 	-35.720697 	-36.187507 	-40.882883 	-42.111624 	-39.692754 	-41.252895 	
9.757719 	-24.775259 	-53.214481 	-56.801893 	-57.621653 	-57.933859 	-60.521560 	-60.027827 	-61.882734 	-59.107378 	-59.937075 	-58.392437 	
9.844168 	4.569539 	6.010007 	5.124253 	5.148683 	5.183738 	4.639990 	3.921665 	1.001050 	-2.418043 	0.324235 	2.327687 	0.549801 	-4.825071 	-0.084947 	-0.840775 	-0.885356 	-3.893870 	-1.530386 	-3.665605 	-3.140372 	-1.929488 	-3.360731 	-3.109695 	-3.690564 	-4.375598 	-4.885891 	-3.012533 	-4.377277 	-5.956141 	-5.819604 	-5.044777 	-5.176959 	-4.589987 	-6.692116 	-5.234009 	-5.317033 	-4.335018 	-4.359020 	-7.620421 	-5.703029 	-3.714645 	-5.764934 	
