9.922902 	-1.942157 	-26.143833 	-28.699850 	-60.201189 	-58.706542 	-59.618225 	-58.220957 	-58.529600 	-58.609201 	-58.552877 	-57.324120 	-58.972411 	-59.728177 	-61.254721 	-57.682801 	-59.938297 	-59.999435 	-61.330772 	-59.435902 	-61.671370 	-59.849453 	-60.247986 	-58.911107 	
9.846181 	-21.451774 	-37.943263 	-49.113865 	-55.362802 	-58.652306 	-60.666582 	-57.647954 	-58.454391 	-58.396310 	-59.585636 	-58.075138 	-58.493397 	
9.808324 	-6.119087 	-11.889116 	-46.756920 	-59.690990 	-59.578089 	-59.847954 	-58.329596 	-60.381621 	-58.118981 	-58.710101 	-59.850154 	-58.164303 	-61.412150 	-58.727316 	-59.497035 	-59.290732 	-58.966110 	-59.510378 	-58.087698 	-60.915004 	-58.582964 	-59.079111 	-61.396379 	-61.317859 	-58.473583 	-62.604995 	
9.824750 	6.001590 	-17.193571 	-42.312517 	-47.737206 	-58.804304 	-58.451044 	-58.081307 	-60.555443 	-57.814945 	-59.454724 	-58.122608 	-58.765036 	-59.863180 	-57.175541 	-62.539263 	-60.136727 	-60.905751 	-59.326784 	
9.732713 	-15.313569 	-50.288240 	-59.483613 	-59.931860 	-60.419372 	-59.247672 	-59.758864 	-57.394854 	-59.028092 	-58.783382 	-59.326001 	-59.335729 	
9.768758 	-5.921409 	-6.018944 	-18.793586 	-50.268818 	-58.464360 	-58.519371 	-58.740795 	-57.667090 	-59.161208 	-58.829555 	-58.434447 	-58.767557 	-62.458042 	-59.522903 	-60.660285 	-58.106259 	
9.873182 	-5.492023 	-36.304801 	-49.362352 	-57.333966 	-62.867214 	-58.235900 	-59.653514 	-59.000095 	-58.176935 	-58.599599 	-60.871287 	-58.016314 	-59.450064 	-61.708002 	
9.914700 	-35.150345 	-55.189876 	-57.075514 	-59.073581 	-58.007630 	-58.123835 	-59.201225 	-58.284851 	-58.571141 	-59.500942 	-58.876763 	-58.155687 	-63.230432 	-58.361967 	-59.859529 	-59.373028 	-58.703426 	-57.581962 	-57.540429 	-64.772754 	-58.402085 	-58.535537 	
10.030659 	2.701282 	-17.306357 	-58.044661 	-59.948484 	-61.245371 	-58.156855 	-58.705782 	-58.787592 	-60.127026 	-63.416878 	-58.843398 	-57.923829 	-58.446919 	
10.351523 	0.833656 	-15.875814 	-42.873377 	-57.689451 	-58.953617 	-57.436574 	-57.493500 	-59.702189 	-58.872183 	-61.614267 	-58.368693 	-59.417480 	-58.064317 	-59.123000 	-58.964679 	-58.137072 	-58.406282 	-57.997108 	
9.662765 	-12.222220 	-31.141479 	-42.548198 	-58.020369 	-59.614956 	-60.286060 	-58.450887 	-59.071964 	-58.996175 	-57.603491 	-59.109749 	-60.293720 	-59.868571 	-61.956850 	-58.393632 	-58.533346 	-58.980277 	-61.030796 	
10.082090 	0.697780 	-1.660601 	-8.098209 	-17.862554 	-22.768971 	-22.702179 	-32.686428 	-39.316582 	-46.602146 	-59.908130 	-57.582890 	-57.642700 	-59.503091 	-58.256001 	-58.291154 	-59.000678 	-58.090318 	-59.362279 	-58.776093 	-59.280511 	-59.307468 	-58.197363 	-57.973467 	-58.207640 	-58.074597 	
9.776380 	-2.969782 	-7.134558 	-4.361298 	-7.091700 	-16.070910 	-19.678863 	-18.517307 	-22.365750 	-21.220572 	-31.869283 	-35.243684 	-36.284930 	-40.089475 	-42.987848 	-43.845416 	-48.845205 	-54.053379 	-57.244222 	-56.605026 	-57.059061 	-56.450326 	-60.179202 	-56.470188 	
9.874008 	4.252672 	-15.363350 	-29.715035 	-38.000808 	-41.418135 	-57.696965 	-58.167360 	-58.325190 	-60.006789 	-59.932775 	-58.512951 	-60.786185 	-59.520127 	-61.436625 	-58.550401 	-57.815317 	-60.014837 	-61.279809 	-60.257649 	-61.522933 	-58.135449 	
10.036945 	4.856896 	-20.749160 	-43.462891 	-54.748847 	-57.397233 	-58.309113 	-58.701282 	-57.840305 	-59.228525 	-57.056715 	-58.562357 	-57.380902 	
9.759083 	-0.931580 	-10.421360 	-19.313099 	-22.773504 	-40.337687 	-48.875642 	-54.342225 	-50.436568 	-58.419791 	-59.792478 	-59.603024 	-58.152688 	-58.554385 	-58.303990 	-58.747626 	-59.239811 	-59.645597 	-60.989466 	-59.098965 	-58.761589 	-59.682097 	-61.422135 	-61.426107 	-63.816142 	
9.672014 	2.899059 	1.716220 	-6.350564 	-36.645340 	-59.948233 	-59.272875 	-58.290199 	-58.449548 	-61.428872 	-58.549397 	-59.851222 	-59.060355 	-59.271265 	-59.851268 	-59.570487 	-59.915985 	-59.940856 	-59.104725 	-58.068926 	-56.935793 	-58.534861 	
9.857931 	-9.123007 	-13.832238 	-15.239725 	-16.303834 	-42.049304 	-41.521634 	-52.979771 	-59.164676 	-57.908579 	-57.908086 	-61.850799 	-58.557593 	-58.372469 	-57.932367 	-59.084310 	-58.437743 	-59.787336 	
9.926630 	-9.933190 	-15.070310 	-18.048537 	-20.129771 	-56.177772 	-58.566414 	-59.207889 	-59.012815 	-58.847085 	-62.460561 	-58.436217 	-57.796760 	-58.648768 	-59.470733 	-58.863287 	-57.497873 	-62.061690 	
10.154006 	4.068944 	-31.501315 	-60.968438 	-57.408555 	-58.131119 	-58.046010 	-58.563794 	-58.216350 	-60.510860 	-59.761906 	-59.009111 	-57.954618 	-58.107114 	-58.119806 	-60.114456 	-60.723612 	-57.377600 	-59.694991 	
