9.580827 	-10.603628 	-23.248553 	-39.165099 	-40.920863 	-51.757949 	-57.780814 	-58.099503 	-58.516563 	-58.740237 	-59.420305 	-58.870111 	-58.538051 	-59.371248 	-59.449009 	-58.803806 	-57.803000 	-57.428565 	-59.034439 	
9.940316 	6.978694 	3.454403 	-3.326723 	-7.374459 	-6.598947 	-10.278796 	-12.738859 	-11.238416 	-10.433874 	-11.503104 	-12.594349 	-12.901024 	-17.442194 	-19.706840 	-19.622580 	-22.217850 	-24.511325 	-27.873230 	-25.155670 	-25.786111 	-28.706499 	
9.886535 	-29.998216 	-41.522760 	-45.561737 	-50.242373 	-57.447368 	-57.939191 	-58.730617 	-58.006881 	-61.805323 	-58.810255 	-59.734376 	-58.680217 	-59.133983 	-58.797452 	-60.122165 	-60.619462 	-57.186775 	-58.674909 	
9.966936 	4.234789 	-11.289883 	-11.994723 	-58.250627 	-60.591213 	-58.625968 	-57.796084 	
10.007357 	-2.131509 	-3.449226 	-8.776911 	-14.204299 	-18.393790 	-22.566517 	-21.938872 	-26.890970 	-42.163119 	-55.773669 	-60.750393 	-58.381233 	-57.737680 	-58.979384 	-57.969479 	-58.066468 	-62.875243 	-57.867233 	-58.105694 	-57.761596 	-60.091992 	-57.079111 	
9.939899 	-35.779566 	-41.587681 	-43.844206 	-58.306772 	-60.203730 	-59.125367 	-59.057909 	-58.842133 	-57.786715 	-57.671231 	-58.316564 	
9.672654 	-37.146104 	-39.254584 	-47.528518 	-49.653149 	-52.827441 	-60.341186 	-58.411642 	-58.537070 	-58.662496 	-63.285828 	-59.943778 	-60.968230 	-61.219123 	-59.793171 	-58.414960 	-61.569717 	
9.660428 	-0.395706 	-6.711443 	-12.979322 	-35.113896 	-60.163911 	-58.474262 	-58.147970 	-58.481833 	-58.736308 	-57.468061 	
9.586466 	7.825461 	6.575761 	4.504701 	3.545391 	-0.809926 	1.410003 	0.449570 	1.767794 	0.541509 	-1.930955 	-0.714128 	-2.759618 	0.505087 	-1.543811 	-2.016804 	-3.897969 	-5.248869 	-6.345679 	-9.126013 	-9.877616 	-7.203073 	-8.414266 	-7.618015 	-7.605724 	-9.196503 	-11.151777 	
9.613098 	-6.239343 	-12.249057 	-16.017684 	-16.060803 	-27.411792 	-27.904146 	-28.249374 	-31.380681 	-35.144776 	-35.054108 	-39.721690 	-48.729225 	-58.096589 	-58.601195 	-59.184054 	-56.722497 	-59.919148 	
9.949696 	0.687714 	-10.470289 	-18.035116 	-37.324371 	-50.081627 	-53.780629 	-59.221038 	-55.492997 	-56.281912 	-60.691275 	-56.798514 	-57.812480 	-55.652687 	
9.758635 	2.055629 	3.428604 	-3.789772 	-4.936467 	-15.266640 	-34.160317 	-36.801104 	-53.576112 	-59.908349 	-58.475599 	-58.143414 	-58.500697 	-64.198129 	-61.354697 	-59.413284 	-61.669289 	-58.818547 	-61.057589 	-57.982632 	-58.573910 	-57.592234 	-59.715399 	
9.932729 	-0.374628 	-9.875709 	-8.350697 	-15.464390 	-16.454552 	-15.046207 	-24.577970 	-23.503399 	-27.027468 	-35.401686 	-36.328351 	-35.752743 	
10.289921 	-9.403543 	-26.898366 	-26.694456 	-40.387910 	-43.385272 	-43.827304 	-54.699514 	-57.572750 	-58.104455 	-58.915658 	-59.335863 	-59.352101 	-60.062125 	-59.692410 	-59.118737 	-59.497234 	-58.609434 	-58.798602 	-57.421827 	-58.395681 	-57.721368 	-57.076568 	
9.763709 	-24.044052 	-31.043671 	-32.878983 	-54.119645 	-58.222163 	-60.556678 	-58.896866 	-61.560959 	-59.383222 	-57.699195 	-58.516024 	-59.750860 	-62.515867 	-59.430575 	-59.980600 	
9.913032 	3.108835 	-0.539267 	-2.013685 	-2.473166 	-25.639763 	-33.079885 	-35.421526 	-33.779430 	-35.228417 	-37.191277 	-36.972371 	-57.791366 	-56.394122 	-56.724147 	-58.000557 	-58.721921 	-59.050174 	
9.531424 	-16.082618 	-22.310631 	-27.680305 	-35.799049 	-48.323675 	-56.768548 	-54.744343 	-57.023348 	-57.062535 	-55.790009 	-58.678574 	-57.139057 	-57.744583 	
10.065801 	-2.125927 	-2.473560 	-3.959174 	-8.052879 	-13.266255 	-20.751659 	-22.291861 	-21.801210 	-36.475289 	-39.896776 	-40.323187 	-42.506494 	-46.059133 	-57.741686 	-58.369268 	-58.089462 	-58.581812 	-58.694732 	-58.450885 	-59.078171 	-58.878955 	-60.181296 	-57.556551 	-61.086709 	
9.384481 	-6.982145 	-13.651509 	-32.704098 	-39.205872 	-45.618000 	-58.050681 	-57.961918 	-60.725405 	-63.673143 	-60.540963 	-59.223950 	-60.175691 	-60.648001 	-59.100919 	-60.081095 	-60.767484 	-57.903375 	-62.458108 	-59.116536 	-59.198104 	
10.191798 	0.028473 	-13.140038 	-14.292858 	-11.321299 	-13.868266 	-14.276829 	-16.773486 	-22.974692 	-29.308685 	-34.578818 	
