9.725585 	8.657017 	6.253102 	-1.594158 	-23.014857 	-32.505239 	-45.734284 	-55.756503 	-58.795624 	-58.312379 	-58.699306 	-58.825433 	-59.545984 	-60.040061 	-58.119534 	-60.294800 	-59.019979 	-57.914630 	-61.223863 	-58.256803 	-59.572659 	
9.736764 	-1.405473 	-17.351091 	-21.046263 	-19.317077 	-23.382164 	-28.935544 	-29.413254 	-28.512956 	-31.692473 	-40.582682 	-39.425694 	-51.578540 	-56.106840 	-56.540202 	-57.664007 	-56.831880 	-57.027115 	-59.339952 	-59.682685 	-58.574861 	-59.741336 	-56.692337 	
9.905352 	-0.596711 	-2.393744 	-23.157949 	-29.567652 	-37.384324 	-46.967653 	-50.097833 	-53.836126 	-54.333022 	-58.284271 	-59.802966 	-58.151975 	-58.037371 	-58.195839 	-58.505789 	-59.491421 	-59.028411 	-58.269432 	-58.138525 	
9.746771 	-3.678984 	-9.447595 	-9.731582 	-12.975114 	-16.710499 	-26.241758 	-33.263810 	-59.694812 	-58.795874 	-58.713860 	-56.568805 	-57.116239 	-57.408484 	-61.283683 	-57.732885 	-59.509691 	
9.718082 	-13.974068 	-16.529555 	-22.310165 	-22.415140 	-24.277890 	-31.099348 	-46.452127 	-54.617168 	-59.141623 	-58.154266 	-60.157826 	-58.596071 	-58.897210 	-58.314090 	-59.093327 	-59.085152 	-58.864783 	-58.974669 	-59.384626 	-60.464667 	-58.940260 	-57.588289 	-62.587057 	-58.148118 	
9.706923 	1.597314 	-1.539550 	-3.639880 	-45.771750 	-52.710674 	-59.159356 	-58.420797 	-60.064753 	-57.681173 	-59.802460 	-57.976998 	-57.342478 	
9.822693 	-2.633580 	-10.727619 	-13.230738 	-16.804958 	-17.994819 	-42.232776 	-48.484860 	-52.867508 	-58.015009 	-58.962452 	-58.970080 	-59.349740 	-58.863202 	-59.088668 	-58.843269 	-58.536498 	-60.775034 	-61.931719 	-58.490854 	-59.535483 	-59.370591 	-58.621326 	
9.892904 	2.781194 	-4.478141 	-7.295817 	-7.509129 	-20.798086 	-37.302251 	-39.899957 	-44.313136 	-43.806788 	-51.674814 	-50.469710 	-53.266783 	-52.730166 	-53.284429 	-54.923354 	-60.007588 	-56.584144 	-57.453404 	-57.230413 	
9.805238 	-3.967467 	-45.065489 	-57.625538 	-60.716209 	-58.299540 	-57.500194 	-58.701904 	-61.977242 	-58.737325 	-58.529781 	-60.345090 	-59.142455 	-59.885865 	
9.748284 	5.207443 	1.881446 	1.321919 	0.159502 	-6.955796 	-9.198518 	-16.854257 	-15.941587 	-14.886093 	-23.568730 	-23.457371 	-33.739844 	-36.405754 	-40.658150 	-39.111005 	-39.932105 	-41.720217 	-42.846688 	-44.492252 	-47.497805 	-51.029321 	
9.986551 	0.052326 	-3.867993 	-4.980876 	-13.184688 	-16.572296 	-24.717292 	-26.494273 	-37.137621 	-37.488192 	-38.789040 	-39.788681 	-40.798559 	-40.496597 	-41.962387 	-43.439293 	-46.902812 	-47.935919 	-56.384386 	
9.887938 	4.352695 	2.133018 	2.954080 	0.926230 	0.067445 	0.460168 	-0.518766 	-1.876047 	-3.643462 	-5.210506 	-4.774608 	-6.889955 	-8.000532 	-9.531908 	-6.496254 	-10.079532 	-14.033324 	-8.917815 	-9.363155 	-12.810373 	
10.075159 	5.526996 	1.092093 	-2.138490 	-12.274107 	-19.064149 	-28.936570 	-36.786523 	-49.554949 	-53.530214 	-57.674407 	-57.382430 	-60.194633 	-58.196590 	-59.395704 	-60.343545 	-58.121539 	-58.174923 	-59.700935 	-60.393827 	-60.324784 	-58.744432 	-58.249451 	
9.779041 	-5.628237 	-15.842449 	-25.668234 	-34.533053 	-50.993336 	-52.735706 	-58.036954 	-58.188967 	-61.165183 	-59.626715 	-57.299797 	-58.409195 	-59.903692 	-58.186873 	-58.423978 	
9.726805 	6.197718 	-7.727821 	-12.251131 	-15.531805 	-43.651798 	-49.388020 	-48.520803 	-49.177131 	-53.070894 	-52.472788 	-53.201660 	-57.725313 	-56.295000 	
10.344873 	-1.749842 	-3.354374 	-7.315200 	-7.605571 	-10.980343 	-22.665877 	-30.855846 	-31.205564 	-36.130829 	-37.674939 	-39.238610 	-45.685314 	-50.031594 	-49.214921 	-58.510499 	-58.224709 	-57.135422 	-59.047776 	-58.759783 	-58.744577 	-59.524392 	-62.203920 	-59.535878 	-57.370400 	-57.124254 	-59.337516 	
9.602022 	3.285326 	2.076240 	2.056495 	-2.807334 	-15.531935 	-14.837074 	-17.340175 	-23.375392 	-26.358849 	-28.775234 	-28.920424 	-29.422827 	-30.890289 	-33.093822 	-32.724591 	-32.846221 	-33.616131 	-34.483871 	-38.422734 	-41.102564 	-42.893598 	
9.590998 	0.925740 	-5.704211 	-9.338424 	-12.826577 	-31.587022 	-31.661327 	-33.906809 	-34.965997 	-36.336048 	-35.983073 	-45.296036 	-50.314124 	-51.444874 	-56.774862 	-58.671646 	-60.131616 	-59.751523 	-59.224544 	-60.479848 	-59.456297 	-63.515436 	-58.945956 	-57.604506 	-58.346419 	-60.612194 	
9.934157 	3.380019 	-2.237412 	-10.423977 	-17.866590 	-41.017189 	-59.162679 	-58.309949 	-60.969059 	-59.169243 	-58.265609 	-57.020487 	
9.857174 	2.055625 	-10.757902 	-10.115925 	-13.335314 	-14.854288 	-19.347756 	-20.059159 	-24.937108 	-28.458634 	-34.451271 	-33.076325 	-34.565838 	-38.589389 	-42.872312 	-46.902309 	-46.590266 	-46.350416 	-48.674527 	
