9.956344 	4.812876 	0.328226 	-0.771573 	0.425193 	-3.281654 	-5.291867 	-4.298731 	-5.086137 	-11.145008 	-16.964371 	-19.783268 	-19.775772 	-23.743154 	-23.870244 	-21.457135 	-21.905524 	-28.484868 	-23.877985 	-25.588694 	-27.741305 	-29.289434 	-31.031399 	-32.707855 	
8.606921 	8.966992 	6.809192 	-7.046436 	-18.414219 	-37.112629 	-58.143117 	-59.254384 	-59.721419 	-58.828932 	-59.063820 	-59.866833 	-58.932032 	-60.241562 	-59.912152 	-58.200722 	-59.087022 	-63.000265 	-59.293667 	-59.660908 	-58.497644 	-59.515256 	-59.511520 	-59.166981 	-60.110948 	-57.894002 	-57.721079 	
10.016487 	-1.721699 	-24.857456 	-30.362170 	-45.278030 	-58.047284 	-58.621916 	-58.611849 	-58.174038 	-59.834057 	-57.837629 	-57.698509 	-57.554972 	-57.193935 	
9.696455 	3.425052 	4.848747 	-11.655510 	-23.977284 	-31.660617 	-54.535411 	-59.430279 	-57.525444 	-58.802240 	-62.003374 	-58.960182 	-60.153457 	-59.776465 	-61.913582 	-61.064996 	-58.754729 	-58.064909 	-58.500690 	-58.979177 	
9.603973 	7.417991 	-1.369895 	-1.979646 	-16.039460 	-34.873118 	-38.751392 	-60.827253 	-58.654062 	-59.204096 	-57.537906 	-61.204023 	-58.632086 	-58.329038 	-58.329357 	-59.100359 	-58.072001 	
9.658430 	-7.599770 	-15.747714 	-21.642030 	-31.417485 	-38.315344 	-40.180031 	-42.356323 	-48.387165 	-53.287422 	-55.066538 	-59.536971 	-57.846657 	-58.667442 	-62.012127 	-60.597724 	-59.022914 	-59.905681 	-58.191493 	-58.304669 	-60.521824 	-58.896996 	-58.316922 	
9.818331 	-36.867454 	-40.486074 	-58.183357 	-58.822121 	-61.106937 	-57.438707 	-57.527119 	-59.243157 	-58.032912 	
9.778353 	-10.710550 	-14.716198 	-15.516248 	-23.702963 	-29.012967 	-50.658804 	-58.770816 	-61.888743 	-59.444045 	-59.987743 	-58.136165 	-60.175766 	-57.907605 	-59.136636 	-61.525412 	-58.514485 	
10.439747 	-8.626513 	-11.660859 	-12.769511 	-26.198484 	-42.624592 	-50.813332 	-54.310566 	-58.492302 	-59.608425 	-57.004596 	-58.148782 	-57.792215 	-57.141941 	-57.850647 	-58.499548 	-57.555787 	-59.922353 	-57.380863 	-57.608532 	-58.341178 	-57.568990 	-56.988177 	-57.026668 	
9.169934 	-4.479755 	-2.509754 	-8.406928 	-11.038687 	-12.859894 	-21.002706 	-24.923338 	-25.570879 	-25.651788 	-29.828039 	-29.274358 	-33.726943 	-33.367463 	-35.059564 	-35.479973 	-37.421475 	-40.991935 	-41.037108 	-45.184590 	-46.413691 	-46.389551 	
9.958370 	2.500888 	-4.442073 	-12.407542 	-31.921504 	-35.955563 	-44.331865 	-58.439311 	-57.299462 	-60.584401 	-58.916443 	-60.519309 	-61.766259 	-59.228076 	-58.261312 	-57.265306 	-59.093351 	-59.910711 	-59.681705 	-57.257698 	
9.831825 	-16.798441 	-37.590968 	-42.609421 	-56.361619 	-60.206109 	-56.812955 	-58.610586 	-58.514606 	-58.006690 	-58.824414 	-58.390348 	-59.277143 	-60.927846 	-58.864219 	-59.630718 	
9.634245 	-2.732449 	-8.539655 	-17.885824 	-34.538556 	-30.930943 	-35.803479 	-46.931520 	-58.016434 	-58.133292 	-59.110153 	-59.324451 	-58.135019 	-57.930809 	-58.705948 	-59.458413 	-57.957175 	
9.166742 	-2.046957 	-8.785889 	-24.137579 	-27.639496 	-31.993944 	-43.397775 	-53.999369 	-58.685835 	-57.371428 	-60.498516 	-60.847621 	-60.636774 	-59.839082 	-58.636284 	
9.843987 	1.885277 	-8.027665 	-17.751860 	-18.591070 	-21.079010 	-26.070028 	-33.380611 	-54.422456 	-57.193152 	-58.431171 	-59.321074 	-58.494748 	-60.526820 	-58.583761 	-58.704751 	-58.841033 	
10.090087 	3.330426 	-2.405571 	-37.078787 	-37.541992 	-54.745144 	-57.763878 	-59.565145 	-61.869447 	-58.203889 	-57.337936 	-57.770603 	-60.253356 	-57.869017 	-57.622594 	-57.899365 	-57.379796 	
9.621537 	-3.003546 	-26.696533 	-29.480348 	-30.139900 	-36.511737 	-36.636474 	-41.750555 	-38.710141 	-42.122769 	-45.214990 	-49.224530 	-47.955996 	-49.413158 	-50.165742 	-52.754876 	-56.402069 	-55.744011 	-58.313762 	
9.331194 	-58.077988 	-60.334660 	-59.761802 	-59.718800 	-58.501384 	-59.360686 	-60.234034 	-58.798668 	-58.773315 	-59.727785 	-58.732885 	-58.395540 	
9.361125 	3.050421 	1.275569 	-3.260562 	-10.504761 	-16.817979 	-18.040169 	-18.587420 	-21.919540 	-19.989169 	-35.396104 	-38.238581 	-40.714545 	-45.302110 	
9.874379 	-2.884728 	-10.822558 	-11.749475 	-13.662886 	-23.590244 	-24.235435 	-24.943448 	-29.787476 	-31.854564 	-34.475403 	-36.222696 	-39.806472 	-40.400677 	
9.611544 	6.646211 	-2.327536 	-14.457261 	-17.110608 	-17.869601 	-24.798510 	-25.525111 	-30.846029 	-29.930374 	-34.205421 	-50.383415 	-52.292018 	-56.576313 	-57.722939 	-57.552267 	-56.918146 	-58.611125 	
