9.874749 	3.351319 	-30.661385 	-32.911911 	-35.637366 	-52.305865 	-56.506799 	-57.906945 	-61.587465 	-63.552421 	-59.533164 	-59.137535 	-59.843980 	-61.299179 	-59.596339 	-62.425891 	-58.766330 	-60.127132 	-60.127006 	-59.595597 	-60.385007 	-58.305604 	-63.297142 	-57.399235 	
10.127770 	-9.336735 	-35.172084 	-38.196883 	-58.357642 	-58.468026 	-59.428212 	-58.424589 	-58.922035 	-57.387618 	-57.528863 	-60.159507 	
9.685519 	0.675125 	3.209271 	-17.001618 	-36.417503 	-38.063512 	-36.975426 	-41.733720 	-54.785188 	-58.535555 	-58.682671 	-58.612366 	-59.278192 	-58.907209 	-62.394093 	-59.863870 	-59.243369 	-59.205500 	-64.457817 	-58.222228 	-59.892838 	-58.185276 	-57.892746 	-58.857769 	-58.764787 	-59.030508 	
9.537799 	-13.355278 	-21.708124 	-44.833846 	-54.335608 	-58.713936 	-57.323881 	-59.692964 	-57.847124 	-58.143047 	-61.259353 	-57.487910 	-60.447722 	
10.319768 	5.145691 	-4.664076 	-14.210951 	-12.688739 	-15.070061 	-41.993555 	-42.046175 	-43.481837 	-56.929565 	-59.840165 	-57.678270 	-57.818569 	-57.572298 	-59.615299 	-56.968262 	-60.788243 	-59.210011 	-59.150894 	-58.271535 	-58.974413 	-58.453854 	
9.981822 	4.551097 	-7.124381 	-7.456022 	-12.686940 	-23.016004 	-27.838299 	-59.389083 	-61.577933 	-59.680101 	-57.422687 	-58.867887 	-58.266771 	-58.004621 	-60.496601 	-58.741715 	-60.768779 	-60.814814 	-61.058893 	-58.118851 	-57.637735 	-58.909349 	-57.788120 	
9.897180 	-19.108625 	-26.552807 	-39.153252 	-46.789130 	-53.539465 	-56.563490 	-58.068988 	-58.299674 	-59.316031 	-58.042859 	-59.068430 	-58.697326 	-58.789657 	-57.496421 	-61.450983 	-57.553275 	-58.048263 	
9.683414 	-0.161590 	-7.797717 	-13.237084 	-41.165951 	-56.192959 	-59.612849 	-57.797942 	-59.223311 	-57.771696 	-62.488597 	-58.859046 	-58.372610 	-60.379012 	-58.520869 	-57.456943 	
9.943316 	-20.692507 	-28.080758 	-34.317070 	-33.981080 	-39.952712 	-50.115052 	-58.971768 	-58.655265 	-58.126996 	-57.503759 	-60.659602 	-57.651963 	-58.033796 	-58.618007 	-60.494963 	-59.714900 	-57.908044 	-58.411453 	-57.638992 	
9.459884 	-10.255142 	-22.243812 	-40.296990 	-41.914025 	-60.008708 	-57.573495 	-58.766704 	-61.140156 	-57.455212 	-60.119653 	-58.979020 	-59.403889 	-60.664976 	-57.758143 	-58.307901 	-59.912032 	-60.269300 	
10.149958 	-9.142916 	-19.789435 	-19.420220 	-34.934410 	-56.588221 	-56.367421 	-59.217874 	-58.701050 	-58.763731 	-58.088051 	-57.571319 	-58.234410 	-59.538384 	
10.048524 	-6.174188 	-6.290678 	-23.725723 	-37.076050 	-60.534738 	-57.194047 	-58.458135 	-58.359051 	-59.532208 	-58.765896 	-58.399204 	-58.245706 	-58.975687 	-58.140462 	-58.583116 	-58.782939 	-58.242903 	-58.346924 	
9.689722 	1.575634 	-8.075177 	-12.980080 	-29.220296 	-37.636960 	-42.644029 	-55.757811 	-52.373032 	-58.618667 	-59.954263 	-59.230208 	-57.215326 	-59.091707 	-58.360578 	-58.552860 	-60.421285 	-60.259952 	-58.295481 	
10.035180 	-39.106775 	-49.113079 	-59.183263 	-57.479832 	-58.560682 	-57.826003 	-57.800631 	-60.255797 	-59.342687 	-57.368421 	-60.462670 	-57.358544 	-59.552975 	-59.215033 	-59.682498 	
9.940122 	-40.500999 	-57.891131 	-58.121334 	-58.457455 	-60.554312 	-57.326113 	-62.825151 	-62.443173 	-59.647766 	-59.560423 	-58.811568 	-58.820547 	
9.636744 	-14.688416 	-26.386115 	-30.643854 	-35.676995 	-34.941024 	-58.674383 	-57.469960 	-59.896750 	-59.481932 	-59.722584 	-58.206861 	-58.012904 	-59.170496 	-58.986170 	-59.437070 	-59.540772 	-59.051646 	-59.110282 	
9.755544 	-57.867535 	-58.482660 	-60.597257 	-59.866368 	-58.809169 	-61.656625 	-59.050437 	-59.262789 	-58.884830 	-60.032891 	-60.312071 	-58.861698 	-61.353017 	-59.936886 	-59.202151 	-60.628513 	-60.531656 	-59.502513 	
9.593466 	5.465704 	-27.246595 	-35.449965 	-35.715466 	-39.859451 	-45.134860 	-59.832578 	-58.443272 	-60.027151 	-58.647297 	-60.004341 	-59.914002 	-58.081125 	-59.584609 	-59.264897 	-58.737114 	-59.118434 	-59.468075 	-59.454796 	-59.587007 	-59.305477 	-58.674115 	-59.145427 	-60.233853 	
9.478449 	-20.044538 	-40.318787 	-42.577628 	-44.103927 	-58.949390 	-57.704560 	-60.170627 	-58.401423 	-59.231018 	-58.227351 	-57.786130 	-60.089990 	-59.216030 	-58.680167 	-62.568669 	
9.666493 	3.075384 	-27.296574 	-31.392117 	-39.068734 	-48.172153 	-53.278179 	-59.774918 	-58.170158 	-59.069847 	-57.990321 	-58.812865 	-57.720520 	-63.224434 	-59.147353 	-59.417425 	-58.254596 	
