10.016085 	-1.642651 	-7.618137 	-18.302261 	-35.198940 	-37.066089 	-57.594836 	-57.718223 	-56.948345 	-63.697663 	-59.114157 	-57.439284 	-56.687264 	
9.510640 	-0.676488 	-4.922904 	-5.712290 	-9.918259 	-14.413184 	-35.456690 	-49.382311 	-58.998003 	-57.812031 	-58.129523 	-59.113670 	-57.898039 	-59.983523 	-57.820138 	-58.443955 	-58.190016 	-58.224836 	-59.059660 	
9.948287 	2.326469 	-0.009771 	-12.065237 	-20.056302 	-32.462575 	-41.162880 	-57.729416 	-58.136107 	-58.890580 	-59.853664 	-58.845064 	-60.357960 	-58.672254 	-59.274792 	-58.031579 	-60.085120 	-60.924404 	-57.551278 	-60.552438 	
9.610757 	-11.378653 	-42.351009 	-60.541073 	-59.032837 	-60.213473 	-57.911851 	-61.698669 	-58.082142 	-61.274217 	-58.513793 	-60.432824 	
9.371491 	-14.162296 	-34.938784 	-50.973030 	-50.876066 	-52.332174 	-59.210861 	-56.837149 	-60.732838 	-58.147474 	-60.846423 	-57.728920 	-58.757656 	-58.894074 	-57.476281 	-61.145461 	-58.403270 	-59.702271 	-60.160526 	
9.586930 	-3.844028 	-28.678899 	-41.244251 	-50.085552 	-54.874629 	-60.703709 	-60.991974 	-59.056470 	-59.460990 	-60.339837 	-58.228877 	-58.174385 	-59.724486 	-59.347724 	-62.483220 	-60.055413 	-59.405727 	-62.542908 	-59.264252 	-59.966882 	
9.897390 	-57.916875 	-60.010437 	-58.647901 	-58.630027 	-59.801849 	-59.550069 	-58.385049 	-59.549100 	-58.150765 	-58.672975 	-61.176893 	-58.306742 	-59.100205 	
9.320589 	-0.586456 	-14.029103 	-22.818814 	-33.757003 	-40.748770 	-45.773089 	-58.717525 	-60.828045 	-59.433069 	-59.622630 	-58.248589 	-59.731222 	-58.340727 	-59.948528 	-57.639390 	-59.109838 	
9.196960 	-27.131935 	-58.024604 	-58.416428 	-60.247002 	-61.465143 	-63.284446 	-59.963566 	-58.862456 	-62.259999 	-59.253480 	-58.666930 	-59.240974 	-59.270438 	-60.911831 	-60.583273 	-60.138549 	-58.930492 	-59.853501 	
9.630303 	-8.235523 	-13.289839 	-11.882495 	-13.625355 	-23.728390 	-25.190591 	-33.192861 	-37.612858 	-38.677621 	-44.241520 	-52.169596 	-50.841626 	-51.900965 	-58.544424 	-58.016898 	-59.685109 	-57.032206 	-58.671129 	-58.247635 	
9.291027 	-6.191015 	-9.488649 	-15.033823 	-29.222946 	-38.998529 	-51.570149 	-53.653374 	-58.181090 	-57.797204 	-57.158641 	-57.081627 	-57.698062 	
9.995645 	5.161549 	1.160928 	-9.317828 	-13.289065 	-22.784563 	-27.173147 	-26.402820 	-26.623301 	-30.561209 	-60.494741 	-57.894803 	-58.265362 	-58.319403 	-56.955487 	-60.914993 	-57.075712 	
9.425159 	5.689482 	3.751716 	4.297250 	4.855355 	1.464316 	-1.796028 	-4.703668 	-5.000039 	-4.897988 	-4.454918 	-5.498692 	-5.896136 	-8.721231 	-9.498447 	-8.457880 	-11.155573 	-9.881856 	-11.676268 	
9.936395 	-2.009771 	-20.169387 	-26.936925 	-25.896491 	-30.689189 	-58.227433 	-61.329313 	-60.078439 	-61.012712 	-60.182422 	-58.427126 	-56.966491 	-58.798646 	-59.040722 	
9.480502 	4.191356 	-0.627862 	-7.102617 	-13.914424 	-24.125807 	-30.111454 	-39.831327 	-36.738134 	-49.308520 	-55.368348 	-58.957706 	-62.405776 	-59.395535 	-60.137878 	-58.772703 	-59.600728 	-59.647835 	-59.107828 	-59.565598 	-58.428169 	-57.555960 	
9.757049 	-3.585090 	-23.895735 	-26.411119 	-26.427473 	-43.171375 	-56.819236 	-57.630374 	-57.990607 	-59.761909 	-58.791010 	-58.461134 	-58.859023 	-58.027601 	-57.344091 	-58.119906 	-59.515051 	-58.279767 	-58.373450 	-58.812516 	
9.752090 	4.857385 	-10.765094 	-12.109021 	-16.651956 	-24.239016 	-44.252975 	-53.416997 	-58.356394 	-58.612738 	-58.108265 	-59.657494 	-57.374000 	-59.360274 	-58.309856 	-58.822015 	-58.545264 	-59.239110 	-59.040574 	-59.698439 	-59.247913 	-58.535670 	
9.498778 	-20.543959 	-26.287793 	-34.290580 	-46.662407 	-49.385960 	-51.125999 	-56.647513 	-57.712733 	-59.237253 	-59.226881 	-57.616526 	-58.591079 	-57.939004 	-58.791057 	-58.428024 	-57.728381 	-58.621877 	-59.342846 	
10.031828 	3.478906 	3.339058 	-2.008467 	-5.406571 	-11.234092 	-22.274248 	-34.143308 	-53.141985 	-57.869326 	-57.181060 	-59.668115 	-57.278828 	-59.696430 	-57.940329 	-58.777778 	-58.119129 	-59.455792 	-59.404917 	-59.177448 	-57.890205 	
9.711694 	4.717741 	0.439166 	-4.255799 	-9.512280 	-6.167252 	-8.771689 	-12.715013 	-13.085974 	-13.346074 	-19.561585 	-21.927048 	-23.706703 	-27.718663 	-25.275846 	-27.196664 	-29.192688 	-29.126606 	
9.739260 	-5.738670 	-14.088219 	-25.889378 	-28.998886 	-45.652372 	-58.066161 	-60.758106 	-59.818805 	-58.620812 	-58.811546 	-58.746992 	-58.613342 	-59.246146 	-59.081343 	-58.913706 	-59.221135 	
