9.381981 	8.187853 	-2.048514 	-13.857996 	-44.850801 	-57.036819 	-58.186100 	-60.022768 	-60.820751 	-59.112528 	-59.526909 	-58.026949 	-59.449116 	-59.611770 	-60.318711 	-58.567779 	-57.838779 	-58.073607 	
9.683621 	-0.109790 	-14.875924 	-23.653920 	-28.634487 	-51.970217 	-56.801356 	-57.749409 	-57.344417 	-60.420438 	-57.714753 	-59.087755 	-57.758072 	
9.798836 	-16.005285 	-45.489939 	-48.631415 	-60.526486 	-59.324940 	-58.624694 	-59.051432 	-59.002758 	-62.232419 	-57.383461 	-58.299035 	
9.747491 	-8.018173 	-8.306269 	-21.544753 	-29.804502 	-42.396560 	-42.991531 	-48.788127 	-58.519323 	-61.132906 	-59.156927 	-60.241407 	-60.208769 	-59.538702 	-61.076569 	-61.076604 	-57.857487 	-59.771405 	-59.511115 	
9.527277 	-2.381914 	-9.690033 	-9.886052 	-18.989060 	-18.469060 	-21.869828 	-44.274892 	-46.770102 	-52.002897 	-53.368657 	-53.444509 	-59.417949 	-57.296540 	-56.975356 	-59.024032 	-59.194354 	-57.899442 	-59.810252 	-58.358319 	-59.268559 	-60.192556 	-58.696610 	
9.681625 	7.694447 	-9.975761 	-18.699998 	-20.854139 	-36.475471 	-47.356337 	-50.962703 	-53.467792 	-57.957156 	-60.144848 	-57.585823 	-57.595098 	-60.690474 	-58.590617 	-57.754282 	-58.572641 	-58.060883 	-61.068415 	-57.328515 	
9.701543 	-12.919391 	-35.380816 	-39.008624 	-39.793296 	-40.772480 	-45.468505 	-58.976376 	-58.638068 	-61.937614 	-58.283011 	-57.498900 	-59.317289 	-58.107008 	-58.253142 	
9.785548 	6.722028 	-24.939352 	-43.671472 	-57.563617 	-57.640316 	-58.973181 	-60.150641 	-57.672065 	-58.565938 	-60.109377 	-59.335707 	-58.017268 	-57.932751 	
9.727603 	5.296849 	-0.641773 	-12.951047 	-14.512759 	-15.637037 	-23.216533 	-43.987338 	-55.263450 	-58.548074 	-58.253391 	-58.215442 	-57.902153 	-58.366078 	-62.307061 	-58.074490 	
9.661517 	4.739564 	1.254983 	-0.653887 	-24.799137 	-43.411691 	-55.567081 	-59.049465 	-59.164039 	-58.568697 	-59.220446 	-59.755921 	-60.830655 	-59.896448 	-59.048659 	-57.866379 	-60.733742 	-59.559986 	
9.875119 	-25.017822 	-34.640255 	-37.835967 	-44.108722 	-46.190099 	-59.072355 	-59.451503 	-64.119680 	-58.500742 	-60.475424 	-59.234017 	-59.444887 	-58.954736 	-58.726047 	-57.998453 	-59.882314 	-59.150657 	-59.738308 	-61.017810 	-60.219559 	-58.549973 	-60.247067 	
9.889918 	-1.869466 	-4.025601 	-7.514106 	-15.204573 	-25.730443 	-27.945826 	-34.244173 	-40.819524 	-44.773355 	-49.717588 	-54.909933 	-57.336202 	-58.791242 	-59.973366 	-58.677168 	-62.454497 	-60.052305 	-59.257298 	-59.182027 	-58.742009 	-57.411940 	-58.471489 	-59.404770 	-58.961933 	
9.908325 	5.718121 	-8.276893 	-8.633358 	-36.011534 	-36.746665 	-58.336391 	-58.741750 	-59.913851 	-61.089997 	-59.599688 	-57.575903 	-58.188966 	-61.439597 	-58.139762 	
9.925208 	-2.496759 	-15.355641 	-22.180761 	-18.277668 	-17.929755 	-21.976545 	-23.042283 	-24.048662 	-34.569826 	-40.338791 	-51.439755 	-50.655613 	-55.827356 	-60.020412 	-61.867477 	-57.862778 	-59.351800 	-57.928220 	-60.447057 	-57.664223 	-61.004914 	-57.951999 	-60.146410 	-59.528732 	-61.010467 	-59.483157 	-59.166803 	-58.037639 	
9.522900 	8.560467 	-14.953278 	-18.174453 	-19.936292 	-57.911063 	-57.054805 	-58.567876 	-57.560042 	-58.980146 	-59.559728 	-57.400001 	-58.402108 	-58.265315 	-59.834710 	
9.960338 	-11.153126 	-11.263413 	-40.208794 	-50.693573 	-58.763265 	-58.231649 	-58.897252 	-57.321387 	-57.206674 	-59.493019 	-58.869173 	-58.874192 	-58.382517 	
9.813614 	-1.748894 	-12.803331 	-20.096119 	-25.200087 	-48.456614 	-57.963209 	-57.733490 	-58.844322 	-57.971816 	-58.834807 	-59.268372 	-57.517298 	-58.046783 	-58.848099 	-59.840927 	
9.448676 	-6.444070 	-11.382584 	-34.639576 	-38.676271 	-38.592852 	-58.416903 	-59.447906 	-58.829276 	-60.337818 	-58.408496 	-58.106916 	-57.984807 	-58.429080 	-58.055365 	-60.862517 	-57.103623 	
10.268265 	7.592422 	-58.348632 	-58.484515 	-58.759796 	-58.372130 	-57.904239 	-59.317070 	-58.496048 	-57.431460 	-58.679956 	-57.780584 	-57.616098 	-57.384904 	-58.287812 	-59.386746 	-59.267646 	-58.054776 	-58.304818 	
9.347981 	2.146437 	-32.472089 	-58.680598 	-58.888586 	-58.490163 	-58.760197 	-57.927664 	-58.300404 	-62.434013 	-58.892517 	-59.790016 	-58.611365 	
