10.024591 	-9.196742 	-32.166986 	-37.043068 	-47.961571 	-59.135772 	-59.144431 	-61.121534 	-58.272825 	-60.102359 	-58.361940 	-59.164264 	-58.514156 	-60.273536 	-58.524121 	-58.705516 	-62.096510 	-59.079357 	-60.214287 	-59.363423 	-58.766201 	
9.651879 	5.875462 	3.068735 	-8.038612 	-25.520017 	-38.191866 	-61.493945 	-58.497445 	-60.326610 	-59.723787 	-58.617192 	-57.318753 	
9.757086 	5.853391 	5.583816 	-1.471464 	-3.292323 	-5.897806 	-4.904247 	-12.232855 	-21.233082 	-20.534317 	-22.633096 	-27.459790 	-26.115246 	-27.544262 	-31.048040 	-31.788279 	-33.171950 	-35.073294 	-35.281070 	-38.414779 	-37.272476 	-39.282651 	
9.904716 	3.787624 	2.426222 	-22.119312 	-34.088478 	-43.543505 	-46.862868 	-51.560955 	-54.271422 	-55.557721 	-56.878193 	-56.895844 	-56.548671 	-56.138731 	
9.775748 	3.640364 	3.325123 	2.943093 	3.308329 	0.105179 	-3.323361 	-3.476979 	-2.918186 	-5.877857 	-8.720421 	-5.656655 	-11.016639 	-10.243728 	-10.615244 	-11.879029 	-12.283216 	
9.871117 	-28.460633 	-28.355377 	-42.563970 	-45.873579 	-47.356252 	-50.606903 	-57.551955 	-59.362187 	-57.771333 	-59.217447 	-58.833102 	-59.777167 	-59.803075 	-59.636531 	-59.159576 	-63.354357 	
9.995960 	1.585824 	1.577505 	-4.407627 	-8.667451 	-9.397464 	-28.624440 	-47.589210 	-50.318530 	-50.821872 	-53.749683 	-58.376255 	-59.361735 	-60.255063 	-56.997328 	-58.160973 	-57.537057 	-57.880399 	-60.328383 	-58.088775 	-57.246575 	-60.311002 	
9.609357 	-4.118965 	-8.977775 	-36.821348 	-54.792434 	-59.475299 	-60.206024 	-57.769113 	-59.663323 	-61.196099 	-60.659766 	-60.472798 	-59.140789 	-60.232884 	-59.041230 	-58.863734 	-58.551705 	-58.993683 	-58.212088 	
9.605100 	5.044335 	2.739113 	-40.066426 	-44.296529 	-50.194964 	-58.463880 	-58.227576 	-58.984257 	-60.580122 	-57.578162 	-60.079371 	-58.422221 	-58.106248 	-59.710605 	-58.225385 	
9.990431 	-3.267783 	-18.374514 	-20.716341 	-21.806842 	-20.220898 	-22.608709 	-34.697797 	-36.623644 	-38.608067 	-58.012528 	-56.258913 	-55.832302 	-56.483653 	-57.721401 	-56.676546 	-56.533760 	-58.587086 	-59.056479 	-58.314314 	
9.641582 	3.390461 	-5.318239 	-10.344680 	-18.637588 	-28.170194 	-26.289731 	-25.184816 	-29.631573 	-46.955599 	-48.829797 	-48.738729 	-51.945239 	-51.163894 	-52.598980 	-55.340402 	-55.982375 	-57.264848 	-56.475669 	
10.095735 	0.736277 	0.480646 	-16.946732 	-15.942679 	-22.096101 	-26.590238 	-37.458450 	-39.196789 	-39.226830 	-40.266429 	-40.230644 	-42.119352 	-40.245225 	-44.693788 	-44.710249 	-48.758723 	-52.250526 	-57.836079 	-58.436807 	
9.705110 	4.886407 	0.247702 	-21.880208 	-35.815751 	-37.351028 	-34.500431 	-58.234183 	-58.246899 	-58.036096 	-57.130598 	-56.836540 	-57.121691 	
9.713405 	-30.203986 	-39.937832 	-38.152948 	-40.821452 	-39.444892 	-38.791598 	-46.821840 	-48.719230 	-53.760231 	-55.915743 	-58.011872 	
9.958660 	-0.961160 	-8.741720 	-11.133298 	-16.444370 	-29.899407 	-42.069878 	-44.191049 	-60.355369 	-59.278106 	-58.248980 	-58.540098 	-58.697856 	-57.582567 	-60.273625 	-57.977714 	-60.978030 	-57.704170 	
9.906480 	1.900215 	-0.120367 	-8.495633 	-26.887256 	-27.102880 	-29.938105 	-30.552030 	-54.967768 	-62.150215 	-59.546057 	-59.986185 	-58.312902 	-58.410631 	-57.659202 	-60.168672 	-59.389804 	-58.711165 	-59.905675 	-58.639523 	
9.961225 	-11.326914 	-8.963653 	-11.761047 	-22.499934 	-23.649303 	-35.337293 	-36.668224 	-42.078167 	-43.249072 	-46.108459 	-49.303659 	-49.076319 	-55.359814 	
10.081929 	-4.220207 	-13.190714 	-16.915450 	-20.880832 	-21.725973 	-27.103396 	-43.284583 	-47.342821 	-48.126039 	-50.577704 	-51.101458 	-57.804597 	-55.663896 	-55.741951 	-56.281199 	
9.812264 	6.660520 	4.029668 	-9.403356 	-8.326757 	-14.876424 	-19.893564 	-23.613539 	-25.559621 	-26.534116 	-27.899610 	-32.819054 	-37.911619 	-48.274483 	-50.982492 	-51.893952 	-53.367662 	-57.611150 	-56.243036 	-57.239298 	-58.461485 	-57.869219 	-58.374773 	-57.677879 	
10.042131 	7.544553 	0.770511 	2.054849 	-2.913877 	-7.190355 	-12.885100 	-17.639655 	-24.757026 	-25.902198 	-24.003124 	-30.001942 	-32.640980 	-35.395906 	-39.103763 	-39.631880 	-40.306279 	-47.874932 	-46.700621 	-48.799137 	-47.131951 	-49.398242 	-51.233454 	-52.465876 	
