9.679122 	-17.494842 	-57.249977 	-58.632386 	-58.631346 	-60.282459 	-58.246431 	-59.566873 	-58.866312 	-60.484620 	-58.024437 	-59.307758 	-57.118472 	
9.473404 	-39.520074 	-51.554381 	-59.754876 	-58.810780 	-60.074100 	-58.159040 	-59.391406 	-62.852335 	-60.138414 	-63.657307 	-60.099414 	-58.200689 	-60.236257 	-58.349246 	-58.886448 	-60.572373 	-59.078307 	-61.097786 	-58.301140 	
9.887521 	-9.503590 	-11.971428 	-21.921431 	-26.244126 	-26.758810 	-29.819065 	-34.104421 	-37.031053 	-43.791984 	-42.996948 	-59.913126 	-57.007798 	-56.323604 	-57.341314 	-57.689335 	-57.522506 	-56.637889 	-58.661209 	
9.415746 	5.013087 	2.625849 	1.382796 	-24.253370 	-57.695978 	-57.578464 	-57.924153 	-57.461659 	-60.515801 	-59.453233 	-56.875589 	-60.332075 	-59.437595 	-60.311827 	-58.484689 	-61.410700 	-58.464922 	
10.057328 	3.746272 	3.768594 	0.588280 	-17.499086 	-29.419036 	-29.122983 	-40.433674 	-53.582648 	-57.882624 	-58.744406 	-57.318968 	-59.495037 	-58.181573 	-58.094827 	-58.976406 	-56.849278 	-58.823574 	
9.828274 	-5.029147 	-31.103505 	-38.324578 	-56.829228 	-59.301700 	-57.539367 	-58.245771 	-59.126315 	-57.728352 	-57.581018 	-59.864135 	
10.316017 	-22.298578 	-35.626854 	-49.873589 	-53.513496 	-56.070053 	-56.883200 	-58.019465 	-58.473727 	-58.036602 	-56.957065 	-57.622625 	-60.215075 	-59.028206 	-59.682816 	-60.759976 	-59.334131 	
9.776955 	-16.175110 	-24.259956 	-29.172400 	-34.112517 	-56.222506 	-59.562854 	-61.779184 	-60.112888 	-60.431303 	-58.228971 	-58.644482 	-59.418846 	-58.708923 	-60.490226 	-57.338852 	-58.890249 	-59.375801 	-59.082204 	-58.509016 	-57.984567 	-62.459326 	-58.576813 	-61.063084 	-60.461408 	
10.123807 	-1.026016 	-4.689187 	-57.354620 	-57.349841 	-57.477344 	-57.769790 	-59.126431 	-58.356616 	-59.255828 	-62.270835 	-57.416143 	-59.068372 	-59.077588 	-59.643527 	-66.393575 	-59.487981 	-58.510338 	-59.664437 	-59.239968 	-59.415257 	-59.083814 	-57.580362 	-59.231056 	
9.403587 	-23.267736 	-42.789588 	-59.772764 	-57.547234 	-58.376103 	-58.444184 	-59.124488 	-59.617795 	-59.104257 	-58.043140 	-59.379071 	-59.219109 	-57.721736 	-59.097107 	
9.633853 	-3.720004 	-28.484457 	-54.493047 	-58.309852 	-59.166525 	-59.901938 	-59.639441 	-61.139703 	-59.069287 	-59.172236 	-59.678061 	-59.168946 	-57.441195 	-59.620842 	-58.949235 	-57.589097 	-60.333110 	-58.669819 	-58.781785 	-58.758916 	-59.712929 	
9.596016 	-25.127307 	-37.041147 	-44.863040 	-55.492269 	-57.536166 	-59.938063 	-58.075308 	-58.306182 	-61.060542 	-59.253774 	-58.735048 	-58.654419 	-59.208630 	-59.247304 	-61.756919 	-61.418228 	-58.622774 	-58.216203 	-58.959625 	-58.651066 	-58.277153 	
9.817637 	3.927925 	-2.323649 	-57.607245 	-59.649479 	-58.628974 	-58.996049 	-57.818450 	-61.097607 	-59.370074 	-59.228988 	-58.224543 	-61.561285 	-59.744847 	-58.789073 	
10.443948 	-6.292501 	-8.274860 	-54.170248 	-57.443401 	-59.978001 	-59.217789 	-56.901727 	-58.192291 	-56.915895 	-57.270848 	-58.336468 	-63.177531 	-58.341234 	-61.261218 	-58.393363 	-58.401721 	-59.958215 	-58.221311 	-59.178569 	-57.581458 	
9.939266 	2.118761 	-12.210347 	-18.001680 	-16.305360 	-24.407763 	-26.917883 	-54.987009 	-57.937673 	-58.999761 	-58.355748 	-58.371395 	-58.272119 	-60.492780 	-60.170817 	-59.375076 	-58.866753 	
9.556036 	-56.058427 	-55.592098 	-57.129179 	-58.458427 	-59.718407 	-58.509642 	-59.192014 	-58.702977 	-61.082008 	-57.489828 	-62.486903 	-59.528538 	-59.778798 	-58.835989 	-61.751858 	
9.801629 	-13.105126 	-19.147731 	-22.957552 	-35.416323 	-37.906657 	-39.128305 	-43.857383 	-49.707573 	-49.348828 	-57.073889 	-59.581124 	-57.992713 	-57.932689 	-59.999556 	-58.647935 	-59.101855 	-58.491039 	-57.660270 	-57.527113 	
10.094003 	-0.317250 	-4.547304 	-11.247927 	-33.269392 	-30.823793 	-40.773323 	-47.359118 	-55.262538 	-57.908584 	-59.543825 	-58.021311 	-59.960516 	-61.053550 	-57.470768 	-58.087094 	-58.973244 	-58.686401 	-57.467956 	-57.757036 	-59.415073 	-58.216508 	
9.708255 	3.437025 	-23.842415 	-24.745485 	-40.068699 	-55.436550 	-59.002858 	-58.375064 	-58.102802 	-58.009338 	-60.067018 	-59.830408 	-58.754817 	-58.485284 	-59.323831 	-61.930457 	-57.904401 	-60.062079 	
9.739014 	1.941014 	-17.020888 	-22.428008 	-57.056162 	-57.588993 	-59.232359 	-59.326161 	-60.213350 	-58.883113 	-60.661748 	-57.465415 	-59.424989 	-59.148495 	
