9.859348 	1.049609 	-13.638272 	-25.663641 	-44.409628 	-44.278232 	-53.896543 	-56.676806 	-57.105384 	
9.814893 	3.785276 	1.416211 	-2.313001 	-9.721489 	-20.426542 	-29.100114 	-38.982033 	-52.740879 	-54.914366 	-57.033630 	-57.173631 	-58.228291 	-60.666933 	-57.204853 	-59.811895 	-58.782989 	-57.819898 	-58.051210 	-57.808921 	-57.866373 	-60.094312 	
9.692676 	7.999053 	-8.861211 	-14.509258 	-15.452444 	-38.364436 	-42.826669 	-49.277371 	-47.410026 	-49.621393 	-55.046422 	-51.185012 	-52.442456 	-55.174005 	-57.169088 	-57.324233 	-58.441868 	-55.927188 	-57.241653 	-58.432122 	-58.023461 	-56.840175 	
9.866134 	-36.408265 	-56.492687 	-58.386555 	-59.691896 	-57.899271 	-58.653332 	-61.165383 	-60.811738 	-58.159789 	-58.060092 	-59.576824 	-60.531870 	-59.038170 	-59.302982 	-58.986813 	-58.467212 	-61.539062 	-66.861560 	-59.215119 	-58.077643 	-59.058635 	-60.825785 	-58.827091 	-59.834109 	
9.789106 	-0.440116 	-5.277709 	-8.511209 	-12.678018 	-12.083792 	-21.540495 	-24.736531 	-27.697131 	-35.291755 	-56.866317 	-56.449354 	-57.270892 	-57.167071 	
9.943768 	-21.990100 	-22.637288 	-22.742702 	-30.859919 	-35.202740 	-41.739575 	-53.149399 	-54.213163 	-55.998222 	-57.942473 	-58.486663 	-57.479795 	-58.588706 	-58.040831 	-59.779870 	-57.204860 	-56.735553 	
10.100184 	-12.739766 	-18.129456 	-32.009944 	-32.029890 	-42.899158 	-42.989442 	-50.144211 	-57.742576 	-57.846018 	-58.455777 	-58.767250 	-57.766129 	-59.558649 	-58.197762 	-57.824661 	-57.843375 	-58.815861 	-58.379631 	-57.825424 	
9.777173 	-1.836606 	-14.261041 	-17.255989 	-40.275441 	-53.943355 	-58.185915 	-59.557208 	-61.241364 	-57.557474 	-58.524833 	-58.392120 	-59.581882 	-59.076771 	-60.067673 	-58.647080 	-58.980389 	-58.477126 	-59.708705 	
9.568817 	-0.309211 	0.334425 	-8.409354 	-7.878073 	-6.193485 	-10.976921 	-11.145295 	-11.265768 	-11.848227 	-13.066160 	-18.621340 	
9.921027 	4.242273 	2.528837 	0.307710 	-3.137516 	-6.410321 	-2.173347 	-4.151201 	-6.327358 	-5.968040 	-7.017869 	-7.950388 	-8.706387 	-9.818550 	-8.524404 	-9.822274 	-11.721576 	-10.660996 	-12.233658 	-11.013121 	-11.856257 	-15.247661 	-13.841559 	-13.675392 	-15.757487 	-13.551868 	
9.876461 	0.973903 	-36.591443 	-46.260392 	-58.016334 	-59.823554 	-60.373671 	-57.408390 	-58.822025 	-58.884206 	-61.727800 	-57.516870 	-58.929319 	
9.939582 	-3.697353 	-11.178619 	-14.058488 	-34.151255 	-44.551711 	-47.307491 	-57.550924 	-57.921736 	-61.327942 	-58.107234 	-59.429432 	-58.627098 	-59.683343 	-58.953163 	-57.562612 	-59.535175 	-58.907163 	-60.134737 	-60.013742 	-60.243855 	-60.625738 	
10.101909 	3.956742 	2.597481 	2.034654 	-7.180672 	-7.336370 	-5.571909 	-11.789782 	-15.124451 	-19.207262 	-19.693784 	-21.228402 	-20.992593 	-20.117497 	-25.891007 	
9.824174 	-30.860536 	-51.641059 	-54.092429 	-54.793923 	-60.392959 	-60.008233 	-58.831684 	-58.516008 	-59.269347 	-59.715195 	-58.948248 	-59.591188 	-59.578861 	-59.869954 	-62.865779 	-60.287598 	
10.024509 	1.532335 	2.121144 	-7.391681 	-17.797935 	-28.338582 	-37.456674 	-40.848422 	-43.839181 	-50.107351 	-51.158839 	-57.325844 	-59.114377 	-59.285710 	-57.503278 	-58.478529 	-57.266752 	-57.388490 	
9.825511 	5.790318 	-1.474648 	-6.672977 	-17.644398 	-21.474946 	-23.615674 	-36.551017 	-39.467577 	-42.902500 	-45.201635 	-45.716994 	
9.899026 	-24.970304 	-45.061362 	-45.705497 	-57.888586 	-58.005034 	-57.491541 	-62.018315 	-59.108888 	-59.091605 	-57.733885 	-59.733061 	-61.514315 	-57.825331 	-59.692492 	-58.023317 	-58.934742 	
9.824287 	3.538150 	-5.023557 	-13.704786 	-30.649489 	-37.684835 	-41.548790 	-48.281975 	-58.715690 	-57.665880 	-58.514571 	-58.791451 	-57.206361 	-59.430347 	-57.337150 	
9.990454 	-1.145910 	-12.265718 	-14.703330 	-53.121622 	-54.660340 	-58.112148 	-57.141453 	-60.212818 	-57.520550 	-60.149583 	-57.300800 	-57.872551 	-59.459216 	-58.927698 	-58.207006 	-59.904761 	
9.692298 	2.146015 	1.198753 	-2.469251 	-8.051335 	-9.768308 	-13.295639 	-15.178178 	-18.165503 	-23.774872 	-39.036881 	-40.768056 	-44.440952 	-43.495783 	-46.788150 	-48.726232 	-53.683363 	-55.407319 	
