9.848058 	0.794731 	-3.527998 	-9.342659 	-19.351726 	-16.613678 	-18.793064 	-23.070843 	-25.354048 	-46.537561 	-53.058509 	-51.545408 	-54.260114 	-54.111542 	-59.064579 	-56.423680 	-56.994330 	-57.338380 	-57.145672 	-57.685132 	
9.467905 	-1.622747 	-2.558190 	-4.318080 	-6.978221 	-12.111362 	-15.849661 	-15.838878 	-16.238901 	-18.974122 	-16.948490 	-20.819194 	-20.303009 	-20.338034 	-21.242094 	-23.050420 	
9.822262 	5.161110 	4.741705 	0.815267 	-0.681468 	-3.296554 	-3.895208 	-3.875379 	-4.793603 	-6.928861 	-7.042493 	-7.980339 	-10.947951 	
9.349981 	0.363418 	0.116293 	-5.196392 	-8.007385 	-16.935729 	-16.787335 	-19.766513 	-26.660529 	-27.084738 	-27.961362 	-31.259551 	-32.697419 	-33.663990 	-35.101672 	-35.371636 	-35.660314 	-37.433599 	-37.164480 	
9.715177 	3.735044 	-9.627689 	-13.774034 	-21.725587 	-38.858541 	-55.785548 	-56.513157 	-56.011662 	-57.603449 	-57.817697 	-58.748202 	-60.018325 	-59.005192 	-59.544855 	-58.209406 	-58.615386 	-57.925799 	-57.204171 	-57.798075 	
9.905176 	2.966790 	2.070105 	1.517083 	0.904509 	-0.996930 	0.239426 	-0.374061 	-3.522104 	-4.606436 	-10.476193 	-9.400107 	-8.319484 	-8.371191 	-9.187149 	-13.663677 	-11.996424 	-15.265932 	-14.471260 	
9.707135 	-8.429286 	-8.082580 	-15.434232 	-20.526835 	-22.461973 	-26.291527 	-28.314070 	-40.044299 	-40.963083 	-42.406415 	-45.518952 	-44.657696 	-45.566299 	-47.036578 	-55.145338 	
9.768656 	-5.985101 	-16.222444 	-19.910955 	-32.922274 	-40.497784 	-39.262528 	-39.602421 	-42.030455 	-49.377309 	
9.694544 	0.840215 	1.428062 	-1.182189 	-2.841447 	-3.172638 	-2.413155 	-7.143657 	-6.787208 	-11.105654 	-8.679457 	-9.922231 	-10.516707 	-14.206209 	-15.325532 	-14.468958 	-17.994916 	-16.567990 	-17.643374 	-17.700828 	-16.937914 	-18.227792 	-17.939298 	-19.868844 	-18.742290 	-22.205170 	-20.068627 	-20.219411 	-21.098469 	
9.684567 	4.748661 	1.754153 	2.866452 	1.902619 	3.196153 	-2.256604 	-3.040951 	-1.164471 	-4.130658 	-3.272454 	-2.458405 	-2.005825 	-2.303390 	-2.833257 	-4.335384 	-4.347122 	-3.168013 	-4.886657 	-6.753511 	-4.747319 	-7.554901 	-3.981772 	-4.630552 	-7.405502 	-4.309220 	-7.083098 	-6.001189 	-7.240321 	
9.758222 	-5.339752 	-9.187236 	-11.944788 	-9.511569 	-13.051547 	-14.995705 	-14.792611 	-18.795538 	-17.321990 	-19.680138 	-20.494048 	-21.192010 	-21.298552 	-25.641259 	-27.120266 	-33.480271 	-30.513648 	-30.297194 	-32.206138 	-37.235361 	-39.936942 	-39.950108 	
9.723831 	3.577207 	3.039811 	0.858918 	-2.377294 	-3.338967 	-3.451096 	-4.476481 	-9.114923 	-21.223906 	-18.832287 	-18.593957 	-19.246213 	-21.492060 	-21.799162 	-21.594946 	-24.515636 	-26.617029 	
9.736854 	4.516383 	0.824454 	-1.486287 	-7.695539 	-18.938126 	-21.135619 	-25.401544 	-27.707939 	-31.172383 	-32.413086 	-36.102296 	-42.329907 	-45.493235 	-46.765628 	-56.070868 	-50.933798 	-52.698478 	-60.445989 	-57.063667 	
9.561110 	1.964115 	0.066071 	-2.257433 	-7.837464 	-8.307892 	-11.599647 	-14.994121 	-17.656479 	-19.442472 	-20.237993 	-21.727108 	-26.689204 	-25.508899 	-26.743945 	-27.653161 	-28.851813 	-31.007005 	-29.834290 	-30.517062 	-33.147612 	-31.766579 	-33.912575 	-31.327945 	-34.793375 	-33.152112 	-33.883412 	
9.836235 	1.095861 	-2.429501 	-3.703832 	-12.184732 	-16.368700 	-36.258720 	-37.010265 	-39.243564 	-57.963160 	-60.567858 	-57.875892 	-58.729718 	-57.130351 	
9.576119 	5.727178 	1.743789 	1.976983 	-0.024234 	-2.400166 	-3.368611 	-1.339062 	-1.314666 	-2.653959 	-4.775481 	-3.863936 	-1.186472 	-1.003967 	-1.929576 	-6.565860 	-5.547199 	-3.771124 	-4.839604 	-5.555620 	-4.566940 	-3.349162 	-4.678933 	-4.532743 	-6.428799 	-4.897926 	-6.092697 	-8.460799 	-5.098547 	-5.073723 	-7.133964 	-8.210012 	-6.907972 	-5.464180 	
9.744688 	4.072020 	1.871496 	-16.439192 	-18.129644 	-13.020925 	-15.621431 	-16.940899 	-20.856817 	-25.086306 	-26.892917 	-28.152976 	-27.957629 	-29.657748 	-32.180110 	-30.445345 	-32.656726 	-31.685698 	-34.359102 	-35.411339 	-36.456909 	-40.038950 	
9.780105 	2.140850 	-2.369242 	-3.829030 	-7.452187 	-12.586642 	-11.711965 	-15.000115 	-15.045803 	-16.679852 	-18.298112 	-20.576445 	-20.208919 	-20.728186 	-21.619495 	-24.968286 	-24.238409 	-26.444232 	-25.877601 	-25.371553 	-31.897227 	
9.514511 	1.865710 	-5.477006 	-6.177645 	-8.798187 	-10.001731 	-15.917671 	-18.565305 	-18.631035 	-17.147385 	-19.878794 	-21.811295 	-22.178529 	-27.088917 	-25.926858 	-27.119585 	-25.867773 	-28.229458 	
9.460554 	5.791546 	-0.646618 	-1.249644 	-7.325276 	-7.012417 	-14.776155 	-34.573899 	-34.343012 	-45.368907 	-48.059532 	-56.871655 	-58.429320 	-58.452075 	
