9.407912 	2.398790 	3.132826 	0.107175 	-6.156760 	-3.747097 	-9.781025 	-26.829918 	-25.617697 	-27.332949 	-29.447594 	-29.715107 	-31.625226 	-30.061790 	-33.535275 	-34.147058 	-37.322377 	-36.911153 	-37.232381 	-40.127019 	-42.365580 	-43.124407 	-45.748703 	-47.017954 	-49.267563 	-56.261640 	
9.541789 	3.499887 	5.600902 	-0.286884 	1.569977 	1.914735 	-1.887426 	0.424178 	0.158009 	-1.679697 	-0.398768 	-3.162905 	-2.394792 	-3.235454 	-5.236703 	-7.393646 	-6.162568 	-5.466621 	-7.893950 	-6.038609 	-8.020586 	-9.242531 	-9.608386 	-8.739853 	-8.212511 	-11.596870 	
9.755610 	-1.513116 	-1.785709 	-5.229736 	-3.938260 	-6.018443 	-15.976275 	-16.871478 	-17.859636 	-20.571657 	-19.962748 	-19.391673 	-22.246444 	-21.443257 	-20.904424 	-25.322075 	-26.003461 	
10.024255 	2.021179 	-4.951894 	-5.649907 	-11.023225 	-15.584908 	-15.601538 	-18.987742 	-22.650140 	-21.279831 	-26.474856 	-26.605162 	-33.965474 	-35.246370 	-36.214746 	-37.867852 	-39.902099 	-38.643097 	-40.216160 	-41.658811 	-42.546068 	-41.857739 	-43.160417 	
9.775421 	5.460628 	4.059864 	-1.149864 	0.169932 	-5.951290 	-10.351120 	-16.115410 	-19.976008 	-19.707998 	-23.207621 	
9.577493 	2.615500 	0.504381 	-7.412560 	-9.479063 	-13.283717 	-21.321138 	-26.215040 	-26.703329 	-31.848184 	-29.189675 	-32.295305 	-43.409259 	-44.142472 	-44.939646 	-45.195070 	-47.877257 	-47.381927 	-55.513150 	
9.990204 	3.405843 	1.599171 	3.856780 	4.785635 	1.302305 	2.786877 	0.945572 	0.240047 	-0.805638 	-2.177179 	0.757159 	-1.438956 	-1.709665 	-1.550448 	-0.148726 	-2.692687 	-1.941464 	-2.438079 	-2.625379 	-3.585810 	-3.076372 	-3.384364 	-1.804150 	-3.071924 	-1.622495 	-3.643631 	-2.808830 	-1.811034 	-3.992576 	-3.545415 	-3.538771 	-3.697544 	-3.046882 	-3.773696 	-2.756174 	-3.445353 	-4.593239 	-4.398344 	-4.331484 	-3.737453 	-7.077807 	-4.275819 	-4.092396 	-6.183938 	-4.996656 	-3.769441 	-6.251778 	-7.908714 	-5.011307 	-5.004177 	-5.029726 	
9.899197 	7.119720 	-3.939946 	-3.192928 	-7.256477 	-10.765349 	-30.485061 	-32.309673 	-32.967733 	-42.024453 	-40.874695 	-44.399449 	-44.797686 	-43.850491 	-44.379033 	-45.162998 	-45.194294 	-48.760332 	-48.141524 	
9.345565 	7.203106 	4.709421 	4.681925 	-0.927109 	-3.970500 	-5.291415 	-13.259062 	-15.255622 	-17.594868 	-18.600574 	-18.660044 	-19.108463 	-21.538439 	-23.197295 	-22.020396 	-23.715278 	-23.506304 	-25.860123 	-25.393303 	-24.920628 	-27.035802 	-26.350646 	
9.573884 	6.807135 	-0.608225 	-3.024688 	-4.268265 	-5.820777 	-7.084810 	-8.379401 	-6.719898 	-8.079277 	-10.469570 	-15.220259 	-18.971538 	-20.367299 	-23.711130 	-30.767592 	-36.800079 	-35.843446 	-40.933071 	-44.857292 	-50.204107 	-50.696141 	
10.102719 	-14.463646 	-14.556233 	-15.647432 	-18.465520 	-22.100707 	-22.288677 	-27.571121 	-44.190547 	-43.042740 	-43.952405 	-43.788008 	-48.621934 	-48.306245 	-48.538355 	-50.798626 	-49.275411 	-56.511336 	-56.963226 	
9.560886 	1.846817 	4.754625 	0.243478 	4.759131 	3.370251 	4.142504 	2.329243 	2.910492 	0.153019 	1.800627 	-0.693736 	0.910220 	0.478612 	-0.245031 	0.826754 	-1.750632 	1.585309 	1.358399 	1.216908 	0.852296 	1.625896 	-1.105721 	0.489014 	0.102514 	-0.462504 	-7.196811 	-0.817561 	-5.693362 	-4.561862 	-0.954176 	-1.047552 	-0.342031 	-1.079371 	-1.782799 	-3.201099 	-1.271582 	-2.724268 	0.469898 	-0.093110 	-2.037288 	-0.902616 	-3.687756 	-1.778173 	-4.193689 	-2.862773 	-2.385432 	-3.542833 	-2.462979 	-4.660681 	-2.436831 	-1.844958 	-5.760706 	-1.858115 	-2.586231 	-1.089903 	-2.231680 	-3.975102 	-2.959581 	-1.523890 	-1.376738 	-0.764504 	-4.048378 	-4.536860 	-4.413059 	-4.732122 	-2.756145 	-2.907344 	-2.847304 	-2.117435 	-2.833332 	-1.883651 	-3.984223 	-3.405000 	-2.719438 	-2.564294 	-3.579941 	-2.089792 	-2.563730 	-3.401649 	-3.121024 	-2.725995 	-3.219454 	-3.209669 	-3.775946 	-4.073496 	-7.415210 	-2.337133 	-2.401451 	-2.777491 	-4.310194 	-2.840895 	-2.386669 	-3.578270 	-2.193662 	-2.524543 	-3.525357 	-4.287556 	-4.533203 	-5.222176 	-4.620763 	-2.936108 	-4.177247 	-4.244723 	-3.941871 	-2.776927 	-4.702590 	-4.363659 	-4.767860 	-5.429681 	-3.729008 	-2.600506 	-2.367028 	-4.844824 	-3.620393 	-5.259282 	-4.061992 	-3.724984 	-4.750369 	-4.155391 	-3.914724 	-4.788161 	-5.612446 	-3.741616 	-4.133155 	-8.594749 	-3.749162 	-3.230239 	-5.225961 	-3.704862 	-4.711634 	-4.529102 	-5.175353 	-10.488587 	-6.149410 	-3.724895 	-6.497308 	-4.633479 	-3.434037 	-3.232138 	-4.602544 	-4.160346 	-4.869789 	-6.023872 	
9.978463 	7.280658 	2.892742 	1.857090 	3.772258 	-3.683594 	-5.810205 	-11.534190 	-13.247253 	-15.839416 	-14.249087 	-17.503105 	-14.887421 	-20.192896 	-21.227434 	-21.985202 	-20.411965 	
9.811597 	4.774440 	3.916719 	-1.599090 	-3.826509 	-7.109837 	-12.271548 	-17.330421 	-23.884423 	-40.127933 	-42.507716 	-46.929750 	-48.195058 	-47.339723 	-47.700852 	-48.031572 	-55.060980 	-58.068551 	-57.137240 	-58.458248 	-56.612220 	-56.601276 	
9.313482 	2.757781 	-6.410658 	-13.850408 	-6.821708 	-10.300986 	-15.745301 	-17.540350 	-25.257813 	-24.465314 	-27.980225 	-31.249576 	-32.974148 	
9.170519 	-3.353092 	-14.078494 	-15.768505 	-19.739358 	-23.843634 	-32.107566 	-35.204985 	-38.505382 	-36.133574 	-40.124353 	-41.418118 	-42.938308 	-48.249632 	-46.391522 	-43.794515 	-50.940888 	-54.313099 	-54.182237 	
9.516496 	8.421878 	-0.155551 	-3.856150 	-17.690739 	-19.509379 	-21.673630 	-22.335745 	-25.485274 	-26.334908 	-25.746205 	-28.487355 	
9.677986 	-1.745012 	0.758765 	-6.033350 	-8.683798 	-12.624475 	-15.546093 	-13.932067 	-16.572078 	-16.650824 	-17.437105 	-20.168546 	-19.297158 	
9.910291 	2.617217 	-2.279511 	-1.678908 	-1.457673 	-4.609466 	-4.547127 	-10.770952 	-11.133812 	-17.175135 	-13.368231 	-13.313080 	-22.072965 	-20.741174 	-25.028161 	-22.753053 	-25.105311 	-26.533779 	-28.784798 	-28.217484 	-28.945866 	-30.185262 	
9.599303 	2.312512 	-8.108016 	-14.179490 	-13.262821 	-16.612369 	-21.258771 	-24.508505 	-22.388821 	-21.767425 	-24.636140 	-27.770254 	-32.159868 	-31.131101 	-33.248824 	-34.010415 	
