9.423659 	4.583572 	3.665422 	-10.559199 	-13.939067 	-15.606261 	-26.443692 	-34.473851 	-34.867095 	-42.998064 	-48.533115 	-51.369104 	-48.340439 	-49.436297 	
9.917580 	-5.626771 	-15.817319 	-14.432674 	-18.595367 	-45.512414 	-54.400418 	-58.596927 	-57.351723 	-58.295782 	-58.544047 	-59.805516 	-57.958060 	-57.353332 	-59.261753 	-57.941501 	-59.065167 	-57.842980 	
9.912013 	5.882189 	2.130825 	-36.285721 	-43.951338 	-50.686699 	-58.780522 	-58.571559 	-58.483518 	-59.130447 	-57.627287 	-57.533501 	-57.483214 	-59.584434 	
8.964830 	-1.318169 	-13.293865 	-14.791608 	-17.521437 	-27.454657 	-60.409042 	-58.323933 	-59.724081 	-62.656436 	-60.108113 	-59.595820 	-59.238650 	-59.917129 	-64.493429 	-58.772938 	-60.078086 	
9.784214 	4.839742 	-0.996428 	-3.734477 	-19.086501 	-15.381110 	-24.541805 	-32.417085 	-39.637872 	-41.886874 	-53.230272 	-61.029826 	-61.891431 	-60.170542 	-60.108454 	-59.658619 	-59.416219 	-58.300684 	-61.018191 	-57.500441 	-58.413147 	-57.967121 	-58.217531 	
9.324057 	5.493303 	-4.442265 	-7.365919 	-18.819970 	-46.396068 	-59.435192 	-59.532929 	-60.318786 	-58.585665 	-58.598288 	-60.031323 	-58.778489 	-59.117919 	-57.849563 	
9.639438 	-16.903162 	-23.417273 	-45.258629 	-57.479752 	-57.654491 	-58.735543 	-59.228534 	-57.431103 	-58.503108 	-58.079408 	-58.931522 	-58.677871 	-59.944800 	-58.744050 	-58.982745 	-61.074349 	-61.744146 	-58.808408 	-59.284846 	-57.799236 	-57.578908 	-57.764598 	-58.340271 	
10.278212 	6.760755 	-5.986312 	-11.837165 	-15.185091 	-15.558627 	-25.327780 	-56.935637 	-57.243234 	-58.458998 	-58.073905 	-57.892626 	-57.362736 	-58.339749 	-57.897306 	-58.215816 	-59.409046 	-58.358652 	-60.543985 	-58.582320 	-59.297020 	-58.876250 	
9.490837 	5.026614 	-2.869096 	-4.302990 	-4.057470 	-15.694942 	-29.099176 	-29.011152 	-45.829441 	-53.092963 	-51.999677 	-57.661970 	-58.010935 	-57.094247 	-56.720808 	
9.739540 	-11.229489 	-22.512331 	-29.620956 	-37.064061 	-57.653730 	-60.263030 	-60.400727 	-58.051702 	-61.764860 	-57.457535 	-59.027335 	-58.690174 	-58.480167 	-59.464893 	-60.608274 	-60.717251 	-59.510646 	-59.622587 	-60.866744 	-59.444518 	
9.626647 	5.977791 	3.577185 	3.191652 	0.194155 	-0.830004 	-5.303988 	-9.097819 	-7.673900 	-8.343757 	-8.371102 	-6.834990 	-8.073658 	-9.036903 	-8.749006 	-12.281107 	-11.469383 	
9.562772 	4.264747 	-7.777485 	-16.441540 	-12.252888 	-18.335541 	-23.563244 	-23.076690 	-27.130347 	-26.703357 	-26.839998 	-29.308678 	-29.419224 	-29.378606 	-32.673502 	-33.219959 	-34.141122 	
9.994603 	6.200479 	-5.433328 	-16.909696 	-16.280015 	-18.791906 	-28.537912 	-58.019657 	-60.531777 	-60.775384 	-58.455926 	-58.799074 	-59.423343 	-56.495112 	-61.535107 	-59.252678 	-58.207672 	-58.661679 	-59.773402 	-57.891696 	-59.561680 	-58.489853 	-61.296129 	
9.441645 	1.080572 	-4.780137 	-5.893032 	-5.746237 	-11.268092 	-15.482289 	-16.227747 	-34.726130 	-55.780049 	-58.323875 	-60.106237 	-58.528505 	-59.514209 	-59.126701 	-58.180943 	-58.927578 	-57.700798 	-57.817705 	-60.370176 	-58.954495 	-62.385446 	-57.764600 	-59.800767 	-59.334837 	
9.413981 	-4.278587 	-24.280328 	-29.299260 	-31.833512 	-35.029998 	-41.163302 	-47.353037 	-48.883974 	-52.501816 	-59.454970 	-59.747750 	-59.142370 	-57.168062 	-58.402516 	-58.712711 	
9.588557 	3.737407 	5.071745 	-9.468895 	-13.155294 	-25.623268 	-27.590399 	-32.787436 	-53.207973 	-55.235495 	-60.021806 	-59.481381 	-59.046809 	-57.957416 	-59.055557 	-58.045545 	-61.882354 	-60.043483 	
10.039744 	-3.419585 	-6.184167 	-7.658478 	-8.120184 	-9.817774 	-13.143832 	-13.316530 	-19.891990 	-20.651461 	-32.253131 	-50.462160 	-51.441829 	-58.666334 	-55.945061 	-58.019060 	-55.817272 	-61.541222 	-57.902146 	-56.243627 	
9.431800 	-12.254521 	-10.164029 	-16.260469 	-16.910028 	-23.349474 	-25.918826 	-40.061902 	-50.841413 	-58.540123 	-58.703543 	-59.493784 	-59.853064 	-59.526151 	-59.206856 	-57.829571 	-59.162037 	-58.037286 	-58.461307 	-60.248845 	-60.125378 	-58.968063 	-60.088147 	-59.356014 	-62.762745 	-59.271253 	-58.813643 	-60.305360 	
9.576796 	-3.705900 	-5.206740 	-24.686826 	-32.259663 	-35.551066 	-58.312034 	-56.211225 	-58.932500 	-56.191643 	-57.297270 	-57.491823 	-60.849594 	-58.632586 	-57.672352 	
9.916676 	-11.942672 	-21.163389 	-24.812987 	-29.256022 	-42.952112 	-48.493550 	-51.838904 	-52.804785 	-54.191196 	-56.886637 	-56.517613 	-56.900163 	-56.515114 	-59.147067 	-58.265589 	-58.533684 	-57.190022 	
9.652984 	5.762604 	-2.743467 	-6.526397 	-38.278239 	-53.131655 	-59.195850 	-59.284748 	-60.107370 	-58.418300 	-58.123488 	-59.811534 	-57.658244 	-58.220764 	-60.523990 	-60.192191 	-58.411076 	-57.313574 	-59.611347 	-59.551366 	-59.136217 	-59.129199 	-58.157424 	
