10.256456 	-44.032867 	-53.625940 	-55.786751 	-57.695750 	-58.587700 	-57.465147 	-59.749272 	-60.319750 	-57.891977 	-57.895471 	-59.901234 	-58.367962 	-58.620523 	-57.814076 	-57.622744 	-60.842681 	-60.377100 	
9.516371 	-33.496903 	-44.220475 	-55.450187 	-57.835012 	-59.253133 	-61.274856 	-60.307093 	-58.662030 	-59.572990 	-59.637546 	-61.595387 	-59.322117 	-61.033319 	-59.327873 	-60.359543 	-59.866470 	-62.044310 	-60.066969 	-59.082264 	-58.452480 	-59.993924 	-63.631829 	-58.515852 	
10.031187 	-4.565219 	-6.653878 	-46.064824 	-56.399229 	-60.938354 	-57.662147 	-58.828201 	-56.937226 	-58.907579 	-62.436520 	-57.848356 	-57.604753 	-60.519084 	-59.603080 	
9.684178 	6.473959 	-9.584624 	-31.863278 	-47.597541 	-56.836047 	-58.845130 	-61.285958 	-63.821142 	-58.797473 	-57.717427 	-62.200355 	-60.789907 	-60.533684 	-58.594692 	-58.957274 	-59.805545 	-60.135868 	-59.628626 	
10.066576 	-4.761095 	-7.342896 	-58.690550 	-58.742638 	-57.795501 	-59.005250 	-58.675654 	-59.531622 	-57.094760 	-58.435051 	-60.290493 	-58.490529 	
9.466954 	-11.403651 	-17.110609 	-18.778681 	-34.864213 	-35.049696 	-45.505247 	-51.789101 	-53.919167 	-56.913413 	-58.657954 	-63.434709 	-58.010072 	-60.641224 	-59.442759 	-60.977983 	-62.423283 	-59.774133 	-58.417237 	-58.626886 	-59.922277 	-58.871257 	-59.074046 	-59.567211 	-59.895391 	-60.948322 	-58.211302 	-59.088184 	-59.944053 	-59.165021 	-59.836446 	
10.193201 	-2.150205 	-3.554440 	-17.907185 	-17.894211 	-29.804215 	-30.376534 	-50.041555 	-57.637645 	-58.608984 	-60.043313 	-58.136691 	-57.257629 	-59.510078 	-58.801875 	-60.702283 	-61.592675 	-58.100486 	-59.302201 	-58.035494 	
9.671098 	-0.114400 	-17.450815 	-19.303678 	-21.257538 	-29.779263 	-34.358831 	-40.872878 	-48.735438 	-58.030956 	-59.575123 	-60.108941 	-59.902333 	-59.991219 	-57.389348 	-60.751226 	-58.480229 	-58.426972 	-57.012797 	
9.838833 	-4.798274 	-3.942234 	-26.100769 	-48.556287 	-58.068455 	-58.764339 	-57.840568 	-58.843995 	-58.170023 	-59.028567 	
10.186552 	-18.900205 	-32.288504 	-36.272603 	-45.513627 	-50.005286 	-48.941766 	-49.671049 	-54.549210 	-55.707682 	-56.358137 	-56.180550 	
9.843317 	-27.727723 	-30.997419 	-41.038013 	-56.534801 	-57.628834 	-57.362862 	-58.403349 	-57.437351 	-58.036124 	
9.875699 	-20.918729 	-49.036629 	-57.186423 	-58.042013 	-61.221566 	-59.371610 	-59.919996 	-57.316876 	-57.594735 	-57.476454 	
9.329878 	-7.956875 	-28.460026 	-46.780985 	-49.092040 	-58.465059 	-57.690690 	-59.102875 	-59.512287 	-58.973422 	-60.751858 	-58.972672 	-57.804445 	-60.866747 	-58.522974 	-58.077288 	-62.131594 	-59.293244 	-63.140249 	-59.119576 	-60.966730 	-60.172111 	
9.933514 	-11.860331 	-41.859249 	-48.696701 	-59.169699 	-58.230184 	-58.076466 	-59.745396 	-59.172781 	-61.576986 	-58.212366 	-58.066307 	-58.131241 	-57.334193 	-57.914331 	-60.718913 	-58.788486 	-58.049495 	
9.952654 	0.857257 	-1.863828 	-7.181539 	-8.242550 	-25.475248 	-29.166705 	-30.353455 	-41.396962 	-50.929626 	-57.825618 	-57.572861 	-59.358353 	-58.366635 	-57.981728 	-62.511768 	
10.207812 	-46.871492 	-58.668987 	-59.264521 	-57.624281 	-57.918021 	-58.353463 	-60.241490 	-57.998174 	-57.875785 	-59.710723 	-58.918496 	-57.576966 	-57.620162 	-65.872699 	-57.601059 	-58.906347 	-58.279927 	-57.238252 	-61.435468 	-61.653529 	
10.016445 	-17.823894 	-38.478078 	-54.784875 	-58.171058 	-60.398952 	-57.773328 	-59.836007 	-59.458692 	-58.669888 	-58.349749 	-59.225001 	-59.695422 	-62.913190 	-58.868334 	-59.194188 	-59.774401 	-59.806627 	-60.606013 	-59.685731 	-60.973338 	-60.564938 	-58.283829 	-62.072088 	-58.943570 	
9.863352 	-49.613704 	-52.937081 	-57.434359 	-58.402144 	-58.645018 	-58.096516 	-59.492305 	-58.251968 	-59.629350 	-58.266446 	-58.650094 	
9.912850 	-5.460627 	-16.299671 	-19.425595 	-39.831732 	-43.264572 	-57.734809 	-58.441367 	-60.191822 	-59.166859 	-60.869698 	-57.758403 	-60.053634 	-62.686656 	-59.003043 	-58.809817 	-57.446402 	-58.283939 	-62.639052 	
10.218696 	-11.367787 	-17.351829 	-25.619322 	-57.056639 	-57.762455 	-57.879224 	-58.289321 	-56.869069 	-59.300869 	-59.266611 	-57.654026 	
