9.517480 	-17.715973 	-33.359403 	-39.656770 	-42.064009 	-45.148197 	-47.830191 	-57.034100 	-58.861032 	-59.254494 	-59.911149 	-59.614369 	-59.217145 	-59.177001 	-58.943394 	-59.204433 	-63.717744 	-61.288533 	-60.109676 	-57.063779 	
9.961607 	-0.673614 	-12.653220 	-17.498758 	-26.225472 	-23.110989 	-32.373761 	-44.963228 	-48.826081 	-57.770379 	-58.508014 	-57.923107 	-57.455487 	-60.098268 	-61.282642 	-59.607042 	-59.229140 	-60.618772 	-59.401287 	-59.628086 	
9.179623 	-0.998006 	-3.048615 	-2.417436 	-9.032412 	-11.947296 	-60.354459 	-58.733314 	-60.163091 	-58.981854 	-60.394975 	-59.290899 	-59.552406 	-58.812820 	-61.466326 	-59.156268 	-59.905335 	-62.560296 	-59.823014 	-62.470934 	
10.116793 	1.899591 	-14.257752 	-41.492141 	-57.130449 	-59.147397 	-61.106843 	-58.648482 	-57.677601 	-56.522060 	-58.378848 	-57.681650 	-59.293404 	-58.494900 	-60.039975 	-58.672913 	-58.847304 	-57.717336 	-61.057284 	
9.679488 	-4.198354 	-12.418212 	-22.089407 	-50.363994 	-53.074383 	-54.397813 	-58.321507 	-59.018774 	-58.795142 	-57.670187 	-58.496403 	-58.832268 	-59.090068 	-59.274792 	-59.171488 	-59.572244 	-59.463840 	-58.687774 	
9.928314 	-15.745185 	-18.832426 	-42.530795 	-58.100312 	-59.402590 	-59.387543 	-57.327573 	-59.512549 	-57.928817 	-57.017929 	-58.610569 	-59.050729 	-57.774444 	-57.618182 	-58.730055 	-57.195506 	-59.673673 	-58.681736 	-57.820137 	-58.211679 	
8.934561 	7.964092 	-8.070313 	-21.510392 	-29.171024 	-42.666948 	-52.729032 	-55.450512 	-58.360430 	-59.130175 	-59.455224 	-59.224871 	-59.477191 	-58.600153 	-57.251372 	-59.816008 	-62.300592 	-58.040289 	-61.031215 	
10.085489 	-6.736251 	-9.012389 	-18.934694 	-38.215803 	-58.100930 	-59.839545 	-57.303543 	-59.018783 	-59.412583 	-59.362689 	-60.016875 	-59.092114 	-59.154455 	-61.178401 	-58.426535 	-59.481900 	
9.909943 	-21.335589 	-21.676975 	-25.079523 	-30.728242 	-35.607724 	-60.261119 	-58.518459 	-57.828016 	-57.564981 	-58.033857 	-61.664401 	-58.671296 	-58.861648 	-56.262171 	
10.008431 	-3.465024 	-12.176326 	-19.405000 	-34.045972 	-57.185807 	-58.670515 	-57.910636 	-59.415675 	-59.970220 	-58.896668 	-60.347792 	-60.162430 	-58.650392 	-57.537967 	-58.522745 	-59.667544 	-57.853778 	
10.040219 	-0.189610 	-2.126092 	-5.773566 	-9.926701 	-18.538367 	-24.901640 	-27.176082 	-35.598524 	-40.358599 	-44.817167 	-46.091682 	-50.624803 	-58.794617 	-60.097678 	-58.922821 	-58.663484 	-58.965218 	-60.110683 	-57.924323 	-57.597670 	-59.904368 	-57.546317 	
10.049804 	-31.003965 	-32.013367 	-54.472832 	-58.804844 	-58.678909 	-59.581401 	-58.078136 	-59.718208 	-58.987742 	-59.229268 	-57.948444 	
9.445915 	-15.472248 	-20.536869 	-39.576880 	-59.884889 	-58.441097 	-59.870415 	-62.897188 	-58.819890 	-60.376482 	-57.273865 	-61.381530 	-61.865347 	-61.147640 	-59.560951 	
9.887115 	7.518791 	-18.037896 	-24.842513 	-33.309299 	-50.374369 	-57.535013 	-58.767093 	-59.064196 	-58.219365 	-58.681132 	-59.016970 	-58.263191 	-59.707848 	-58.913457 	-58.884195 	-59.709590 	
9.831219 	-6.770040 	-21.336045 	-23.959852 	-27.418673 	-38.188007 	-59.785257 	-58.277718 	-58.037031 	-59.958159 	-60.235844 	-58.423323 	-58.749651 	-57.377444 	-59.431985 	
10.168059 	-11.519574 	-50.407606 	-56.770409 	-58.912744 	-57.822288 	-59.753638 	-61.176176 	-61.246756 	-57.405612 	-57.027328 	-57.545256 	-57.287010 	-57.951381 	-58.363492 	
9.538306 	-5.057447 	-5.935355 	-27.600855 	-47.095389 	-48.927280 	-61.383523 	-58.591311 	-58.681187 	-59.099376 	-58.595163 	-57.756087 	-59.553911 	-59.002173 	-58.885088 	-60.853394 	-61.326497 	-58.879029 	
9.631165 	-1.421549 	-9.269326 	-20.560416 	-25.066548 	-27.461048 	-32.820372 	-50.819067 	-54.462319 	-58.463309 	-58.395298 	-58.980902 	-59.461451 	-59.900959 	-60.331851 	-59.012219 	-58.547598 	-61.008074 	-58.652945 	-59.832328 	-61.261791 	-59.292214 	-60.838891 	-59.236615 	-58.618140 	
10.269480 	-32.227889 	-36.808503 	-46.552380 	-44.994628 	-49.932252 	-54.538690 	-56.492047 	-58.080884 	-57.736753 	-62.768022 	-57.996518 	-57.953869 	-58.076711 	-61.072229 	-57.946006 	-57.918047 	-64.898894 	-60.668763 	-57.229407 	-58.749633 	-59.048687 	-60.176174 	-58.311177 	
9.097795 	-0.492444 	-19.492417 	-29.587212 	-40.508819 	-49.710006 	-50.854094 	-57.800233 	-58.859724 	-59.126090 	-58.300223 	-59.174641 	-60.518747 	-57.723360 	-61.125612 	-59.901492 	-59.220588 	
