9.716827 	2.274330 	1.474378 	-3.745905 	-25.537033 	-53.348178 	-57.910972 	-59.045136 	-57.468842 	-58.420818 	-56.651447 	-58.958931 	-57.074825 	-57.758818 	-57.951097 	
9.641409 	3.857704 	-13.542875 	-37.813539 	-39.631182 	-39.502415 	-41.565997 	-44.313881 	-47.647854 	-48.266163 	-49.394732 	-51.941584 	-49.545566 	-52.000327 	
9.761345 	2.766178 	2.450554 	-3.249143 	-15.651711 	-21.138284 	-50.132670 	-54.209369 	-55.817117 	-56.325189 	-56.657317 	-58.279146 	-57.254312 	-57.197647 	-57.082267 	-59.233208 	-56.781977 	-58.423127 	
9.704084 	6.876413 	-3.051382 	-8.624767 	-9.934778 	-11.086370 	-12.588245 	-14.670569 	-14.187943 	-16.445804 	-18.916354 	-23.734027 	-20.484201 	-25.321506 	-23.316660 	-25.854763 	-27.343427 	
9.752963 	3.650036 	2.600826 	-13.220799 	-27.293554 	-55.425108 	-55.358223 	-55.412356 	-58.260621 	-58.098195 	-57.917752 	-58.235095 	-59.376207 	-58.072453 	-58.304730 	-60.485702 	-58.418241 	-57.775898 	-58.385840 	-61.955837 	
9.695023 	-4.400988 	-20.136924 	-21.947206 	-29.794932 	-41.260641 	-43.367966 	-46.289680 	-49.638471 	-52.017545 	-52.319447 	-53.138978 	-55.937612 	-56.158919 	
9.599031 	7.019017 	4.157761 	2.651969 	2.221329 	1.766659 	4.028187 	2.317724 	-0.442817 	1.237626 	0.659986 	-1.950671 	-2.002116 	-0.406373 	-2.115573 	-4.386486 	-1.955974 	-3.414329 	-3.236299 	-5.089333 	-7.209071 	-6.476767 	-6.840728 	-4.640919 	-4.819932 	-9.170389 	
9.924598 	5.419299 	3.576573 	-11.180919 	-31.569421 	-51.600150 	-58.139865 	-56.212114 	-58.478954 	-58.442536 	-57.770400 	-61.774393 	
9.387930 	5.942752 	1.357269 	-3.222073 	-8.006533 	-13.043801 	-15.971001 	-21.136813 	-21.898102 	-21.001560 	-26.787365 	-25.602522 	-27.110573 	-29.816379 	-30.212560 	-31.096276 	-34.875689 	-36.148754 	
10.070210 	-4.285200 	-12.358486 	-18.756091 	-23.521710 	-28.617623 	-32.459348 	-32.660997 	-59.451352 	-58.543716 	-59.398325 	-60.859304 	-60.562775 	-59.651589 	-57.246873 	-57.510655 	
9.920486 	6.289259 	3.903702 	-58.982733 	-58.912938 	-58.551601 	-59.258706 	-58.111127 	-60.013633 	-61.267329 	-58.579169 	-57.959037 	-57.730582 	
10.039080 	2.430800 	-20.138452 	-18.237542 	-19.915235 	-22.854629 	-23.754162 	-25.827643 	
9.741567 	6.278266 	-2.291659 	-3.937529 	-8.169346 	-20.172910 	-23.864462 	-22.220030 	-28.116443 	-43.177489 	-52.719528 	-58.327516 	-59.332205 	-56.777096 	-56.661257 	-56.489929 	-58.355583 	
9.641245 	2.973957 	1.704930 	-1.180828 	-1.780549 	-4.566617 	-4.962160 	-7.900937 	-11.526300 	-27.491930 	-29.035717 	-31.622306 	-33.385109 	-33.326654 	-32.588839 	-37.668852 	-39.862832 	-39.869963 	
9.802917 	3.410244 	-2.505518 	-8.099808 	-43.653858 	-45.175371 	-44.701956 	-48.233920 	-48.434628 	-49.941487 	-53.812654 	-52.742221 	-52.245997 	-52.648257 	-55.281521 	-58.261571 	-58.189023 	-57.419224 	-59.430832 	-60.672385 	-58.190998 	-56.557639 	
9.489093 	-0.451346 	-5.626823 	-5.467524 	-8.105790 	-9.133456 	-32.748113 	-35.018684 	-51.502534 	-54.824580 	-53.728161 	-56.057820 	-57.381065 	-57.841085 	-58.893720 	-57.391209 	-58.014141 	-56.806953 	
9.470091 	0.626288 	-2.781337 	-7.911654 	-13.616567 	-30.085420 	-52.491244 	-54.056925 	-58.374124 	-60.598557 	-61.502654 	-58.463338 	-59.345793 	-58.115867 	-58.124724 	-60.198244 	-58.728779 	-59.633773 	-60.905846 	-61.331836 	-58.606484 	-58.033920 	-59.881916 	
9.521828 	3.389498 	3.871970 	2.401086 	1.388391 	-1.553097 	-3.527321 	-5.297810 	-5.206062 	-4.674032 	-9.539708 	-12.517354 	-11.723466 	-15.941221 	-22.461817 	-24.445396 	-25.215794 	-27.460774 	-26.333059 	-27.709278 	-27.808024 	-28.691248 	-29.071633 	-31.489893 	-32.750098 	-33.177251 	-34.179944 	-35.176266 	-34.598233 	-37.627076 	
9.819824 	-0.613209 	-9.118257 	-11.103524 	-13.356276 	-17.404247 	-20.772492 	-23.744174 	-50.297302 	-57.092894 	-56.577529 	-56.429753 	-55.356320 	-57.524797 	-60.146142 	
