10.031982 	0.071334 	-3.288805 	-6.451151 	-4.718121 	-24.094958 	-28.219673 	-29.617148 	-43.389501 	-42.245952 	-44.820850 	-48.440493 	-52.173740 	-55.766171 	-58.268929 	-58.479435 	-57.652589 	-56.926978 	-59.086339 	-57.960542 	
9.687740 	3.595604 	-5.239990 	-29.670797 	-29.963671 	-35.093093 	-34.324459 	-42.462927 	-50.422776 	-58.996885 	-57.932842 	-57.497118 	-59.543014 	-58.119310 	-58.456284 	-57.969706 	-59.212690 	-58.030675 	-58.012446 	-59.443675 	-59.065474 	
9.746736 	-6.825481 	-31.415246 	-32.939098 	-42.621124 	-60.628956 	-57.718433 	-58.219210 	-57.591064 	-63.419874 	-57.703856 	-57.994929 	
10.053592 	-37.501753 	-37.469641 	-52.834963 	-52.152732 	-58.126750 	-59.684762 	-60.663010 	-57.708479 	-58.462860 	-60.929783 	-59.380987 	-58.749774 	-59.496952 	-61.213566 	-58.232362 	-58.059080 	-58.543214 	-58.866734 	-60.012706 	-61.008713 	-59.850678 	
9.897535 	6.317268 	-2.689011 	-4.112636 	-15.586881 	-19.655262 	-21.177250 	-45.836872 	-48.076116 	-56.298145 	-57.534845 	-59.343384 	-60.717129 	-58.684726 	-56.928551 	-58.341474 	-58.016230 	-58.485829 	
9.969715 	-15.708676 	-24.593065 	-56.770545 	-59.147736 	-62.483237 	-58.275049 	-57.448626 	-58.917385 	-59.646281 	-58.393388 	-58.934156 	-60.139374 	-60.708613 	-58.343355 	-58.079363 	-58.019753 	
9.715092 	-8.268843 	-22.400906 	-32.101754 	-33.383570 	-42.717829 	-53.163815 	-57.892767 	-60.609065 	-58.356425 	-58.761697 	-60.745745 	-57.579636 	-57.476254 	-58.084684 	
9.965019 	2.425800 	4.374392 	-16.193302 	-29.189657 	-33.501410 	-41.623155 	-41.850091 	-44.685436 	-56.742878 	-58.126091 	-57.923518 	-59.247517 	-57.862101 	-57.978142 	-59.167420 	-57.764793 	-57.735326 	
10.070774 	2.461660 	2.422343 	-0.262727 	-24.112789 	-23.232252 	-37.373685 	-40.749070 	-51.292314 	-53.333571 	-58.942965 	-58.813988 	-60.981260 	-58.997162 	-58.134467 	-59.992780 	-59.011802 	-57.839896 	-58.752584 	-57.384119 	-59.220771 	-57.667017 	
10.106339 	0.108832 	-25.195143 	-59.677153 	-59.510542 	-57.682054 	-57.625763 	-58.946759 	-60.523342 	-58.606069 	-58.159697 	-58.227087 	-58.648983 	
10.195399 	1.628197 	0.073868 	-57.904050 	-59.345832 	-58.887162 	-59.699678 	-59.221654 	-58.415859 	-57.884928 	-60.021699 	-58.756958 	-58.711873 	-58.337141 	-57.379042 	-58.270563 	-57.093404 	-59.281093 	
10.215753 	5.236471 	-6.628930 	-8.357569 	-30.911011 	-39.748487 	-51.618142 	-59.590323 	-58.184755 	-58.818173 	-59.140513 	-58.304011 	-59.489654 	-58.848266 	-59.132005 	-61.120665 	-59.567124 	-56.801694 	-57.059259 	
9.713056 	3.004858 	2.218418 	-28.671236 	-31.836073 	-33.815754 	-50.180342 	-52.252385 	-54.052441 	-59.680345 	-58.202744 	-60.600668 	-58.226914 	-59.819900 	-58.555565 	-57.884330 	-58.263629 	-57.896160 	
9.951660 	4.841049 	-27.523309 	-41.454004 	-58.459565 	-58.401481 	-58.870784 	-61.423390 	-59.634923 	-59.056376 	-58.544873 	-58.690752 	-59.576050 	-59.563673 	-58.067065 	-58.115527 	-61.604614 	-58.862586 	-59.803209 	-60.251617 	-62.764458 	
9.882750 	3.586747 	-26.043918 	-32.387938 	-59.472808 	-57.984770 	-57.301817 	-58.642973 	-57.400880 	-57.843784 	-58.945547 	-59.862567 	-57.864506 	
10.190041 	-9.007989 	-25.602687 	-28.908587 	-30.109626 	-33.511827 	-45.787641 	-47.278916 	-47.585035 	-50.457154 	-49.966688 	-53.708875 	-54.384345 	-56.558920 	-56.513394 	
10.070352 	-8.060746 	-13.595921 	-11.282784 	-39.269677 	-58.587770 	-58.539254 	-60.216412 	-58.585687 	-59.181532 	-60.214356 	-58.767347 	-59.437993 	-58.176227 	-58.732581 	-60.405654 	
10.058843 	-10.884695 	-13.224923 	-27.481589 	-30.354302 	-32.369444 	-41.727270 	-42.641976 	-57.147516 	-57.780242 	-55.924238 	-60.119538 	-57.971512 	-56.153154 	
9.984488 	-23.546446 	-30.663344 	-58.999458 	-59.284549 	-61.407607 	-59.282421 	-57.890461 	-57.392570 	-58.451351 	-58.507438 	-58.354624 	-58.412438 	-58.359928 	
10.365640 	0.004851 	-0.332066 	-44.776897 	-53.230348 	-57.687692 	-60.237663 	-59.432977 	-58.577757 	-60.054720 	-58.416632 	-58.396916 	-57.368466 	-58.597353 	-58.554382 	-59.101586 	-58.499241 	-61.965005 	-57.204905 	-57.714849 	-59.316239 	-57.890068 	-58.779813 	-57.998540 	
