9.818162 	-1.386457 	-19.103785 	-26.691015 	-60.180395 	-60.485185 	-59.983830 	-62.028997 	-61.037846 	-59.415656 	-57.896585 	-58.779776 	-58.302380 	-58.004227 	-57.648642 	-58.106790 	-57.917118 	
10.162830 	-0.488537 	-36.165618 	-47.199527 	-48.424021 	-60.024312 	-59.071828 	-59.485603 	-60.551064 	-58.030362 	-57.932681 	-59.403517 	-58.239156 	-58.972940 	-60.001422 	-58.617394 	
9.619730 	3.711137 	-17.837383 	-30.235841 	-37.285782 	-40.909499 	-44.510636 	-48.589531 	-58.817814 	-59.560691 	-58.982801 	-57.862060 	-58.797447 	-60.587951 	-57.722334 	
9.896098 	-5.399597 	-5.603561 	-20.150495 	-27.650391 	-40.373351 	-58.492940 	-59.232452 	-60.834928 	-57.617013 	-59.138951 	-59.018583 	-59.739372 	-58.515169 	-57.411892 	-58.193662 	
9.759805 	-11.196677 	-9.080457 	-19.958707 	-22.455373 	-35.408212 	-46.831166 	-57.658300 	-58.087027 	-57.921719 	-62.542568 	-57.104686 	-61.072118 	-58.633613 	-59.447704 	-60.219892 	
9.968964 	-8.042693 	-23.878057 	-27.651235 	-42.643607 	-47.730977 	-61.288318 	-59.158454 	-58.064882 	-64.341439 	-59.941325 	-58.930015 	-59.619673 	-57.488723 	-60.231066 	-57.478912 	-60.201547 	-59.108467 	-58.195563 	-59.738530 	-57.272128 	-59.438238 	-59.493861 	-58.375717 	-61.442124 	
9.774892 	-2.781266 	-4.861303 	-20.053799 	-29.797480 	-59.490897 	-59.614297 	-63.042401 	-61.968486 	-59.408572 	-58.764042 	-60.096547 	-58.272699 	-59.018697 	-59.212878 	-60.532634 	-57.756784 	
10.202337 	2.272081 	-3.572025 	-36.553523 	-58.683459 	-57.489997 	-58.285317 	-58.314550 	-61.029520 	-58.569806 	-58.534577 	-57.717547 	-57.532570 	-59.675260 	-58.928914 	-59.858454 	-59.853955 	-59.401321 	
9.439375 	-15.315710 	-36.357956 	-36.925826 	-39.494073 	-47.057022 	-59.967048 	-62.042005 	-62.303782 	-60.051505 	-59.051719 	-58.526693 	-57.799303 	-58.616620 	-58.140819 	-58.168089 	-59.722873 	-59.019262 	-59.328271 	-58.741004 	-58.794102 	
9.587658 	-31.741594 	-36.157396 	-42.545903 	-60.661133 	-58.242707 	-58.789763 	-60.742051 	-60.012409 	-60.724672 	-60.410781 	-59.019742 	-58.190851 	-62.026751 	-58.662946 	-59.466841 	-58.841351 	
9.919437 	-11.768557 	-35.563168 	-44.985627 	-58.783823 	-58.074799 	-60.880224 	-57.927955 	-60.389139 	-61.726956 	-58.740363 	-58.820782 	-60.331319 	-60.495979 	-58.946431 	-58.505109 	-57.838800 	-59.135499 	
9.894631 	1.457538 	-11.953856 	-17.292945 	-24.323778 	-57.646626 	-57.362582 	-58.441744 	-57.950845 	-58.722478 	-60.385455 	-59.457157 	-58.325616 	-61.057138 	-58.629222 	-60.332567 	-59.116531 	-58.651659 	-58.673116 	-61.892475 	-58.544693 	-59.819711 	-60.209850 	-59.008505 	
9.912362 	-5.650671 	-10.297476 	-9.773971 	-37.626681 	-38.454084 	-58.218689 	-57.785596 	-60.022164 	-60.680590 	-59.472980 	-58.219444 	-61.195709 	-58.542672 	-58.179443 	-61.957353 	-58.799244 	-57.655293 	
10.025051 	-19.805949 	-27.135574 	-25.403851 	-30.205137 	-36.728625 	-41.914176 	-57.485908 	-59.160771 	-57.729024 	-59.133359 	-57.898246 	-58.390754 	-59.580559 	-59.314193 	-57.948015 	
9.901358 	-24.182100 	-25.840333 	-37.125772 	-58.138849 	-58.520027 	-61.336305 	-57.501989 	-59.076449 	-58.537330 	-60.875220 	-60.168561 	-58.721690 	-59.888709 	-59.416523 	-58.192280 	-61.542808 	-58.843120 	-58.898017 	-57.895651 	
10.177011 	-21.553854 	-34.562471 	-52.394795 	-53.365476 	-58.140401 	-59.347141 	-57.584743 	-62.644764 	-57.459983 	-58.606702 	-57.379347 	-58.561985 	-62.122321 	-59.882885 	-58.810392 	-58.260769 	-60.506364 	
9.217879 	8.781952 	-50.136242 	-59.033513 	-57.532196 	-58.111936 	-60.352492 	-61.092082 	-59.167579 	-59.296244 	-60.707549 	-59.633777 	-58.004838 	-59.787155 	-58.265032 	-59.379629 	-58.402343 	-60.593918 	
9.791278 	3.061684 	-12.701080 	-32.932867 	-56.928821 	-54.940430 	-59.997427 	-58.828116 	-57.677784 	-58.890034 	-57.997974 	-59.635273 	-59.545748 	-58.551787 	-58.170556 	-59.349446 	-58.996021 	-58.620992 	-57.722790 	-58.394470 	-57.852854 	
9.807906 	4.889055 	3.021288 	-4.837442 	-60.023401 	-59.682496 	-58.527721 	-58.263165 	-59.517070 	-59.058225 	-60.320124 	-57.646132 	-59.095057 	-57.876635 	-57.600539 	-59.259825 	-59.539501 	
9.917702 	6.287318 	-6.140949 	-17.676246 	-24.619327 	-35.678620 	-58.675051 	-57.637536 	-58.294797 	-58.769484 	-59.257995 	-59.279729 	-58.730548 	-58.503415 	-57.460138 	-58.887968 	-59.549627 	
