9.923761 	-56.401385 	-57.641666 	-60.251045 	-56.890270 	-57.901040 	-58.082721 	-56.570238 	-57.142691 	-58.354084 	
9.902419 	-27.275645 	-32.882109 	-58.003412 	-59.726859 	-59.127754 	-59.226899 	-58.353394 	-61.142315 	-58.518505 	-58.596278 	-59.031674 	-57.796294 	-57.582807 	
9.810418 	-20.451919 	-30.005503 	-48.946002 	-57.046304 	-59.563500 	-59.563557 	-58.389635 	-61.867951 	-57.466527 	-59.228079 	-59.193788 	-57.722108 	-57.802443 	-60.614956 	-59.483247 	-60.814590 	-62.081676 	-60.900025 	-59.610797 	
9.924146 	-32.722352 	-60.088077 	-58.376901 	-59.008842 	-58.585929 	-59.868430 	-59.230025 	-58.284254 	-61.496822 	-61.113461 	-58.312049 	-59.872164 	-58.212936 	-57.944660 	-59.430116 	-57.509558 	
9.872413 	-7.846024 	-16.152471 	-18.641709 	-42.672755 	-49.707518 	-51.462158 	-51.492629 	-58.503869 	-57.671387 	-58.250332 	-60.358156 	-58.432468 	
9.958108 	-32.151597 	-61.382900 	-62.293355 	-59.522675 	-59.461113 	-57.950502 	-58.207326 	-58.025676 	-61.516323 	-57.523218 	-58.571557 	
9.712462 	6.222108 	-15.510299 	-31.514521 	-60.899190 	-59.930803 	-58.209654 	-61.853767 	-58.909956 	-58.373895 	-60.263009 	-60.872569 	-59.186446 	-57.770184 	-59.114665 	-57.919161 	-59.115352 	-59.422065 	-58.077526 	-58.672577 	
10.094316 	-0.755557 	-3.805395 	-14.765701 	-18.086105 	-38.536048 	-40.835380 	-57.743079 	-59.886082 	-58.783722 	-60.735161 	-58.324975 	-59.529994 	-58.128483 	-57.963531 	-60.368936 	-57.731675 	-58.953822 	-59.030661 	-61.944692 	-59.627831 	-59.071010 	
9.922109 	2.728664 	-0.732237 	-3.767726 	-4.778449 	-4.355271 	-28.375309 	-30.725227 	-31.817142 	-46.614207 	-45.598917 	-46.477823 	-55.985432 	-53.943583 	-54.985501 	-57.359266 	-57.048937 	-55.211748 	-59.065041 	-57.859546 	
9.806946 	-6.078328 	-9.871485 	-16.962114 	-42.332856 	-41.251806 	-45.427967 	-44.405984 	-58.490080 	-57.249598 	-59.000293 	-60.539309 	-56.970820 	-60.807146 	-58.516424 	-59.904406 	-58.117373 	-59.416958 	-57.876233 	
9.929033 	3.037843 	-21.423913 	-19.621806 	-40.495334 	-58.365754 	-60.074339 	-57.972057 	-57.874692 	-59.807667 	-61.174907 	-58.009283 	-59.289970 	-57.530457 	-58.111249 	-58.895594 	-57.792434 	-57.616286 	-59.538083 	-58.350097 	
10.191619 	-12.502639 	-21.475914 	-30.146510 	-39.950634 	-56.590267 	-60.224017 	-59.749372 	-58.727525 	-58.168161 	-57.826524 	-60.223367 	-59.662053 	-57.978854 	-57.230916 	-58.720962 	-58.823745 	-59.680973 	-59.023607 	-59.389200 	
9.996470 	-23.721748 	-26.173871 	-47.969315 	-57.568354 	-58.482720 	-58.807680 	-60.648549 	-59.248309 	-59.290467 	-61.217570 	-62.632747 	-58.834880 	-57.866547 	-60.642559 	-61.468583 	-58.962312 	-59.903971 	-61.917796 	-59.197732 	-58.866195 	-59.794251 	-59.200525 	
9.650258 	-2.560398 	-27.579316 	-51.363701 	-56.656956 	-58.487760 	-57.960098 	-57.967402 	-58.545392 	-60.911740 	-58.052236 	-59.401539 	-58.537472 	-58.250619 	
9.591116 	-58.404062 	-57.821459 	-59.298513 	-57.418842 	-59.700776 	-57.438746 	-60.372094 	-59.600799 	-58.936194 	-58.042144 	-60.764864 	-58.243535 	-58.736880 	-57.349389 	-58.956764 	-58.160690 	-60.046404 	-57.694663 	
9.644534 	-1.463815 	-4.969981 	-30.296589 	-45.696516 	-54.593063 	-56.686486 	-61.080107 	-57.853013 	-58.153222 	-62.262917 	-59.701051 	-58.890194 	-58.700395 	-60.021340 	-59.422565 	-67.522959 	-58.751096 	-60.424501 	-61.413370 	-57.660219 	-59.980872 	-57.698104 	
9.960365 	1.206715 	-20.640998 	-57.117683 	-60.217048 	-59.547336 	-57.456296 	-60.743066 	-58.800731 	-60.565237 	-58.035645 	-58.257778 	-58.285017 	-60.626636 	-59.919819 	-58.160482 	-59.527471 	-59.415292 	-59.128927 	-60.530093 	-59.250649 	-59.846623 	-58.024867 	-58.343241 	-59.503307 	-61.637651 	-60.319674 	
9.819945 	2.092196 	-11.748893 	-23.444180 	-33.089260 	-58.756381 	-58.508531 	-58.427787 	-58.485726 	-60.510094 	-57.417296 	-58.301270 	
9.967858 	4.857640 	2.827568 	0.979830 	-2.293520 	-8.276822 	-19.232920 	-31.855145 	-40.106441 	-57.699716 	-59.789207 	-59.923342 	-60.462549 	-57.484022 	-61.666202 	-59.596383 	-59.192860 	-57.798151 	-61.176087 	-61.250233 	-60.364906 	-58.789687 	-59.054148 	-58.948092 	-59.786415 	-59.264326 	-58.933573 	
9.917557 	-43.714388 	-48.778884 	-60.301981 	-57.272529 	-58.099564 	-58.294912 	-57.540159 	-58.945619 	-58.424200 	-57.850927 	-58.670596 	-58.030650 	-57.321137 	-60.188818 	-58.428385 	-60.033754 	-58.273213 	
