9.931552 	-15.889039 	-20.474084 	-25.906250 	-34.030691 	-35.362053 	-38.747895 	-57.302850 	-57.678887 	-62.370390 	-57.954935 	-57.755573 	-61.522156 	-57.661987 	-58.579313 	
9.841953 	-31.784558 	-35.948370 	-53.395422 	-58.065637 	-58.081602 	-57.789967 	-59.109324 	-57.039486 	-59.281895 	-58.509711 	-60.595114 	-59.092613 	-60.456212 	-58.691126 	
10.174184 	-5.510373 	-15.489130 	-18.338007 	-45.635075 	-57.345714 	-57.896779 	-59.853493 	-61.645770 	-59.570202 	-57.667798 	-59.285745 	-58.597365 	-58.942002 	-58.217265 	-58.881318 	
9.708636 	6.660103 	-8.684491 	-6.769796 	-11.549258 	-20.768771 	-25.557409 	-28.663630 	-41.292012 	-47.642251 	-58.521969 	-58.892102 	-58.249106 	-59.311625 	-57.952030 	-59.034940 	-58.213178 	-58.864990 	-60.021643 	-58.665495 	-57.882184 	-58.813295 	-57.503850 	-59.523099 	-60.427451 	-59.317319 	
9.752285 	-23.242833 	-26.468717 	-33.007720 	-57.562567 	-58.134815 	-58.997763 	-57.313302 	-58.323124 	-61.009570 	-59.285986 	-57.616020 	-57.661975 	
9.860887 	-31.840635 	-56.513073 	-61.251202 	-59.045635 	-60.248273 	-61.174840 	-59.670481 	-58.324008 	-57.196484 	-58.832347 	-58.888377 	-58.191232 	-58.822833 	-59.275189 	-59.743009 	
9.909770 	7.577546 	-37.157557 	-57.184886 	-60.161982 	-57.896743 	-58.457638 	-58.491664 	-58.574210 	-58.708355 	-59.567869 	-58.052418 	-57.493734 	-58.744752 	-60.202388 	-59.826697 	
9.920011 	-0.243147 	-58.098894 	-57.900673 	-60.557415 	-59.007737 	-58.735413 	-59.928666 	-59.012429 	-59.804356 	-60.239180 	-57.813584 	-59.450338 	-59.029128 	-60.174689 	-57.579957 	-59.095100 	-61.154012 	-60.441036 	-58.271776 	-59.545731 	
9.835668 	-15.146241 	-34.178810 	-57.040226 	-60.912403 	-58.321962 	-58.634967 	-59.562373 	-58.734578 	-60.454919 	-58.260308 	-58.438200 	-59.222076 	-61.015805 	-59.400306 	-57.657105 	
9.805511 	1.220331 	-5.879864 	-6.032851 	-6.713182 	-11.163469 	-58.514960 	-58.893850 	-57.378099 	-58.949846 	-58.460421 	-59.254764 	-58.547835 	-57.410515 	-58.810362 	-61.334732 	-58.415331 	
10.092028 	-6.882801 	-6.916207 	-11.392433 	-12.716731 	-15.680281 	-18.003450 	-32.876939 	-55.456971 	-57.087119 	-58.786994 	-59.149483 	-60.074853 	-58.741518 	-57.944338 	-59.235679 	-59.410514 	-57.932356 	
9.746854 	4.705686 	-45.672795 	-53.239393 	-53.126048 	-60.129788 	-58.765900 	-60.601952 	-58.571890 	-59.061739 	-59.404715 	-57.629916 	-60.145520 	-58.623625 	-59.520530 	-60.614940 	-60.808084 	-58.272555 	-59.612426 	-58.522234 	-58.243305 	-61.362455 	
10.148082 	-6.327041 	-23.444130 	-29.135584 	-31.598411 	-57.881534 	-61.543961 	-63.356455 	-58.113484 	-59.216693 	-59.505152 	-58.665740 	-60.152480 	-58.686448 	-61.652522 	-57.695950 	-58.050170 	-57.770116 	
9.960127 	2.460227 	0.832580 	-57.288628 	-58.132252 	-58.307205 	-61.751331 	-62.349903 	-57.902069 	-57.156616 	-59.066439 	-59.807353 	-57.936748 	-62.433783 	-59.834919 	
9.836184 	-34.862597 	-36.224713 	-52.020053 	-57.325721 	-57.846872 	-57.740865 	-59.025218 	-57.472184 	-59.226149 	-60.218483 	-58.883684 	-59.541802 	-57.425282 	-56.886884 	-59.668242 	-59.084484 	-57.826004 	-59.577527 	-57.860931 	
9.843590 	-6.630615 	-33.234030 	-28.196250 	-48.282697 	-51.656904 	-55.817600 	-57.038085 	-57.811546 	-60.122989 	-60.582647 	-60.247475 	-58.914703 	-59.557946 	-57.792915 	-58.827050 	-59.974773 	-58.429200 	-58.698403 	-60.410381 	-61.165771 	-60.423583 	-61.277254 	-59.195565 	-60.343358 	
9.997487 	-5.793054 	-42.038425 	-58.638845 	-58.910655 	-61.367349 	-58.200778 	-58.714517 	-58.608827 	-60.739056 	-58.537826 	-60.231413 	-60.122416 	-59.039282 	-57.720133 	-57.737048 	-60.687160 	-58.243187 	-58.280247 	-60.419054 	-57.784975 	
9.968569 	0.211068 	-0.020351 	-27.562961 	-31.143463 	-58.268155 	-60.323769 	-59.896422 	-57.717628 	-60.780357 	-58.564230 	-58.707583 	-57.075450 	-58.273588 	-58.263837 	
10.202182 	1.891002 	-2.879541 	-21.290291 	-18.028604 	-19.831179 	-46.427946 	-48.527320 	-57.503462 	-60.062446 	-58.987316 	-58.724994 	-58.427795 	-58.728156 	-57.614271 	-57.245150 	-59.236576 	-60.236961 	-61.282840 	
9.516424 	3.459968 	-4.151493 	-8.821651 	-18.149857 	-59.161993 	-61.472427 	-58.573149 	-60.176760 	-57.578462 	-57.937670 	-58.404389 	-60.498300 	-60.524146 	-59.778909 	-62.475158 	
