9.598794 	-24.471970 	-22.849992 	-28.708767 	-29.234859 	-43.000932 	-51.433183 	-59.100706 	-59.515634 	-58.816027 	-60.475277 	-60.743634 	-59.050976 	-58.564329 	-59.839269 	-57.634115 	-61.254918 	-58.874688 	-60.397346 	-60.583112 	
9.611595 	-10.539501 	-16.600415 	-23.253748 	-23.587673 	-29.170691 	-34.691814 	-40.023162 	-42.951789 	-40.110548 	-47.746218 	-57.061061 	-60.901154 	-59.429855 	-58.118161 	-59.003368 	-57.383004 	-58.997521 	-57.826828 	-59.662500 	-59.840713 	-60.016314 	-58.428692 	-59.549717 	-60.195274 	-59.169096 	-58.477688 	
9.381876 	1.588978 	-17.920272 	-23.221687 	-25.372884 	-58.690907 	-58.991380 	-60.029198 	-58.027078 	-62.129589 	-59.095638 	-58.729870 	-61.068909 	-61.290698 	-62.646271 	-59.808501 	-59.202607 	-59.597132 	-58.895660 	-59.492621 	
9.900347 	-4.732188 	-18.301050 	-19.794978 	-21.524173 	-28.966665 	-31.857655 	-60.377697 	-59.572424 	-58.468354 	-58.182233 	-58.772265 	-59.243855 	-57.603467 	-59.874715 	-58.121929 	-57.866325 	-59.411001 	-58.793650 	-58.172921 	-58.663143 	-58.637771 	-57.800207 	-57.761428 	-58.652617 	
9.441960 	7.286897 	0.776931 	-2.215408 	-5.092295 	-13.252382 	-22.076948 	-28.247160 	-52.780535 	-58.239612 	-60.829737 	-59.150804 	-58.932215 	-60.274638 	-58.490571 	-58.758811 	-57.770340 	-58.666466 	-64.765457 	-59.806756 	-58.646417 	
10.188614 	-0.397523 	-13.370925 	-30.070521 	-33.538193 	-38.329835 	-57.060697 	-60.147280 	-57.889733 	-58.708249 	-58.277865 	-59.774867 	-61.211687 	-59.424457 	-57.333259 	-58.510974 	-58.357030 	-58.820574 	-58.584440 	-59.035883 	-58.034887 	
9.766263 	4.351904 	1.700110 	-6.091825 	-15.797079 	-42.810741 	-48.204628 	-56.973441 	-60.355271 	-57.849264 	-58.088599 	-58.419090 	-58.334286 	-60.979751 	-58.952599 	-60.001935 	-57.416808 	-60.809039 	-58.928014 	-59.938529 	
9.850655 	4.189221 	4.182307 	2.425973 	-2.770045 	-5.797501 	-9.512845 	-10.532143 	-15.613139 	-16.306624 	-22.453396 	-23.482881 	-23.720456 	-40.925059 	-44.782519 	-47.588735 	-49.937982 	-52.963067 	-55.589931 	-55.441392 	-56.460932 	
9.666703 	8.523020 	7.541184 	-10.351266 	-37.456047 	-50.467275 	-51.330974 	-56.605190 	-57.680926 	-58.977846 	-59.021334 	-60.821101 	-59.436078 	-58.623023 	-58.079692 	-58.882874 	-59.402687 	-59.172119 	-57.915366 	-59.698035 	-58.484703 	-57.430814 	
9.831978 	-0.653659 	-8.791299 	-8.214810 	-17.403860 	-17.790069 	-25.488618 	-31.963357 	-37.636945 	-36.672503 	-38.555301 	-41.506316 	-46.857864 	-47.929783 	-47.921972 	-54.699533 	-53.471939 	-57.282472 	-57.610071 	
9.388010 	-15.273971 	-24.493273 	-59.913530 	-57.600561 	-60.702271 	-63.170356 	-60.832753 	-59.343062 	-59.246984 	-59.540412 	-58.884105 	-59.141809 	-61.492455 	-60.154560 	-59.131397 	-63.167920 	-58.025356 	
9.926851 	2.966553 	-4.306337 	-2.559489 	-6.949791 	-12.329376 	-23.007364 	-33.212473 	-34.301934 	-35.457868 	-35.127256 	-38.142827 	-43.761590 	-46.309518 	-46.140796 	-51.309415 	
9.767898 	-5.265072 	-13.708922 	-16.697116 	-22.693268 	-29.799697 	-51.885502 	-59.144320 	-61.451289 	-58.846394 	-58.171469 	-58.276837 	-57.673144 	-58.674250 	-58.932925 	-59.779538 	-58.470285 	-58.956501 	-57.980665 	
9.852346 	-1.365348 	-16.292946 	-20.846365 	-50.486220 	-56.113803 	-58.306928 	-56.710790 	-57.696910 	-58.356624 	
9.636187 	-5.922372 	-4.586675 	-19.373796 	-32.398447 	-41.696914 	-43.669035 	-57.631939 	-58.443938 	-59.970014 	-60.367532 	-57.996090 	-62.381539 	-58.384550 	-58.282535 	-58.314735 	-60.538826 	-57.273350 	
9.507411 	6.375999 	-8.034774 	-10.349544 	-29.765008 	-32.764511 	-50.110477 	-50.111337 	-54.014774 	-56.782505 	-56.452433 	-57.963662 	-57.613016 	-57.807201 	-55.939685 	
9.737824 	-6.370435 	-11.691443 	-17.619682 	-40.456934 	-47.141550 	-57.542135 	-57.624086 	-57.000013 	-57.423928 	-55.637006 	
10.089117 	-41.633096 	-57.706420 	-57.311936 	-57.218771 	-59.450227 	-58.628382 	-62.796954 	-58.351388 	-58.393023 	-58.813121 	-58.570874 	-57.547332 	-58.860612 	-61.052054 	-57.452623 	-58.617049 	-58.317450 	
9.755885 	-8.962362 	-18.912357 	-36.003129 	-36.192185 	-36.638305 	-54.607675 	-58.748150 	-59.599054 	-58.281292 	-58.554731 	-58.388147 	-58.627955 	-57.941700 	
9.949275 	-9.953232 	-19.140849 	-21.743960 	-25.921894 	-33.323566 	-58.883787 	-57.948682 	-57.765578 	-57.240916 	-57.708066 	-57.415181 	-58.324315 	-61.537868 	-59.013956 	-57.988523 	-61.814672 	
