9.519415 	3.452640 	-12.853748 	-30.682474 	-31.688949 	-34.875826 	-52.513862 	-56.937270 	-57.418621 	-58.435430 	-56.484040 	
9.787733 	0.822037 	-3.190884 	-1.009866 	-6.606182 	-9.924935 	-13.882556 	-12.555896 	-24.679024 	-24.306720 	-25.896683 	-32.757172 	-33.329547 	-34.189082 	-36.158645 	-36.838071 	-40.577971 	-38.955569 	-41.987928 	-46.803981 	
9.464536 	4.975085 	0.414541 	-8.059312 	-17.824621 	-25.075432 	-36.411197 	-57.807713 	-58.782204 	-58.644017 	-59.476449 	-56.609782 	-57.578966 	-60.422099 	-57.947674 	-57.411513 	-57.877592 	-62.368185 	-57.750676 	
9.866718 	0.870860 	2.684890 	-1.283138 	-2.463616 	-7.070648 	-8.448081 	-8.471966 	-7.578082 	-14.103891 	-14.453345 	-16.413215 	-16.557498 	-17.381724 	-19.059826 	-21.516561 	-23.029792 	
9.398685 	6.634090 	2.214597 	-4.032066 	-1.757970 	-4.551686 	-8.306570 	-10.523544 	-7.593932 	-13.661260 	-20.360950 	-18.469398 	-18.419835 	-19.311613 	-22.341761 	-19.693358 	-19.697824 	-21.065489 	
9.314389 	-9.475399 	-21.508431 	-41.911384 	-41.741428 	-54.199032 	-58.456843 	-58.245019 	-56.429277 	-56.699102 	-60.162344 	-58.258740 	-58.731917 	-57.095212 	-58.760914 	-57.972218 	-57.156949 	
9.911676 	1.518695 	-5.981038 	-10.560393 	-25.658151 	-41.887835 	-47.536253 	-53.235457 	-55.410804 	-58.118620 	-58.297503 	-56.237438 	
9.726734 	-3.641632 	-9.554456 	-11.145878 	-19.063425 	-21.337244 	-30.615592 	-23.196750 	-32.880704 	-57.109901 	-58.491886 	-57.809529 	-57.543015 	-59.090317 	
9.883493 	3.135400 	-3.886083 	-10.604772 	-16.263501 	-41.423872 	-51.869326 	-48.909089 	-50.079834 	-52.521332 	-54.610677 	-57.942135 	-58.777132 	-57.666537 	-56.893099 	-58.829685 	
9.750586 	-5.253022 	-10.042353 	-9.863292 	-27.273728 	-32.997048 	-37.520289 	-59.671910 	-57.706212 	-59.037943 	-58.648977 	-57.742210 	-57.777416 	-60.877863 	-59.943991 	-62.604442 	-57.719291 	-61.765658 	-58.690656 	-61.111016 	
9.893785 	-8.412504 	-9.129098 	-16.128629 	-17.975461 	-20.996733 	-28.109140 	-26.212764 	-29.140265 	-39.283681 	-48.588115 	-45.859574 	-50.748651 	-54.552754 	
9.856556 	4.050397 	6.786672 	4.926059 	2.685016 	1.545367 	0.557944 	1.903412 	0.797330 	1.670347 	-0.013249 	0.839366 	-0.495563 	-4.644118 	-1.853071 	-1.341954 	-3.211256 	-0.313842 	0.288575 	-0.912398 	-0.109659 	-1.249524 	-1.690383 	-0.406980 	-0.229998 	-0.538241 	-2.061062 	-2.336358 	-0.701982 	-2.548269 	-1.143300 	-2.062023 	-1.411470 	-0.175033 	-0.818606 	-0.317285 	-2.239717 	-0.530514 	-1.074847 	-1.559825 	-1.015878 	-5.064394 	0.058804 	-2.172494 	-1.269380 	-1.603192 	-0.731135 	-0.803491 	-3.339867 	-2.851522 	-4.653605 	-2.205919 	-2.101261 	-0.918398 	-2.933420 	-2.635167 	-4.890355 	-1.475895 	-3.035568 	-0.965775 	-5.147199 	-1.679626 	-1.169594 	-3.622572 	-3.611359 	-3.394563 	-3.033222 	-2.338559 	-2.709712 	-1.424875 	-4.692695 	-1.515497 	-3.777540 	-2.734866 	-3.028823 	-1.816949 	-5.102326 	-1.915356 	-1.670501 	-1.854714 	-0.585228 	-1.987420 	-1.839449 	-1.960573 	-1.189963 	-1.564487 	-1.951115 	-3.380832 	-2.644755 	-2.047057 	-1.784958 	-2.460897 	-8.102480 	-1.688666 	-3.998909 	-3.524296 	-1.894300 	-3.957828 	-2.069932 	-1.357020 	-2.890756 	-3.207565 	-4.930916 	-3.396880 	-1.684363 	-2.743631 	-1.654648 	-3.484041 	-4.176530 	-2.452052 	-4.024848 	-4.965155 	-2.735654 	-1.688188 	-4.582182 	-1.745164 	-4.526314 	-3.308775 	-3.872212 	-2.535780 	-3.222898 	-0.604598 	-1.777876 	-2.324314 	-3.405134 	-4.625414 	-1.486087 	-2.191838 	-4.662866 	-3.350443 	-5.137039 	-1.752619 	-1.674604 	-1.878879 	-2.209023 	-1.004851 	-2.931532 	-3.006994 	-2.328089 	-2.104247 	-6.542617 	-3.727018 	-2.723703 	-2.150163 	-1.380901 	-4.507698 	-1.438125 	-2.745454 	-4.389823 	-4.163004 	-4.434877 	-3.285529 	-1.186638 	-2.922039 	-4.054886 	-3.743633 	-2.536348 	-1.842595 	-5.582560 	-4.533115 	-2.029705 	-3.199022 	-2.529663 	-1.711146 	-3.272905 	-4.601950 	-2.443731 	-3.826360 	-2.135678 	-2.696611 	-1.838910 	-4.921149 	-1.430185 	-7.770811 	-2.163797 	-2.281338 	-1.628102 	-2.716404 	-2.934569 	-2.742901 	-3.010426 	-3.029150 	-6.436614 	-4.122452 	-3.694786 	-2.175820 	-7.147891 	-2.437313 	-3.835707 	-1.741868 	-3.966581 	-5.776104 	-4.689807 	-3.274695 	-3.822560 	-1.586669 	-2.238090 	-2.521137 	-3.364805 	-2.816993 	-2.985575 	-3.674779 	-2.007439 	-1.766036 	-3.319247 	-2.650752 	-2.932004 	-4.303897 	-3.963615 	-3.736271 	-1.491094 	-3.771684 	-4.319352 	-3.039299 	-6.194347 	-3.485269 	-5.447581 	-4.159255 	-9.329055 	-4.898028 	-2.745430 	-2.173840 	-2.497723 	-5.299252 	-4.005806 	-2.892039 	-1.101666 	-2.722880 	-2.205479 	-3.665835 	-3.529323 	-2.365714 	-3.438601 	-5.826094 	-2.852429 	-3.587186 	-2.005864 	-4.110552 	-5.076672 	-1.788625 	-1.966895 	-5.700770 	-4.988709 	-4.271857 	-1.951020 	-4.380799 	-2.421185 	-3.655066 	-2.707724 	-2.976214 	-2.509633 	-3.861529 	-4.407161 	-4.048052 	-7.187878 	-6.665685 	-3.706935 	-2.792648 	-4.507195 	-3.739385 	-3.336109 	-2.131856 	-2.695796 	-3.433774 	-3.562949 	-6.031062 	-4.437556 	-5.157968 	-5.289268 	-3.705928 	-4.320090 	-4.841357 	-2.743358 	-3.521472 	-4.690784 	-2.943024 	-2.722228 	-3.196557 	-2.510734 	-6.048664 	-4.523275 	-6.302135 	-4.768291 	-3.379539 	-3.986018 	-2.666755 	-4.282297 	-1.529817 	-1.646265 	-4.903146 	-2.607660 	-3.884446 	-4.173787 	-4.328483 	-3.342987 	-4.219774 	-5.064184 	-4.191354 	-4.307578 	-3.060350 	-5.393457 	-4.406653 	-5.081073 	-2.124957 	-5.120796 	-2.215538 	-4.338218 	-3.546135 	-6.971251 	-3.192136 	-3.977049 	-3.993012 	-3.978767 	-3.191437 	-5.079389 	-4.978629 	-3.918837 	-4.142943 	-3.721151 	-3.976964 	-3.326940 	-2.626075 	-3.623512 	-4.262178 	-4.512247 	-2.506668 	-6.100816 	-5.167052 	-4.047621 	-3.159170 	-3.602107 	-3.157372 	-5.065142 	-4.743076 	-4.035432 	-3.062136 	-5.575094 	-3.596705 	-5.675819 	-3.690600 	-7.838984 	-3.545726 	-3.256565 	-4.676259 	-4.564074 	-2.942286 	-4.571919 	-4.738766 	-3.525892 	-4.953423 	-3.787968 	-2.812288 	-4.347506 	-3.537539 	-3.874895 	-2.234960 	-3.752684 	-4.109105 	-3.492121 	-4.654933 	-6.079097 	-3.741670 	-3.797857 	-3.367755 	-4.004740 	-2.358935 	-4.109414 	-2.423795 	-2.819532 	-3.585662 	-6.515333 	-5.042207 	-4.331169 	-3.091493 	-4.411598 	-3.645504 	-3.373754 	-3.793288 	-3.393416 	-1.936740 	-4.013798 	-5.653300 	-2.915220 	-3.167226 	-4.405991 	-3.796598 	-4.016253 	-5.532870 	-3.757946 	-7.516049 	-2.815067 	-2.769313 	-8.740978 	-4.868422 	-2.686006 	-2.550176 	-3.066038 	-3.446761 	-4.963883 	-4.166861 	-3.153420 	-2.250719 	-2.941000 	-4.551000 	-3.419845 	-5.241037 	-3.318889 	-4.850253 	-3.326811 	-4.669296 	-1.691481 	-4.533101 	-3.623876 	-3.952459 	-8.079768 	-4.422840 	-4.310193 	-2.788403 	-3.728398 	-4.996867 	-3.440472 	-4.928456 	-3.552416 	-4.445510 	-7.458135 	-4.411113 	-5.375790 	-3.700663 	-3.081854 	-4.429879 	-3.066921 	-3.723617 	-3.987846 	-2.952978 	-2.477484 	-5.270394 	-3.026326 	-3.520524 	-5.212343 	-5.385846 	-4.387018 	-3.879031 	-2.378339 	-5.258943 	-3.509071 	-4.554812 	-6.493860 	-2.717660 	-3.798418 	-2.742868 	-4.453138 	-4.260091 	-4.308441 	-3.775004 	-5.414430 	-3.144759 	-6.334904 	-3.392880 	-4.242200 	-4.490078 	-6.787459 	-3.238767 	-3.443181 	-3.206618 	-3.555397 	-4.981337 	-4.087846 	-5.979141 	-6.436153 	-3.056691 	-3.948031 	-2.587543 	-4.278187 	-3.905031 	-4.991153 	-5.185849 	-7.499854 	-4.651979 	-4.928373 	-4.264461 	-4.182118 	-5.092965 	-5.058859 	-4.732936 	-6.018137 	-4.300876 	-3.640964 	-4.287378 	-4.609734 	-4.049623 	-5.891443 	-3.279879 	-2.278192 	-3.695479 	-3.890876 	-5.713569 	-4.110706 	-3.240599 	-4.067267 	-2.978298 	-3.926903 	-6.117819 	-3.772312 	-8.656404 	-5.588087 	-3.700791 	-6.964722 	-6.225983 	-5.882690 	-4.671655 	-5.719335 	-3.632332 	-6.682212 	-3.172099 	-6.779946 	-4.366191 	-2.818463 	-3.923566 	-3.884624 	-4.135786 	-2.993832 	-3.377507 	-3.043522 	-3.641995 	-8.874770 	-5.070290 	-4.033759 	-3.348131 	-4.779754 	-3.691879 	-3.000766 	-3.014271 	-4.394176 	-3.320838 	-4.591061 	-5.196562 	-4.260182 	-3.737955 	-3.684954 	-3.647567 	-6.279897 	-5.716227 	-3.369643 	-2.914657 	-4.620065 	-4.398974 	-3.906903 	-4.937063 	-2.313550 	-3.544248 	-4.170268 	-3.605551 	-2.867768 	-3.654916 	-3.255897 	-3.102211 	-5.523070 	-6.323558 	-3.970685 	-3.890777 	-1.808463 	-4.923456 	-6.902743 	-6.342408 	-4.243153 	-4.148472 	-7.240670 	-4.126782 	-3.799149 	-4.108356 	-5.357842 	-4.446838 	-2.906848 	-6.880675 	-4.050157 	-3.964229 	-5.726886 	-4.692021 	-5.928412 	-6.907198 	-3.294101 	-2.925001 	-3.347073 	-3.146809 	-3.620350 	-4.104581 	-3.052625 	-4.087377 	-4.031787 	-3.304311 	-3.872803 	-4.978657 	-4.878627 	-3.728788 	-3.484455 	-4.723724 	-5.266991 	-5.287776 	-4.012716 	-5.216011 	-4.675256 	-3.323587 	-5.125479 	-4.711771 	-2.964327 	-2.947131 	-3.838117 	-3.683792 	-3.832911 	-5.411471 	-3.311934 	-3.565266 	-2.846120 	-3.227383 	-7.056509 	-2.501352 	-5.438820 	-3.541493 	-2.667413 	-4.056209 	-6.021921 	-7.138785 	-3.706551 	-6.213360 	-5.300871 	-5.772245 	-5.272345 	-6.655821 	-2.750100 	-5.258800 	-3.571740 	-3.760063 	-3.507461 	-3.719326 	-3.602106 	-4.048924 	-3.766788 	-3.530616 	-6.854621 	-3.308036 	-4.990277 	-4.621503 	-4.253106 	-2.933952 	-2.863047 	-3.019001 	-3.957030 	-5.843950 	-7.061751 	-4.810893 	-2.973968 	-3.136460 	-4.093693 	-5.827312 	-6.938962 	-3.905525 	-6.163430 	-3.768695 	-3.899910 	-4.930026 	-3.109677 	-3.652890 	-3.538116 	-3.287240 	-6.049073 	-2.876782 	-5.005741 	-3.279106 	-5.836863 	-4.730521 	-5.709940 	-4.444342 	-2.603632 	-5.010089 	-3.742870 	-6.807752 	-4.710046 	-4.310072 	-6.194871 	-5.249786 	-3.766806 	-2.866521 	-4.436589 	-3.508426 	-4.554261 	-3.679103 	-3.710058 	-3.111391 	-4.158298 	-2.692524 	-5.036334 	-3.422007 	-5.113023 	-5.112840 	-4.174279 	-3.954428 	-4.434597 	-6.540853 	-2.819184 	-3.421251 	-3.568445 	-4.534563 	-3.164390 	-2.947983 	-5.369150 	-4.217207 	-3.630361 	-5.461656 	-5.157762 	-3.781034 	-2.802724 	-4.092770 	-4.244752 	-4.424755 	-3.838658 	-6.654058 	-4.394115 	-5.198949 	-4.047363 	-4.212951 	-3.919373 	-3.608138 	-3.241751 	-5.769655 	-3.694348 	-5.371495 	-4.147033 	-3.755653 	-5.040313 	-7.435336 	-3.089601 	-3.527197 	-3.310435 	-5.146237 	-3.968060 	-6.809572 	-4.866580 	-6.485600 	-3.201617 	-3.568410 	-3.280519 	-4.171245 	-3.396527 	-5.262515 	-4.125942 	-4.502054 	-6.589516 	-4.549466 	-4.408982 	-3.205500 	-4.223669 	-4.045381 	-3.607550 	-5.280618 	-3.342656 	-5.016602 	-3.188873 	-3.706172 	-3.497226 	-3.268807 	-5.988563 	-3.341886 	-3.628362 	-6.705560 	-5.085156 	-3.832792 	-4.391759 	-3.267996 	-4.116081 	-6.728845 	-3.418846 	-6.305810 	-4.483802 	-5.462621 	-7.467695 	-3.131056 	-3.169830 	-5.401217 	-5.652090 	-4.577471 	-5.690381 	-2.928094 	-4.099319 	-4.316302 	-6.192078 	-4.408989 	-2.958898 	-5.528222 	-5.356889 	-4.949895 	-3.397194 	-10.692388 	-5.576235 	-3.865704 	-4.452065 	-3.658189 	-3.689868 	-4.399612 	-3.326422 	-7.977986 	-3.402448 	-3.439477 	-3.760924 	-3.924033 	-5.284582 	-5.059865 	-4.645666 	-2.945968 	-4.246664 	-3.073016 	-3.908462 	-3.869297 	-4.300260 	-3.573040 	-3.601817 	-5.077973 	-4.098095 	-4.677678 	-4.433679 	-4.068608 	-4.259244 	-6.381427 	-5.343612 	-5.682968 	-3.172318 	-6.840975 	-4.768065 	-3.944925 	-3.799559 	-2.939043 	-6.295414 	-5.685139 	-3.384997 	-4.958737 	-2.878645 	-4.433263 	-4.725349 	-4.130733 	-4.546311 	-2.237222 	-3.989338 	-5.692818 	-4.228621 	-3.432250 	-4.518422 	-4.875838 	-4.352800 	-5.552215 	-3.863639 	-7.430049 	
9.603909 	3.864534 	-10.969205 	-29.561226 	-34.278655 	-34.405213 	-45.244781 	-36.753588 	-51.767953 	-51.524407 	-52.337618 	-56.696717 	-55.206189 	
9.877377 	-2.265774 	0.369658 	0.109767 	-1.613908 	-3.034408 	-5.475455 	-4.089461 	-8.694838 	-10.571038 	-11.117899 	-16.332423 	-22.708420 	-26.268781 	-27.947652 	-31.745489 	-31.891888 	-29.370391 	-30.863197 	-29.300840 	-32.676555 	-32.691075 	-33.332187 	-35.063314 	
9.805238 	4.545286 	-2.781819 	-4.336485 	-26.736082 	-28.858476 	-36.756267 	-33.641474 	-35.379884 	-35.872619 	-38.988730 	-37.909144 	
9.969285 	1.501967 	1.900797 	-1.988939 	-1.488837 	0.140875 	-2.205509 	-0.283842 	-3.836084 	-2.251134 	-5.652053 	-8.384565 	-9.207979 	-11.887384 	-13.133704 	-11.851479 	-14.852604 	-13.672190 	-14.888399 	-16.505656 	
9.691967 	5.174075 	-4.005054 	-10.662727 	-11.528614 	-15.105462 	-23.839198 	-32.197566 	-33.871893 	-36.558435 	-41.725729 	-45.355153 	-43.471685 	-46.058409 	-44.599396 	-45.343833 	
9.854409 	6.556482 	3.974735 	-3.129774 	-5.213898 	-11.566006 	-13.667320 	-16.399593 	-25.494176 	-29.303004 	-29.651521 	-46.917224 	-43.418706 	-49.744777 	-53.586114 	-51.091671 	-55.920745 	-58.360343 	-55.710192 	-54.258374 	-56.519973 	
9.807367 	1.435846 	-6.462793 	-10.952873 	-34.089895 	-42.570962 	-43.077166 	-46.935772 	-48.402772 	-57.599307 	-57.796111 	-60.999457 	-58.735988 	-59.391589 	-60.284727 	-61.565126 	-58.995696 	-59.174458 	-63.966718 	-58.542995 	-58.120470 	-58.485324 	-59.042850 	
9.552847 	3.839288 	0.229802 	3.738845 	-0.292338 	0.976696 	2.134290 	0.593611 	0.727136 	1.468204 	0.690925 	0.905994 	-1.556519 	1.159858 	0.894267 	-0.361372 	0.213464 	-1.650281 	-0.713346 	0.735426 	-0.691977 	-1.161388 	-0.464975 	-0.616027 	-1.651498 	0.268161 	-0.822371 	-2.160613 	-2.239802 	-0.147179 	-2.091185 	-3.017979 	-2.049386 	-2.547013 	-1.093243 	-3.579612 	-1.202139 	-1.694054 	-1.575231 	-1.751727 	-4.446916 	-4.993490 	-2.628599 	-5.163334 	-3.086610 	-3.668464 	-5.743630 	-6.483415 	-3.109002 	-2.469915 	-3.763415 	-3.357784 	-1.909154 	-3.688184 	-4.172448 	-2.308053 	-3.796693 	-3.142611 	-4.187603 	-4.821501 	-5.684067 	-3.408048 	-2.901456 	-4.560937 	-4.340482 	-2.103805 	-3.777117 	-4.276063 	-5.854607 	-6.036925 	-3.319643 	-3.564589 	-3.741315 	-4.234971 	-3.375495 	-3.926456 	-3.745873 	-3.508684 	-5.387441 	-6.614328 	-4.047892 	-4.718906 	-3.080304 	-4.384852 	-4.576991 	-4.338633 	-4.774562 	-4.356280 	-4.201630 	-4.462801 	-5.951596 	-3.589059 	-4.721790 	-4.876169 	-6.097491 	-5.327039 	-4.416204 	-3.696732 	-5.048486 	-4.983587 	
