9.596631 	6.050443 	-2.226712 	-3.671833 	-21.944532 	-30.239702 	-51.526818 	-57.360626 	-58.046997 	-59.463019 	-58.618171 	-58.882008 	-60.007017 	-58.525630 	-59.122675 	-58.432175 	-60.471991 	-58.052797 	-58.518923 	-61.398366 	
9.913578 	-4.007565 	-15.457427 	-19.558978 	-22.075330 	-28.956986 	-36.064814 	-45.959283 	-55.121805 	-54.499152 	-59.649383 	-57.142268 	-58.324825 	-57.698594 	-57.712331 	-59.543444 	-58.022738 	-57.719286 	-58.369918 	-58.298402 	-60.114572 	-58.792172 	-57.240916 	
10.036101 	3.915124 	-41.245432 	-44.231038 	-51.660413 	-59.586941 	-58.658355 	-58.763560 	-60.423358 	-62.477503 	-58.237722 	-58.381103 	-59.952439 	-57.644605 	-58.422107 	-57.878011 	-58.280059 	-60.121423 	
9.458270 	-9.204615 	-55.869060 	-58.931031 	-58.198118 	-59.704832 	-61.032039 	-60.448940 	-60.892495 	-58.220260 	-59.390154 	-60.355594 	-60.931563 	-59.156962 	-59.802285 	-59.020599 	
9.663866 	-23.036032 	-44.817893 	-58.884632 	-58.560626 	-57.726184 	-59.322395 	-58.499232 	-57.878308 	-57.660287 	-59.380977 	-59.066379 	-57.973417 	-59.837162 	-61.631847 	-58.746357 	
9.919485 	1.342456 	-12.004251 	-13.279491 	-17.931386 	-26.048676 	-25.463624 	-26.447416 	-51.634261 	-50.756201 	-51.836866 	-51.836940 	-51.915478 	-55.311709 	-56.132980 	-57.118077 	
10.015766 	-3.934129 	-26.373187 	-45.933445 	-58.255883 	-59.300977 	-58.365882 	-57.344443 	-59.992322 	-60.155212 	-59.501436 	-57.835630 	-60.743146 	-61.089173 	-58.299333 	-59.946813 	-58.780060 	-56.821777 	-59.223729 	-58.364995 	
9.835390 	-27.063230 	-59.091815 	-58.515309 	-59.623404 	-59.927012 	-57.743396 	-61.050500 	-58.152059 	-57.526078 	-57.980143 	-59.677361 	
9.731103 	-9.196788 	-14.972826 	-17.188502 	-24.883544 	-24.071008 	-36.095481 	-45.375202 	-46.658179 	-58.094234 	-57.669221 	-60.356724 	-58.366570 	-58.520881 	-58.319696 	-58.160519 	-57.470239 	-58.838209 	-59.037091 	-59.316165 	-58.815411 	-58.623497 	-62.764866 	-60.387783 	-58.987804 	-57.248684 	
9.897568 	4.313649 	-49.073218 	-56.694766 	-58.721917 	-56.760122 	-57.238718 	-57.736880 	-57.474030 	-57.212314 	-58.070293 	-58.550703 	-60.032434 	-59.317373 	-59.341078 	-58.476109 	-57.513634 	-59.641178 	-60.047790 	
9.844976 	-12.128900 	-39.132361 	-41.424653 	-53.069626 	-54.961265 	-57.850622 	-58.869588 	-59.165204 	-58.637822 	-57.815451 	-59.231020 	-60.833894 	-59.708730 	
9.263275 	-30.243328 	-32.781161 	-34.768451 	-42.042265 	-43.477577 	-60.124132 	-59.278097 	-62.642191 	-58.663046 	-57.955835 	-60.956286 	-62.454415 	-60.259773 	-58.956751 	-60.593613 	-58.362352 	-58.473791 	-59.437904 	
10.121658 	-44.800070 	-57.105489 	-57.515917 	-56.896659 	-57.623468 	-60.553577 	-60.049758 	-58.628256 	-59.765985 	-60.429294 	-59.413665 	-59.646326 	-57.716548 	-58.064743 	-60.894077 	-57.120785 	-59.355252 	-57.689510 	-58.073910 	-58.785302 	-57.552186 	-57.696330 	-58.306264 	
9.811437 	-38.090248 	-42.764996 	-46.586768 	-53.553793 	-58.567367 	-58.425528 	-58.494826 	-63.424975 	-58.330606 	-57.574141 	-58.189222 	-58.514372 	-60.505938 	-58.225646 	
9.521186 	-23.530599 	-26.748251 	-32.408781 	-39.235376 	-59.127584 	-58.683243 	-57.678395 	-59.351199 	-57.589168 	-58.937248 	-59.589547 	-60.226033 	-59.119874 	-58.741384 	-59.028850 	-63.465663 	-59.360090 	-59.125905 	
9.693322 	-22.440753 	-63.330231 	-58.061099 	-60.027155 	-58.845024 	-59.680674 	-59.998520 	-57.131585 	-60.551468 	-60.888726 	-59.764198 	
10.094224 	0.552286 	-34.359177 	-36.490417 	-60.891436 	-58.314452 	-60.358709 	-58.532658 	-58.017595 	-57.710060 	-59.553653 	-59.421445 	-58.241298 	
9.867325 	5.697370 	-58.528294 	-58.158845 	-59.392235 	-63.124275 	-57.270868 	-58.056827 	-61.896816 	-60.080576 	-59.633685 	-58.270810 	
9.864954 	0.359218 	-10.461679 	-24.439504 	-40.927850 	-41.904885 	-49.207685 	-58.023361 	-60.447923 	-56.771783 	-59.721482 	-59.933927 	-59.402986 	-58.966008 	
9.417685 	-24.884342 	-39.807356 	-59.993860 	-61.543710 	-57.400739 	-60.057934 	-58.092416 	-59.394396 	-57.291017 	-58.497759 	-59.529957 	-62.026132 	-59.305499 	-59.005212 	
