10.129231 	-20.835302 	-26.812149 	-33.004696 	-40.197148 	-56.921319 	-60.466073 	-58.365675 	-59.848877 	-58.828623 	-57.447519 	-59.616205 	-59.488964 	-56.837837 	-57.731931 	
10.012200 	-4.908673 	-12.644486 	-33.828471 	-36.793399 	-41.386786 	-60.056147 	-57.432990 	-59.394527 	-57.981954 	-58.994770 	-59.864193 	-59.815284 	-58.661883 	-60.985912 	-58.082576 	-61.101044 	-58.737919 	-57.155250 	-57.775178 	-59.830301 	-58.821975 	
9.995119 	-22.476728 	-57.931893 	-58.120697 	-59.632292 	-58.559992 	-58.916110 	-60.576343 	-59.984189 	-58.532429 	-61.093784 	
10.076709 	-54.956807 	-60.342827 	-60.882377 	-58.844804 	-58.850954 	-58.131522 	-61.566157 	-59.120638 	-59.266828 	-59.739176 	-59.505131 	-59.260741 	-59.021711 	-59.066409 	-61.804527 	-59.667991 	-58.741299 	-57.406491 	-62.184554 	
9.582593 	0.056197 	-26.040076 	-29.326337 	-56.073078 	-58.445427 	-59.308986 	-63.040074 	-59.441353 	-59.516215 	-57.909241 	-58.070615 	-58.354958 	-59.413962 	
10.042326 	4.438124 	-0.330055 	-0.331936 	-8.409975 	-20.214886 	-34.381592 	-39.968398 	-40.476936 	-56.169223 	-54.565966 	-56.358482 	-60.212551 	-57.962452 	-63.026859 	-59.660212 	-57.722054 	-57.640449 	-59.626363 	-58.199236 	-59.082088 	
10.015322 	-25.043663 	-55.212942 	-59.054112 	-58.108308 	-59.567057 	-57.758739 	-59.645670 	-59.644013 	-60.182264 	-59.991124 	-58.524399 	-58.807864 	-59.283176 	-60.040967 	-60.370499 	-61.659816 	-57.803594 	-57.369637 	-59.044844 	-61.810705 	
9.668734 	-20.092186 	-42.931096 	-45.315844 	-48.908564 	-57.012935 	-60.021622 	-58.218145 	-61.177714 	-62.819925 	-58.702411 	-59.583916 	-59.287774 	-61.763718 	-59.207050 	-59.029192 	-59.340209 	-60.571558 	-59.525134 	-58.793384 	-61.110589 	-57.932270 	-59.122315 	
9.628567 	5.142050 	-0.348974 	-9.658672 	-35.210246 	-61.185611 	-58.781429 	-60.247338 	-57.966713 	-59.914879 	-59.804523 	-60.240703 	-59.165579 	-62.032800 	-59.696171 	-58.738134 	-58.202009 	-58.975821 	-57.859744 	-59.337475 	-60.038937 	-58.614565 	
10.035289 	-6.178734 	-58.316821 	-57.897562 	-56.893131 	-58.087145 	-58.016056 	-58.959724 	-59.040123 	-62.365641 	-59.231950 	-61.016319 	-57.706060 	-58.075677 	
9.849385 	-11.566444 	-12.237295 	-15.063302 	-23.353342 	-61.207742 	-56.900303 	-59.714475 	-58.600500 	-61.822933 	-58.919574 	-60.245760 	-61.842253 	-60.519200 	-59.789032 	-59.723600 	-64.945270 	-57.915936 	-58.710554 	-59.510087 	-58.211183 	
9.951299 	-2.690655 	-44.005468 	-59.281680 	-61.354504 	-58.286246 	-57.709902 	-57.704697 	-57.838911 	-57.373991 	-57.592118 	-57.735844 	-58.815884 	-57.609890 	-61.332974 	-57.951301 	
9.996427 	-9.706600 	-48.753466 	-50.193421 	-55.526226 	-59.803170 	-58.399047 	-59.508266 	-60.100948 	-61.361740 	-60.280334 	-59.212755 	-58.522761 	-59.856094 	-59.205424 	-60.431855 	-57.930819 	-60.060722 	-58.620699 	-58.619197 	-58.710550 	-63.614274 	-59.716401 	
9.524417 	-9.903476 	-21.514738 	-25.269271 	-35.084520 	-45.855090 	-55.824477 	-58.451762 	-59.505331 	-59.858593 	-58.389277 	-59.503848 	-59.587241 	-60.777379 	-59.044951 	-58.742767 	-61.508871 	-63.574875 	-59.151585 	-58.348739 	-60.227582 	-59.901476 	-58.037188 	
9.590140 	-21.909057 	-34.283486 	-42.241587 	-40.470735 	-41.195613 	-47.041110 	-58.003387 	-58.904818 	-58.095837 	-61.994212 	-60.356636 	-58.604280 	-59.437377 	-61.957252 	-59.986083 	-59.218930 	
9.633627 	-11.818200 	-18.434749 	-61.636558 	-59.625710 	-60.726004 	-59.183030 	-58.337352 	-59.919474 	-60.730304 	-59.708905 	-58.070382 	-58.992679 	-58.077670 	-58.091947 	-60.404277 	-62.979996 	-59.585284 	-58.074638 	
9.755177 	-37.312199 	-35.208834 	-35.667696 	-55.752700 	-57.527164 	-61.058666 	-58.740254 	-59.611856 	-59.792617 	-58.056441 	-58.443774 	-60.271869 	-60.724672 	-58.363897 	
10.284602 	-1.526455 	-9.028639 	-16.744502 	-18.921145 	-21.609546 	-23.270510 	-33.266242 	-45.346342 	-57.153455 	-57.336107 	-56.986491 	-58.147335 	-58.300723 	-60.930424 	-59.428641 	-57.604801 	-59.463012 	-60.131113 	-58.146068 	-61.216379 	-57.380940 	-57.041700 	
10.057281 	-12.768683 	-19.043154 	-25.018882 	-45.118409 	-49.620182 	-56.478953 	-58.101369 	-59.753798 	-59.252830 	-58.338004 	-57.936088 	-60.865428 	-60.183702 	-58.624877 	-57.547651 	-60.007835 	-60.209368 	-60.395825 	-58.858319 	-58.554162 	-61.664111 	-60.838139 	-57.237031 	-59.314521 	
10.311798 	-5.511881 	-19.807426 	-50.998996 	-55.724051 	-58.261460 	-57.360962 	-59.554833 	-58.393584 	-58.445710 	-58.563762 	-58.982979 	-57.000543 	-59.367738 	-57.952444 	-61.809260 	
