9.476260 	-1.050563 	-0.690452 	1.100612 	2.589062 	-4.891725 	-1.569157 	-2.459315 	-5.284878 	-6.448311 	-8.162314 	-9.623457 	-11.648973 	-9.126609 	-9.486033 	-12.899437 	-12.404353 	-11.095993 	-14.879400 	-13.452258 	
9.675749 	-6.681013 	-10.269392 	-19.971298 	-25.231759 	-35.213286 	-46.230300 	-52.010503 	-52.031455 	-58.388832 	-58.767307 	-62.636469 	-60.761335 	-58.846785 	-59.779214 	-58.825643 	-59.526269 	-59.276591 	-58.503837 	-57.576830 	-59.998425 	-59.735847 	-59.521041 	-59.818304 	
9.731368 	-7.163950 	-22.230079 	-27.625179 	-27.992630 	-32.166205 	-28.716282 	-42.988303 	-49.843263 	-55.943843 	-56.795874 	-55.931724 	
9.724345 	-0.143465 	-31.310326 	-37.623561 	-55.042078 	-54.408131 	-57.726397 	-57.381979 	-60.602432 	-59.736698 	-62.518196 	-60.651150 	-58.507126 	-59.478356 	
9.834782 	-6.147473 	-4.934954 	-15.174234 	-28.693147 	-36.406838 	-45.622076 	-58.470451 	-58.699070 	-59.569078 	-58.783667 	-58.346401 	-57.488097 	
9.639536 	-5.200465 	-24.645589 	-41.962042 	-57.548132 	-60.941855 	-58.835381 	-59.235077 	-59.585735 	-60.657342 	-57.697538 	-60.010599 	-64.198879 	-58.890278 	-58.037182 	-58.860266 	-61.752248 	-58.798046 	-59.481688 	-62.079271 	-61.242148 	
9.941195 	5.082910 	-1.829974 	-4.072962 	-6.123899 	-11.039378 	-11.224727 	-11.321266 	-16.483271 	-21.350968 	-30.338027 	-29.129359 	-33.061488 	-32.697567 	-36.721161 	-38.232111 	
9.777919 	2.669258 	-0.827722 	-8.688171 	-6.089874 	-14.984758 	-27.613269 	-26.988558 	-38.700890 	-38.662182 	-49.816619 	-53.151230 	-56.597244 	-58.756637 	-60.187137 	-57.658998 	-61.543775 	-61.206069 	-60.449006 	-58.596069 	-59.042447 	-58.548307 	-58.504157 	-61.851075 	-58.324340 	-58.666167 	-59.165129 	-60.648127 	
9.650352 	4.502424 	-10.220865 	-10.971114 	-12.407784 	-15.928274 	-16.486637 	-23.886622 	-25.747510 	-31.497961 	-32.469739 	-38.479061 	-36.426814 	-37.708738 	-40.293586 	-42.785009 	-45.572725 	-46.465158 	-46.381701 	-48.504098 	-48.845928 	-52.751759 	
9.703284 	-5.534741 	-3.721392 	-14.863700 	-13.156970 	-15.025789 	-27.756763 	-27.525711 	-33.690923 	-42.157139 	-43.554119 	-46.127675 	-49.859815 	-52.702970 	-51.031790 	-51.798680 	
10.005203 	6.428989 	5.617665 	-1.597298 	-5.806065 	-9.127482 	-18.410146 	-25.102653 	-28.730011 	-33.399419 	-34.403808 	-37.237228 	-37.898839 	-39.630695 	-40.645593 	-41.965473 	-42.879050 	-45.795473 	-46.883455 	-51.543657 	-56.512888 	-55.654203 	
10.061681 	-4.644442 	-4.065448 	-7.669824 	-14.141812 	-14.087156 	-14.869069 	-23.987295 	-42.775738 	-47.113537 	-49.017418 	-49.064325 	-52.439711 	-55.940248 	-57.984819 	-56.230251 	-56.832092 	-58.420411 	
9.533238 	3.422745 	0.174077 	-0.695697 	-3.744773 	-5.493920 	-8.492871 	-8.964865 	-10.249121 	-10.220480 	-11.432916 	-11.137283 	-12.342416 	-14.850467 	-14.727655 	-13.027755 	-15.287989 	-12.635215 	-14.458811 	-13.598703 	-14.024229 	-14.083542 	-15.774675 	-15.842954 	-17.042073 	-17.878144 	-19.944081 	-17.525103 	
9.827520 	6.500356 	-2.072629 	-6.490821 	-11.753503 	-19.709311 	-17.495486 	-17.699484 	-19.136277 	-19.738528 	-22.932612 	-20.874101 	-25.107544 	-25.351196 	-24.719691 	
9.861937 	1.846589 	0.398422 	0.657183 	-5.042827 	-5.088239 	-8.466525 	-11.241804 	-18.210839 	-20.402297 	-22.927340 	-23.105979 	-22.482491 	-23.962341 	-36.858872 	-37.345266 	-39.774727 	-51.653285 	-56.032861 	-55.724262 	-55.674867 	-55.825115 	
9.700047 	5.380587 	3.564151 	1.079581 	-7.596773 	-15.097218 	-17.419989 	-15.036963 	-17.538676 	-17.690707 	-18.207552 	-20.026573 	-20.707552 	-21.454580 	
9.856869 	-0.982960 	-10.273100 	-19.100599 	-22.509416 	-29.018723 	-35.118907 	-38.525063 	-50.338267 	-52.105860 	-55.004597 	-56.386940 	-56.122108 	
9.643622 	-1.956493 	-1.952069 	-10.013945 	-11.426417 	-22.222156 	-37.284061 	-36.166978 	-43.717129 	-48.197178 	-50.009604 	-51.387471 	-55.452029 	-56.627689 	-58.860861 	-59.313540 	-57.947191 	
9.572058 	4.437798 	-11.137116 	-21.412570 	-33.746234 	-34.576728 	-36.422976 	-41.995079 	-45.386311 	-49.642026 	-57.651703 	-57.866978 	-58.982710 	-57.711712 	-57.430154 	
9.769403 	-2.217532 	-4.339258 	-16.917781 	-22.728810 	-25.636983 	-29.872289 	-31.402182 	-34.212169 	-34.486638 	-39.722997 	-40.164087 	-46.435150 	-49.759347 	-53.180557 	-55.064627 	-54.670814 	-56.501707 	-56.219138 	-58.293484 	-58.228399 	-57.076797 	
