9.398573 	-22.212297 	-31.334949 	-43.389461 	-58.681497 	-60.168281 	-59.132537 	-59.305487 	-59.478366 	-58.553101 	-61.808023 	-59.313048 	-61.163519 	-59.137511 	-60.268020 	-58.893821 	-63.545177 	
9.895202 	6.234149 	-7.273293 	-34.943180 	-36.220060 	-54.804005 	-58.642046 	-59.711209 	-60.021043 	-59.316797 	-58.636945 	-59.289951 	-59.467110 	-58.045751 	-59.239972 	-59.361495 	-58.221627 	-60.019715 	-59.786368 	-59.916092 	-59.247411 	-58.848403 	-59.362641 	
9.752495 	-13.175267 	-35.323785 	-41.657155 	-42.662737 	-50.068340 	-59.153018 	-58.441075 	-59.092605 	-59.962767 	-61.444689 	-59.443357 	-58.771141 	-58.642029 	-59.180784 	-59.682550 	-57.954001 	-60.484384 	-59.576818 	
9.732255 	-5.331373 	-22.621000 	-58.972439 	-60.447971 	-61.590050 	-59.345449 	-58.299662 	-57.290802 	-59.621609 	-57.591308 	-58.399572 	
9.594305 	-17.857819 	-36.175664 	-34.406834 	-38.541674 	-46.604846 	-47.155153 	-53.611332 	-57.251871 	-57.688627 	-59.862741 	-57.633610 	-59.092687 	-58.647561 	-58.566781 	
10.027807 	1.713280 	-7.974350 	-11.830713 	-17.968965 	-24.039708 	-26.832727 	-28.992553 	-47.687370 	-47.842213 	-51.950418 	-55.808908 	-55.821146 	-57.153070 	-57.927870 	-58.058659 	-56.652385 	-56.496867 	-57.738320 	-57.349018 	-60.181120 	
9.734453 	-23.237307 	-36.369817 	-59.152210 	-58.659963 	-57.896150 	-57.740370 	-58.971546 	-59.761608 	-61.133579 	-59.853815 	-58.461999 	-57.929294 	-58.061670 	-59.769267 	-58.863869 	
9.802835 	1.609852 	-39.001605 	-46.460642 	-58.731743 	-58.139365 	-58.063260 	-58.988119 	-59.868131 	-59.479219 	-57.473514 	-57.529758 	-59.237607 	-59.113568 	-61.062219 	-63.108867 	-59.386564 	
9.975944 	0.463973 	-0.697470 	-3.635833 	-5.236894 	-18.503076 	-16.962764 	-17.600563 	-20.992358 	-22.501475 	-25.859649 	-32.547949 	-30.142895 	-31.555474 	-43.061454 	-46.469330 	-48.562250 	-48.913437 	-47.967950 	-51.697291 	-53.278561 	-56.297442 	-56.303355 	-56.341450 	-58.191778 	-56.769332 	-57.354892 	-57.318701 	-58.612609 	
10.110915 	2.469110 	0.705603 	-0.560833 	-6.282223 	-11.209423 	-12.729606 	-16.204901 	-23.686497 	-25.556579 	-27.715585 	-26.939453 	-30.639087 	-29.382076 	-32.394866 	
9.926164 	8.034912 	-5.490769 	-11.066750 	-21.250498 	-32.871276 	-51.535620 	-57.499344 	-61.772894 	-57.929587 	-60.683611 	-60.006228 	-60.332048 	-58.065629 	-60.023916 	-59.047754 	-58.164470 	-58.117760 	-58.408831 	-58.909896 	-60.690534 	
9.813418 	-23.364661 	-34.208807 	-35.743640 	-44.388049 	-61.836328 	-59.743155 	-59.518220 	-59.688855 	-62.655985 	-57.858497 	-58.091442 	-58.897765 	-59.576050 	-58.994919 	-58.234670 	-57.557403 	-58.554642 	-59.532732 	-59.098657 	-58.255410 	-57.611519 	
9.717316 	6.019638 	-20.009700 	-39.723782 	-59.205207 	-58.636054 	-57.921409 	-57.767226 	-58.987097 	-59.914388 	-59.642109 	-58.613593 	-57.742403 	-59.200281 	-58.571011 	-58.638042 	-57.995817 	-61.708385 	-58.026917 	-58.714328 	-60.586358 	
10.258415 	-9.621542 	-17.453379 	-39.606487 	-53.160169 	-58.370297 	-57.777569 	-57.466942 	-57.985401 	-58.128439 	-60.999404 	-58.027258 	-59.317868 	-60.314549 	-60.034211 	-59.422949 	-57.600948 	-57.938758 	-58.768597 	-58.285745 	-57.998568 	-58.059664 	-59.454726 	-60.479792 	
9.838716 	3.907485 	-31.673747 	-29.031810 	-51.589720 	-57.945552 	-58.925744 	-60.013549 	-59.647158 	-59.057242 	-59.113226 	-57.946529 	-58.545366 	-59.031260 	-57.284033 	-58.242980 	-57.710870 	-57.766307 	-58.695623 	-59.330540 	-59.849692 	
9.830667 	5.129861 	-5.180800 	-30.497576 	-32.689297 	-49.302010 	-58.610236 	-59.947575 	-59.376692 	-59.305305 	-58.750076 	-59.662150 	-59.824584 	-59.437753 	-62.004293 	-60.605255 	-58.353526 	-59.715717 	-60.461912 	-59.568344 	-60.468171 	-62.331261 	-59.465558 	-57.907578 	-57.510742 	-59.692818 	
9.538725 	5.180928 	-19.349161 	-24.986887 	-30.283976 	-31.750368 	-40.785870 	-59.723610 	-61.165879 	-60.424641 	-58.713322 	-59.556629 	-57.891858 	-59.350081 	-59.715303 	-58.290309 	-57.750766 	-58.853866 	-61.301991 	
9.447562 	-19.399909 	-45.583885 	-53.779891 	-57.887163 	-58.381790 	-59.843332 	-59.046019 	-59.144293 	-60.206869 	-58.571486 	-57.533638 	-58.256107 	-58.439421 	-60.336741 	-58.509947 	
10.084773 	-22.021900 	-25.275069 	-26.993826 	-29.175160 	-32.753129 	-41.283844 	-43.781140 	-46.596251 	-55.240188 	-56.666719 	-60.811626 	-58.571876 	-60.485653 	-57.467283 	-62.446288 	-59.459320 	-58.441057 	-57.270401 	-57.049285 	
9.848312 	-0.098899 	-8.202705 	-22.585118 	-56.793359 	-57.027580 	-60.482938 	-59.378341 	-58.440348 	-61.474391 	-62.695932 	-59.103217 	-59.622665 	-58.822389 	-59.000627 	-58.205326 	-59.585986 	-57.066040 	
