9.863896 	-9.750880 	-14.906071 	-18.691922 	-21.033863 	-23.933359 	-45.627279 	-44.379418 	-55.366901 	-59.117149 	-57.158568 	-57.490971 	-58.386317 	-59.900163 	-57.061802 	-59.966340 	-57.445835 	
9.093788 	4.400741 	2.747010 	1.781501 	1.451113 	1.687900 	-1.746286 	-3.249850 	-3.274671 	-2.445124 	-2.476911 	-6.176921 	-6.500575 	-9.073277 	-5.456594 	-7.231629 	-7.991098 	-7.750835 	-9.236458 	-9.253242 	-10.854362 	
9.748241 	0.043848 	-3.537041 	-8.082507 	-10.154321 	-13.413158 	-13.515294 	-17.255946 	-29.225244 	-37.132193 	-39.739458 	-41.566461 	-43.632473 	-45.699201 	-45.004733 	-49.169863 	-46.696711 	-58.584069 	-56.608692 	-56.857813 	
9.326051 	2.161810 	-0.711527 	0.335284 	-2.227520 	-4.912187 	-9.330225 	-11.511115 	-14.822960 	-12.553003 	-15.277816 	-15.903642 	-21.586406 	-24.631847 	
9.510231 	2.919577 	0.572706 	-10.101030 	-16.206391 	-16.142752 	-20.312731 	-28.248778 	-37.731841 	-42.877105 	-54.169537 	-48.153819 	-49.790338 	-49.794052 	
9.467772 	-4.356981 	-10.120379 	-15.573353 	-17.155247 	-27.907257 	-30.512635 	-34.030363 	-35.107068 	-37.609755 	-36.910523 	-40.072987 	-41.128686 	
9.881148 	0.944323 	0.867451 	-2.527559 	-2.773901 	-7.862757 	-10.293177 	-14.015930 	-18.669086 	-31.549406 	-31.767963 	-32.174478 	-40.735675 	-47.215809 	-49.736723 	-52.084329 	-52.802050 	-54.541421 	-59.401146 	-56.533073 	
9.425142 	3.993926 	-26.190163 	-33.956648 	-40.713833 	-57.629162 	-58.605075 	-59.340374 	-60.963124 	-59.639118 	-58.928256 	-57.612517 	-58.903466 	-60.999430 	-57.978895 	-58.267976 	-58.558174 	
9.717778 	3.269111 	-2.789016 	-10.985752 	-25.010742 	-23.966327 	-31.936258 	-32.837523 	-41.114522 	-44.643958 	-47.226453 	-49.537769 	-51.947944 	-50.515000 	-50.176776 	-52.922306 	-54.954686 	-58.228218 	-56.005237 	-59.583662 	-57.041101 	
9.621442 	4.555654 	3.129385 	2.258132 	1.891825 	2.577219 	-2.316542 	-1.449751 	-0.899594 	-2.045936 	-5.172532 	-4.879378 	-5.388924 	-4.081987 	-7.078277 	-8.167707 	-6.844268 	-6.543417 	
9.655907 	2.187174 	-7.279401 	-6.910435 	-8.414220 	-19.358225 	-24.486247 	-32.700260 	-32.842693 	-34.230027 	-40.576134 	-38.794100 	
9.707379 	-3.809677 	-4.158777 	-8.176789 	-14.807742 	-25.903810 	-34.220292 	-40.453732 	-38.535196 	-42.201755 	-44.850873 	-44.954982 	-53.722710 	-56.729710 	
9.177356 	5.603505 	5.333559 	4.201117 	4.007319 	-0.226667 	0.948930 	1.121697 	0.664611 	0.571667 	0.417543 	-1.525064 	-0.711451 	-3.441974 	-3.920671 	-1.918476 	-2.966760 	-6.988614 	-3.650459 	-4.718361 	-3.782578 	-3.688223 	-6.355588 	-6.261787 	-4.569505 	-4.162197 	-5.300265 	-5.512306 	-7.747007 	-5.676675 	-5.196919 	-5.524744 	
9.780855 	-0.105490 	0.033726 	-4.808503 	-8.168954 	-8.998250 	-10.609434 	-11.348097 	-11.969850 	-15.526371 	-14.179430 	
9.484535 	4.081713 	1.763020 	2.780641 	-6.025995 	-3.819020 	-8.117766 	-9.697191 	-14.314763 	-20.608185 	-31.661907 	-34.499540 	-33.991180 	-40.211183 	-43.341718 	-40.346488 	-42.026558 	-44.611165 	-45.664963 	-46.510823 	-47.174944 	-47.361011 	
9.881006 	-16.128488 	-21.373605 	-22.320637 	-22.481546 	-28.006362 	-29.489712 	-30.204337 	-37.609732 	-42.684019 	-55.782549 	-59.446553 	-57.068055 	-56.415671 	-57.187436 	-56.701306 	
9.605316 	4.181477 	2.982321 	-5.638508 	-11.946119 	-19.983063 	-22.616590 	-32.821043 	-37.928280 	-37.586546 	-53.075589 	-58.081558 	-58.961611 	-60.456448 	-59.644324 	-56.753250 	
9.359380 	3.004844 	1.283110 	0.496273 	-0.015116 	-3.766216 	-5.942567 	-5.474650 	-5.717045 	-13.822520 	-9.836386 	-13.002573 	-12.447616 	-13.054008 	-15.024620 	-17.001241 	-15.987273 	
9.722583 	6.547185 	2.963829 	0.127425 	-6.085021 	-18.639637 	-21.480363 	-21.133128 	-23.319647 	-24.236575 	-24.384515 	-27.539091 	-28.096406 	-28.075125 	-53.906044 	-54.133361 	-55.760748 	-56.883778 	-56.919822 	-62.946853 	-57.246694 	-56.710076 	
9.506708 	-20.502365 	-37.724486 	-47.671504 	-59.624601 	-58.851805 	-58.674541 	-58.913738 	-59.367322 	-57.215293 	-59.819337 	-58.688436 	-58.748397 	-58.314039 	
10.500191 	9.100717 	1.610833 	0.148765 	-3.039360 	-16.361450 	-18.229105 	-23.197079 	-30.398434 	-39.619116 	-44.985884 	-53.621480 	-56.570347 	-58.363800 	-56.573123 	-58.402692 	-58.494470 	-56.432602 	-56.712969 	-58.830007 	-58.689775 	-56.688603 	-58.809137 	-56.738158 	-57.265957 	-57.376548 	
9.861027 	5.161673 	4.292993 	3.016176 	0.341056 	-2.393058 	-1.277812 	-8.575982 	-7.921203 	-7.423297 	-9.738906 	-14.154536 	-15.641652 	-18.192754 	-21.101147 	-21.008444 	
10.108152 	-0.599889 	-13.718340 	-15.582792 	-19.007978 	-20.650164 	-19.566461 	-27.393471 	-57.158437 	-59.388216 	-58.391550 	-60.653205 	-57.114776 	-58.803149 	-59.231350 	-61.038235 	-58.125600 	-58.034928 	-59.689962 	-59.011076 	-57.440353 	
