9.444657 	8.612959 	-16.861908 	-20.034638 	-23.765560 	-34.955526 	-52.907982 	-55.843055 	-57.994943 	-58.972317 	-59.621339 	-60.036561 	-60.482287 	-58.494428 	-58.970317 	-61.819039 	-58.829710 	-60.496643 	-58.471100 	-64.868077 	
9.635403 	-3.735076 	-5.837861 	-22.159241 	-31.979624 	-36.370841 	-41.818061 	-42.807351 	-48.904482 	-51.319168 	-52.290532 	-53.645502 	-57.353168 	-60.372338 	-58.631678 	-57.885511 	-59.280480 	-58.477768 	-59.396483 	-59.198273 	-59.466316 	
9.437852 	-8.165624 	-8.399477 	-24.177580 	-28.588075 	-39.004624 	-59.765404 	-58.289230 	-59.177015 	-60.266537 	-59.124072 	-58.363041 	-58.467320 	-59.672952 	-59.586621 	-59.291698 	-58.531850 	-61.592696 	-58.415683 	
9.644644 	-1.502470 	0.989719 	-0.810890 	-3.694029 	-9.128668 	-13.141917 	-12.326492 	-16.607673 	-15.764163 	-15.703506 	-15.796660 	-18.806838 	-19.067741 	-19.740020 	
9.668408 	3.186047 	-0.161917 	-4.053465 	-4.947065 	-8.838957 	-12.651435 	-13.562002 	-14.752215 	-23.804961 	-23.997792 	-24.239350 	-27.520054 	-25.948012 	-28.796533 	-33.459270 	-36.531842 	-40.229734 	-40.961264 	-40.350408 	-44.060023 	-42.707707 	-44.549012 	-45.438782 	-49.764958 	-51.847231 	-57.776954 	-56.189429 	
9.795986 	-3.513150 	-17.733649 	-20.834732 	-21.145316 	-28.128480 	-37.471959 	-43.411989 	-56.446006 	-57.271964 	-57.126963 	-58.772536 	-57.756114 	-56.956300 	-57.914672 	-57.301844 	-56.985185 	-57.069486 	-57.798696 	
9.792181 	-6.549000 	-11.846055 	-20.715778 	-20.268109 	-22.365424 	-22.522195 	-32.626100 	-33.919946 	-38.369905 	-38.217234 	-39.361255 	-42.604520 	-42.246470 	-43.499629 	-44.129653 	
9.342112 	5.028328 	4.490086 	3.371455 	2.615214 	1.478706 	0.694496 	-2.972754 	1.492149 	-0.471965 	-0.301030 	-1.240369 	-4.824861 	-5.185823 	-7.963934 	-6.355322 	-8.567044 	-9.052708 	-10.372968 	
9.223483 	-3.772619 	-6.337641 	-11.477805 	-16.415638 	-20.778609 	-21.282622 	-18.815861 	-54.093972 	-52.679713 	-55.611251 	-55.942300 	-58.470399 	
9.886136 	5.225070 	6.563778 	3.373059 	4.202390 	2.290801 	-1.313828 	-0.224738 	0.421648 	-2.271793 	-0.044694 	-0.122788 	-4.134208 	-1.116991 	-4.063645 	-1.976714 	-2.632390 	-2.167673 	-4.651974 	-2.379404 	-7.481550 	-4.227008 	-4.670150 	-6.057859 	-7.040416 	-7.305319 	-6.547207 	-8.036462 	
9.736745 	1.691028 	1.157927 	3.749156 	1.563019 	-0.518703 	1.422189 	0.889533 	0.886121 	-3.797546 	0.969468 	1.034417 	-1.991944 	-1.727403 	-0.689228 	-1.053563 	-0.859140 	-1.750924 	-1.890257 	-4.636514 	-3.288214 	-3.081993 	-5.250048 	-5.339250 	-2.392769 	-2.135685 	-3.310973 	-4.873568 	-4.152464 	-6.092068 	-4.547196 	-5.496585 	-9.569110 	-4.176847 	-4.470486 	-3.478062 	-3.991165 	-3.923578 	-4.325164 	
9.824907 	0.759630 	-4.591885 	-3.620341 	-4.502964 	-17.263294 	-27.142004 	-58.995816 	-58.806541 	-58.222529 	-58.867783 	-58.138121 	-58.303139 	-60.586635 	-59.684749 	-57.314263 	-59.313770 	-58.165945 	
9.546804 	-47.159304 	-52.620472 	-58.901987 	-60.567510 	-59.140915 	-58.441791 	-61.991616 	-57.830615 	-59.133387 	-60.165028 	-58.607837 	
9.538528 	-5.020808 	-4.770593 	-6.329052 	-38.895960 	-58.668198 	-61.713109 	-58.184819 	-58.590767 	-60.156569 	-60.737307 	-60.603006 	-60.743983 	-60.430851 	-59.243276 	-59.641752 	-60.330103 	-59.708813 	-59.187854 	-59.924111 	-61.384846 	
9.708615 	1.517473 	-0.310323 	-0.147696 	-6.571748 	-7.326325 	-9.077047 	-9.132852 	-20.534118 	-28.405888 	-34.401904 	-55.655948 	-56.409422 	-56.044298 	-56.555273 	-56.743734 	-57.287037 	-57.754363 	
9.826003 	-10.194456 	-50.395370 	-55.685237 	-55.457121 	-58.182314 	-58.714176 	-57.704010 	-58.631153 	-56.784953 	-57.208157 	
9.624660 	0.174117 	-3.028828 	-0.245121 	-1.133404 	-14.567808 	-16.585612 	-19.267534 	-27.097206 	-31.329280 	-33.417207 	-37.865274 	-37.914126 	-46.972946 	-49.114119 	-53.432039 	-53.158141 	-57.171759 	
9.775424 	-9.320924 	-9.050464 	-13.189733 	-15.656848 	-18.325505 	-19.612767 	-21.787590 	-22.644040 	-24.831370 	-24.099413 	-30.967401 	-31.840667 	
9.907916 	4.533246 	-21.127782 	-30.750660 	-43.306717 	-47.121114 	-46.508846 	-47.878710 	-52.521519 	-53.902726 	-55.633187 	-55.546511 	-56.601504 	-58.462042 	
10.245957 	-8.908334 	-17.682313 	-37.401951 	-43.156099 	-58.335110 	-58.588233 	-58.711626 	-58.313382 	-59.800419 	-58.753878 	-60.147369 	-58.981030 	-58.551939 	-59.151564 	-58.576766 	-58.481660 	-60.227269 	-57.589499 	-63.818960 	-59.679633 	-59.270651 	
