9.900109 	-15.784005 	-18.428508 	-23.794436 	-23.123243 	-35.689171 	-57.933020 	-58.388940 	-57.371745 	-57.569492 	-59.035034 	-59.293007 	-60.041722 	-58.140318 	-58.775763 	
9.840381 	2.935896 	0.275287 	-13.703726 	-22.151935 	-30.406077 	-31.836485 	-57.190656 	-59.072091 	-57.479898 	-57.642586 	-59.081242 	-59.508947 	-56.922121 	-57.336443 	-58.662831 	
9.460306 	-3.763898 	-8.155954 	-9.909417 	-15.545572 	-23.718606 	-35.665580 	-40.652042 	-40.505031 	-43.838972 	-57.934036 	-60.175553 	-58.349945 	-57.706340 	-58.631510 	-58.301944 	-59.294200 	-58.743095 	-59.296512 	-61.631480 	
9.691654 	-12.568016 	-14.911215 	-17.963224 	-31.894519 	-59.210317 	-58.386351 	-59.251942 	-60.258624 	-58.794510 	-58.404557 	-62.264297 	-59.196611 	-58.521231 	-59.358746 	-59.486902 	-60.335528 	-59.924339 	
9.720947 	4.618269 	2.787446 	-11.319794 	-20.253908 	-21.673305 	-30.411939 	-43.604992 	-45.321723 	-47.597838 	-51.378773 	-54.312666 	-52.520192 	-57.093071 	-56.674549 	-57.746364 	-57.470515 	-57.596938 	-59.484906 	
9.939963 	-8.014724 	-18.167923 	-47.060026 	-49.469979 	-49.953112 	-57.855136 	-57.783956 	-57.952999 	-61.985173 	-57.235342 	-61.240142 	-60.358516 	-60.208336 	-58.769517 	-57.433487 	-57.829944 	-58.284462 	-57.042669 	-59.634121 	-58.585402 	-62.153145 	
9.714021 	-3.004044 	-8.810747 	-11.819784 	-23.806567 	-47.243874 	-51.793466 	-60.458694 	-57.680229 	-58.661250 	-57.775005 	-58.922841 	-59.430793 	-58.617045 	-59.425035 	
10.046223 	4.637054 	4.657072 	-11.056322 	-21.704732 	-21.927942 	-25.201262 	-27.205364 	-28.808521 	-29.609878 	-34.410730 	-34.951354 	-37.218250 	-40.387737 	-41.204751 	-44.877161 	-44.037183 	-47.617394 	-47.391000 	-54.099705 	
10.186484 	-5.999850 	-16.213766 	-21.915000 	-24.996621 	-27.736331 	-47.572526 	-57.334303 	-58.211884 	-58.764885 	-57.604058 	-57.437088 	-57.225953 	-60.329231 	
10.044810 	-0.536554 	-10.338750 	-18.278013 	-20.138057 	-35.599334 	-34.970513 	-38.262901 	-49.764303 	-55.810832 	-57.280913 	-57.045051 	-57.935115 	-57.284892 	-57.982002 	-57.351749 	-56.902377 	-57.998914 	
9.902919 	-3.325613 	-33.504432 	-42.844582 	-57.738866 	-58.653758 	-58.315488 	-59.556487 	-58.720398 	-59.514180 	-59.291552 	-57.098728 	-57.944397 	-57.934012 	-59.797735 	-59.612447 	-57.768484 	-59.496473 	-62.113769 	
9.486118 	-0.125872 	-22.995288 	-35.586377 	-40.075976 	-46.682252 	-54.966726 	-58.796786 	-58.680401 	-58.018545 	-58.498148 	-59.881092 	-59.744550 	-57.272195 	-58.256070 	
8.715578 	8.554245 	3.211511 	1.848696 	0.677122 	-4.975214 	-10.123420 	-11.303062 	-12.123720 	-14.223110 	-14.914807 	-19.170694 	-31.525327 	-32.391305 	-39.824605 	-42.833242 	-46.255623 	-44.824748 	-45.775942 	-47.482763 	-48.606949 	-47.400051 	-49.839210 	-54.284711 	-55.981083 	
9.854801 	6.912377 	4.701821 	-8.042915 	-12.110659 	-13.809445 	-17.764733 	-28.252601 	-44.458198 	-58.530610 	-58.784072 	-59.557748 	-58.409198 	-61.011642 	-58.945282 	-59.472772 	-57.379365 	-58.963705 	-62.556805 	-60.701327 	-59.887971 	-60.306714 	-58.458290 	
10.130496 	4.786838 	-22.079089 	-51.128060 	-56.879849 	-58.113424 	-58.702284 	-58.010402 	-59.030933 	-58.530712 	-57.191214 	-60.371279 	-59.058597 	-58.798836 	-58.027147 	-59.683419 	-57.614944 	
9.481352 	-27.338097 	-36.866696 	-51.797150 	-55.850816 	-60.242269 	-59.766991 	-59.318154 	-58.630167 	-58.886670 	-59.810561 	-60.577243 	-59.114818 	-59.407243 	-57.972707 	-58.801485 	-58.844236 	-58.414393 	-59.518429 	
9.852630 	3.068750 	-29.116788 	-32.610235 	-34.592444 	-44.587438 	-51.346648 	-58.698750 	-57.932479 	-58.032220 	-63.842447 	-59.251676 	-58.010214 	-57.278395 	-58.236261 	-56.877507 	-57.003083 	-57.325074 	-58.410161 	-58.944610 	-60.603604 	-59.278258 	
9.547418 	-3.704870 	-30.052893 	-29.173338 	-32.227611 	-31.761450 	-42.475457 	-51.610193 	-58.147816 	-60.797600 	-58.175012 	-57.958015 	-59.783331 	-58.626397 	-59.998989 	-57.362464 	-60.596555 	-57.550263 	-59.993526 	-60.634036 	-59.465600 	-58.934848 	-59.861112 	
10.081346 	-0.746179 	-6.237773 	-7.532963 	-9.690710 	-22.358597 	-39.199441 	-39.114083 	-46.565584 	-49.761089 	-51.251114 	-48.055121 	-52.191444 	-53.966880 	-62.100260 	
9.797791 	4.101367 	-58.513624 	-58.990749 	-60.424608 	-58.389658 	-58.464672 	-58.936036 	-60.566470 	-59.657972 	-60.543110 	-59.522190 	-58.279762 	
