9.573726 	-36.747953 	-39.401738 	-60.110377 	-59.851218 	-57.923950 	-59.879220 	-58.344117 	-59.480638 	-60.162657 	-59.372616 	-60.118711 	-58.306703 	-59.762925 	-58.552193 	-58.699984 	-58.868097 	-60.507160 	-58.316219 	-60.812690 	-59.143593 	-59.539451 	
10.137124 	2.580202 	-12.544820 	-14.134427 	-19.543457 	-21.432134 	-25.095216 	-28.506253 	-39.956099 	-46.300909 	-53.139232 	-58.886949 	-61.685895 	-58.101756 	-57.471098 	-59.544361 	-59.511134 	-56.992060 	-58.108311 	-58.920516 	-58.034214 	-59.532431 	-59.648428 	-59.242925 	-60.353809 	
9.958770 	-18.457292 	-18.957668 	-33.951308 	-41.469102 	-55.648611 	-58.096818 	-59.564821 	-58.398867 	-58.505801 	-60.876169 	-58.060907 	-57.582442 	-57.990460 	-57.941086 	-57.881610 	-58.123803 	-57.540841 	-58.202245 	-58.094161 	-60.030213 	
9.980782 	2.340103 	-14.818676 	-13.068262 	-22.057403 	-23.779476 	-42.057115 	-42.852012 	-42.272960 	-46.876734 	-59.084594 	-59.253603 	-62.869941 	-58.925754 	-63.282869 	-58.624144 	-57.975169 	-57.257146 	-59.005339 	-59.206844 	
9.932599 	-4.926255 	-12.282257 	-13.813493 	-48.069794 	-56.969705 	-58.945439 	-59.580963 	-60.526862 	-58.752623 	-57.976564 	-60.168191 	-58.974893 	-57.977724 	-58.456009 	
9.870598 	-11.212970 	-14.441769 	-19.634505 	-21.285565 	-31.070560 	-42.958824 	-56.539627 	-58.797228 	-59.502671 	-58.814305 	-56.972443 	-60.211497 	-57.968465 	-58.562134 	-59.587207 	-57.830803 	-58.296964 	
9.768272 	2.525583 	0.370899 	-2.649703 	-4.524986 	-10.940396 	-9.377696 	-25.639033 	-23.302474 	-32.133627 	-40.284577 	-59.665072 	-58.383570 	-60.574811 	-59.261546 	-58.574458 	-58.006885 	-57.979614 	-58.004236 	-58.302907 	-59.689480 	
9.708299 	-3.540194 	-13.803475 	-10.443893 	-38.359962 	-58.359267 	-59.856591 	-58.167106 	-60.071597 	-57.610693 	-59.447072 	-58.416053 	-61.724715 	-65.577793 	-63.721562 	-59.342043 	-58.558917 	-60.996714 	-58.344015 	-57.574097 	-62.544211 	-63.080552 	-58.846511 	
9.970126 	-20.876668 	-26.126306 	-57.349246 	-58.905667 	-61.302715 	-59.335355 	-57.806026 	-58.630699 	-59.386044 	-59.000732 	-58.414063 	-57.881408 	-57.654599 	-60.471982 	-59.344222 	
9.057038 	8.251539 	-29.175256 	-58.172086 	-59.016085 	-60.032751 	-59.521744 	-62.573230 	-57.779463 	-61.136306 	-58.137916 	
9.817697 	-31.810534 	-35.216235 	-37.417487 	-53.899812 	-57.217153 	-57.825438 	-58.116888 	-60.286608 	-57.621828 	-57.528920 	-62.830966 	-59.551585 	-59.304068 	
10.094676 	1.223386 	-2.270822 	-11.695663 	-14.106427 	-16.284962 	-38.025970 	-38.230324 	-58.967358 	-61.256292 	-59.792897 	-58.884108 	-58.999353 	-61.390680 	-57.856635 	-57.813541 	-59.360191 	-57.950267 	-58.947311 	-58.334012 	
10.011659 	2.406598 	-57.457455 	-60.591349 	-59.712149 	-58.909346 	-60.052729 	-58.867330 	-58.076309 	-59.026771 	-60.887793 	
10.064913 	-5.096592 	-5.682644 	-34.270093 	-39.260981 	-42.035575 	-55.962021 	-56.163579 	-58.475686 	-60.436166 	-57.732049 	-58.563258 	-58.703518 	-59.226930 	-58.141765 	-58.903736 	-60.355478 	-57.857388 	-58.676653 	-58.664733 	-56.827508 	-60.342420 	-58.636046 	-57.593235 	
9.796771 	-26.213172 	-41.663230 	-57.547910 	-57.757969 	-59.160175 	-59.428529 	-58.711515 	-59.160530 	-58.136694 	-59.890799 	-58.848724 	-58.024512 	-61.021990 	-58.903211 	-57.593237 	-58.470339 	-61.333492 	-59.912065 	-58.496315 	
9.794417 	-5.508355 	-10.086474 	-44.411233 	-60.312269 	-58.334528 	-57.210726 	-59.066886 	-57.412794 	-58.621631 	-58.663333 	-60.657173 	-57.904335 	-58.805212 	-57.860368 	-59.049133 	
9.459761 	-17.083950 	-23.021088 	-28.869621 	-33.760166 	-35.576620 	-58.406596 	-58.830260 	-58.865505 	-59.395730 	-59.716523 	-60.205021 	-59.714279 	-58.672769 	-59.676698 	-63.153807 	-59.956040 	-57.776929 	-61.917669 	
10.061756 	-4.918474 	-29.067558 	-35.694779 	-37.962641 	-58.423886 	-57.646936 	-59.422427 	-58.838263 	-57.217048 	-59.608942 	-60.397389 	-60.020153 	-59.913996 	-58.711412 	-58.698820 	-57.769543 	-58.214955 	-57.424215 	-61.798650 	-60.499522 	-58.063306 	-57.864547 	
9.453067 	3.672615 	-3.653553 	-47.475757 	-54.971139 	-60.100463 	-57.920983 	-58.857904 	-59.584334 	-57.957315 	-58.531723 	-60.806668 	-58.481131 	-59.921621 	-59.496296 	-59.747549 	-59.754230 	-59.993771 	-59.936289 	-59.462110 	
10.238398 	5.018635 	-4.097368 	-22.664213 	-50.650822 	-59.411230 	-57.970670 	-58.393763 	-58.282906 	-58.848128 	-58.739309 	-60.550045 	-58.173086 	-60.221345 	-61.587541 	-57.498855 	-57.939881 	-58.935349 	-59.751965 	-58.688279 	-59.001003 	
