9.313600 	4.053468 	-4.148850 	-54.694767 	-56.468875 	-58.657257 	-58.863396 	-59.828381 	-59.947328 	-59.409464 	-57.193359 	-59.181383 	-58.794998 	
9.856244 	6.708087 	-4.336535 	-27.512511 	-28.310689 	-31.572131 	-35.382063 	-54.089151 	-58.993731 	-57.139030 	-58.434454 	-59.199798 	-59.078549 	-59.543068 	-58.546731 	-57.692204 	-59.595683 	-58.512746 	-57.668806 	-60.459308 	-60.853391 	
9.652104 	1.535720 	2.942438 	-2.316405 	-18.635666 	-47.773085 	-57.699117 	-57.704203 	-57.943146 	-58.613794 	-58.762852 	-58.611009 	-58.932004 	-58.057381 	-58.136329 	-59.052252 	
9.676390 	-7.703100 	-10.562821 	-12.474754 	-25.275778 	-54.235970 	-53.578369 	-57.220206 	-56.278549 	-63.173218 	-57.712252 	-59.044930 	-58.276822 	-60.524730 	-57.392710 	-58.757183 	-61.667879 	-57.934219 	-58.911266 	
9.635386 	-7.953500 	-36.855857 	-58.376990 	-60.458179 	-59.030918 	-59.828763 	-60.403295 	-59.269016 	-59.891368 	-58.334188 	-59.042223 	-61.271063 	-58.289078 	-59.203169 	-60.414899 	-58.533586 	-60.409932 	-60.511103 	-59.895551 	
9.595590 	-7.984460 	-11.861614 	-19.158023 	-25.507184 	-23.215659 	-26.761053 	-31.485706 	-36.481359 	-35.489142 	-38.941743 	-59.006990 	-57.141268 	-58.806926 	-60.490239 	-59.362766 	-59.353812 	-57.330403 	-58.636657 	-60.652279 	-58.915163 	
10.072431 	5.722993 	-0.842727 	-0.629808 	-5.236012 	-14.818927 	-20.394161 	-24.168907 	-26.363019 	-39.178989 	-43.136408 	-42.991903 	-45.021464 	-44.885067 	-48.004033 	-50.286978 	-53.911827 	-55.081742 	-56.243419 	
10.701545 	-1.514121 	-10.248718 	-16.093378 	-18.211257 	-40.274101 	-42.481047 	-43.527031 	-51.569719 	-60.597862 	-58.179723 	-59.269884 	-58.041268 	-59.545297 	-59.507668 	-57.314773 	-57.374143 	-58.000354 	-60.470118 	-58.951906 	-57.430213 	-56.994003 	
9.676243 	5.666133 	-29.536971 	-58.391777 	-58.222668 	-60.843477 	-60.198235 	-58.386601 	-59.270201 	-60.099679 	-58.510433 	-59.251152 	-58.118967 	-59.407884 	-61.540552 	-60.268929 	-60.218550 	
10.045090 	-0.942647 	-5.453002 	-20.594088 	-36.726727 	-57.785063 	-58.327402 	-58.112489 	-58.219772 	-57.685080 	-59.747311 	-58.463437 	-58.786587 	-57.021936 	-59.445256 	-59.472110 	
9.770234 	-6.000116 	-9.192492 	-17.114479 	-47.772263 	-57.837012 	-58.730933 	-57.744860 	-57.765690 	-58.987491 	-57.370355 	-59.655815 	-58.502665 	-59.551977 	-59.084576 	-58.853907 	-60.330669 	
9.828798 	-3.143621 	-8.628588 	-26.229776 	-49.092083 	-58.326815 	-58.631785 	-59.739269 	-57.724894 	-58.353546 	-58.923256 	-59.726818 	-60.718748 	-56.815847 	-58.872064 	-57.683747 	
9.859260 	-2.123159 	-10.518138 	-17.697018 	-14.288077 	-21.577858 	-33.109642 	-39.854103 	-45.858020 	-46.439333 	-51.089558 	-53.343979 	-55.645954 	-57.277116 	
10.166271 	-4.709719 	-7.445295 	-16.524331 	-22.823913 	-23.875850 	-31.633280 	-32.298341 	-35.458708 	-37.311837 	-44.149607 	-57.766042 	-57.284271 	-57.126586 	-58.448741 	-57.168037 	-58.221376 	-62.574180 	-60.224901 	
9.966949 	5.414896 	-1.949738 	-23.914074 	-29.884071 	-35.007133 	-45.526394 	-56.644994 	-57.518908 	-57.067367 	-57.711918 	-57.445138 	-57.319485 	-57.908527 	-58.594917 	-60.024669 	
9.773275 	3.553865 	-9.524056 	-17.927126 	-54.584733 	-59.017729 	-58.589439 	-61.503840 	-58.904718 	-58.689261 	-59.758465 	-59.935789 	-59.595997 	-58.781306 	-59.168793 	-59.906154 	-60.882474 	-59.531794 	-59.713265 	-58.855923 	-58.934511 	-58.700792 	
9.797758 	-10.694948 	-16.794440 	-25.088788 	-28.802623 	-28.612082 	-43.954313 	-43.253917 	-47.760765 	-50.162427 	-57.454437 	-56.910909 	-56.282999 	
9.521229 	-16.702836 	-18.162593 	-24.943457 	-34.873332 	-57.091362 	-59.485696 	-58.549016 	-58.145382 	-60.039197 	-58.896473 	-59.206122 	-58.898730 	-58.672776 	-57.669024 	-58.970761 	-58.781577 	
9.831377 	-15.871933 	-24.610210 	-28.923253 	-29.597081 	-34.006575 	-34.500357 	-36.548670 	-58.837417 	-58.886946 	-59.260893 	-58.467851 	-59.814149 	-58.272991 	-60.839717 	-61.045225 	-61.034105 	-59.053017 	-58.409187 	-56.752689 	
9.739595 	-5.015974 	-16.030228 	-36.577093 	-39.364340 	-47.130989 	-46.693918 	-49.530402 	-55.831797 	-63.538760 	-57.375188 	-59.531052 	-58.480413 	-57.439721 	-59.258990 	-62.607097 	-60.296067 	-60.251033 	-58.508662 	-60.949128 	-62.320362 	-60.719975 	-60.130880 	
