9.849769 	-14.249446 	-20.167341 	-18.311397 	-27.849479 	-32.999317 	-42.597066 	-42.624916 	-48.606285 	-57.899992 	-59.912933 	-57.833696 	-59.435699 	-59.341164 	-57.490860 	-57.289160 	-60.319804 	-59.722765 	-59.186568 	
9.009632 	-0.301497 	-4.711921 	-54.822164 	-55.294034 	-56.036102 	-57.551601 	-59.648304 	-58.193183 	-58.903073 	-58.296869 	-58.362759 	-58.439039 	-62.242482 	-58.923160 	-58.808099 	
9.641860 	-40.833773 	-49.729308 	-55.566273 	-53.681851 	-57.628212 	-60.486888 	-58.985942 	-61.186280 	-57.068583 	-59.415757 	-58.226194 	-61.140856 	-57.864758 	-59.846537 	
9.934705 	-9.514260 	-16.167728 	-37.163365 	-45.678390 	-44.721550 	-47.292112 	-50.910001 	-50.943785 	-57.076629 	-56.593982 	-56.576389 	-55.880781 	-58.433424 	-60.547366 	
9.767494 	-5.462048 	-27.841994 	-50.133098 	-57.673675 	-57.035517 	-58.183243 	-58.282570 	-61.674790 	-60.877413 	-59.210664 	-58.815201 	-60.713365 	-58.789827 	-60.064538 	-59.499521 	-58.586481 	
9.488833 	-57.127818 	-59.165103 	-58.244131 	-57.390930 	-59.006114 	-59.599145 	-58.633289 	-59.143167 	-59.120060 	-57.280443 	-60.757334 	-58.648069 	-59.089941 	-59.133142 	-59.176288 	-59.809338 	
9.895813 	-7.089254 	-13.390239 	-38.409575 	-57.788748 	-57.295257 	-58.051803 	-58.322505 	-59.030316 	-57.828297 	-60.261395 	-57.480281 	-57.218773 	
9.871477 	4.885327 	3.348999 	-0.590431 	-1.952066 	-6.845998 	-18.660940 	-22.355923 	-23.327668 	-35.384223 	-36.373925 	-40.563651 	-46.049113 	-51.664464 	-53.782239 	-58.580505 	-57.598966 	-57.961909 	-58.163095 	-60.847687 	-59.310583 	-59.493114 	-58.258297 	-58.056245 	-59.449072 	-59.046572 	-57.692747 	-58.461151 	
9.845759 	-8.062938 	-10.719739 	-10.032797 	-20.276172 	-20.261430 	-38.887192 	-45.757258 	-50.358696 	-57.534112 	-59.299665 	-58.120825 	-61.240322 	-57.663619 	-58.708651 	-57.085160 	-58.105300 	-59.972429 	-57.331438 	
9.793578 	1.431522 	1.811870 	-19.497607 	-34.334255 	-57.133975 	-57.263737 	-59.318216 	-56.818015 	-57.790057 	-58.340305 	-59.297437 	
9.077411 	2.966190 	1.098377 	-26.330281 	-31.006886 	-53.406036 	-54.625145 	-60.603430 	-58.286122 	-60.212038 	-60.428774 	-59.350243 	-60.593947 	-57.627836 	-58.551971 	
9.759484 	2.108236 	-4.129883 	-8.182680 	-57.352985 	-59.208313 	-58.809958 	-57.458242 	-57.446271 	-59.093556 	
9.553731 	3.553516 	-8.944683 	-33.296067 	-33.187701 	-40.493050 	-38.995828 	-57.599450 	-57.477997 	-60.453880 	-60.712569 	-57.732107 	-60.012819 	-60.372878 	
10.004413 	-46.858139 	-50.328062 	-59.288869 	-58.794296 	-57.517006 	-62.521340 	-60.190804 	-59.520822 	-58.458350 	-59.244790 	-61.067017 	-58.648255 	-58.880575 	-58.699206 	-61.260363 	-58.328001 	-59.662737 	
9.703165 	-23.007791 	-27.500114 	-26.506472 	-54.552269 	-58.189180 	-59.511545 	-59.747985 	-59.864217 	-58.195332 	-57.247272 	-58.642871 	-58.662313 	-58.593128 	-59.269294 	-58.737629 	-57.733604 	-57.397012 	-58.229484 	-57.418971 	
9.785274 	6.129115 	1.424133 	-23.913660 	-24.321362 	-25.340103 	-29.372643 	-37.908784 	-39.420794 	-44.071799 	-44.661185 	-48.057297 	-57.072828 	-55.920599 	-58.409631 	-59.105308 	-61.327474 	-57.610256 	-57.814897 	-58.203081 	-59.825206 	-59.502619 	-57.408684 	
9.535014 	-4.751150 	-9.724087 	-18.283553 	-27.258964 	-36.035798 	-34.972781 	-44.460042 	-50.421520 	-55.186878 	-55.206446 	-57.916182 	-59.086140 	-58.185019 	-60.286466 	-59.903764 	-59.655553 	-59.126810 	-58.019077 	-57.835031 	
9.249411 	-20.157141 	-33.094594 	-38.975319 	-38.554387 	-43.568204 	-54.987216 	-55.799477 	-56.631860 	-55.649237 	-56.600943 	-60.565957 	-56.918059 	-56.003507 	-56.254064 	-57.405950 	-56.942624 	
9.516538 	-4.692567 	-30.196008 	-52.668607 	-56.341781 	-58.186690 	-58.519741 	-58.379803 	-58.945782 	-58.065310 	-60.764574 	-59.229872 	-57.132140 	-57.465099 	-59.853276 	-57.937757 	-58.170006 	-58.788523 	-60.946007 	
9.262246 	5.016694 	-15.077662 	-29.246916 	-45.905526 	-59.140162 	-60.194174 	-58.603276 	-59.192838 	-58.875600 	-58.002718 	-59.254473 	-59.645845 	-59.649808 	-58.272428 	-59.852774 	-59.340091 	-58.677501 	-59.861877 	-59.709891 	-60.283910 	-58.509251 	-57.910798 	-61.020399 	
10.011641 	-16.913163 	-20.527446 	-36.117938 	-39.117397 	-48.392187 	-57.301417 	-62.752097 	-58.029023 	-60.305590 	-58.366373 	-58.519394 	-58.011345 	-58.566604 	-57.975260 	-56.938360 	-58.797548 	-59.024221 	-57.967172 	-58.764563 	
