9.514656 	-11.114392 	-30.258137 	-43.453831 	-58.997443 	-58.613901 	-58.637238 	-59.668650 	-60.744673 	-65.530528 	-59.946371 	-58.550168 	-59.002981 	-59.748032 	-58.727814 	-57.941874 	-59.057879 	-59.008350 	
9.400316 	8.319438 	7.377333 	-5.177252 	-40.731434 	-60.327856 	-59.773815 	-58.668109 	-58.928902 	-61.559868 	-58.957129 	-60.510555 	-59.926672 	-60.063163 	-58.136312 	-58.103093 	
9.835805 	6.111805 	-10.736431 	-15.933428 	-41.834549 	-45.674085 	-59.564979 	-59.005195 	-58.787196 	-59.284129 	-59.724753 	-58.756781 	-58.697193 	-58.596026 	-57.795859 	-60.629123 	-58.416836 	-60.067207 	-60.700707 	-58.823352 	-58.052021 	
9.800022 	-5.340817 	-17.518719 	-29.047796 	-35.562653 	-60.475452 	-59.074166 	-57.236576 	-63.035610 	-59.466923 	-58.285089 	-59.342685 	-57.825954 	-59.266612 	-60.623843 	-61.926023 	-59.303470 	-60.249145 	-60.465415 	-59.572696 	-60.288270 	-60.854284 	-59.361945 	-58.482503 	
9.561619 	-13.097836 	-15.234009 	-16.041618 	-23.421810 	-19.768563 	-38.442047 	-39.043120 	-38.099556 	-45.875082 	-58.574635 	-58.385902 	-59.540391 	-58.271399 	-58.540740 	-59.165583 	-59.248239 	-58.288154 	-62.776488 	-57.372092 	-59.345705 	-58.078522 	-59.247366 	-58.255350 	
9.873822 	-0.033196 	-7.966155 	-22.526009 	-34.361584 	-41.533182 	-57.363704 	-58.586749 	-58.665012 	-57.313272 	-58.027631 	-58.730748 	-57.588900 	-59.912189 	-57.789726 	-57.014720 	-58.153152 	
9.823461 	-7.503269 	-36.558478 	-42.753254 	-47.408120 	-50.716625 	-57.771717 	-59.039468 	-58.050261 	-60.025836 	-57.406435 	-59.956971 	-60.540597 	-58.186790 	-59.372804 	
9.462988 	-4.315011 	-5.222836 	-9.137916 	-15.206470 	-25.048597 	-25.963664 	-33.001426 	-37.856224 	-54.604401 	-55.541148 	-61.162807 	-59.900775 	-57.205213 	-57.260440 	-59.942060 	
9.984772 	4.615656 	-12.154057 	-13.111351 	-33.460659 	-38.690225 	-40.980254 	-44.691721 	-46.853896 	-53.173694 	-46.269678 	-48.572956 	-55.382509 	-58.837697 	-56.183671 	-56.972803 	-57.452773 	-56.670813 	
9.646573 	-1.509019 	-3.526117 	-19.864087 	-26.903917 	-35.395709 	-37.163535 	-44.168653 	-50.953524 	-55.417571 	-59.490443 	-59.382927 	-57.661283 	-58.291860 	-58.165668 	-58.037788 	-60.649277 	-57.855954 	-59.404801 	-59.370596 	
9.967447 	1.483895 	-6.205296 	-9.000620 	-38.663039 	-59.036717 	-58.890163 	-58.715859 	-58.440084 	-62.195411 	-58.454634 	-58.336811 	-60.113217 	-60.764359 	-58.050957 	-58.963735 	-60.600974 	-60.152369 	-59.747972 	-58.722976 	-60.260062 	-59.869549 	
9.737735 	3.313033 	-2.766609 	-18.468537 	-36.217256 	-45.147916 	-44.702673 	-47.559541 	-57.688589 	-58.838915 	-59.244859 	-57.784589 	-58.021868 	-59.661371 	-61.326180 	-58.522665 	-63.307749 	-59.957762 	-61.023501 	-58.682816 	-58.693428 	
9.757245 	4.325205 	0.114312 	-6.462653 	-12.233884 	-13.036310 	-18.896946 	-37.571389 	-40.417914 	-40.625609 	-45.134589 	-51.247048 	-53.735961 	-55.679851 	-57.739139 	-57.924914 	-58.755756 	-56.476951 	-56.345369 	-55.700120 	-57.230474 	-57.992108 	
9.657316 	5.334341 	2.734950 	-12.035358 	-12.678617 	-23.129219 	-27.611096 	-35.027621 	-36.082340 	-39.774323 	-46.061889 	-49.097759 	-48.130842 	-47.774371 	-50.141253 	
9.616908 	3.840641 	-4.582866 	-17.600872 	-18.768385 	-31.778854 	-35.776173 	-34.793901 	-37.624024 	
9.907972 	-18.798949 	-18.098704 	-19.938969 	-34.704024 	-49.472232 	-50.064189 	-57.944616 	-60.917139 	-57.469718 	-62.817166 	-57.927723 	-60.659482 	-60.604442 	-58.167706 	-59.339568 	
9.642833 	4.355358 	4.022449 	1.526624 	-9.739616 	-32.240697 	-52.987750 	-53.865303 	-56.082183 	-55.122073 	-56.855064 	-57.590814 	
9.697500 	-2.791981 	-6.265188 	-11.951668 	-26.500770 	-29.185290 	-44.184005 	-55.480570 	-58.185060 	-58.114096 	-57.438490 	-59.865456 	-57.751066 	-62.156812 	-60.099742 	
10.071750 	-1.079436 	-3.047238 	-31.941875 	-37.489016 	-52.183156 	-50.374892 	-56.729851 	-57.911173 	-57.403490 	-58.326016 	-61.899778 	-60.887320 	-58.799337 	-61.780005 	-58.342359 	-59.945375 	-58.244125 	
9.736323 	-3.769823 	-17.759310 	-32.679404 	-57.947455 	-56.621131 	-58.703111 	-57.584568 	-59.231130 	-58.710175 	-59.023964 	-59.035361 	
