9.955408 	-58.602890 	-59.141498 	-59.429640 	-59.429277 	-59.297292 	-59.183359 	-62.952633 	-60.807613 	-59.868252 	-59.742300 	-57.174848 	-59.572229 	-59.271616 	-59.951963 	-58.714441 	-58.259883 	
9.982440 	-9.832002 	-49.295473 	-58.333831 	-59.596579 	-56.995036 	-59.870618 	-57.934649 	-58.666224 	-58.681630 	-58.161769 	-57.523678 	
10.123219 	3.011832 	-23.204307 	-33.262633 	-39.076224 	-59.496942 	-60.109257 	-59.280977 	-58.632839 	-57.744467 	-58.891892 	-58.319401 	-59.544257 	-58.647784 	-60.943348 	-61.854632 	-60.548997 	-61.960761 	-59.824518 	-60.633668 	-62.585155 	-57.912032 	-60.045444 	-59.441667 	-59.054865 	
10.591969 	-2.573906 	-21.328093 	-46.201865 	-54.402619 	-58.120815 	-58.479281 	-59.539662 	-61.337592 	-59.792610 	-60.123788 	-57.334188 	-59.263699 	-60.020437 	-57.370959 	-57.415394 	
9.969917 	-2.899580 	-44.826032 	-44.885340 	-53.272577 	-60.020909 	-58.192646 	-59.251634 	-59.905483 	-60.849573 	-58.048573 	-60.064183 	-57.467219 	-60.593584 	-59.649653 	-58.139750 	-60.370798 	
10.223237 	-28.709742 	-42.668911 	-47.814492 	-50.679886 	-57.407165 	-57.546846 	-58.105696 	-60.045075 	-60.839575 	-59.594689 	-59.539346 	-59.990348 	-57.339026 	-58.500682 	-57.522721 	-57.747973 	-58.779286 	-59.256342 	-61.100659 	-58.800175 	
10.036712 	-2.226277 	-9.967615 	-13.211848 	-22.257194 	-56.242350 	-59.765461 	-60.458544 	-58.298180 	-60.163967 	-60.237384 	-58.645662 	-62.408167 	-62.259661 	-59.162287 	-58.020166 	-59.039368 	-60.746265 	-58.414069 	-60.452480 	-60.908662 	-58.449112 	-60.649504 	-59.246296 	-60.697458 	
9.759171 	-4.749591 	-21.332671 	-44.280245 	-58.293234 	-57.445889 	-58.182330 	-62.041452 	-59.056353 	-58.609891 	-58.126871 	-56.970879 	-57.004838 	-58.856590 	
10.093699 	-6.712948 	-44.240846 	-59.331143 	-57.496914 	-57.810813 	-58.538941 	-59.428413 	-58.502820 	-58.807131 	-57.209271 	-57.156675 	-57.488651 	-57.996128 	
9.762087 	3.475407 	-10.257531 	-19.792121 	-39.439609 	-45.310244 	-41.727323 	-45.562378 	-57.392814 	-59.535258 	-56.820230 	-59.242824 	-58.994783 	-60.271144 	-59.990860 	
10.374415 	-0.008449 	-0.154180 	-59.354613 	-58.690855 	-59.713858 	-59.844686 	-57.741894 	-61.967559 	-59.204955 	-58.189452 	-59.172057 	-63.672188 	-58.323552 	-59.410094 	-57.666212 	-58.726710 	-59.535163 	-59.965381 	-58.649203 	-58.508820 	-57.139611 	
9.880498 	-4.948487 	-59.974205 	-58.804541 	-58.454520 	-59.374262 	-62.265521 	-59.480563 	-61.230301 	-58.943312 	-59.486981 	-59.408450 	-60.021237 	-61.984174 	-59.813314 	-59.691172 	-58.226669 	-59.658512 	-60.592504 	-59.681032 	-60.459458 	-59.763069 	-59.570736 	-60.021633 	-60.204138 	-58.880111 	-60.175288 	
10.052952 	-32.150098 	-44.664275 	-58.508331 	-58.303813 	-58.308823 	-59.087839 	-58.915121 	-60.772223 	-57.817212 	-58.504012 	-58.140981 	-57.973038 	-59.678639 	
10.220013 	-4.368027 	-5.343594 	-23.272740 	-56.560476 	-58.747542 	-59.328125 	-59.016764 	-60.321681 	-58.267524 	-57.380518 	-57.716670 	-58.989489 	-57.066828 	
9.723465 	-21.108076 	-23.991094 	-57.899375 	-58.378132 	-57.467603 	-57.804109 	-57.680554 	-62.098066 	-57.039277 	-58.351138 	-59.022956 	-59.640361 	-61.052312 	
9.707839 	3.529823 	0.892295 	-7.482358 	-21.204593 	-42.358197 	-56.035316 	-58.493689 	-57.584061 	-58.914323 	-58.207418 	-58.844425 	-58.881013 	-60.737661 	-60.673514 	-60.465219 	-59.716490 	-57.905391 	-61.583734 	
10.015079 	-59.662470 	-56.570040 	-60.980588 	-59.052121 	-58.397437 	-57.239208 	-61.931462 	-58.024846 	-57.981433 	
9.855772 	6.827510 	-54.745151 	-57.438146 	-58.795356 	-57.640459 	-58.148545 	-59.479422 	-58.422886 	-59.607456 	-57.734023 	-58.745493 	-58.271971 	-58.120730 	-59.518031 	-58.928081 	-58.675605 	-58.459743 	-59.131945 	-57.464613 	
9.803878 	5.241789 	-17.589127 	-31.835801 	-39.693952 	-60.154007 	-60.658355 	-59.706572 	-59.888731 	-59.342304 	-60.090195 	-60.699686 	-59.329834 	-57.660800 	-57.597193 	-59.972321 	-58.490086 	
9.822357 	-42.365789 	-46.081404 	-60.110353 	-58.220360 	-58.210238 	-59.915576 	-60.533590 	-58.967520 	-59.794789 	-60.261290 	-58.688625 	-58.963767 	-58.162099 	-61.674390 	-58.512789 	-58.691861 	-58.563520 	-57.960928 	
