10.130121 	4.707261 	2.350178 	3.245353 	0.187622 	-6.091767 	-7.395739 	-14.475342 	-17.396733 	-28.235934 	-42.426153 	-47.277356 	-46.423575 	-48.624685 	-52.234293 	-55.011492 	-56.536921 	-55.709095 	-55.901302 	-55.552692 	-57.640195 	-55.577790 	
9.653108 	-3.654372 	-24.116025 	-29.505902 	-46.359289 	-59.483720 	-56.456824 	-58.317301 	-59.299432 	-57.200282 	-58.562347 	-58.434190 	-58.761105 	-58.605977 	-59.917913 	-58.779754 	
9.576865 	-1.089655 	-1.453218 	-5.897432 	-9.411030 	-11.904593 	-15.103426 	-19.061987 	-20.997104 	-33.073554 	-36.632981 	-39.750930 	-40.373651 	-40.377455 	-46.451374 	-49.992013 	-53.168566 	-55.210217 	-56.110251 	-54.168066 	-55.017882 	-54.546138 	
9.533001 	-4.934614 	-10.122030 	-12.078218 	-15.227379 	-17.885817 	-38.027382 	-43.100168 	-47.141030 	-45.314418 	-45.738566 	-45.938133 	-49.109007 	
9.159785 	-1.069788 	-1.951240 	-2.957765 	-8.370130 	-6.887525 	-13.040639 	-11.809153 	-14.437760 	-17.861934 	-17.211456 	-23.376410 	
9.456962 	3.620389 	-0.414424 	-1.491549 	-17.827644 	-20.177477 	-28.158491 	-59.755285 	-58.262582 	-57.563253 	-57.686020 	-59.111480 	
9.342181 	-18.228198 	-19.701681 	-27.206710 	-38.559468 	-48.934902 	-48.044067 	-55.733571 	-56.168638 	-59.237396 	-58.730445 	-58.044841 	-58.232914 	-58.123319 	-58.632895 	-58.366540 	-59.003242 	-59.664051 	-58.511711 	-60.100081 	-57.711738 	-60.473605 	
9.645154 	-13.557233 	-22.767510 	-35.536068 	-44.466820 	-53.631716 	-54.437875 	-56.727859 	-59.025734 	-59.489993 	-59.199089 	-59.149029 	-60.331295 	-58.406696 	-58.744588 	-58.702151 	-59.416227 	-60.850734 	-57.999491 	-58.207192 	
9.433893 	4.313819 	3.921011 	-2.322167 	-9.269690 	-15.514626 	-15.439395 	-21.297939 	-26.711680 	-31.678040 	-34.268302 	-37.242919 	-40.473056 	-43.077540 	-45.229389 	-47.014767 	-48.297057 	
9.271062 	3.921548 	3.850411 	1.508612 	-3.507593 	-8.346624 	-7.892067 	-9.206860 	-8.685307 	-10.169693 	-10.065550 	-11.842533 	-13.828824 	-19.175427 	-18.300989 	-19.176852 	-19.852092 	-21.848772 	-22.514674 	-23.111485 	-21.927665 	-28.312161 	-33.276035 	-30.871047 	-29.545668 	
9.981844 	0.852256 	-5.784706 	-26.385401 	-36.930945 	-35.058670 	-36.252039 	-37.380778 	-53.897480 	-58.693026 	-57.269329 	-56.186531 	-60.494861 	-55.935222 	-58.075269 	
9.736804 	-3.972021 	-19.908267 	-23.824484 	-35.146130 	-38.671264 	-38.923283 	-50.718751 	-50.464056 	-52.441011 	-54.988632 	-59.132756 	-59.622751 	-57.259785 	-59.151473 	-60.285714 	-59.878088 	-57.244499 	-59.219609 	
9.301901 	6.752845 	-7.768316 	-11.174721 	-21.016652 	-21.371809 	-27.826897 	-31.232018 	-48.976930 	-49.334276 	-47.800963 	-49.165631 	-51.387702 	-53.211308 	-56.431095 	-57.550005 	-56.431814 	
9.793360 	-11.047522 	-13.426861 	-27.973219 	-42.193406 	-42.810960 	-45.988720 	-56.050242 	-59.703130 	-57.823917 	-60.113222 	-57.295105 	-58.093756 	-60.439320 	
9.697456 	2.619510 	-1.128133 	3.409837 	-0.065428 	-2.779256 	-7.291398 	-6.703243 	-7.186345 	-9.808360 	-12.202030 	-20.202985 	-26.205506 	-27.671865 	-27.397756 	-28.571122 	-32.968260 	-33.668195 	-35.716490 	-37.812533 	-39.731401 	-41.926768 	
9.849166 	-2.606182 	-3.398620 	-21.298864 	-20.589205 	-28.742627 	-42.249588 	-46.976666 	-52.202673 	-57.007667 	-58.469615 	-58.867871 	-58.188082 	-63.289494 	-58.820953 	-59.684054 	-57.599019 	-59.333911 	-57.979109 	-61.562383 	-58.975396 	-58.888252 	
9.820439 	-20.930876 	-42.713539 	-47.505066 	-57.809710 	-58.852693 	-57.106921 	-59.538942 	-59.578246 	-60.788240 	
9.903002 	5.026837 	2.619707 	1.034919 	0.324120 	-8.940823 	-13.097057 	-13.996878 	-15.140828 	-13.649265 	-16.768270 	-36.906057 	-40.009415 	-41.732760 	-47.656708 	-43.527811 	-44.430003 	-45.377542 	-47.086417 	-47.788889 	-48.556192 	-52.474817 	-53.932291 	-56.437390 	
9.765758 	-4.673999 	-11.077706 	-17.488129 	-24.482007 	-34.447097 	-37.312114 	-46.071291 	-44.278179 	-55.019245 	-56.587239 	-58.724000 	-56.898012 	-57.284206 	-57.833238 	-57.207739 	-57.958435 	-57.200955 	
9.886516 	6.684430 	-7.512295 	-54.376704 	-59.954418 	-58.181772 	-59.385681 	-60.068525 	-58.359239 	-58.814843 	-57.895079 	-58.580976 	-58.741607 	-58.881914 	-57.997303 	-59.581544 	-58.665055 	
9.614733 	-8.024355 	-9.204019 	-14.243990 	-35.659828 	-38.429698 	-38.014536 	-39.352085 	-57.566423 	-57.129317 	-58.232683 	-59.703290 	-57.510440 	-60.020386 	-56.907906 	-56.381575 	-58.204293 	
