9.964168 	-0.548084 	-16.488349 	-23.425474 	-60.890190 	-61.115858 	-60.672812 	-62.797116 	-61.659438 	-60.049553 	-58.553312 	-59.256510 	-58.734190 	-58.489600 	-58.145815 	-58.630010 	-58.518659 	
10.019570 	-7.053858 	-58.055606 	-60.194304 	-56.942037 	-59.827388 	-58.793987 	-59.180985 	-60.369369 	-57.736574 	-57.686020 	-59.194361 	-57.972600 	-58.684182 	-59.725116 	-58.299860 	
9.691561 	3.600698 	-24.237648 	-41.901614 	-51.860650 	-57.235799 	-59.114135 	-57.969614 	-59.164501 	-59.652618 	-58.914865 	-57.699824 	-58.643030 	-60.509738 	-57.561705 	
9.998563 	-8.104768 	-8.665576 	-24.042953 	-31.952178 	-45.240617 	-58.632181 	-59.353334 	-61.092467 	-57.707780 	-59.221270 	-59.125452 	-59.774292 	-58.488970 	-57.385746 	-58.190330 	
9.742434 	-14.933069 	-13.151627 	-27.077224 	-30.261686 	-47.217076 	-57.330705 	-57.734080 	-57.790763 	-57.668484 	-62.449006 	-56.863077 	-60.717579 	-58.367571 	-59.157837 	-60.007904 	-58.754383 	
10.119155 	-8.623899 	-23.840205 	-27.542685 	-42.407451 	-47.465317 	-61.468434 	-59.192452 	-58.212098 	-64.385202 	-60.147600 	-59.122293 	-59.741867 	-57.736543 	-60.476769 	-57.561150 	-60.431186 	-59.149839 	-58.338905 	-59.986317 	-57.437005 	-59.577132 	-59.620700 	-58.482466 	-61.501398 	
9.725048 	-6.012564 	-8.355814 	-26.475443 	-37.913431 	-59.700318 	-59.681213 	-62.636966 	-61.750100 	-59.479700 	-58.716688 	-60.093680 	-58.235170 	-59.039059 	-59.286119 	-60.621259 	-57.828643 	
9.960832 	-0.383281 	-7.333342 	-47.191307 	-58.992925 	-57.518698 	-58.302627 	-58.296194 	-60.953806 	-58.539055 	-58.438235 	-57.677592 	-57.519704 	-59.647710 	-58.885771 	-59.931926 	-59.754542 	-59.353983 	
9.855255 	-20.117667 	-43.311824 	-43.765644 	-46.764837 	-54.760289 	-59.736515 	-61.388657 	-61.625347 	-59.633248 	-58.617515 	-58.177203 	-57.443980 	-58.364217 	-57.904241 	-57.884170 	-59.357376 	-58.639717 	-59.055751 	-58.461569 	-58.467173 	
9.718635 	-56.217920 	-58.643363 	-58.086298 	-61.386615 	-58.582689 	-58.980834 	-60.687374 	-59.839880 	-60.725050 	-60.279260 	-58.904832 	-58.028639 	-61.857857 	-58.524447 	-59.415764 	-58.694285 	
10.045591 	-6.241689 	-23.189014 	-29.701179 	-58.891335 	-58.484754 	-61.227792 	-58.378117 	-60.875718 	-62.170607 	-59.246870 	-59.244683 	-60.770695 	-60.922733 	-59.400555 	-59.006013 	-58.306967 	-59.610345 	
9.589319 	0.564539 	-20.933131 	-30.016112 	-41.403453 	-58.134039 	-57.958987 	-58.829665 	-58.469729 	-59.079383 	-60.669038 	-60.005921 	-58.834435 	-61.590693 	-59.137448 	-60.952324 	-59.649219 	-59.129950 	-59.187481 	-62.618436 	-58.981768 	-60.260572 	-60.627961 	-59.453090 	
10.172706 	-6.973102 	-11.607167 	-11.134972 	-41.069699 	-41.933502 	-58.013216 	-57.588662 	-59.915270 	-60.561958 	-59.418320 	-58.088582 	-61.106725 	-58.446468 	-58.087158 	-61.703484 	-58.734791 	-57.543246 	
9.776046 	-29.072323 	-38.987221 	-37.628112 	-44.651217 	-53.747638 	-57.711974 	-58.145094 	-59.759140 	-58.159986 	-59.533704 	-58.310569 	-58.744036 	-59.954918 	-59.735295 	-58.325456 	
9.854820 	-51.562343 	-55.492060 	-57.639202 	-58.957861 	-58.463564 	-61.161340 	-57.291360 	-58.812546 	-58.323895 	-60.631761 	-59.951929 	-58.475284 	-59.697799 	-59.172707 	-58.000999 	-61.271962 	-58.707183 	-58.810300 	-57.784415 	
9.965050 	-20.952748 	-30.205979 	-43.132077 	-43.483669 	-52.250443 	-58.380631 	-57.650756 	-63.148480 	-57.792323 	-58.968680 	-57.747269 	-58.882424 	-62.635256 	-60.243073 	-59.188614 	-58.642891 	-60.868128 	
9.906078 	-49.543055 	-58.873509 	-57.503768 	-58.237785 	-60.470947 	-61.268614 	-59.281638 	-59.427976 	-60.805330 	-59.685585 	-58.033588 	-59.855187 	-58.314834 	-59.310454 	-58.362920 	-60.584365 	
10.072627 	1.862935 	-22.210375 	-53.791260 	-63.182609 	-58.558975 	-60.305040 	-59.185442 	-58.176377 	-59.321754 	-58.383450 	-60.112873 	-59.922397 	-58.984299 	-58.654142 	-59.791266 	-59.484855 	-59.022507 	-58.179597 	-58.873907 	-58.310409 	
10.199974 	5.680549 	3.327594 	-8.619402 	-59.898742 	-59.366442 	-58.239627 	-57.977199 	-59.350393 	-58.933072 	-60.189278 	-57.483217 	-58.889861 	-57.626269 	-57.352720 	-58.974269 	-59.262331 	
9.953098 	6.674169 	-14.755314 	-35.970538 	-49.653103 	-57.451366 	-58.865997 	-57.468705 	-57.992367 	-58.593766 	-59.134851 	-59.184328 	-58.560482 	-58.355218 	-57.326458 	-58.716213 	-59.379076 	
