9.737337 	-3.747066 	-16.042201 	-26.906110 	-58.589844 	-57.791015 	-57.255805 	-58.319532 	-59.479811 	-57.074340 	-64.447184 	-58.491616 	-57.242353 	
10.045150 	-0.494674 	-2.982657 	-9.446415 	-9.317089 	-13.667268 	-16.073775 	-15.006712 	-15.945703 	-17.843648 	-20.757196 	-23.124612 	-24.093782 	-25.643748 	-27.081819 	-29.396293 	-29.874920 	-31.960302 	-36.631475 	
9.682299 	6.129788 	-21.664449 	-26.133211 	-25.593286 	-35.255887 	-42.166976 	-44.827991 	-53.035131 	-54.198955 	-57.779739 	-67.117493 	-59.804088 	-57.810721 	-58.532158 	-60.972410 	-60.206623 	-58.424060 	-58.590953 	-58.004512 	
9.701322 	-1.197697 	-32.431552 	-39.529191 	-58.652035 	-57.820153 	-59.150916 	-59.886445 	-58.929379 	-58.165244 	
9.804534 	-4.423116 	-7.480575 	-11.621079 	-20.002232 	-26.051862 	-32.827212 	-35.126661 	-37.538700 	-42.257606 	-51.740301 	-60.214294 	-58.189531 	-57.724668 	-59.223808 	-58.977998 	-60.592237 	-58.985532 	-59.154407 	-57.151578 	-60.070886 	
9.416190 	-13.307557 	-17.152715 	-24.090452 	-38.518004 	-38.182291 	-37.483283 	-47.479467 	-48.847717 	-48.795042 	-51.760947 	-57.334674 	-57.742189 	-57.713393 	-59.714157 	-57.730210 	-57.582887 	
9.247326 	8.839004 	-0.966433 	-9.158862 	-14.707052 	-46.768401 	-50.327427 	-55.325468 	-59.122700 	-57.488475 	-58.697503 	-59.327019 	-58.601792 	-59.166192 	-58.479175 	-61.000927 	-60.711026 	-59.950787 	-58.082578 	-57.240045 	
9.699509 	0.813819 	-1.307696 	-16.814956 	-16.549982 	-20.504333 	-24.917444 	-53.172834 	-55.597868 	-57.376547 	-56.553665 	-58.059921 	-56.686281 	-57.916723 	-58.489417 	-61.393965 	-58.368376 	-59.854864 	
9.550844 	1.222496 	-14.842171 	-16.457233 	-25.516953 	-42.099858 	-57.048320 	-59.652799 	-60.706096 	-58.031945 	-58.853915 	-59.808506 	-58.629999 	-64.283132 	-60.393571 	-61.062218 	-58.699664 	-58.988257 	
9.881019 	-9.248521 	-8.466246 	-20.860586 	-27.819543 	-26.062597 	-27.842327 	-33.863687 	-39.074547 	-44.834511 	-45.863040 	-50.220959 	-49.731860 	-50.912740 	-54.096474 	-54.222034 	-56.574755 	-55.784102 	-55.685957 	-56.553932 	
9.292315 	2.576610 	1.131269 	-9.318867 	-29.274557 	-35.132814 	-42.818719 	-59.429511 	-58.575346 	-58.925147 	-58.080698 	-58.906096 	-59.291140 	-58.363826 	-59.204364 	
9.986564 	1.073053 	-4.395404 	-10.131440 	-13.270074 	-14.541976 	-25.034498 	-32.206066 	-42.662302 	-53.761997 	-57.023142 	-55.705629 	-56.324180 	-57.101630 	-60.047758 	-57.252328 	-57.278695 	-57.910032 	-57.027844 	-57.392920 	
9.576975 	-1.963181 	-3.600238 	-3.567207 	-8.121693 	-13.145733 	-12.892088 	-12.378995 	-22.731639 	-21.393401 	-21.562770 	-24.760308 	-24.084836 	-24.792935 	-31.724011 	-31.963990 	-30.914740 	-32.694725 	-35.937288 	-36.761551 	
10.090839 	-0.979914 	-10.597254 	-10.962905 	-14.547705 	-17.590948 	-44.941872 	-58.915086 	-58.964347 	-58.053492 	-61.048409 	-59.355413 	-58.567745 	-58.967344 	-58.631572 	-59.749284 	-57.291237 	-58.997549 	-58.874704 	-58.983600 	-59.581587 	-59.454212 	
10.004416 	-6.564751 	-23.310791 	-24.776042 	-27.638102 	-31.985170 	-32.789528 	-38.534648 	-52.358617 	-56.769258 	-61.466455 	
9.521214 	-3.546021 	-7.669376 	-31.611744 	-62.465217 	-58.446678 	-58.944775 	-59.074063 	-59.622820 	-59.680354 	-57.775102 	-61.583987 	-59.228674 	-58.210904 	-59.347433 	-58.751583 	
9.857292 	3.054232 	2.997629 	-6.269902 	-26.368808 	-32.296834 	-60.500323 	-58.036637 	-59.654407 	-58.088304 	-59.522565 	-59.487675 	-58.751717 	-61.072982 	-57.692591 	-58.496632 	-60.640278 	-58.289290 	-59.831217 	-61.450454 	-58.025526 	-60.442314 	-57.569929 	
9.603532 	3.217127 	-19.013522 	-37.616333 	-47.278430 	-57.493293 	-58.197748 	-58.933228 	-58.050128 	-62.153157 	-59.347224 	-59.498213 	-60.080253 	-60.506027 	-60.026090 	-59.814795 	-58.252042 	-58.368375 	-57.879327 	-60.490279 	
9.780786 	-10.763798 	-19.535406 	-20.917900 	-23.991487 	-33.107077 	-33.753685 	-35.172074 	-45.103658 	-48.673877 	-50.470842 	-49.795409 	-52.667733 	-50.807992 	-51.805862 	-58.369038 	-56.476841 	-56.902963 	-54.856156 	
9.921901 	-28.103539 	-31.240246 	-43.594164 	-58.613064 	-57.253711 	-59.099913 	-59.512837 	-61.891595 	-58.722258 	-60.222754 	-59.048022 	-57.532618 	
9.930284 	-3.545871 	-10.053538 	-22.149042 	-20.569950 	-21.726719 	-30.412879 	-36.811399 	-37.956151 	-41.682335 	-57.961210 	-59.566618 	-58.971619 	-59.762400 	-57.631794 	-58.706127 	-57.899855 	-61.718137 	-57.518954 	-56.904518 	
