9.508678 	4.271692 	3.225051 	2.085604 	4.002512 	-4.997972 	-3.528737 	-2.244239 	-4.435986 	-4.559674 	-5.459511 	-3.892721 	-7.749152 	-7.955511 	-6.876277 	-7.740672 	-8.438070 	-9.739185 	-10.187179 	-8.728745 	
9.612253 	7.343841 	-0.401772 	-6.171903 	-31.550678 	-34.559400 	-35.957519 	
9.463330 	7.410794 	5.597682 	-4.824876 	-7.739233 	-23.404490 	-24.800918 	-32.395686 	-42.562583 	-51.215952 	-49.865967 	-50.029377 	-51.424822 	-51.560442 	-53.125379 	-53.259224 	-57.037956 	-57.269899 	-59.112163 	-56.621178 	-58.618720 	-60.325313 	-58.552230 	-57.749401 	
9.561051 	6.320038 	2.819651 	1.245971 	3.051470 	-1.065276 	-3.055426 	-8.083893 	-6.842968 	-9.276729 	-8.599225 	-12.049297 	-12.022603 	-13.611896 	-13.751465 	-23.636968 	-18.090307 	-19.387460 	-19.580811 	-20.154196 	-27.537675 	-33.452730 	
9.832324 	1.599817 	-4.325452 	-6.073597 	-8.047889 	-20.634699 	-23.116165 	-23.278899 	-26.292571 	-32.440170 	-35.669531 	-42.891253 	-43.694261 	-44.392039 	-44.536536 	
9.583298 	5.068448 	4.426702 	5.324664 	3.508403 	2.603458 	2.997855 	2.253404 	0.526272 	0.789444 	-0.666469 	-0.187250 	1.787071 	0.160781 	1.516440 	0.185224 	0.346012 	-0.733768 	-0.015531 	-0.528823 	-0.975378 	-0.914577 	-0.095612 	-2.367938 	-1.685770 	-2.166847 	-1.238985 	-0.901106 	-0.838646 	-4.450843 	-3.210117 	-3.354121 	-5.016107 	-1.451823 	-4.688868 	-3.745899 	-1.835561 	-5.088834 	-2.431056 	-2.241301 	-6.952975 	-3.593272 	-2.937163 	-1.890293 	-4.478901 	-2.499326 	-3.413699 	-2.960129 	-2.334713 	-2.738704 	-3.415906 	-3.942805 	-8.808058 	-4.438360 	-4.056225 	-4.683661 	-3.386584 	-3.455058 	-4.824604 	-5.458244 	-7.585903 	-4.636887 	-2.908307 	-5.670309 	-8.534215 	-4.122861 	-6.094046 	-4.189804 	-6.763055 	-5.027659 	-6.549188 	-3.922021 	-5.436010 	-6.861704 	-8.427163 	-6.977892 	-4.177381 	-4.766596 	-4.469071 	
9.520189 	-9.542033 	-16.651435 	-22.753335 	-28.591539 	-27.759388 	-30.457759 	-37.132342 	-37.482882 	-42.135562 	-40.193881 	-42.023391 	-43.864191 	-44.445409 	-50.885175 	
9.552067 	4.039388 	3.965286 	1.777272 	0.593996 	-1.909921 	-3.246043 	-3.120402 	-4.558814 	-4.882963 	-5.170184 	-8.954878 	-5.522858 	-5.064006 	-7.632918 	-5.500586 	-6.893959 	-7.791834 	-9.310958 	-6.626594 	-8.843411 	-7.636083 	-8.350025 	-7.579091 	-8.233383 	-7.823991 	-9.663932 	-11.100321 	
9.695583 	4.498231 	3.345545 	0.408280 	-1.268796 	-1.187935 	-4.826035 	-6.939015 	-5.719286 	-7.842285 	-10.429834 	-12.638647 	-10.997801 	-12.992655 	-12.132506 	
9.482956 	-1.619178 	-1.406914 	-6.257354 	-8.658988 	-9.582128 	-9.332967 	-12.349420 	-12.240126 	-12.676253 	-11.861668 	
