9.895355 	-1.267362 	-1.990245 	-6.542675 	-10.219394 	-14.130505 	-16.451739 	-45.885066 	-55.200492 	-55.794765 	-58.516669 	-57.910548 	-57.753509 	-58.691142 	-56.013039 	-56.496570 	-59.353019 	-59.467491 	-61.542674 	-59.519485 	-57.599984 	-58.417241 	
9.814728 	3.303420 	1.774736 	-22.442942 	-24.423480 	-33.038206 	-44.828396 	-42.902170 	-55.308354 	
9.529519 	5.838271 	-1.210793 	0.644827 	-2.764548 	-4.462384 	-6.764873 	-11.059379 	-11.080475 	-11.170412 	
9.460245 	-2.348296 	-3.571317 	-10.826582 	-14.487880 	-23.063372 	-19.501002 	-29.160554 	-26.708178 	-26.497178 	-28.192183 	-28.037731 	-32.406826 	-35.320010 	-33.868546 	-35.585632 	-42.467995 	-40.630856 	
9.817632 	-0.427756 	-5.432954 	-12.514764 	-13.785158 	-18.534773 	-20.972992 	-21.701587 	-28.163363 	-60.100399 	-58.672972 	-58.421384 	-57.893715 	-57.420606 	-57.847305 	-59.711649 	-58.906638 	-58.846639 	-58.282019 	-58.950175 	
9.575038 	-8.983173 	-8.844537 	-16.955706 	-19.731695 	-25.994097 	-45.468281 	-58.603886 	-57.302456 	-57.863229 	-58.101701 	
9.761269 	-31.765397 	-31.574525 	-46.373330 	-58.185454 	-58.733432 	-59.377871 	-58.228280 	-58.894468 	-60.557993 	-57.673883 	
10.039189 	-0.391685 	-24.366674 	-30.181807 	-32.079237 	-38.756108 	-40.107520 	-45.156238 	-47.247331 	-47.832316 	-50.287145 	-52.329906 	-54.030426 	-52.891305 	-56.289861 	-55.454323 	-57.369802 	-55.838846 	-59.208865 	
10.013036 	7.254199 	5.702348 	-5.127631 	-8.771449 	-12.063846 	-13.172840 	-18.686855 	-20.433298 	-45.416380 	-46.954718 	-49.761446 	-52.428227 	-52.925289 	-54.357812 	-54.220006 	-57.090893 	-56.333762 	-59.480450 	-55.971258 	
9.647162 	2.750204 	3.280218 	1.684900 	1.314248 	-0.672244 	-3.482598 	-5.356143 	-11.261947 	-7.244990 	-17.287968 	-13.050405 	-13.514911 	-12.742266 	-13.541906 	-16.710007 	-15.626635 	-16.822732 	-20.036675 	
9.930268 	5.335880 	2.999276 	1.800485 	0.306469 	-2.210394 	-3.310156 	-4.094244 	-7.231385 	-7.719177 	-6.804543 	-5.650454 	-7.078738 	-6.704208 	-7.307121 	-10.108927 	-11.362227 	-10.681595 	-14.107866 	
9.867798 	-4.571518 	-0.562251 	-3.976970 	-4.668286 	-16.914809 	-17.853949 	-18.603052 	-55.412120 	-59.003599 	-57.737414 	-57.134337 	-55.869740 	-57.258011 	-60.033948 	-57.623290 	-56.811565 	-59.495310 	-56.685321 	-58.251543 	-57.072091 	-58.519198 	-57.420801 	-58.474022 	
9.857317 	-1.574228 	-2.216842 	-3.927441 	-7.573941 	-14.699589 	-19.600907 	-22.320605 	-24.430080 	-28.701527 	-32.857531 	-33.767117 	-36.404466 	-33.215147 	
10.185128 	-1.253943 	-2.822305 	-5.699067 	-8.729660 	-11.382747 	-14.453068 	-16.939672 	-17.460188 	-21.768859 	-23.860190 	-24.481149 	-36.412565 	-36.722705 	-38.378981 	-45.749532 	-55.442063 	
9.769305 	-1.407834 	-2.548807 	-4.523944 	-11.613587 	-9.407309 	-13.215662 	-12.194732 	-12.900337 	-14.036937 	-16.893824 	-16.508325 	-24.706156 	-24.798304 	
9.669502 	-0.967827 	-6.727895 	-4.517171 	-5.152863 	-12.517959 	-14.965730 	-17.689246 	-18.758806 	-19.367618 	-20.205124 	-21.386514 	-21.459656 	
9.846298 	-0.397147 	-5.435830 	-18.140753 	-21.119246 	-36.923471 	-44.061124 	-45.378849 	-46.010219 	-47.935229 	-49.746169 	-48.887776 	-49.512024 	
9.844845 	0.151804 	-1.108496 	-18.128015 	-24.110557 	-24.978877 	-28.054820 	-28.420154 	-38.081511 	-39.322144 	-44.596269 	-46.734804 	-46.445955 	-45.776901 	-49.306687 	-50.624371 	-51.921682 	-57.591090 	
9.654600 	4.364619 	-1.761907 	-3.513586 	-14.507215 	-14.291678 	-18.486656 	-19.225024 	-19.795230 	-20.589643 	-22.230426 	-24.769195 	-21.907732 	
10.076909 	4.383323 	0.466175 	1.411829 	-6.627704 	-5.135866 	-4.174603 	-11.165213 	-16.736769 	-18.528832 	-17.030912 	-29.081333 	-39.053768 	-56.239436 	-57.160295 	-56.202872 	-55.686582 	-57.331281 	-58.061255 	-56.870594 	
