9.818173 	-1.986707 	-21.174773 	-33.844411 	-41.260064 	-43.538231 	-48.478269 	-53.765541 	-57.841281 	-57.662739 	-58.791018 	-58.805731 	-57.008086 	-58.683019 	-59.194662 	-59.731044 	-57.290744 	
10.020712 	-10.002913 	-11.889225 	-16.848077 	-20.648091 	-21.727121 	-24.910329 	-22.663088 	-27.965915 	-27.750347 	-29.100919 	-29.617020 	-30.327515 	-34.374082 	-30.560052 	-33.179766 	-32.748587 	-34.430138 	-34.255187 	-39.397273 	-39.874656 	-42.620914 	
9.925012 	5.174089 	-3.925557 	-8.995533 	-9.603420 	-13.373135 	-11.868485 	-15.668681 	-18.764579 	-23.995737 	-31.446146 	-33.221508 	-32.349260 	-47.889553 	-37.280384 	-37.634858 	-41.759519 	-44.100068 	-44.759232 	-47.161145 	
9.662152 	-4.172749 	-4.944418 	-4.765558 	-7.498019 	-12.806460 	-22.643243 	-25.381595 	-29.710769 	-30.840399 	-30.706441 	-35.029145 	-38.000117 	-39.841607 	-47.782132 	
9.665479 	3.831969 	-14.955148 	-32.108774 	-43.348887 	-41.839564 	-48.164353 	-58.957171 	-60.973155 	-58.779404 	-60.317820 	-58.181470 	-60.492790 	-58.532603 	-61.032310 	-60.459311 	-63.586040 	-57.804068 	-58.354197 	-59.005280 	-57.357747 	-58.087863 	-59.197542 	-59.594480 	-63.937128 	-57.016630 	
9.848886 	-6.632510 	-17.574223 	-19.907581 	-21.202182 	-24.303468 	-26.372295 	-36.740454 	-43.111152 	-43.534105 	-45.202679 	-48.895068 	-47.119618 	-49.194248 	-53.576333 	-56.997831 	
9.700319 	5.213620 	0.171274 	-5.072784 	-12.431287 	-25.177319 	-22.784133 	-23.983373 	-27.728317 	-31.563589 	-30.501751 	-34.166067 	-34.225339 	-37.030441 	-38.444659 	-40.107078 	-44.646883 	-48.906783 	
9.874996 	3.879248 	1.466176 	0.466117 	-8.375066 	-9.718553 	-10.963296 	-12.009074 	-12.679058 	-14.579190 	-17.099277 	-26.316874 	-32.824089 	-44.834346 	-53.259179 	-55.216558 	-52.094158 	-54.826339 	-54.550148 	-56.347668 	-57.168379 	
9.371416 	-14.921633 	-16.677904 	-21.745324 	-26.281666 	-26.699065 	-30.442501 	-33.764979 	-41.748401 	-48.103798 	-46.728850 	-51.817309 	-57.075424 	-58.805182 	-59.979615 	-58.148289 	-58.035712 	-57.962475 	-56.626802 	-60.023948 	-58.270431 	-57.172673 	-57.917807 	
9.811608 	2.686752 	-3.984733 	-16.853351 	-29.148016 	-31.866212 	-40.372632 	-43.464730 	-46.562662 	-56.958733 	-59.303990 	-58.553717 	-58.208058 	-57.820945 	-58.615477 	-57.459158 	-57.402460 	
9.797006 	7.582527 	3.814471 	2.357547 	-10.951395 	-12.660748 	-36.117420 	-40.303511 	-42.381659 	-58.518651 	-57.835311 	-58.765006 	-57.688878 	-58.445144 	-57.649848 	-59.315764 	-59.857178 	-58.093535 	-57.527288 	-58.575373 	
9.577947 	6.145532 	6.167732 	-0.217331 	3.016740 	3.241663 	3.250379 	1.796875 	0.795101 	0.558573 	-1.708227 	1.092831 	0.334588 	-2.906295 	-1.250570 	0.276693 	-1.635389 	-0.520416 	-2.301990 	-1.189295 	-0.698757 	-0.591929 	-0.662783 	-5.370143 	-2.323432 	-4.060212 	-3.176569 	-1.594730 	-1.559784 	-3.273386 	-1.691790 	-3.288163 	-3.999051 	-2.129777 	-5.482383 	-1.945117 	-5.008687 	-6.334616 	-3.533631 	-3.976415 	-2.757611 	-3.710972 	-4.285927 	-4.812847 	-5.292060 	-4.007273 	-3.058415 	-7.771891 	-3.520713 	-5.895361 	-4.807687 	-3.794286 	-4.895770 	-4.798669 	-5.289985 	-3.647251 	-3.526769 	-4.285912 	-5.858888 	-4.752771 	-5.413735 	-3.547018 	-4.419359 	-4.490689 	-5.097234 	-4.688660 	-5.032506 	
10.119584 	8.645926 	5.819348 	-2.917891 	-16.417251 	-45.433610 	-45.514822 	-57.960257 	-57.282894 	-59.871405 	-57.776697 	-57.200968 	-62.837073 	-60.129731 	-58.606682 	-59.562759 	-58.110946 	
9.420526 	5.782178 	3.401165 	3.224750 	-1.318648 	0.994416 	-0.013253 	-5.680232 	-2.975159 	-1.425075 	-5.038609 	-9.802167 	-7.665167 	-15.794628 	-14.345633 	-18.645596 	-20.585978 	-21.152602 	-25.789802 	-23.599714 	
9.676394 	-0.617735 	-1.724192 	-8.611676 	-22.959552 	-22.611992 	-27.391877 	-24.687049 	-38.165665 	-37.274976 	-60.836421 	-59.014741 	-58.699115 	-59.312170 	-58.651796 	-58.750678 	-57.836910 	-58.056257 	-58.445382 	-60.105592 	-63.095332 	
9.837311 	6.664324 	-9.245328 	-12.045064 	-46.647611 	-52.942862 	-55.429940 	-58.567464 	-58.447984 	-60.575812 	-61.081049 	-57.846371 	-59.484739 	-57.079264 	-58.915377 	
9.995142 	2.657864 	-4.438511 	-8.586773 	-8.815778 	-11.135572 	-14.088977 	-14.153419 	-15.805349 	-15.604631 	-17.807763 	-18.413207 	-22.257675 	-26.610664 	-32.617700 	-35.555179 	-40.437919 	-40.630323 	-46.309912 	-43.489612 	-49.495148 	-49.869491 	
9.834602 	-4.337626 	-19.030612 	-41.637114 	-50.709377 	-46.648536 	-48.750527 	-50.131290 	-50.649590 	-52.625091 	-53.259868 	-57.350466 	-55.941574 	-57.148500 	-56.220900 	
9.330334 	4.142689 	5.079275 	0.228236 	-9.351122 	-5.096599 	-8.459358 	-9.163831 	-26.184269 	-29.084752 	-28.161197 	-33.959204 	-37.175992 	
9.669679 	-6.048077 	-5.600728 	-7.825464 	-10.320909 	-12.342192 	-13.155036 	-16.069062 	-19.755858 	-20.854283 	-28.414307 	-27.381886 	-28.180452 	-28.302585 	-30.325076 	-33.436344 	-33.197302 	-33.698921 	-34.175742 	-36.651835 	-38.305862 	-36.220103 	-44.275458 	
10.046352 	6.690005 	-5.502620 	-10.074985 	-10.041655 	-10.379602 	-25.963048 	-43.210737 	-42.124003 	-45.336568 	-55.843628 	-60.334101 	-58.688358 	-58.776520 	-58.879158 	-61.337291 	-59.552274 	-60.419253 	-58.463079 	-57.148091 	-59.993506 	-58.732297 	-60.771556 	-57.457211 	-58.754407 	
9.901110 	4.813568 	4.548571 	2.880325 	0.488838 	-0.937564 	-1.178989 	-4.323176 	-10.650739 	-13.215006 	-14.784228 	-15.859540 	-16.109168 	-18.217848 	-17.618515 	-20.509180 	-21.402000 	-23.681850 	-24.495325 	
