9.814889 	5.879322 	3.052027 	4.001762 	-2.835795 	1.499895 	0.465302 	-0.786627 	-7.470681 	-7.114567 	-13.462292 	-17.417683 	-18.345974 	-16.702936 	-21.929392 	-21.890905 	-23.308827 	-25.423631 	-28.638105 	-26.056952 	-26.798564 	-27.843933 	-26.915222 	-26.173514 	-28.080600 	
9.418051 	-0.171646 	-7.483939 	-13.680224 	-16.993228 	-24.804365 	-26.393218 	-41.864108 	-45.408159 	-55.912664 	-56.372529 	-55.622484 	-58.342602 	-56.969023 	
9.719063 	0.099313 	-0.370419 	-1.008920 	-14.783774 	-15.525521 	-21.601451 	-17.362657 	-24.911211 	-30.611094 	-31.486761 	-34.759409 	-39.637425 	-40.431396 	-43.001067 	-46.779398 	-49.023943 	-49.610795 	-52.921787 	-58.719345 	-54.660332 	-53.649514 	-55.385632 	-58.042261 	-58.910225 	-58.368689 	
9.595861 	2.579690 	2.011299 	2.385764 	2.928356 	0.695571 	1.580313 	0.438415 	-5.208915 	-4.979774 	-5.642900 	-8.593235 	-7.095795 	-7.865508 	-10.465194 	-10.715520 	-11.800274 	-12.691100 	-13.371105 	-15.394812 	-12.144010 	-16.412739 	-17.616790 	-17.114299 	-15.874662 	
9.560585 	1.223582 	-5.633256 	-6.459616 	-12.995844 	-16.657979 	-23.306716 	-26.540223 	-31.928691 	-34.596281 	-51.268031 	-57.837779 	-55.128594 	-57.762630 	-56.435028 	-56.599582 	-57.565034 	-57.324764 	-58.829985 	-58.477173 	-55.756186 	-59.219335 	
9.686340 	-2.874923 	-7.794962 	-9.366944 	-12.259901 	-16.944448 	-19.648652 	-26.177358 	-28.747063 	-33.490523 	-36.799984 	-38.756075 	-42.786704 	-44.817483 	-45.341133 	-43.979089 	-46.759323 	-46.112201 	-48.523349 	-49.092434 	-48.173548 	
9.755368 	0.724273 	-2.644443 	-5.034432 	-11.490735 	-16.014351 	-19.047701 	-23.118926 	-30.007053 	-30.589091 	-40.376777 	-48.523902 	-51.779153 	-58.403253 	-59.344217 	-61.656660 	-58.104399 	-59.716580 	-58.707965 	-60.428625 	-56.988956 	
9.968591 	-1.132948 	-2.969614 	-5.982853 	-3.669105 	-5.258649 	-6.376668 	-11.471723 	-11.156627 	-13.829833 	-20.271676 	-25.215042 	-27.534084 	-29.059159 	-36.265956 	-42.000711 	-45.827441 	-46.489859 	-48.659033 	-49.811737 	-54.693634 	-55.865100 	-56.627489 	
9.820928 	4.701625 	-14.702956 	-11.616974 	-11.181275 	-16.004697 	-18.722850 	-18.425559 	-28.458407 	-33.106078 	-33.378200 	-38.335829 	-40.941458 	-44.796298 	-46.178944 	-44.742969 	-47.779414 	-51.103674 	-49.003659 	
10.071720 	-1.988059 	-5.716566 	-27.691760 	-48.132729 	-48.947453 	-56.948348 	-61.053477 	-58.146003 	-59.342321 	-59.932459 	-59.613858 	-59.123408 	-60.841568 	-57.783196 	-59.268696 	-58.481701 	-58.870003 	-58.120947 	-58.601644 	-57.429803 	-58.259717 	-58.167926 	-58.980589 	
9.632747 	-1.932125 	-3.414308 	-11.077795 	-22.808776 	-23.888563 	-36.512662 	-41.902235 	-44.194823 	-50.300506 	-55.414655 	
9.943563 	-1.903605 	-11.794084 	-16.094321 	-19.061692 	-20.287566 	-22.173199 	-33.554240 	-34.247213 	-38.311437 	-43.061446 	-48.785692 	-59.287659 	-58.724119 	-57.485451 	-56.430823 	-59.057717 	
10.007950 	-9.370078 	-17.536767 	-20.765788 	-35.413176 	-38.626354 	-41.077890 	-54.696263 	-58.420796 	-57.623105 	-58.341710 	-59.191514 	-57.990335 	-58.190907 	-57.410165 	-58.088607 	-61.222378 	-60.124064 	-57.961584 	-58.347249 	-59.271313 	-59.203830 	-58.273489 	-57.834924 	
9.700254 	4.210627 	-2.673608 	-8.185608 	-8.728899 	-12.182910 	-29.903011 	-58.666576 	-60.433750 	-58.613194 	-57.610822 	-57.266092 	-59.360363 	-61.694319 	-60.494683 	-58.087372 	-57.683004 	-57.160684 	-57.598038 	-59.649397 	
9.926788 	2.374843 	-6.488367 	-12.966606 	-13.683199 	-16.025548 	-18.701250 	-18.779192 	-28.609148 	-31.633871 	-35.388966 	-41.808318 	-45.488645 	-44.328090 	-48.817182 	-49.073286 	-52.053779 	-51.226988 	-51.303160 	-54.822788 	
9.507988 	6.593994 	4.712515 	-5.696411 	-22.005607 	-27.375295 	-29.387977 	-57.102164 	-57.548361 	-57.632239 	-58.612717 	-58.366435 	-58.257843 	-56.727839 	-59.073590 	-57.875586 	-57.098704 	-57.735480 	-58.617485 	
9.817191 	4.851185 	1.820108 	0.745332 	1.101058 	-2.277389 	-2.086305 	-2.161034 	-6.316943 	-7.448063 	
9.791009 	-15.203460 	-21.762364 	-18.302950 	-23.840153 	-30.116916 	-41.241292 	-41.500510 	-45.616579 	-48.268482 	-53.673543 	-58.062188 	-56.120274 	
9.566285 	3.267982 	-1.611380 	-5.032817 	-29.903332 	-33.202073 	-49.355810 	-55.451686 	-58.267275 	-59.363339 	-60.720002 	-58.300460 	-59.301334 	-58.849948 	-58.244375 	-59.695838 	-57.947290 	-58.632417 	
9.828152 	0.490133 	2.797716 	-4.774265 	-57.647942 	-58.916448 	-57.949668 	-58.244189 	-57.361704 	-61.516756 	-57.876391 	-57.918045 	-57.499020 	-59.479271 	-58.517440 	
