10.047249 	-1.269268 	-4.437462 	-5.204412 	-13.400186 	-54.008498 	-57.929952 	-57.508310 	-59.729442 	-59.401326 	-59.072070 	-58.854166 	-59.781636 	-60.945449 	-59.810445 	-59.009219 	-59.321453 	-59.127547 	-57.464105 	
9.364350 	-17.215048 	-53.133620 	-60.217174 	-57.806285 	-60.523100 	-58.758777 	-58.312796 	-60.345209 	-61.361536 	-61.991050 	-60.650013 	-60.385845 	-58.071490 	-59.840485 	-59.528631 	-58.733975 	
10.029784 	0.682145 	-15.766031 	-20.566296 	-28.074147 	-52.465456 	-52.349383 	-56.118107 	-57.796213 	-57.586682 	-56.898868 	-56.540181 	-57.291287 	-57.556684 	-56.742406 	-58.206645 	-56.766889 	-56.875189 	-56.419197 	-59.367776 	-56.890718 	-58.149624 	-58.517058 	-59.685865 	
10.299912 	-5.703175 	-12.513969 	-28.923370 	-50.189631 	-51.366809 	-56.793608 	-58.205839 	-57.205240 	-58.151154 	-59.453410 	-57.510068 	
9.773466 	-2.221005 	-18.950231 	-31.126348 	-36.634480 	-49.802041 	-52.074694 	-55.140524 	-56.043630 	-57.448850 	-57.174962 	-58.626905 	-59.003812 	-58.080910 	-59.423064 	-58.919524 	-60.049735 	-59.522091 	-58.241251 	-59.559145 	-58.553214 	
9.863689 	-40.537473 	-60.591619 	-58.309445 	-59.008953 	-57.045231 	-59.865645 	-57.250406 	-58.809503 	-56.528050 	-58.652457 	-59.582154 	
10.089617 	-14.722006 	-16.217698 	-61.455484 	-57.379975 	-57.669311 	-63.284446 	-59.157436 	-61.239409 	-58.474750 	
9.630064 	8.146589 	8.396641 	-15.607173 	-22.816333 	-22.910861 	-40.646513 	-57.321093 	-58.128294 	-57.872276 	-59.538621 	-58.234461 	-61.283100 	-57.545070 	-60.247918 	-59.421971 	-58.950942 	-59.576054 	-59.385502 	-58.940717 	
9.638181 	-24.086471 	-24.250819 	-37.726791 	-39.931950 	-40.522684 	-53.579507 	-60.115149 	-60.141852 	-59.839621 	-60.583454 	-58.709222 	-60.162094 	-58.953822 	-59.999282 	-59.376183 	-57.766745 	-59.843118 	-58.424609 	-59.249076 	-58.785341 	-60.044542 	
9.850684 	3.900998 	-10.855670 	-26.105967 	-42.797099 	-58.836065 	-58.377774 	-59.917616 	-59.096410 	-58.655312 	-59.650811 	-59.176709 	-59.240454 	-58.534269 	-60.390234 	-59.262934 	-58.454295 	-59.361932 	-58.235843 	-59.272343 	-58.064167 	-58.576103 	-58.953241 	-59.254029 	
9.979121 	-1.674297 	-10.556478 	-26.701089 	-56.517135 	-57.738577 	-58.648527 	-57.536283 	-59.818065 	-57.174661 	-59.491912 	-58.130036 	-59.411375 	-57.556979 	
9.887203 	-6.404578 	-41.466391 	-58.802699 	-57.708935 	-58.132760 	-57.943423 	-59.202015 	-58.615482 	-60.206409 	-60.040325 	-58.752882 	-58.912742 	-60.621310 	-59.185849 	-60.602400 	-60.369410 	-58.457332 	-58.691059 	-58.685400 	-58.287533 	-58.861907 	-58.131267 	
10.023875 	-12.102619 	-14.241530 	-15.787201 	-26.399242 	-57.475946 	-58.239503 	-59.861028 	-58.947928 	-58.812214 	-58.563765 	-58.126884 	-58.525730 	-59.553884 	-58.181720 	-56.414293 	-61.801486 	-59.526958 	-58.036578 	-59.019372 	-60.404223 	
9.817922 	-8.995593 	-11.681245 	-22.633891 	-26.755987 	-29.796228 	-45.501850 	-57.904100 	-58.937630 	-60.302380 	-60.353662 	-58.952167 	-59.459606 	-61.393313 	-59.536477 	-59.645421 	-59.251446 	-60.557306 	-60.866587 	-59.550237 	-59.872910 	-61.872287 	-59.484563 	-58.126001 	-60.040814 	-61.852294 	-59.520392 	-59.164417 	-60.015758 	-60.171715 	-60.744585 	
9.998717 	-33.025938 	-58.030998 	-59.868739 	-58.413482 	-58.660834 	-58.225230 	-58.288835 	-60.782889 	-57.379324 	-58.372651 	-59.371200 	-59.133390 	-59.364522 	-57.740483 	
10.046268 	2.009267 	-19.954141 	-27.791926 	-44.725029 	-56.840232 	-60.443780 	-56.844889 	-59.548811 	-58.448977 	-58.846144 	-58.765838 	-57.976363 	-62.447524 	-58.884919 	-58.499232 	-59.758411 	-58.245825 	-58.140374 	-60.000010 	
9.802978 	-23.825474 	-27.924389 	-42.942383 	-42.767809 	-58.482878 	-61.417339 	-58.164882 	-60.303636 	-58.937218 	-58.296032 	-58.050136 	-60.305134 	-58.700147 	-62.670399 	-60.488148 	
9.564370 	-21.594321 	-36.306599 	-38.494685 	-58.812472 	-57.968921 	-57.793569 	-59.188891 	-58.650186 	-57.849992 	
9.644718 	-58.851992 	-57.691501 	-58.577203 	-57.527064 	-58.927301 	-61.266090 	-58.965648 	-57.424109 	-59.295861 	-61.557908 	-58.564608 	-61.075578 	-61.453593 	-57.592641 	-58.624321 	
9.986078 	-1.037835 	-11.999779 	-42.700674 	-56.878463 	-57.564966 	-58.833542 	-58.633928 	-57.956304 	-58.291156 	-58.181667 	-58.410566 	-57.335357 	-58.109915 	-58.934346 	
