9.909773 	-16.758422 	-46.082220 	-52.062233 	-57.417244 	-58.164289 	-60.273116 	-60.069223 	-60.239516 	-63.093600 	-60.763525 	-59.207582 	-57.684811 	-58.083191 	-58.588564 	-60.140638 	-62.191285 	-59.040878 	-58.569807 	-58.842039 	-58.182152 	
10.017484 	-24.277148 	-58.584070 	-60.077743 	-61.713636 	-58.283269 	-57.812285 	-58.414457 	-57.347862 	-59.165311 	-58.557484 	-58.543009 	-61.067190 	-57.494927 	-58.194957 	-59.181204 	-57.598665 	-58.589567 	-61.825472 	-58.252558 	-58.976236 	
10.063891 	-10.291790 	-57.220193 	-60.079665 	-57.293239 	-60.753463 	-58.079666 	-57.421166 	-58.970575 	-57.360816 	-62.959913 	-62.083069 	-59.230923 	-59.471850 	-58.404453 	-56.926069 	-58.527627 	-58.737493 	-59.066248 	
9.779241 	-17.907774 	-31.322521 	-34.231656 	-48.066980 	-55.647146 	-56.733567 	-59.159342 	-56.943684 	-62.545004 	-57.747760 	-59.508108 	-58.221618 	-59.695992 	
9.826077 	-15.340324 	-16.529999 	-17.095433 	-20.816663 	-19.625600 	-35.187708 	-39.594949 	-42.656730 	-43.980797 	-61.868270 	-59.471960 	-59.456638 	-59.097490 	-58.455417 	-59.199455 	-60.226268 	-58.988997 	-58.988595 	-58.748308 	-58.079296 	-59.107812 	
9.471793 	-2.778295 	-10.205748 	-53.901415 	-59.567592 	-60.367633 	-58.358060 	-58.424210 	-59.559557 	-58.369902 	-64.093012 	-57.636033 	-58.710502 	-62.797485 	
9.601108 	6.015674 	-4.378312 	-10.717192 	-19.127435 	-19.861298 	-37.053417 	-36.576518 	-45.693665 	-60.177931 	-60.649077 	-62.176214 	-57.571570 	-60.719672 	-59.566498 	-58.257286 	-57.941888 	-58.516527 	
10.075461 	-10.393730 	-30.362396 	-48.828953 	-51.091691 	-54.289323 	-55.612582 	-58.177487 	-58.338062 	-57.948737 	-57.573971 	-59.374316 	-58.785703 	-60.018104 	-58.976769 	-57.533664 	-58.387321 	-60.052527 	-58.218237 	-59.599802 	-61.245493 	-57.901923 	-58.185437 	-58.452210 	
9.850644 	-22.389433 	-58.365446 	-58.074722 	-57.906206 	-57.781551 	-59.313023 	-59.851398 	-60.762205 	-58.252277 	-59.858125 	-58.195972 	-58.436824 	-60.679352 	-60.261284 	-59.926490 	-60.059435 	-57.398057 	-59.744662 	-59.963350 	-59.146848 	-58.289525 	-59.527394 	-60.363923 	-57.734071 	
9.832661 	1.803154 	-7.638657 	-14.285076 	-54.584883 	-57.558324 	-57.469341 	-58.099569 	-58.465018 	-57.514112 	-59.546767 	-57.239897 	-58.499495 	-57.705787 	-57.295857 	-58.123953 	-58.366934 	-56.767660 	-57.577187 	-58.212406 	
9.542123 	-26.684448 	-55.503048 	-59.910544 	-59.711178 	-58.632303 	-64.738719 	-57.914977 	-58.895041 	-60.291412 	-58.091323 	-60.215193 	-58.955491 	-59.763411 	-60.518028 	-59.320977 	-57.752417 	-58.151014 	-59.598251 	-59.932393 	-61.524028 	
9.972812 	-8.130904 	-15.674860 	-55.402701 	-60.171091 	-58.145495 	-58.898633 	-57.921571 	-58.044429 	-58.074934 	-61.208915 	-58.367103 	-59.653722 	-60.200656 	-59.536119 	
9.611254 	-4.595129 	-32.494050 	-34.453959 	-40.207395 	-51.034345 	-57.782252 	-58.051391 	-58.586380 	-57.513068 	-59.093866 	-59.265936 	-59.500522 	-60.133196 	-60.571353 	-58.722407 	-60.283607 	-59.347333 	
10.146064 	-4.046779 	-8.012266 	-24.906426 	-46.971369 	-46.928210 	-58.663088 	-56.987491 	-57.726639 	-58.324393 	-58.716669 	-57.032406 	-58.383330 	-58.905140 	
9.653754 	-58.295171 	-58.413302 	-58.452489 	-58.650697 	-58.542420 	-61.159990 	-60.984415 	-58.143618 	-60.139441 	-58.957138 	-59.006874 	-68.503788 	
9.619638 	-10.857145 	-23.269417 	-55.197754 	-58.964861 	-59.995316 	-58.380640 	-58.758173 	-59.821155 	-59.199891 	-58.178799 	-59.077876 	-60.495472 	-58.683562 	-57.703594 	-58.194351 	-59.064870 	-58.262303 	-58.027858 	
9.607470 	-2.284033 	-16.958784 	-19.296005 	-28.631969 	-43.981225 	-49.644256 	-60.326951 	-59.399914 	-57.712087 	-59.680085 	-Inf 	-58.739955 	-59.135685 	-59.700089 	-58.617759 	-57.962172 	-59.929582 	-58.502500 	-57.993198 	-60.227471 	-59.348719 	-58.535893 	-59.211019 	-59.582031 	
9.938048 	5.327795 	-0.103182 	-25.479945 	-31.644273 	-33.479907 	-33.687239 	-42.675077 	-44.102921 	-43.920353 	-44.930537 	-51.376735 	-52.011135 	-51.944923 	-51.891012 	-57.217555 	-57.254501 	
9.768968 	-28.121187 	-48.998284 	-53.859084 	-58.322725 	-58.494178 	-62.380834 	-59.253290 	-60.346992 	-58.571471 	-61.721938 	-61.047157 	-60.149092 	-60.563838 	-58.948163 	-58.332939 	-58.143360 	-58.826878 	-59.928071 	-61.673287 	-58.922920 	-59.812644 	
9.869640 	-12.585700 	-27.387032 	-47.682832 	-56.351109 	-56.513224 	-58.960228 	-59.376430 	-60.614147 	-57.755991 	-58.786894 	-59.577729 	-60.729365 	-58.659700 	-58.744812 	-61.140299 	-60.076452 	-58.548698 	-58.658689 	-59.320072 	-60.309925 	-61.390735 	-58.320146 	-58.771833 	-59.050493 	
