9.825232 	0.101369 	-4.299505 	-9.526384 	-14.646119 	-53.757030 	-61.519760 	-60.359084 	-61.422640 	-60.007822 	-59.967471 	-58.616178 	-58.521181 	-59.366693 	-58.972352 	-58.972781 	-59.806978 	-60.490285 	-59.156286 	-60.885559 	-58.932700 	-58.262293 	-59.577723 	-60.625815 	-59.574780 	-58.737226 	-59.084784 	-58.926977 	
9.691136 	-12.882960 	-57.744697 	-59.234607 	-61.162169 	-59.287024 	-60.126187 	-57.827226 	-59.573572 	-58.886850 	
9.570592 	-10.359344 	-39.059007 	-45.049131 	-53.590228 	-57.277695 	-60.007991 	-61.498742 	-59.465090 	-58.673185 	-59.225912 	-60.231744 	-58.807214 	-64.662992 	-58.073567 	-58.332028 	-57.625845 	-61.241934 	-59.444961 	-59.690782 	-59.959503 	
9.654464 	-2.599652 	-12.870572 	-12.663694 	-18.404565 	-20.696648 	-23.901291 	-27.348144 	-29.772032 	-31.472059 	-35.359033 	-35.685743 	-34.824857 	-37.425718 	-37.220383 	-40.751825 	
10.050911 	-10.449649 	-13.654748 	-12.999916 	-14.662978 	-26.264394 	-27.063994 	-33.020941 	-48.414558 	-51.540869 	-53.855800 	-58.308362 	-55.334603 	-57.219923 	-58.081323 	
9.895510 	3.475803 	0.564024 	-0.710987 	-2.702336 	-6.056747 	-9.905727 	-14.549582 	-17.997575 	-18.698726 	-20.381332 	-26.374682 	-25.726496 	-23.893788 	-26.080991 	-27.150962 	-28.707396 	
9.760888 	4.293108 	-15.065231 	-18.101561 	-25.485269 	-32.653297 	-41.856754 	-54.576334 	-58.849601 	-58.284003 	-58.096654 	-57.235766 	-61.782061 	-57.829834 	-59.896008 	-57.776809 	-56.889215 	
9.717106 	-4.128109 	-14.246938 	-8.320717 	-16.775705 	-17.223990 	-33.278384 	-33.496668 	-42.386770 	-58.597681 	-61.389052 	-59.632129 	-57.235254 	-62.199428 	-59.550686 	-57.748689 	-60.596110 	-57.577398 	-61.216793 	-60.045435 	-59.855654 	
8.597057 	9.357490 	-6.912276 	-26.504206 	-30.442781 	-29.851013 	-33.266504 	-38.347734 	-48.519028 	-59.952513 	-57.774083 	-58.525079 	-58.523080 	-63.235930 	-60.486732 	-58.206688 	-61.974572 	-59.092277 	-58.501094 	-59.654895 	-57.835366 	-59.097008 	-58.476317 	
10.112758 	7.139340 	-21.979574 	-58.995753 	-57.691526 	-59.829396 	-59.253901 	-57.675649 	-58.664692 	-57.804930 	-59.968944 	
9.875260 	-10.033151 	-16.073215 	-28.567604 	-34.795573 	-57.484574 	-59.002039 	-58.556299 	-57.949919 	-59.746820 	-57.910648 	-58.842585 	-59.205504 	-58.647062 	-57.493202 	-57.951654 	-60.014057 	-62.111499 	-57.508906 	
9.813446 	-10.482658 	-20.347005 	-22.209343 	-26.993341 	-40.826014 	-44.313514 	-58.161896 	-58.779842 	-59.578389 	-59.254545 	-58.144279 	-59.399918 	-58.595213 	-59.580593 	-58.497509 	-58.331808 	-59.178764 	-59.594542 	-58.172294 	
10.144368 	-44.374187 	-43.400728 	-52.010460 	-57.518970 	-63.322941 	-57.665655 	-56.984308 	-57.585416 	-57.934653 	-59.377603 	-60.292297 	-62.032717 	
9.194703 	5.664419 	-5.545803 	-34.305404 	-58.607084 	-57.456917 	-60.760916 	-58.272191 	-59.142260 	-58.465202 	-58.042719 	-58.822322 	-59.637457 	-57.441548 	-60.100700 	-58.581569 	-59.397650 	-59.011194 	-60.288594 	-63.828884 	
9.871393 	-0.218686 	-31.135764 	-55.427112 	-57.627378 	-58.855835 	-57.428401 	-58.371438 	-57.580015 	-59.314707 	-57.498889 	-59.411848 	-58.943978 	
8.539685 	9.313796 	-30.214248 	-61.207007 	-58.555532 	-63.009898 	-59.232470 	-57.970813 	-58.559324 	-60.191566 	-62.215191 	-58.970037 	-61.032013 	-58.843958 	-59.288552 	-59.810248 	
9.743232 	-10.210824 	-12.436826 	-18.038306 	-49.250591 	-52.327323 	-51.741529 	-57.259665 	-58.800172 	-60.754985 	-57.942605 	-58.125637 	-58.723249 	-58.543562 	-57.988407 	-58.351481 	-61.235694 	
10.061843 	-5.486227 	-8.774515 	-15.120691 	-57.599754 	-59.126129 	-60.545510 	-57.236249 	-61.101480 	-57.550493 	-57.902348 	-58.602990 	-61.905657 	-59.010644 	-58.900548 	-59.637912 	-63.271047 	-57.993796 	
9.628406 	-6.265133 	-5.083300 	-14.667863 	-19.563179 	-21.934337 	-39.894557 	-41.187485 	-42.717800 	-42.945790 	-50.658272 	-50.656692 	-53.944891 	-51.536470 	-55.860641 	-55.125543 	-55.895409 	-54.981287 	-57.151946 	-58.381843 	
9.398767 	-7.283105 	-38.519871 	-36.389194 	-37.600321 	-60.449229 	-58.117948 	-60.580158 	-64.131093 	-59.724345 	-60.797061 	-61.846330 	-59.931207 	-59.741861 	-59.203719 	-59.737450 	-58.133166 	-59.324340 	
9.809335 	-2.591285 	-29.439977 	-32.095242 	-33.683453 	-39.508268 	-58.518103 	-58.383674 	-60.498768 	-58.100958 	-57.876492 	-57.996502 	-56.992696 	-58.911165 	-57.201905 	-58.579562 	
