10.004553 	3.659115 	-5.307015 	-16.285526 	-28.008498 	-30.381013 	-30.145041 	-35.886421 	-43.558082 	-44.297766 	-58.523581 	-61.463811 	-59.670877 	-59.865007 	-58.560743 	-58.353101 	-58.391856 	-57.641610 	-59.196173 	
9.564703 	-0.876954 	-9.227779 	-16.109364 	-21.758899 	-26.794218 	-38.348614 	-43.132717 	-46.352809 	-50.200021 	-54.851070 	-57.445780 	-58.334195 	-58.164983 	-59.836403 	-58.381583 	-57.704187 	-56.572393 	-57.303647 	-57.216319 	
9.839021 	1.149763 	-3.351831 	-7.741204 	-16.431282 	-21.647993 	-32.825031 	-59.545322 	-60.290263 	-58.530984 	-58.144478 	-58.078610 	-58.429814 	-59.119778 	-58.048691 	-57.836203 	
10.149277 	5.026393 	-4.480244 	-10.018850 	-10.170000 	-15.178654 	-19.891448 	-21.979481 	-26.099734 	-29.187863 	-33.742280 	-37.848501 	-40.036310 	-41.549096 	-42.571797 	-44.641966 	-46.897207 	-55.348959 	-55.151763 	-55.993699 	-57.583554 	
9.864186 	-4.304612 	-6.539077 	-8.149938 	-11.947426 	-9.042284 	-19.394572 	-18.669368 	-19.098214 	-23.638186 	-22.475641 	-26.126647 	-26.652207 	-25.542251 	-26.704711 	-28.680513 	
9.661615 	6.047403 	2.067258 	2.716913 	2.925342 	4.186279 	1.900645 	1.705406 	1.635875 	-1.007661 	2.230850 	1.394490 	2.471760 	1.420578 	-1.278362 	0.155479 	-0.339807 	-2.832012 	-0.597300 	-0.024518 	-2.318380 	0.944723 	1.100584 	1.331563 	-1.591437 	-0.694434 	-0.134108 	-0.417651 	0.878826 	-1.946600 	0.228818 	-3.252930 	-0.001500 	-0.613026 	-0.415771 	-0.869250 	-0.637705 	-1.978592 	-2.622381 	-0.557065 	-0.522308 	-1.110408 	-0.549227 	-2.963651 	-0.194375 	-1.121125 	-0.441012 	-1.202007 	-1.780330 	-1.401257 	-1.180973 	-4.898480 	-1.612052 	-2.566154 	-2.004744 	-0.483372 	-1.278962 	-3.508841 	-4.146784 	-1.224909 	-3.427027 	-1.051270 	-2.404654 	-3.459802 	-1.903976 	-2.218432 	-2.488606 	-2.341323 	-3.002081 	-0.636109 	-2.123336 	-2.781731 	-4.770521 	-1.313002 	-2.374295 	-1.830907 	-2.886036 	-2.505537 	-2.798085 	-1.436892 	-1.795193 	-3.351070 	-3.717359 	-3.262218 	-4.169552 	-2.570490 	-1.751405 	-2.231359 	-3.031889 	-6.452890 	-3.305615 	-4.190210 	-1.513883 	-3.050242 	-1.737478 	-2.213258 	-3.891540 	-4.828263 	-2.329277 	-2.462825 	-4.083520 	-3.203760 	-2.801661 	-2.736016 	-2.570130 	-2.349284 	-1.838870 	-1.660793 	-3.061869 	-2.219425 	-1.779831 	-3.520696 	-10.947866 	-3.115540 	-1.895662 	-2.849243 	-3.218943 	-5.470363 	-2.991399 	-2.149822 	-2.149223 	-3.033242 	-3.278060 	-2.220520 	-2.446647 	-2.312956 	-3.406985 	-2.612795 	-2.587374 	-2.060337 	-3.363368 	-2.518323 	-6.013845 	-2.545304 	-3.828511 	-4.514092 	-5.623151 	-2.927041 	-3.808504 	-2.024006 	-3.894353 	-3.067881 	-3.882067 	-5.641097 	-2.709008 	-5.012507 	-2.489765 	-2.996447 	-4.450428 	-4.496810 	-2.910243 	-3.457242 	-4.497284 	-3.397209 	-4.913879 	-2.970110 	-4.856528 	-4.094823 	-4.280045 	-3.360037 	-4.114621 	-4.114649 	-5.105384 	-7.891325 	-5.405648 	-4.163681 	-7.554427 	-8.614443 	-5.119561 	-3.997348 	-2.980302 	-4.876301 	-4.941562 	-3.209291 	-4.990068 	-4.672913 	-5.046488 	-3.605046 	-4.525527 	-3.261682 	-7.256426 	-3.654805 	-5.023746 	-5.294496 	-3.666878 	-4.160064 	-4.287250 	-3.996090 	-6.615557 	-5.140949 	-3.749519 	-9.030275 	-2.134515 	-4.237335 	-4.895417 	-6.667859 	-6.232960 	-2.962096 	-5.173630 	-3.378065 	-5.862129 	-4.124748 	-4.381345 	-3.607699 	-3.634421 	-5.953676 	-5.111807 	-3.097709 	-4.779222 	-4.882085 	-6.405315 	-4.513732 	-5.620618 	-3.327403 	-4.381894 	-5.551501 	-3.892879 	-7.023524 	-3.535701 	-3.452562 	-4.100392 	-2.537431 	-5.494006 	-3.640928 	-6.341507 	-7.440289 	-2.763085 	-5.012018 	-7.393402 	-2.923126 	-5.241749 	-4.708806 	-4.025618 	-3.608034 	-3.159939 	-3.487067 	
9.925434 	-12.527941 	-18.768280 	-20.352975 	-21.499747 	-28.499382 	-31.695363 	-37.124289 	-52.836337 	-52.057455 	-55.112802 	-57.882982 	-55.431709 	-57.857356 	-59.366420 	-59.253166 	-57.550673 	-59.517924 	
10.026289 	-19.392576 	-22.510577 	-30.444339 	-36.753081 	-55.102350 	-55.100615 	-60.919950 	-60.109659 	-59.780231 	-60.739907 	-61.571365 	-58.408929 	-57.661594 	-58.492629 	-57.987831 	-60.318480 	-58.524837 	
9.893740 	2.432348 	0.703816 	-20.163093 	-22.493614 	-27.136390 	-30.859314 	-33.740413 	-48.213559 	-56.669866 	-56.939286 	-58.371536 	-56.336896 	-58.180483 	-56.882327 	-57.648218 	
10.165745 	3.291145 	-22.588221 	-25.232344 	-24.809742 	-32.330359 	-37.824922 	-36.430831 	-37.902077 	-57.371742 	-57.059462 	-58.816587 	-61.735945 	-60.547867 	-59.118272 	-59.167941 	-59.542244 	-57.956293 	-57.712907 	
9.729607 	-9.628127 	-14.241574 	-17.402513 	-17.591447 	-22.147431 	-25.413899 	-26.328026 	-28.004124 	-33.079048 	-56.170351 	-58.229983 	-58.281276 	-60.058755 	-58.969737 	-58.314235 	-57.531230 	-59.242436 	-60.317892 	-58.176897 	
9.605145 	6.198074 	6.591358 	5.183572 	4.536354 	1.368928 	2.891305 	1.696403 	-0.575651 	-4.933674 	-9.134509 	-11.933473 	-13.643045 	-14.757407 	-19.527698 	-20.453809 	-24.133035 	-24.772128 	-22.215333 	-24.391869 	-25.593242 	
9.555750 	-24.789584 	-24.615849 	-55.412540 	-57.352792 	-58.630812 	-58.680583 	-57.289938 	-56.761848 	-58.122053 	-57.749419 	-57.449922 	
9.870052 	5.381257 	5.757413 	5.443789 	3.585369 	3.800315 	1.676640 	2.678834 	2.129067 	1.937378 	0.808891 	1.114502 	0.439455 	1.794653 	-1.630447 	-0.842619 	-1.362948 	-0.208995 	-2.972314 	-0.573665 	0.013728 	-1.910853 	-2.036786 	-2.296920 	-2.094657 	-5.963452 	-1.712336 	-3.719740 	-2.213994 	-3.378043 	-2.490796 	-3.369780 	-5.959357 	-5.538013 	-6.681174 	-5.408762 	-3.388318 	-3.897495 	-3.144678 	-2.964783 	-4.830522 	-3.789983 	-3.949915 	-3.471543 	-4.351995 	-3.961266 	-5.971770 	-5.509355 	-5.270374 	-5.597325 	-3.772290 	-6.072218 	-8.903137 	-3.446404 	-6.045430 	-5.717006 	-5.935836 	
9.681802 	1.889030 	-2.467323 	-5.223492 	-6.217304 	-7.694481 	-8.801682 	-8.439816 	-9.570630 	-14.014824 	-16.616571 	-21.250721 	-19.891883 	-20.937651 	-20.959624 	-21.618818 	-22.098191 	
9.882029 	4.803651 	5.663311 	2.715341 	-6.346601 	-8.972485 	-13.909798 	-16.105658 	-20.473553 	-23.742082 	-25.837987 	-24.830121 	-24.706529 	-27.257832 	-30.496656 	-30.516797 	-35.319712 	-32.668544 	-36.385867 	-34.625609 	
9.494766 	5.015447 	3.825199 	2.373984 	1.969211 	-1.537980 	-6.272559 	-4.860885 	-8.967986 	-12.098711 	-12.090479 	-16.336683 	-15.474831 	-17.826848 	-17.915453 	-18.169742 	-18.277489 	-24.627427 	-22.516555 	-23.089897 	-24.274359 	-24.771510 	
9.832904 	3.758743 	-1.872487 	-4.262956 	-7.993456 	-10.079391 	-13.244411 	-20.034198 	-21.665891 	-30.192745 	-30.729835 	-35.846269 	-35.929924 	-34.213805 	-39.522705 	-39.556528 	-43.198031 	-43.194168 	-48.823653 	-53.114953 	
9.915866 	-9.473760 	-12.948523 	-28.467442 	-30.957850 	-37.454415 	-41.210352 	-37.998837 	-42.345993 	-42.823840 	-44.939449 	
9.906249 	2.786445 	-1.379497 	-8.763222 	-10.022677 	-19.044427 	-18.095729 	-18.279498 	-24.397265 	-32.397082 	-32.021008 	-36.486305 	-44.016460 	-39.410383 	-50.990655 	-52.651589 	-52.365681 	
