9.530226 	-1.326466 	-5.494740 	-11.428731 	-12.829393 	-27.249076 	-41.326626 	-42.175889 	-59.450807 	-58.552036 	-58.703824 	-59.636114 	-57.064528 	-59.010349 	-59.909130 	-59.714303 	-58.625082 	
9.803046 	4.353490 	1.382705 	1.214457 	-3.167806 	-12.472899 	-13.148419 	-13.383866 	-26.513948 	-28.710874 	-29.616764 	-32.016953 	-33.897367 	-43.182202 	-44.636055 	-48.705190 	-53.472103 	-53.137112 	-57.665994 	-59.633917 	-59.207842 	-57.756450 	-56.872511 	-60.176297 	-57.224496 	-58.537595 	-56.813713 	
9.757539 	5.602371 	-13.391401 	-16.358407 	-20.255731 	-39.544700 	-55.662158 	-57.751833 	-61.348077 	-62.095568 	-59.743995 	-60.985788 	-59.093969 	-59.529771 	-58.302421 	-59.088734 	-59.143739 	-60.009334 	-58.646830 	
9.793650 	4.172808 	-1.705686 	-11.530257 	-12.394741 	-18.250551 	-27.557168 	-31.762368 	-37.869509 	-53.904817 	-55.986941 	-55.779160 	-58.310226 	-56.272738 	
9.413827 	6.506496 	2.945220 	1.515794 	-0.810668 	-14.750630 	-17.062692 	-17.046638 	-19.994780 	-22.146397 	-23.325433 	-22.788460 	-25.550359 	-24.885831 	-26.850852 	-25.162653 	-30.078872 	
9.686749 	0.412213 	-6.527996 	-6.189835 	-13.926263 	-22.326872 	-22.789381 	-34.272365 	-42.664732 	-58.860404 	-60.019903 	-57.470990 	-60.077126 	-58.378847 	-59.788403 	-58.841401 	-59.133395 	
9.383918 	2.921618 	-2.885583 	-4.369540 	-7.496957 	-13.522492 	-15.208474 	-15.374048 	-18.602595 	-16.542834 	-18.631119 	-19.616757 	
9.454923 	-6.102578 	-18.677517 	-22.583567 	-32.384802 	-35.406598 	-46.847841 	-50.643830 	-51.699347 	-58.867912 	-60.218627 	-58.009182 	-58.509886 	-58.273922 	-59.548953 	-58.999408 	-58.881330 	-59.632577 	-61.220400 	-59.062916 	-59.184008 	-60.602242 	
9.740773 	3.337484 	0.136350 	-1.666598 	-1.991731 	-14.977627 	-16.658367 	-19.721772 	-19.898277 	-25.268310 	-27.157182 	-36.813160 	-39.029871 	-47.939449 	-49.649667 	-51.074887 	-52.586743 	-53.696324 	-54.632005 	-55.584108 	-55.954357 	-55.982689 	-57.549467 	-59.631136 	
10.112951 	1.412556 	-5.430273 	-22.439402 	-23.919093 	-27.983984 	-36.023939 	-38.136523 	-39.682270 	-42.197749 	-41.956107 	-44.910032 	-45.925333 	-50.083236 	-52.872100 	-52.818353 	-54.141544 	-54.619731 	-53.838329 	-54.795986 	
10.447133 	2.719266 	-7.192055 	-20.244812 	-30.753820 	-43.986181 	-57.418249 	-57.438602 	-56.732359 	-58.926781 	-58.043524 	-59.075509 	-59.409175 	-56.840409 	-57.706020 	-58.224104 	
9.760144 	4.052707 	-7.347360 	-7.622258 	-7.505872 	-8.659838 	-16.795625 	-19.875319 	-23.462601 	-22.819960 	-28.091034 	-31.578164 	
9.926083 	5.197729 	0.826896 	-7.450538 	-15.962123 	-18.259208 	-21.640882 	-27.495484 	-31.511716 	-38.791951 	-41.381202 	-42.931624 	-44.586539 	-52.179371 	-56.219478 	-55.961742 	-55.048556 	
9.726737 	-19.117163 	-18.706834 	-22.073283 	-24.415239 	-23.109871 	-25.575492 	-31.812809 	-37.798091 	-38.178093 	-56.724894 	-57.863310 	-59.029841 	-58.072431 	-60.372801 	-59.723057 	-58.634833 	-59.806714 	-58.714559 	-60.177096 	-59.475385 	-57.365165 	
9.908284 	1.178026 	0.691939 	-4.868080 	-13.092234 	-11.716727 	-17.787247 	-51.375887 	-58.034290 	-59.736757 	-57.518208 	-57.634637 	-57.289416 	-57.986664 	-58.886193 	
9.897698 	5.366588 	2.230782 	-0.283000 	-2.378243 	-3.030091 	-4.532799 	-3.417724 	-4.247013 	-4.374292 	-3.652207 	-5.131888 	-5.516790 	-6.060106 	-8.208023 	-10.040941 	-7.509284 	-8.329593 	-7.897064 	-7.902385 	-7.947100 	-7.855420 	-8.124926 	-8.202042 	-10.867476 	-9.375696 	-13.487850 	-9.852829 	-11.485010 	
9.605463 	4.500542 	1.855865 	-1.156001 	0.741097 	-0.497000 	-5.110538 	-3.724425 	-8.613990 	-7.269394 	-14.512938 	-15.803327 	-16.436216 	-18.903302 	-19.278800 	-20.072214 	-23.619468 	
9.936624 	6.151155 	-8.979370 	-11.461253 	-16.232236 	-14.523108 	-16.752986 	-16.974310 	-22.878657 	-42.108944 	-41.199208 	-46.227621 	-56.058767 	-62.861487 	-58.784937 	-59.829140 	-59.977422 	-58.850283 	-58.399785 	-60.142784 	-58.517594 	-61.457667 	-61.984044 	-59.847875 	-58.673069 	-61.387623 	-58.969742 	-58.366609 	-58.759484 	-58.718267 	-61.688513 	-58.945865 	
10.008577 	-20.797450 	-36.653547 	-56.990914 	-59.092459 	-58.399992 	-58.530250 	-58.347443 	-57.205134 	-57.033890 	-59.278636 	-58.192675 	-59.261238 	
9.758925 	-0.951109 	-21.911580 	-28.922183 	-45.904848 	-57.680138 	-58.723140 	-57.338142 	-58.557213 	-59.010240 	-62.962906 	
9.350168 	4.906779 	5.443414 	4.882257 	4.975131 	0.278147 	-2.043595 	-3.459017 	-6.186861 	-7.605613 	-9.590349 	-10.175068 	-10.712828 	-12.200237 	-15.891008 	-12.992220 	-12.117534 	-14.097392 	-13.032081 	
