9.652083 	3.904849 	2.774954 	-0.350327 	-0.950433 	-4.216449 	-23.134578 	-21.685576 	-24.946382 	-27.179327 	-27.589180 	-29.667638 	-29.956318 	-34.501700 	-32.891486 	-31.701312 	-32.182105 	
9.635305 	2.450550 	-3.180872 	-8.966542 	-22.221397 	-23.076869 	-26.077218 	-26.716480 	-28.298161 	-30.644468 	-30.282598 	-32.272289 	-35.387006 	-32.409495 	-33.613901 	-37.007639 	-37.766718 	-40.957254 	-42.220377 	-47.585244 	-47.172536 	-44.817003 	
9.609988 	6.579360 	1.760819 	-3.003689 	-5.481116 	-5.772211 	-8.733116 	-26.168559 	-27.244693 	-29.985491 	-40.326851 	-36.758146 	-37.158656 	-44.757792 	-47.850408 	-48.968267 	-45.823244 	-50.919180 	-50.926237 	-55.145651 	
9.399697 	-19.035314 	-29.831012 	-33.415186 	-39.334672 	-42.205611 	-44.028290 	-48.244067 	-48.800082 	-55.975046 	-55.645734 	-55.209935 	-58.681491 	-56.537457 	
9.508903 	6.029179 	5.773854 	2.899884 	-8.370128 	-17.457719 	-21.810461 	-25.337246 	-26.585195 	-30.660050 	-27.445330 	-30.794937 	-30.644835 	-30.734637 	-36.089457 	-35.029840 	-35.231324 	-38.704189 	-37.134781 	
9.481917 	4.090650 	1.801508 	-1.145251 	-2.882417 	-3.375618 	-9.711854 	-9.013054 	-9.714538 	-9.136825 	-10.065919 	-9.287335 	-9.975069 	-11.255650 	-9.884976 	-10.581163 	-10.678135 	-13.518812 	
9.754323 	-2.757025 	-12.080136 	-24.768801 	-22.693162 	-27.358443 	-41.766030 	-54.954136 	-56.826420 	-57.772025 	-61.155807 	-60.069425 	-58.592322 	-57.274743 	-58.320389 	-60.499632 	-58.683262 	-57.508013 	-58.724484 	
10.177413 	6.713995 	6.897590 	6.799587 	5.763483 	4.858470 	5.756696 	4.446850 	4.190558 	6.057288 	3.751114 	4.714728 	6.770235 	3.398977 	1.932365 	6.136051 	4.445304 	4.290079 	2.080865 	3.253577 	4.683303 	3.105340 	5.029439 	5.192628 	3.080741 	5.735876 	4.827915 	4.937303 	5.747762 	3.217315 	4.698012 	3.771456 	4.496810 	3.276008 	4.131534 	3.336526 	4.915357 	5.865429 	4.789516 	3.279558 	3.283208 	4.572280 	0.821108 	5.638578 	4.620461 	4.989403 	2.855171 	5.982874 	2.207283 	3.726768 	3.702282 	4.209610 	5.054718 	3.897057 	4.180332 	5.470139 	4.838062 	4.585599 	5.749882 	3.231446 	3.294912 	3.732083 	3.364564 	3.932605 	3.258826 	3.820674 	3.345617 	4.961906 	-0.030047 	3.983929 	3.592587 	-1.263377 	2.706530 	2.073560 	-1.030406 	4.115535 	0.833232 	2.596686 	1.372999 	1.986186 	3.400599 	3.473071 	3.290936 	2.865163 	2.695622 	2.459349 	-1.057006 	1.690120 	0.723085 	1.751560 	2.173021 	2.054426 	1.256614 	2.592673 	2.352327 	1.466488 	1.616664 	1.295152 	1.040318 	1.313117 	3.483437 	2.045682 	1.641488 	-1.219199 	1.966886 	-0.056422 	2.068812 	1.560788 	1.206109 	1.834101 	2.362318 	2.731526 	0.794231 	-2.237974 	1.102960 	1.634087 	0.493767 	0.034376 	1.583954 	0.000924 	-1.837935 	0.991794 	0.341838 	1.496835 	0.422504 	-0.879925 	0.625285 	0.775322 	0.370515 	0.064710 	0.166895 	2.308128 	0.455423 	-0.261906 	-0.025150 	0.150109 	0.721337 	-0.450289 	1.002760 	-0.761149 	0.937326 	-1.073008 	-1.581239 	0.807753 	-0.392706 	-2.087010 	1.767873 	0.470168 	0.357855 	-1.395077 	-3.048588 	-0.234572 	-3.809050 	-2.947741 	-2.013522 	-1.145725 	0.294285 	-0.933810 	-2.818358 	0.626131 	-0.969181 	-6.309922 	-0.949085 	-1.498905 	0.011761 	-1.934200 	-1.812025 	-3.751989 	-1.795517 	-0.290876 	-0.958208 	-0.140797 	-2.222209 	-1.182882 	-4.580085 	-0.345512 	-2.862788 	-0.467109 	-0.224299 	-0.981089 	-2.197054 	-0.788551 	-3.229836 	-1.571949 	-0.389981 	0.621870 	0.324340 	-2.118397 	-1.398665 	-0.766964 	-1.353566 	-3.320988 	-4.194474 	-5.793813 	-2.120420 	-1.476515 	-0.031453 	-2.548902 	-3.479686 	-2.635227 	0.032404 	-2.639532 	-1.394917 	-3.421109 	-2.396093 	-1.407271 	0.237616 	-1.864900 	-1.692902 	-1.307981 	-0.577859 	-4.689526 	-0.268587 	-1.557275 	-1.898642 	-1.178069 	-3.157070 	-1.807354 	-5.851806 	-1.659240 	-1.190994 	-2.279448 	-1.372543 	-2.501428 	-1.602943 	-1.678430 	-1.014607 	-1.487938 	-1.654795 	-1.272944 	-2.611341 	-1.495281 	-1.912958 	-2.739535 	-1.365392 	-2.870318 	-1.735790 	-2.456324 	-3.075368 	-4.547296 	-2.400796 	-0.794723 	-7.105589 	-1.679734 	-1.993073 	-1.865671 	-4.482964 	-1.597339 	-2.234604 	-2.302131 	-1.337899 	-4.474550 	-3.254303 	-3.091121 	-1.954198 	-6.320528 	-4.148597 	-2.064665 	-3.856988 	-1.061315 	-1.012757 	-2.248296 	-2.593527 	-1.449828 	-2.307580 	-2.191089 	-2.626648 	-1.458458 	-1.818653 	-2.314791 	-2.982673 	-1.952580 	-1.749401 	-1.877804 	-3.163528 	-1.490035 	-3.356577 	-2.121220 	-4.534464 	-5.070685 	-3.320397 	-2.449044 	-2.828181 	-3.795101 	-4.558805 	-2.354819 	-6.045435 	-3.458592 	-2.567413 	-2.422597 	-2.885011 	-2.557111 	-4.045280 	-3.003739 	-3.257708 	-4.193149 	-2.378016 	-2.801674 	-4.316591 	-2.871408 	-2.010037 	-4.612665 	-3.964181 	-4.369102 	-4.747202 	-2.998888 	-5.469636 	-4.427241 	-5.027361 	-4.145195 	-4.522701 	-2.695711 	-2.491110 	-3.045311 	-4.576178 	-2.750342 	-6.947125 	-2.915113 	-2.754635 	-4.339551 	-4.033149 	-3.282554 	-4.387976 	-2.887080 	-2.605503 	-4.504081 	-2.595020 	-4.013860 	-4.713419 	-5.172161 	-4.092664 	-4.567111 	-4.654160 	-4.374288 	-5.382680 	-2.340086 	-7.059943 	-3.477596 	-8.398120 	-3.706628 	-3.251408 	-3.073404 	-5.833050 	-4.924950 	-3.396641 	-4.288280 	-4.996653 	-4.137824 	-4.074207 	-4.009867 	-5.015565 	-2.786244 	-3.686590 	-3.551484 	-3.514749 	-6.497540 	-7.054417 	-4.523614 	-2.131611 	-4.686843 	-3.070918 	-5.538994 	-4.480507 	-5.141041 	-3.286900 	-3.952618 	-6.749300 	-6.768214 	-4.615535 	-4.339945 	-4.326356 	-5.588367 	-5.546282 	-6.354477 	-4.470544 	-3.122700 	-4.167431 	-4.861508 	-4.240559 	-3.871147 	-4.967659 	-4.307600 	-3.409691 	
9.843830 	5.739691 	1.356420 	3.177188 	2.721898 	-6.903919 	-15.273671 	-17.968364 	-22.645589 	-25.024349 	-27.038054 	-25.780200 	-27.156499 	-30.013499 	-28.895532 	-31.545667 	-31.187537 	-34.722296 	
9.253362 	1.096525 	-4.340010 	-22.978986 	-27.207448 	-30.629205 	-28.929841 	-30.892528 	-34.398877 	-33.524659 	-32.902937 	-41.711171 	-43.174715 	-43.118002 	-47.082594 	-49.311128 	-48.752033 	
9.093448 	-8.572178 	-12.686036 	-25.357675 	-29.822985 	-33.416298 	-34.559830 	-36.351930 	-36.276594 	-37.779642 	-49.107096 	-50.431149 	-58.304638 	-58.115749 	-59.312576 	-58.934089 	-58.593790 	-57.886120 	-58.702688 	-57.763001 	-58.415450 	
9.554540 	3.095372 	5.063477 	3.312478 	2.830628 	2.320791 	-0.032064 	0.408554 	-0.165288 	-0.721153 	0.171407 	0.236516 	-1.006745 	0.205151 	-0.413726 	-0.993882 	-1.058058 	-0.927616 	-3.955108 	-0.593457 	-0.923317 	-3.762506 	-4.394957 	-2.162611 	-2.537481 	-4.436658 	-2.706388 	-3.791650 	-2.756181 	-2.724008 	-2.805949 	-1.790347 	-1.762002 	-2.854468 	-2.333322 	-6.445352 	-2.383270 	-2.562565 	-5.681423 	-4.007882 	-4.294829 	-3.347091 	-1.770326 	-2.652593 	-3.568452 	-3.407705 	-4.576678 	-3.251147 	-5.152381 	-4.374062 	-5.099572 	-3.834176 	-4.171875 	-3.067582 	-5.139658 	-5.818540 	-8.929291 	-3.326603 	-3.547633 	-3.170737 	-5.238644 	-5.071801 	-3.638222 	-3.599685 	-3.404961 	-3.402172 	-6.041054 	-8.626177 	-4.210761 	-4.126148 	-3.687682 	-4.192274 	-3.982062 	-6.121201 	-5.083733 	-3.857471 	-4.538059 	-5.075950 	-4.858282 	-4.432674 	-8.816051 	-4.474680 	-3.566248 	-5.657423 	-4.398119 	-4.447060 	-4.233212 	-7.145905 	
9.279897 	2.750558 	2.310053 	-2.590294 	-5.196114 	-8.795966 	-14.431958 	-13.424333 	-19.895066 	-17.351930 	-17.202615 	-19.878216 	-19.289303 	-27.271344 	-27.845016 	-29.776466 	-29.025044 	-32.330981 	-31.084855 	-30.475073 	-31.766223 	-32.210767 	-34.918480 	-37.280641 	-39.116200 	-42.555697 	
9.372901 	-5.046994 	-4.780764 	-5.260049 	-7.679193 	-16.438814 	-16.839394 	-32.237136 	-27.560984 	-32.993787 	-30.528418 	-32.567108 	-43.071821 	-44.871130 	-46.730155 	-51.246068 	-51.695386 	-55.829374 	-56.251545 	-56.626601 	
9.658163 	6.215663 	4.443805 	2.895916 	2.919148 	2.474666 	-1.494755 	2.131342 	-2.903007 	-1.705493 	-2.189136 	-1.491102 	-4.604167 	-5.647307 	-7.024880 	-6.636413 	-6.182914 	-11.851330 	-7.388384 	-7.455192 	-7.374159 	-6.941688 	-9.336095 	
9.545979 	3.955694 	-17.792359 	-18.733519 	-31.477834 	-43.014826 	-41.956616 	-45.434820 	-48.194617 	-49.050766 	-59.082459 	-58.314692 	-58.520217 	-55.704945 	-56.683666 	-57.586939 	-57.394626 	-58.633524 	-57.370031 	-56.947710 	-57.976617 	-57.145197 	
9.490887 	4.015255 	1.453309 	-5.473086 	-4.216292 	-2.752546 	-8.220597 	-5.809150 	-9.453114 	-12.895808 	-14.249889 	-14.325967 	-15.946508 	-19.898110 	-19.527377 	-22.399818 	
9.453980 	4.929626 	2.886093 	-0.286990 	-2.382623 	-3.234174 	-2.657921 	-5.662365 	-9.743483 	-10.368147 	-14.390366 	-13.179731 	-18.118878 	-20.420815 	-22.546897 	-26.320830 	-24.595596 	-26.667057 	-28.332782 	-36.447789 	-33.928051 	-35.298795 	-35.659671 	-36.274383 	-40.351100 	-36.777500 	
9.387660 	-0.567527 	-8.828124 	-21.718118 	-30.679796 	-37.878707 	-37.522481 	-40.712220 	-58.185950 	-62.879455 	-57.538975 	-58.929466 	-57.486100 	
9.944048 	3.293305 	-33.869244 	-32.634553 	-38.922759 	-37.952885 	-38.648516 	-41.617936 	-42.356912 	-41.298993 	-40.575108 	-43.451134 	
