9.860485 	-7.494117 	-9.947402 	-12.182542 	-25.830722 	-36.612186 	-54.391885 	-55.194426 	-57.625203 	-58.945484 	-59.463065 	-62.314782 	-62.601667 	-58.603186 	-59.948797 	-58.367915 	-58.376099 	-57.919130 	-58.127228 	
9.761885 	-5.070696 	-26.566877 	-34.178159 	-57.855871 	-58.170373 	-61.352357 	-59.867072 	-58.744991 	-61.109623 	-57.218321 	-59.551854 	-60.842574 	-62.173720 	-58.283507 	-60.865452 	-57.597818 	-59.085077 	-61.211686 	
9.450523 	-6.547455 	-6.070077 	-29.531574 	-37.646300 	-57.125898 	-57.823248 	-59.479813 	-59.529105 	-59.382084 	-57.595831 	-59.238244 	-59.719783 	-58.866086 	-59.262137 	
9.705263 	-59.248150 	-62.215878 	-57.961925 	-59.363836 	-61.135850 	-58.542659 	-60.063307 	-63.167252 	-58.643812 	-61.456328 	-62.428693 	-58.779290 	-59.538667 	-59.073556 	-60.507478 	-59.270969 	-58.729796 	-58.925318 	-57.920462 	
10.127732 	-0.176647 	-4.697689 	-33.035382 	-38.743504 	-50.139101 	-57.459962 	-58.219606 	-57.640294 	-59.109883 	-59.720612 	-58.411764 	-60.253630 	-61.217449 	-57.574707 	-61.726703 	
9.222233 	1.537759 	-9.259435 	-11.720623 	-11.243000 	-26.769095 	-25.091240 	-28.493245 	-30.286336 	-31.626808 	-34.106231 	-36.946193 	-36.989555 	-38.567997 	
9.387573 	2.286529 	-14.602605 	-15.198366 	-30.460680 	-31.612512 	-38.935705 	-56.954702 	-58.939183 	-58.840494 	-59.419542 	-57.628800 	-59.102212 	-61.587276 	
9.657044 	-2.669487 	-6.311130 	-11.940423 	-19.381039 	-28.514530 	-39.099988 	-54.193387 	-59.110397 	-61.556470 	-59.856178 	-57.979313 	-58.715194 	-58.778284 	-60.191439 	-57.911109 	-63.166609 	-60.347202 	-58.121887 	-57.712982 	
9.564486 	-3.337862 	-4.656984 	-6.006796 	-25.786287 	-29.130832 	-33.813231 	-37.324659 	-42.453665 	-49.218093 	-51.745261 	-60.954215 	-61.168685 	-59.344440 	-59.887658 	-58.227320 	-63.233784 	-58.553107 	-59.059222 	-59.872228 	-59.929695 	-60.672176 	-58.911838 	-61.573639 	-59.583328 	-59.331661 	
9.339874 	-40.140367 	-54.585798 	-58.462557 	-58.731188 	-59.483457 	-59.142896 	-58.692100 	-60.120519 	-60.810105 	-58.651146 	-58.915700 	-58.089907 	-61.295810 	-60.670738 	-59.287928 	-57.916027 	
10.008571 	-5.126533 	-17.288658 	-14.262074 	-18.543033 	-22.760191 	-33.940008 	-44.273073 	-57.114516 	-58.360974 	-58.195249 	-57.410799 	-58.400061 	
9.799649 	-1.188762 	-7.095217 	-9.390849 	-17.208316 	-36.227769 	-58.661110 	-58.058229 	-57.923559 	-57.826210 	-57.031014 	-59.485482 	-59.358321 	-57.534183 	-59.015393 	-64.596219 	-58.850437 	-58.395001 	
9.616391 	-0.289658 	-17.016318 	-37.917460 	-42.921038 	-51.145051 	-54.564959 	-58.601796 	-57.473464 	-59.717993 	-57.663106 	-61.338820 	-58.831796 	-61.351905 	-59.967060 	-58.636206 	-60.726344 	-59.667059 	-58.738339 	-61.772488 	-58.555218 	-60.383176 	-59.490701 	
9.804518 	1.642639 	-16.154344 	-18.682862 	-24.145044 	-37.319307 	-51.629791 	-53.504377 	-59.654313 	-58.109914 	-58.775985 	-60.264526 	-62.044177 	-58.622843 	-58.486324 	-59.193566 	-59.091202 	-57.800004 	-59.726247 	-59.129224 	-57.453504 	-57.658317 	-57.085051 	-57.864342 	
9.623764 	-20.368103 	-46.268268 	-59.597886 	-57.480276 	-60.140211 	-58.347283 	-58.537818 	-58.067879 	-60.085069 	-58.270978 	-58.341521 	-59.769100 	
9.378036 	-3.067340 	-4.861712 	-8.777492 	-9.975264 	-19.641518 	-26.587872 	-50.424413 	-58.643828 	-59.089874 	-59.021829 	-59.734062 	-59.434143 	-62.900056 	-60.120962 	-62.855401 	-58.884645 	-60.381447 	-59.390174 	-59.125804 	-58.869959 	-62.631005 	-63.819473 	-60.960205 	
9.958111 	4.808918 	-7.593833 	-26.635225 	-50.125432 	-59.611615 	-59.062776 	-57.788493 	-58.827144 	-58.978348 	-61.996842 	-59.025279 	-59.015130 	-58.229236 	-59.877909 	-57.941537 	
9.540643 	-4.610532 	-7.402863 	-14.184087 	-18.293198 	-60.342609 	-59.045058 	-59.264380 	-61.244989 	-61.521279 	-58.711433 	-57.334246 	-58.807907 	-58.979737 	-59.845415 	-57.768109 	-59.174301 	-61.069190 	-58.347052 	-61.353152 	-57.888217 	
9.696355 	0.422356 	-8.080296 	-17.235086 	-19.491464 	-43.118963 	-52.424249 	-55.404953 	-59.780440 	-58.855941 	-57.702513 	-59.752970 	-58.413323 	-59.528086 	-57.015326 	
9.777414 	-22.631149 	-55.086760 	-60.174622 	-59.728945 	-59.810685 	-60.734364 	-58.153199 	-58.596853 	-61.164689 	-59.564051 	-59.311832 	-59.842999 	-59.202450 	-58.049647 	-58.580804 	-62.785345 	-58.883101 	-58.967712 	-59.046764 	-58.433141 	-59.989577 	-57.914880 	
