9.576354 	-0.779530 	-3.687800 	-2.469180 	-16.490551 	-56.999055 	-58.036843 	-59.312648 	-62.346890 	-58.660293 	-62.111743 	-57.286921 	-58.866206 	-58.534367 	-57.196004 	-61.447403 	
9.785907 	0.570004 	-6.031039 	-8.732912 	-26.920900 	-31.766980 	-31.163842 	-37.413956 	-55.115964 	-57.936110 	-56.304998 	-57.278862 	-60.227533 	-57.916258 	-57.440080 	-58.007791 	-57.789738 	
9.895215 	0.999577 	-3.665415 	-7.195640 	-25.667664 	-43.285150 	-59.075334 	-58.285287 	-58.921751 	-59.667348 	-59.080581 	-57.705910 	-58.186967 	-58.585108 	-61.805040 	-58.670623 	-57.214621 	
9.711001 	0.942039 	-3.315704 	-35.883509 	-39.738833 	-47.961657 	-57.187756 	-57.386786 	-62.100536 	-58.585871 	-57.154045 	-57.780713 	
9.803236 	-1.724311 	-4.903423 	-8.301430 	-10.811115 	-12.109930 	-12.077247 	-16.930328 	-28.669948 	-35.781515 	-34.742846 	-36.189968 	-48.183552 	-46.077268 	-46.218070 	-46.456064 	-49.087355 	-50.282735 	-51.529791 	-54.094656 	-55.700529 	-56.702186 	-57.485545 	-56.767734 	-56.588264 	
9.993576 	-0.154567 	-2.575443 	-6.047609 	-7.886494 	-11.784822 	-12.919713 	-13.757308 	-27.120570 	-37.151929 	-42.414392 	-50.204626 	-50.679819 	-52.872599 	-56.330361 	
9.782881 	-5.992971 	-6.658451 	-6.953897 	-13.529282 	-18.447070 	-18.251021 	-25.391967 	-23.286714 	-32.495929 	-35.813158 	-38.348352 	-40.249551 	-41.937640 	-45.905803 	-50.582037 	-53.081406 	-52.025850 	-55.562593 	
9.402553 	-4.897024 	-7.318906 	-10.525797 	-15.123496 	-36.473098 	-41.107775 	-52.244588 	-56.667162 	-57.536792 	-58.185045 	-57.120365 	-59.557583 	-58.192248 	-57.889238 	-59.229332 	-56.619493 	-63.096336 	
9.765213 	3.811748 	0.423866 	-1.047792 	-5.207050 	-7.382877 	-9.697584 	-15.166583 	-16.099716 	-15.955443 	-22.341808 	-25.478900 	-24.847187 	-25.684166 	-28.740269 	-30.974135 	-34.920911 	-35.916789 	-37.400678 	
9.881821 	1.414068 	-2.725698 	-9.084812 	-9.875777 	-16.064559 	-15.152678 	-20.395044 	-17.979498 	-17.778463 	-18.503324 	-18.394708 	-19.312799 	-20.985088 	-23.752504 	-23.263609 	
9.941410 	-6.274282 	-15.396050 	-42.235846 	-46.965385 	-45.956682 	-57.866781 	-59.409474 	-57.487580 	-63.093662 	-58.679893 	-58.029211 	-57.850355 	-58.630811 	-58.183714 	-57.671041 	
9.523920 	-5.902694 	-16.545993 	-24.145662 	-23.885070 	-37.206788 	-42.626523 	-50.028039 	-53.144447 	-57.347119 	-58.634984 	-59.562788 	-58.892016 	-60.323751 	-60.931326 	-57.848556 	-59.024761 	-60.389641 	-63.059988 	-58.989230 	-58.634870 	-58.900474 	-60.536421 	-58.546540 	
9.915898 	-2.562386 	-14.884094 	-13.394484 	-25.770036 	-29.095421 	-27.112366 	-29.599954 	-30.281811 	-38.212811 	-46.048451 	-53.731008 	-53.869129 	-55.319193 	-56.869920 	-54.355460 	-56.117438 	-58.737297 	-57.426138 	-58.205252 	-57.163578 	-56.044227 	-57.185863 	-56.079524 	
9.851667 	2.299382 	-6.049793 	-8.754521 	-15.004126 	-16.932999 	-21.815933 	-32.449193 	-36.368831 	-43.758110 	-46.704455 	-47.694560 	-47.835016 	-50.519774 	-52.334074 	-56.132890 	-58.342177 	-57.157137 	-56.391441 	-57.603952 	
9.744083 	-6.910201 	-24.751003 	-35.966610 	-35.461686 	-37.926759 	-39.962850 	-52.002906 	-55.399048 	-53.080329 	-58.413963 	-57.889947 	-58.418472 	-59.808393 	-58.081642 	-58.251334 	-58.905214 	-57.206652 	-59.314178 	-58.645585 	-58.455078 	-59.320507 	-58.764532 	-60.319282 	
9.784541 	-33.184913 	-46.086506 	-59.085399 	-58.408780 	-62.752693 	-57.286777 	-58.161438 	-62.188593 	
9.922174 	5.649793 	-5.179607 	-12.902845 	-11.547320 	-13.335972 	-24.041214 	-22.283293 	-23.446303 	-25.115207 	-44.657396 	-54.562651 	-52.058628 	-58.167551 	-57.466479 	-57.672631 	
10.154832 	3.748122 	-0.916048 	-15.272879 	-19.004542 	-22.432497 	-26.873111 	-38.498465 	-57.573718 	-59.042809 	-58.485874 	-60.021596 	-59.076014 	-58.403549 	-59.833474 	-58.358444 	-58.033161 	-59.855100 	-59.591317 	
9.901631 	1.785302 	-7.344723 	-18.693861 	-19.216547 	-24.208411 	-28.997295 	-30.365913 	-36.005741 	-35.853597 	-36.088316 	-36.420529 	-38.550011 	-41.441557 	-43.568046 	-45.195531 	-44.376227 	-45.460728 	-49.395243 	
9.548686 	-3.116347 	-7.892002 	-15.601430 	-12.292970 	-16.374905 	-29.429409 	-31.632284 	-50.000317 	-54.328845 	-54.518871 	-57.674410 	-55.933199 	-56.883598 	-57.265010 	
