9.860553 	1.305165 	-4.402662 	-9.975129 	-56.857177 	-58.749323 	-59.119439 	-57.794062 	-57.944269 	-62.525060 	-57.719549 	-58.157811 	-60.619778 	-58.085385 	-59.252503 	-60.974030 	-58.368471 	
10.420916 	-0.565961 	-12.278031 	-48.465358 	-54.910669 	-60.042972 	-60.895851 	-57.778487 	-58.546342 	-58.308854 	-58.253823 	-57.908635 	-61.763137 	-57.148990 	-58.341992 	-58.795584 	-58.905145 	-59.913004 	
9.808418 	-3.953964 	-4.752334 	-15.503450 	-17.749655 	-51.403840 	-55.215769 	-57.893271 	-58.751462 	-58.872567 	-58.799613 	-57.332188 	-57.967716 	-59.779289 	-60.681055 	-58.907583 	
9.997084 	-14.115628 	-14.143207 	-54.669533 	-55.014875 	-58.450735 	-58.268908 	-58.031782 	-60.208349 	-58.134243 	-61.458641 	-59.279248 	-59.517388 	-58.357229 	-59.185391 	
9.829374 	-27.329664 	-29.676521 	-41.029671 	-43.566031 	-48.155490 	-52.272125 	-56.913826 	-59.107030 	-57.666831 	-58.985545 	-57.771898 	-61.546276 	-58.925101 	-58.981431 	-60.022307 	-60.422357 	-59.151039 	-60.001744 	-59.698124 	-59.592022 	-60.029499 	-59.864879 	-58.262091 	
9.405092 	-59.286843 	-57.849922 	-60.760211 	-59.313471 	-58.365363 	-58.971986 	-60.038265 	-60.793629 	-59.321263 	-58.295490 	-60.936047 	-57.979930 	-60.256969 	-59.124540 	-58.632768 	-58.039480 	-62.553724 	
9.936348 	5.079085 	-22.023050 	-43.346862 	-58.154991 	-57.392833 	-59.331822 	-58.006491 	-58.343177 	-60.875482 	-58.743823 	-60.988541 	-60.111179 	-58.375464 	-60.915028 	-58.085023 	-59.899087 	-57.213818 	
9.864116 	0.589158 	-15.019536 	-20.436568 	-29.160229 	-51.617760 	-58.338510 	-58.122636 	-58.682381 	-57.763544 	-58.490022 	-59.077854 	-61.483641 	-58.483065 	
9.765817 	-9.647309 	-12.762700 	-17.166046 	-38.973712 	-55.814722 	-57.057325 	-57.332583 	-58.488191 	-59.013671 	-59.059336 	-58.182121 	-58.010249 	-57.885238 	-58.664809 	-58.419767 	-58.777984 	-58.117768 	-59.282841 	
10.101991 	1.740034 	-24.025421 	-42.729107 	-41.778858 	-45.519496 	-60.443700 	-58.255373 	-60.638651 	-59.775164 	-58.584004 	-57.397914 	-58.449601 	-58.761155 	-57.779267 	-58.872790 	-58.764808 	-58.521697 	-61.078591 	
10.070649 	-42.393755 	-45.821718 	-49.680489 	-57.254067 	-60.470961 	-57.485874 	-57.479670 	-59.143031 	-59.067102 	-61.884141 	-58.204665 	-57.076758 	-58.155294 	
10.021927 	1.411252 	-27.934574 	-57.682738 	-57.862194 	-57.172945 	-57.267587 	-59.079993 	-57.259967 	
9.955467 	-36.628181 	-32.703945 	-48.557478 	-57.875974 	-57.554315 	-58.795117 	-59.671009 	-58.834430 	-57.743978 	-61.087906 	-60.789816 	-59.944133 	-61.323713 	-59.851877 	-59.431976 	-59.373342 	-61.739406 	-59.446291 	
10.060091 	-1.512990 	-8.812372 	-11.095537 	-23.312378 	-57.800212 	-57.755283 	-57.821479 	-58.362930 	-59.626170 	-59.127634 	-58.681184 	-57.720586 	-57.723673 	-57.473469 	-59.006718 	-57.925507 	-58.410044 	-59.892424 	-59.168807 	-57.187824 	
9.490793 	-15.594783 	-20.539897 	-58.132316 	-60.130508 	-61.621286 	-59.120519 	-60.203465 	-59.042692 	-58.748951 	-58.606556 	-58.550382 	-58.040100 	-56.897731 	-60.040765 	-57.671341 	-57.648481 	-58.244556 	
9.921132 	-9.690035 	-10.450318 	-41.493965 	-43.573425 	-46.603119 	-49.489059 	-51.013460 	-50.565847 	-54.650131 	-58.202785 	-55.609402 	-58.439889 	-60.055947 	-58.849183 	-57.114402 	-59.032804 	-57.504089 	-59.437609 	-57.448682 	-59.094875 	-58.387964 	
9.922524 	-18.124002 	-52.502091 	-57.966454 	-60.498745 	-60.085964 	-59.154408 	-57.590923 	-60.744882 	-59.191741 	-58.610947 	-59.214735 	-58.536647 	-61.284094 	-58.332739 	-57.695985 	-56.815767 	-59.623983 	-61.629934 	-59.343182 	
9.979545 	-10.242287 	-14.279461 	-40.126472 	-50.199337 	-50.108966 	-53.595265 	-56.104069 	-60.013604 	-64.309279 	-58.794676 	-58.398056 	-61.868587 	-58.947215 	-58.901075 	-58.297407 	-58.183464 	-61.823844 	-59.387406 	-61.919860 	-59.932970 	
9.904883 	-0.661711 	-10.639974 	-11.048728 	-19.129536 	-24.792681 	-54.704092 	-57.679881 	-57.563548 	-60.050286 	-58.128974 	-58.581038 	-61.002276 	-57.700599 	-58.603302 	-58.519529 	-59.085204 	-59.475221 	-60.770931 	-63.922228 	-61.146741 	-58.863338 	-57.731767 	
9.783317 	-16.566821 	-18.190169 	-25.235043 	-25.828311 	-29.960039 	-58.686251 	-59.559099 	-59.759354 	-60.135413 	-57.872441 	
