9.990474 	-10.729617 	-21.295144 	-29.339637 	-34.323494 	-60.221972 	-59.291587 	-59.000515 	-60.653627 	-57.993332 	-57.107817 	-60.719357 	-60.917618 	-59.361752 	
9.925726 	-6.097417 	-20.025754 	-18.313356 	-31.233713 	-31.613306 	-37.310167 	-40.053092 	-42.265747 	-61.573076 	-59.431672 	-60.464700 	-59.016926 	-59.347963 	-59.007258 	-60.746361 	-59.230321 	-57.573898 	-57.534116 	-57.775303 	-60.706925 	
9.921069 	-0.004130 	-5.848630 	-47.154222 	-50.577859 	-58.187808 	-60.153402 	-57.906248 	-59.541457 	-57.720138 	-57.530738 	-58.209207 	-61.588609 	-60.065541 	-57.535213 	-57.555402 	
9.691049 	-24.509421 	-35.586558 	-51.944914 	-58.850899 	-59.141116 	-60.046893 	-58.597183 	-58.549776 	-58.228202 	-57.557699 	-61.530008 	-60.134236 	-58.697442 	-58.856346 	-59.982229 	
9.654571 	-7.950815 	-20.419965 	-20.376110 	-28.605209 	-58.073023 	-62.724997 	-58.681659 	-61.739638 	-59.829153 	-59.366506 	-59.098938 	-59.159153 	-58.339634 	-61.065970 	-60.111799 	-61.386221 	
9.700619 	1.028337 	-0.145701 	-8.424532 	-10.329626 	-18.070959 	-26.675526 	-37.396972 	-33.838813 	-36.858581 	-58.966755 	-57.884574 	-59.832018 	-57.555236 	-59.233967 	-60.509539 	-59.394951 	-59.199705 	-58.983417 	-59.368647 	-58.196993 	-59.512496 	-59.244576 	-60.358437 	-59.532643 	-60.741013 	-59.133291 	-58.346169 	
10.263199 	1.226950 	-12.522509 	-44.117253 	-58.827927 	-58.387842 	-60.948028 	-59.254231 	-61.781827 	-58.350508 	-60.703934 	-57.343030 	-57.760848 	-57.712645 	-58.082208 	
9.291658 	-26.856026 	-31.512447 	-42.010515 	-58.110599 	-61.950485 	-58.090487 	-59.571637 	-58.957818 	-59.114532 	-60.403014 	-59.025205 	-60.062500 	-58.628267 	-57.974627 	
9.534448 	-3.833142 	-5.174324 	-7.018381 	-15.094553 	-16.719400 	-17.204292 	-21.295961 	-27.057628 	-58.267429 	-55.801231 	-58.165430 	-59.101659 	-57.134592 	-58.650405 	-58.443464 	-58.286496 	-59.200142 	
10.202826 	-1.899896 	-10.604752 	-10.345260 	-23.350722 	-26.017116 	-52.024655 	-56.895689 	-60.157403 	-58.167025 	-58.224844 	-58.083611 	-58.996480 	-57.836930 	-58.240818 	-57.107887 	-59.328207 	-61.246917 	-57.548293 	
9.748260 	4.292980 	-37.413065 	-43.494441 	-50.744815 	-54.273906 	-57.374397 	-58.963934 	-59.755130 	-57.793067 	-60.227013 	-59.873645 	-57.409804 	-59.924476 	-58.003005 	-58.347699 	-57.659614 	-58.410811 	-59.291910 	-58.323761 	
9.897150 	-8.500035 	-8.929782 	-41.593726 	-44.442584 	-58.081894 	-57.953225 	-59.186422 	-58.352707 	-59.441274 	-59.552001 	-57.324833 	-58.164052 	-59.650159 	
10.296521 	3.601082 	-3.176405 	-26.184866 	-28.694706 	-32.432425 	-27.768890 	-33.709278 	-38.650323 	-39.184856 	-43.596217 	-54.449943 	-58.797784 	-59.970720 	-58.058888 	-59.516955 	-57.720982 	-58.484501 	-58.853303 	-58.776143 	-58.595511 	-57.015093 	-57.762643 	-58.275013 	
9.644625 	1.045546 	-5.696463 	-7.764014 	-21.376100 	-28.879648 	-38.882034 	-60.430675 	-58.417462 	-60.252617 	-60.700360 	-61.681150 	-59.750111 	-60.732442 	-61.591187 	-58.972498 	-57.657727 	-58.486269 	-59.361484 	-60.808100 	-59.568113 	-58.233708 	-61.017994 	
9.559935 	-10.610979 	-29.365898 	-40.927708 	-60.755196 	-61.656727 	-58.714747 	-60.466711 	-59.960035 	-59.133668 	-61.780855 	-60.303690 	-60.887368 	-58.883928 	-59.496239 	-58.328141 	-58.106324 	-60.903155 	-59.159906 	-59.024945 	-60.272726 	-58.876228 	-59.522309 	
9.576658 	5.666964 	-2.988314 	-3.781495 	-6.600488 	-30.619180 	-43.350034 	-49.066856 	-60.686694 	-60.570922 	-61.645011 	-58.113141 	-60.264795 	-60.347861 	-61.966613 	-61.096921 	-58.290032 	-57.352241 	
10.147298 	-15.320397 	-28.514048 	-29.706542 	-44.405823 	-56.327768 	-58.413367 	-62.270958 	-59.052552 	-58.477721 	-58.732975 	-57.928290 	-60.994921 	-57.269037 	-56.997549 	-59.044145 	
9.417300 	1.863475 	-1.885014 	-6.354258 	-24.395071 	-25.641448 	-32.316586 	-40.211505 	-58.188543 	-59.020369 	-60.620938 	-60.361902 	-57.916972 	-58.409123 	-59.998431 	-59.390217 	-59.863193 	-58.473947 	-60.379058 	-58.246268 	-60.375010 	-59.429198 	-59.462456 	-59.508553 	-59.850548 	-58.025572 	-61.170950 	-59.676626 	-61.072550 	-57.733123 	-60.292460 	
9.923318 	-6.030594 	-14.977996 	-16.670508 	-59.736388 	-57.812822 	-58.445092 	-57.693912 	-59.269965 	-57.838055 	-57.828320 	-59.459742 	
9.790035 	-1.050005 	-20.433172 	-21.944096 	-51.009999 	-53.697776 	-58.432482 	-58.409429 	-58.919966 	-57.771123 	-57.175494 	-58.918861 	
