9.462963 	-13.335514 	-14.939732 	-28.561929 	-31.336547 	-46.969605 	-45.306576 	-46.061774 	-45.978073 	-51.570026 	-59.462716 	-59.249642 	-58.226621 	-59.488228 	-58.384968 	-60.255119 	-60.869328 	-60.747394 	-57.709118 	
9.642424 	-14.434221 	-18.184189 	-21.382612 	-21.541741 	-22.382096 	-30.563023 	-38.629847 	-44.253129 	-49.859243 	-52.798418 	-54.481244 	-59.359773 	-58.886275 	-59.207315 	-57.791734 	-61.558573 	-59.862676 	-59.035885 	-57.900985 	-58.064301 	
9.427819 	-7.160978 	-14.896481 	-24.836605 	-26.309084 	-27.917156 	-38.051803 	-43.441349 	-53.327069 	-56.906285 	-54.728573 	-56.368230 	-57.846503 	-60.500457 	-57.549470 	-57.272955 	-57.896485 	-57.818684 	-59.618119 	-59.375319 	-65.508056 	-59.383287 	-59.029737 	
9.461951 	0.009635 	-7.378926 	-11.467476 	-16.412423 	-56.511703 	-57.003973 	-58.304144 	-61.085207 	-59.480389 	-58.075533 	-61.651354 	-58.483212 	-58.129004 	-58.617424 	-59.622558 	-57.855379 	-59.115145 	-58.590523 	
10.144357 	-26.328541 	-25.874700 	-38.764533 	-45.678308 	-55.926614 	-57.508073 	-57.583275 	-58.382852 	-58.183718 	-59.879064 	-59.921089 	-60.099132 	-58.895523 	-58.298708 	-63.230503 	-58.833964 	-58.349105 	-59.148657 	-59.934580 	-59.752129 	-59.162315 	-58.871524 	-61.139658 	-60.379740 	
10.140576 	-2.565520 	-9.403511 	-19.176286 	-31.325838 	-43.095815 	-43.988020 	-55.207986 	-58.293149 	-57.501436 	-57.438208 	-59.065556 	-58.242002 	-58.180006 	-59.960503 	-59.532975 	-59.702036 	-58.340212 	-59.037024 	-59.306847 	-57.871686 	-60.536204 	
10.214671 	-17.566179 	-44.273223 	-57.744986 	-58.487899 	-58.156403 	-59.555721 	-57.406401 	-57.791133 	-57.442881 	-59.609939 	-57.215134 	-58.526683 	
9.335491 	6.526376 	-1.969823 	-4.630719 	-6.903449 	-12.530132 	-26.148728 	-26.049476 	-29.005082 	-28.591939 	-37.491981 	-38.730001 	-40.868484 	-55.240925 	-54.058633 	-58.814751 	-57.183016 	-57.539814 	-57.575222 	-58.585747 	-58.748503 	-59.188829 	-57.510767 	-58.566537 	-58.091508 	
9.585624 	-35.650638 	-36.184508 	-45.371936 	-58.058127 	-59.733340 	-60.616529 	-59.292105 	-58.536253 	-58.183803 	-58.050092 	-59.299011 	-57.914600 	
10.205200 	5.115225 	1.902357 	-5.682801 	-51.234350 	-50.479916 	-60.963059 	-59.458695 	-59.193315 	-57.483215 	-58.886993 	-57.188705 	-58.453558 	-57.088032 	-58.035924 	-59.203367 	
9.841413 	7.773054 	-7.944754 	-9.951848 	-40.980291 	-43.159779 	-67.928424 	-59.706277 	-57.776696 	-57.544577 	-61.947167 	-58.684325 	-59.579054 	-58.801558 	-57.880826 	-59.577027 	-58.273049 	-60.097709 	-57.563635 	-59.998643 	
10.210050 	-10.410504 	-16.806989 	-19.070364 	-36.373582 	-54.581862 	-57.976934 	-59.725389 	-58.654759 	-57.676007 	-59.014329 	-58.297146 	-59.488262 	-60.283960 	-58.626913 	-58.035648 	
10.045588 	-3.691352 	-6.020979 	-8.268635 	-23.263765 	-34.012132 	-48.045169 	-55.314378 	-55.758346 	
9.486725 	-16.628870 	-19.157728 	-19.585506 	-36.010381 	-61.622738 	-60.464006 	-61.262858 	-63.022621 	-58.985659 	-59.189870 	-57.989452 	-60.064426 	-59.027488 	-58.576772 	-60.354481 	-59.675094 	-59.657404 	-59.223924 	
10.186567 	-17.537154 	-36.024914 	-56.184362 	-56.037041 	-56.508752 	-58.888262 	-60.616856 	-57.741795 	-58.920136 	-59.406291 	-60.489102 	-60.155371 	-59.046383 	-57.966884 	-59.163754 	-57.332182 	-59.599575 	-61.870543 	-60.703562 	-57.289076 	-59.074952 	
9.952972 	-6.560834 	-11.787200 	-33.123805 	-45.247643 	-57.215201 	-58.841555 	-59.257721 	-60.876395 	-57.643045 	-57.253861 	-58.331705 	
10.037583 	-11.106304 	-19.207702 	-59.002529 	-60.749997 	-59.509072 	-58.644572 	-57.809170 	-58.364765 	-57.820895 	-57.414695 	-59.102872 	-57.155174 	-59.527905 	-57.297819 	-57.809598 	-58.188506 	
9.903161 	-60.405971 	-57.057249 	-59.604013 	-58.866646 	-59.328649 	-57.163053 	-60.599209 	-59.154507 	-58.165132 	-57.524458 	
9.208676 	2.415247 	-2.339101 	-9.467436 	-23.075259 	-26.661030 	-33.621108 	-35.203072 	-44.488559 	-45.211241 	-48.048032 	-48.602062 	-53.894703 	-56.619517 	-57.774438 	-57.719539 	-59.004821 	
9.083789 	9.108312 	-3.554640 	-8.853810 	-12.169866 	-14.582940 	-58.091351 	-61.964965 	-59.295290 	-59.773509 	-58.702467 	-57.978567 	-59.036875 	-58.360193 	-59.647976 	-60.173904 	-59.499195 	-58.772461 	-59.785401 	-59.968577 	-60.053350 	-58.203028 	-58.721657 	-59.802855 	
