9.724919 	7.500611 	6.814171 	1.175856 	-0.862629 	-25.254887 	-44.906495 	-46.810683 	-45.547594 	-48.449411 	-47.722506 	-54.333498 	-55.668901 	
10.424471 	-1.459866 	-5.989768 	-16.390902 	-18.182119 	-18.196414 	-24.071928 	-57.540584 	-59.235333 	-58.106552 	-58.276237 	-56.756894 	-58.339229 	-58.555072 	-61.073641 	-60.870015 	-59.630547 	-57.669978 	-58.632068 	-58.993695 	
9.787070 	-0.704320 	-2.130183 	-3.705576 	-2.838056 	-4.118763 	-13.366901 	-15.836881 	-18.852666 	-20.228767 	-55.525346 	-60.179261 	-58.984206 	-58.728165 	-57.798157 	-58.739305 	-58.867624 	-59.221616 	-58.791786 	-59.426197 	-59.552632 	-58.207186 	-58.828162 	
9.930845 	4.980219 	-16.186915 	-31.632129 	-36.106887 	-42.108888 	-46.793739 	-59.574327 	-59.497899 	-60.517998 	-60.068421 	-58.787335 	-58.580607 	-56.605051 	-57.913492 	-60.065760 	-58.445042 	-58.429769 	
9.124503 	4.633519 	-3.059982 	-2.188232 	-18.933178 	-18.533428 	-48.772067 	-63.543606 	-58.251261 	-58.943864 	-61.580979 	-58.877468 	-57.831384 	-59.873032 	
10.340107 	4.921968 	-8.288878 	-13.297562 	-15.001519 	-17.604743 	-24.282979 	-23.782118 	-42.084329 	-46.544240 	-45.771349 	-45.695876 	-55.082573 	-54.994933 	-57.342206 	-58.665575 	
9.643576 	-21.403453 	-24.784848 	-31.121688 	-29.862078 	-39.274021 	-57.329513 	-59.217779 	-57.677399 	-58.675673 	-60.429769 	-58.537408 	-59.175331 	-60.241599 	-59.638544 	-60.039603 	-60.311223 	-59.878177 	-62.358720 	-58.180143 	-60.610351 	-60.336831 	-59.888738 	
9.627802 	-3.630392 	-12.111671 	-13.818963 	-25.938965 	-59.677893 	-59.876291 	-58.072778 	-59.299576 	-58.986096 	-58.724808 	-61.963560 	-59.249639 	-60.982810 	-60.373800 	-57.704759 	-59.113233 	-59.689607 	-58.186864 	-58.630645 	-58.621310 	-58.115216 	-60.598844 	
9.521438 	-0.358076 	-6.786119 	-13.409593 	-16.379676 	-21.280797 	-26.146957 	-31.483646 	-31.540081 	-39.200484 	-39.071544 	-42.218404 	-41.705689 	-42.874950 	-42.230834 	-47.904552 	-50.405142 	-52.621303 	-52.748366 	-55.389264 	-54.693972 	-56.074977 	
9.638608 	-3.206583 	-5.853925 	-10.415539 	-13.011646 	-16.029589 	-22.665890 	-42.628030 	-57.453512 	-57.674050 	-58.397151 	-58.834382 	-58.321543 	-57.859090 	-58.993608 	-61.769626 	-58.170861 	-57.753372 	
10.058116 	-13.592722 	-49.415864 	-60.821910 	-59.980807 	-57.991909 	-57.671576 	-58.377582 	-60.386212 	-58.108481 	-60.562191 	-58.979708 	-58.063341 	
10.060385 	3.031460 	-11.391697 	-14.594225 	-16.465742 	-20.689846 	-33.769818 	-35.203249 	-43.026166 	-45.177452 	-48.859881 	-48.504344 	-51.844392 	-58.356944 	-57.109611 	-56.137680 	-57.100075 	
9.308470 	5.240502 	1.862721 	1.765303 	-23.592354 	-19.694682 	-24.355977 	-25.016826 	-60.919447 	-59.679644 	-60.340806 	-58.639087 	-60.542407 	-58.415379 	-58.214738 	-58.568740 	-58.731669 	-58.761582 	-60.216830 	-60.111018 	-59.081651 	
9.615654 	3.215640 	-1.818450 	-5.126381 	-5.439787 	-5.146892 	-12.702773 	-18.883764 	-25.284414 	-30.298156 	-50.876109 	-55.156141 	-58.208734 	-58.863563 	-58.553153 	-60.381141 	-58.772351 	-60.825735 	-59.113559 	-58.927683 	-58.039571 	-58.448219 	-58.383152 	-61.403576 	
9.807904 	8.399701 	-36.286676 	-57.174161 	-56.730018 	-57.887552 	-58.956129 	-59.444488 	-59.884156 	-57.461902 	-59.829196 	-57.712369 	-58.579059 	
9.541604 	-1.640893 	-2.098435 	-5.784019 	-15.624386 	-17.527033 	-17.754878 	-18.046334 	-20.070379 	-27.771509 	-44.633267 	-60.501407 	-58.110233 	-57.286658 	-59.337478 	-58.545781 	-57.800189 	-59.277188 	-61.776889 	-58.311892 	-60.410406 	-58.876100 	
9.264904 	8.856854 	-1.441191 	-10.525142 	-16.002178 	-28.318937 	-37.106746 	-37.692495 	-43.922262 	-44.158024 	-45.852620 	-48.912260 	-55.264053 	-58.276606 	-59.144519 	-57.925953 	-59.986590 	-58.583191 	-60.399259 	-59.222346 	-58.264148 	-57.094670 	-59.920222 	-57.805395 	-59.902043 	-61.524074 	-57.612700 	-58.789391 	-57.925308 	
9.456232 	6.257852 	-0.297843 	-16.349428 	-43.301302 	-58.887464 	-57.862651 	-59.433420 	-58.402188 	-60.677754 	-58.616938 	-59.604691 	-59.691562 	-58.416722 	-57.672044 	-58.531728 	-58.053000 	
9.878037 	-7.801036 	-22.474699 	-21.925305 	-45.082282 	-58.432174 	-58.130577 	-57.804837 	-61.280188 	-59.124635 	-58.637803 	-58.265769 	-59.950440 	-61.064122 	-57.851156 	-57.300316 	-59.333339 	
9.770795 	2.487434 	-0.788321 	-25.260095 	-40.927778 	-46.248257 	-47.476754 	-46.611834 	-56.822479 	-58.574502 	-58.943207 	-58.594889 	-59.755931 	-59.106582 	-60.218815 	-60.807063 	-59.658451 	-60.651233 	-59.927562 	-58.715998 	-59.817863 	-58.313521 	-60.521275 	-59.861336 	-59.088700 	-58.371271 	-59.550164 	
