9.774059 	-57.334809 	-60.409315 	-62.428218 	-57.521316 	-60.794857 	-58.859327 	-59.263420 	-59.665800 	-58.305035 	-58.541129 	-60.193775 	-57.631376 	-58.062590 	-58.993772 	
9.439786 	-43.086461 	-45.568475 	-57.185837 	-59.802597 	-58.181038 	-62.326939 	-60.853761 	-61.799552 	-60.136794 	-60.840051 	-61.925364 	-58.747900 	-60.317536 	-58.430073 	-58.846248 	-58.944260 	-59.438291 	
9.690183 	-17.388624 	-20.673334 	-31.250004 	-44.059782 	-50.235061 	-57.020681 	-58.016268 	-58.354570 	-59.497838 	-60.132045 	-58.700476 	-60.337829 	-57.840108 	-62.173012 	-59.085886 	-59.632152 	-59.448120 	-58.648018 	-58.579576 	-60.286613 	-61.065384 	-58.581879 	-59.538596 	-60.893745 	
9.928604 	-13.706714 	-13.021661 	-21.287764 	-53.304568 	-57.395430 	-58.184482 	-60.500083 	-59.134979 	-58.579420 	-60.850776 	-59.514211 	-58.367832 	-60.248266 	-57.531610 	-58.788608 	-58.285947 	
9.561745 	-8.398209 	-28.985251 	-40.259261 	-48.412813 	-52.049047 	-53.466655 	-59.908995 	-59.381731 	-58.363420 	-59.306894 	-59.863904 	-60.932581 	-58.853385 	-58.417193 	-57.951070 	-59.780461 	-60.410297 	-61.049496 	-58.546365 	-63.044439 	-59.339527 	-59.605132 	-57.813268 	
9.644617 	-5.033122 	-3.722681 	-38.091565 	-38.141861 	-45.232461 	-57.927358 	-60.162041 	-60.445174 	-59.083789 	-59.805505 	-57.969454 	-61.800608 	-60.963479 	-58.984015 	-58.352511 	-61.202250 	-59.596381 	-58.795195 	-64.892870 	-60.498007 	-58.125502 	-62.192592 	
9.790120 	4.517494 	3.030542 	-5.375067 	-12.841902 	-30.373304 	-45.358842 	-57.636644 	-58.079732 	-58.096748 	-59.530285 	-57.972425 	-57.830383 	-57.646454 	-59.473834 	
10.464679 	-3.244536 	-15.163118 	-18.965514 	-25.222612 	-57.452227 	-59.018636 	-58.278028 	-58.231616 	-57.223734 	-57.363158 	-64.070329 	-58.241743 	-58.704207 	-56.970889 	
10.014514 	-27.935016 	-57.933608 	-60.788791 	-56.867033 	-58.421659 	-57.487965 	-57.920964 	-57.029571 	-57.236842 	-59.374916 	-61.189545 	-58.627948 	-59.760746 	-61.075285 	-60.006793 	-60.977199 	-58.432262 	-59.392788 	-58.490187 	-59.311844 	-59.647528 	-57.542168 	
9.846178 	-6.577299 	-27.362846 	-44.573269 	-48.432187 	-59.929776 	-57.647789 	-59.009506 	-59.641100 	-57.659363 	-57.765018 	
10.151659 	-44.132117 	-46.707394 	-58.184842 	-58.236024 	-61.502068 	-59.803937 	-60.999414 	-57.083553 	-57.023475 	-58.375762 	-59.051535 	-59.482617 	
9.715167 	4.369706 	0.697126 	-20.804107 	-47.929119 	-47.263610 	-48.669518 	-58.291745 	-57.771372 	-59.788286 	-58.518748 	-59.807229 	-57.989362 	-59.930597 	-58.435252 	-57.591348 	-59.869012 	-58.145257 	-57.892575 	-58.264453 	-57.742140 	-59.768557 	-59.405388 	
10.074394 	-1.022534 	-26.652744 	-31.659826 	-47.049613 	-53.953520 	-57.526453 	-58.072170 	-58.032664 	-60.492725 	-62.177725 	-60.256428 	-57.417838 	-58.582636 	-57.827427 	-58.657923 	-59.785915 	-61.570669 	-60.018558 	
9.790684 	-35.581671 	-59.299437 	-58.428728 	-58.537368 	-58.641266 	-57.679091 	-58.052143 	-59.176428 	-58.957270 	-59.434984 	-58.932034 	
9.628737 	3.451205 	-35.768222 	-37.630395 	-54.191305 	-54.896947 	-56.242720 	-60.620920 	-58.044971 	-61.634355 	-58.118709 	-61.149630 	-59.188375 	-57.958483 	-61.918747 	-58.696272 	-64.243066 	-60.498845 	-58.952389 	-59.391818 	-62.232760 	-63.796262 	
9.553456 	7.253011 	-6.269220 	-14.904120 	-15.419013 	-21.343788 	-58.760426 	-58.808732 	-58.287628 	-62.084608 	-58.192315 	-58.145613 	-58.751148 	-58.244998 	-59.245204 	-62.096573 	-61.077241 	
9.460191 	-30.903158 	-47.810777 	-54.803550 	-56.589368 	-58.143829 	-58.350520 	-58.877922 	-58.409339 	-59.104719 	-58.963869 	-59.622397 	-58.309717 	-62.187288 	-58.439542 	-61.056648 	-58.572267 	-60.438496 	
9.604659 	2.430121 	-7.711616 	-15.354381 	-15.199570 	-19.318220 	-31.130629 	-35.129510 	-45.705475 	-49.448500 	-50.796303 	-54.526417 	-57.971448 	-58.242173 	-57.836171 	-58.352643 	-57.765474 	
9.685997 	3.443677 	1.242038 	-8.568345 	-14.492187 	-28.096378 	-57.554760 	-58.145440 	-61.599985 	-58.297374 	-58.409933 	-57.446449 	-59.343096 	-61.483417 	-59.964575 	-58.405178 	-57.329768 	-58.053844 	-61.115954 	-58.073943 	
9.703152 	8.821586 	0.419872 	-6.610620 	-9.392619 	-11.859173 	-11.833173 	-24.561321 	-35.108305 	-58.917172 	-59.118656 	-57.840402 	-59.771232 	-58.892688 	-58.899364 	-61.463805 	-59.716959 	-58.878554 	-58.589005 	-57.771809 	-58.062952 	-57.815612 	-59.544650 	-57.687853 	-58.666342 	-59.455229 	-57.666650 	
