9.410478 	7.107621 	-1.829107 	-14.644838 	-13.059981 	-21.616739 	-22.269280 	-22.460375 	-23.746302 	-28.061588 	-37.473166 	-43.697458 	-46.049814 	-47.697182 	-50.131378 	-54.284228 	-53.720282 	-53.973155 	-56.449217 	
9.444382 	3.166627 	4.439040 	0.375173 	-5.158375 	-9.279879 	-10.745497 	-11.375384 	-13.401740 	-13.399286 	-12.671248 	-14.348408 	-17.352491 	-13.973516 	-16.755922 	-15.327837 	-16.310987 	-18.987436 	
9.452175 	-9.287161 	-13.750486 	-13.482284 	-27.326753 	-30.160870 	-36.344617 	-43.676549 	-46.635857 	-47.630692 	-51.253530 	-55.714314 	-56.811517 	-58.118301 	-56.411027 	-57.007489 	
9.198907 	-25.212211 	-25.156813 	-24.489897 	-27.925650 	-37.615826 	-44.891105 	-46.829225 	-57.976409 	-60.453413 	-58.299060 	-58.101157 	-57.595232 	-59.292098 	
9.833002 	2.383490 	-8.135400 	-6.435941 	-30.591500 	-40.720237 	-40.242501 	-42.943159 	-47.537547 	-52.457447 	-54.806652 	-53.711894 	-56.573341 	-57.348245 	-55.412163 	-56.035109 	
9.712129 	-2.573217 	-41.665702 	-53.745711 	-57.010080 	-57.785515 	-59.586300 	-57.284904 	-58.348055 	-59.912906 	-58.617838 	-56.120785 	-57.458120 	-58.969515 	-57.651052 	-58.364568 	
9.817257 	1.234659 	-2.688456 	-5.796978 	-6.236246 	-11.448275 	-21.859742 	-31.834536 	-42.047066 	-51.243219 	-54.462446 	-57.265901 	-59.004674 	-58.228047 	-58.972399 	-57.177076 	-59.200133 	-58.645837 	-56.940078 	-57.980321 	
9.856494 	-2.593058 	-6.117317 	-10.208368 	-13.568125 	-19.203300 	-54.845805 	-53.842384 	-57.790383 	-56.514113 	-59.475613 	-56.959104 	-58.768072 	-59.347215 	-58.073416 	-57.795143 	
9.356690 	0.478089 	-5.868810 	-8.999904 	-11.043401 	-14.831512 	-14.498644 	-18.263924 	-20.042088 	-41.975526 	-44.515484 	-43.323797 	-44.431470 	-44.158456 	-45.317356 	-51.163839 	-56.627308 	-55.325936 	-55.523966 	-57.644616 	-60.273442 	-56.743524 	
9.527949 	-16.997206 	-20.101641 	-16.421759 	-24.036004 	-28.644027 	-36.683167 	-57.033660 	-59.436083 	-59.035753 	-60.289217 	-62.579045 	-61.761036 	-58.910541 	-58.611097 	-58.399404 	-59.818644 	-59.608557 	-58.749745 	-58.525416 	-59.408363 	-58.028524 	-61.155225 	-63.388167 	-58.424204 	
9.682551 	-2.459629 	-11.421091 	-24.719864 	-41.782679 	-51.050334 	-57.472468 	-57.429804 	-57.163736 	-56.357169 	
9.552487 	1.497501 	-9.149570 	-18.135934 	-19.774810 	-23.003143 	-26.478169 	-31.589851 	-32.067987 	-34.756976 	-34.280322 	-37.664707 	-38.845559 	-43.411344 	-38.870478 	
9.850345 	4.894175 	-3.715463 	-10.404397 	-13.019778 	-25.744426 	-40.408567 	-38.161946 	-41.289736 	-43.129891 	-58.877154 	-59.123458 	-58.880457 	-59.881235 	-58.054048 	-58.520517 	-56.311860 	-58.022619 	
9.763901 	-2.755153 	-43.947284 	-45.880414 	-47.062888 	-50.912825 	-58.610910 	-59.848429 	-58.894620 	-57.768915 	-57.114633 	-58.661503 	-60.424356 	
9.558682 	4.053577 	2.014605 	2.045267 	-22.873715 	-24.539192 	-24.907627 	-26.730778 	-34.556328 	-37.280036 	-38.316638 	-39.059290 	-40.957951 	-48.854337 	-49.309037 	-51.954133 	-52.140786 	-53.652845 	-57.967892 	-56.140727 	-56.740474 	-56.025858 	
9.898126 	-4.458935 	-6.306532 	-6.892175 	-10.451675 	-13.313772 	-22.917661 	-27.080150 	-32.939103 	-35.859273 	-36.733250 	-37.620635 	-37.086954 	-45.023549 	-49.360202 	-49.505037 	-51.770956 	-52.163719 	-50.590542 	-55.190484 	-56.327126 	-55.828988 	-58.174917 	-59.133583 	
9.860593 	4.233115 	-8.608781 	-14.537612 	-12.370129 	-21.388811 	-20.892213 	-27.764200 	-27.532260 	-29.901573 	-45.059232 	-51.528567 	-51.142378 	-53.456874 	-55.676758 	-56.706090 	-55.957707 	
9.585813 	-2.252188 	-6.817632 	-6.233606 	-12.272477 	-11.264191 	-14.149195 	-15.115351 	-18.503798 	-21.277796 	-22.330404 	-23.983047 	-26.184639 	-27.225688 	-30.718722 	-35.641440 	-34.199595 	-41.660314 	-45.096262 	-49.017762 	
9.366959 	-26.681636 	-30.493717 	-33.613232 	-42.783279 	-56.105405 	-58.629849 	-58.963334 	-58.362186 	-59.740137 	-58.157258 	-59.390102 	-57.362958 	-59.062305 	-58.188464 	
10.036567 	-1.877461 	-5.963603 	-30.593793 	-44.443328 	-51.604456 	-55.789211 	-56.703500 	-58.421843 	-56.261619 	-58.267885 	-55.956421 	-58.227375 	
