9.827492 	-5.036646 	-12.486387 	-13.127319 	-15.847655 	-48.138843 	-49.829149 	-58.568362 	-59.638565 	-58.313722 	-60.377903 	-57.944199 	-58.285409 	-58.258499 	-58.847827 	-58.414502 	-58.155545 	-58.132617 	-60.141236 	
9.464340 	-3.069212 	-29.404882 	-41.842871 	-43.670009 	-58.963017 	-60.067985 	-61.045580 	-59.984504 	-56.711392 	
9.971149 	-19.516661 	-32.228685 	-40.629342 	-53.396338 	-59.804916 	-56.490046 	-57.426860 	-58.113784 	-58.667894 	-57.767482 	-61.317344 	-59.354788 	-60.093810 	-60.160998 	
9.650148 	-11.581463 	-20.995454 	-27.794725 	-30.396103 	-34.542265 	-44.697886 	-44.530526 	-57.700944 	-58.863329 	-58.805552 	-58.642803 	-58.018753 	-58.397054 	-60.360261 	-59.425342 	-58.223157 	-59.400817 	-60.467872 	-57.779103 	-59.401364 	
9.516754 	7.316710 	-0.192590 	-38.482345 	-57.059192 	-58.138673 	-58.843170 	-57.673605 	-57.742174 	-58.251621 	-58.183394 	-59.740269 	-57.652564 	
9.708159 	-27.564407 	-30.385994 	-31.559322 	-58.042002 	-57.952897 	-59.375074 	-58.676669 	-57.809589 	-57.531245 	-59.062658 	-59.579900 	-61.231317 	-59.034663 	-60.552480 	
9.755018 	-1.223030 	-2.835603 	-9.946391 	-22.136124 	-26.117160 	-34.950716 	-39.844560 	-47.584404 	-56.550189 	-58.280021 	-57.941410 	-58.335086 	-60.013742 	-59.342676 	-57.962077 	-58.516446 	-58.240387 	-59.577260 	-58.495866 	-59.988239 	-59.295741 	-59.316316 	-58.438508 	-57.998266 	-59.726526 	-63.374547 	-61.025080 	
9.863495 	-5.909899 	-30.241288 	-53.347825 	-55.324589 	-58.023580 	-60.972801 	-58.679019 	-60.997688 	-61.887174 	-60.118692 	-58.852986 	-58.737284 	-59.695116 	-58.995831 	-60.010685 	-59.417156 	-57.951882 	-57.998879 	-59.235846 	
9.606575 	-1.621708 	-17.674548 	-45.737148 	-58.383969 	-58.288281 	-60.402721 	-59.502738 	-58.582851 	-59.154369 	-59.959470 	-57.696064 	-61.175117 	-58.641461 	-58.714007 	
9.911894 	-4.835118 	-15.637509 	-59.291480 	-57.823010 	-58.882918 	-61.513690 	-59.068244 	-59.662042 	-62.094461 	-58.216226 	-58.026835 	-60.866872 	-59.233725 	-58.165369 	
9.461246 	-23.215661 	-25.265511 	-27.357705 	-50.516780 	-55.543374 	-59.562090 	-56.397951 	
9.930443 	7.416780 	-18.558023 	-37.367125 	-46.135988 	-58.035795 	-58.500657 	-60.620716 	-57.592352 	-60.476883 	-58.857265 	-58.659815 	-60.044839 	-59.054011 	-58.085394 	-61.353146 	-59.968104 	-58.273157 	-58.848805 	
9.440725 	0.787371 	-31.205005 	-46.380922 	-57.843881 	-57.767267 	-58.851261 	-60.270727 	-57.757805 	-57.692613 	-59.297937 	-58.565196 	-56.987419 	-59.785200 	
10.138743 	0.387433 	-17.482911 	-25.652312 	-27.704549 	-26.875315 	-28.193023 	-31.936798 	-35.407451 	-37.393489 	-54.179847 	-58.355129 	-58.374571 	-58.338123 	-56.565153 	-58.314316 	-57.695805 	-58.798758 	-59.259492 	-57.794536 	-59.580586 	
9.906149 	-1.376742 	-9.744957 	-12.831849 	-20.499942 	-25.455350 	-25.996238 	-26.711309 	-37.451271 	-58.939326 	-60.435263 	-58.954794 	-60.106976 	-59.072205 	-59.528802 	-57.861203 	-60.805759 	-58.620880 	-60.244073 	-58.186489 	-57.540111 	-58.304149 	
9.758933 	-11.616765 	-23.824811 	-33.160109 	-36.875089 	-43.223826 	-51.546315 	-57.159887 	-58.134244 	-58.798824 	-60.871787 	-60.716368 	-59.818569 	-58.808279 	-59.250959 	-59.715914 	-59.382555 	-61.346280 	-60.878271 	-59.086087 	-60.000685 	-60.559387 	-57.742640 	-60.158496 	
9.365360 	-6.730082 	-9.344599 	-15.507578 	-26.803828 	-32.938433 	-38.036924 	-40.578077 	-42.812105 	-58.091178 	-59.580778 	-58.735452 	-61.473918 	-58.362772 	-58.444843 	-57.850670 	-58.025091 	-60.625479 	-61.584375 	-59.524623 	
9.793642 	-30.920999 	-58.872573 	-59.690779 	-58.053867 	-57.549442 	-58.618380 	-59.699172 	-60.119623 	-59.542154 	-59.023891 	-58.156544 	-56.904859 	-63.726475 	-61.961992 	-58.603094 	
9.999514 	-34.316231 	-45.683572 	-51.442333 	-52.012393 	-58.475104 	-62.288666 	-58.373197 	-57.579247 	-60.703172 	-58.582788 	-58.777373 	-60.081890 	-61.595456 	-59.654333 	-58.221219 	-59.345535 	-57.572011 	-58.785068 	-59.043450 	-58.432776 	
10.161796 	1.008132 	-17.171581 	-20.528150 	-41.176562 	-56.522931 	-58.455167 	-58.497062 	-59.819388 	-58.507757 	-58.444363 	-57.165363 	-59.621577 	-59.345761 	-62.122536 	-57.796229 	
