9.977486 	-59.487929 	-59.732059 	-58.195805 	-58.419222 	-59.572630 	-59.696054 	-58.912500 	-59.290505 	-58.464809 	-59.957060 	-58.902077 	-58.059470 	-60.528071 	-59.755046 	-58.589845 	-58.919235 	-58.724141 	-63.070824 	
9.899137 	-1.363515 	-16.687029 	-16.742437 	-24.192295 	-31.693081 	-31.454624 	-33.895073 	-54.471723 	-56.678706 	-60.738284 	-59.582719 	-59.183127 	-59.774535 	-58.882009 	-58.873221 	-58.804277 	-60.368227 	-57.850398 	-59.081972 	-59.052405 	-58.911004 	-58.153649 	
9.949474 	2.491997 	-20.548701 	-32.627978 	-33.529884 	-33.911302 	-43.607485 	-47.556331 	-61.883999 	-58.058530 	-57.741058 	-57.551581 	-57.456363 	-59.939693 	-63.247233 	-57.533218 	
9.586276 	-31.892664 	-40.738227 	-46.740775 	-49.915643 	-58.558990 	-60.376444 	-57.808108 	-60.594607 	-59.059790 	-58.702838 	-59.130661 	-61.569566 	-58.631242 	-59.241179 	-59.249709 	-58.834530 	-58.836160 	-59.054986 	-62.806438 	-59.360712 	-59.463596 	-61.025276 	-58.879936 	
10.272866 	-42.840659 	-45.751325 	-47.747217 	-61.288185 	-58.336737 	-58.901626 	-63.132375 	-59.345008 	-60.099241 	-58.750556 	-58.115726 	-58.699541 	-59.096998 	-56.778894 	-59.893452 	-58.705700 	-59.818730 	-57.908504 	
9.576200 	-13.660784 	-22.585402 	-30.658265 	-35.229841 	-43.066142 	-58.400732 	-58.101247 	-57.426981 	-59.380033 	-58.540966 	-58.872596 	-59.832849 	-59.337939 	
9.988485 	-2.019636 	-12.346581 	-16.299669 	-27.117181 	-33.361554 	-38.167259 	-54.093749 	-58.265972 	-59.747536 	-57.642739 	-58.176041 	-59.440955 	-58.955504 	-58.539850 	-59.722870 	-59.106190 	-59.351380 	
10.143539 	2.405497 	-2.758404 	-6.126232 	-17.430823 	-21.359197 	-25.355261 	-49.483340 	-57.461242 	-57.856216 	-58.466642 	-58.455325 	-58.969214 	-58.364097 	-59.606794 	-56.679196 	-58.578517 	-57.789611 	-56.711454 	-62.972927 	
9.791401 	-9.762222 	-34.377084 	-35.425027 	-55.991327 	-58.252080 	-57.669896 	-59.526370 	-60.431502 	-60.879361 	-59.446241 	-58.124739 	-58.702029 	-58.183169 	-60.222528 	-58.413410 	-63.967834 	-58.746493 	-59.263934 	
9.880218 	-12.418775 	-10.922623 	-27.948393 	-30.375627 	-33.455507 	-40.707428 	-57.298117 	-61.431154 	-58.628849 	-58.156847 	-58.926654 	-59.591489 	-59.368174 	-58.801811 	-58.142271 	-58.973265 	-61.860658 	-57.879071 	-59.127122 	-62.172162 	-60.036153 	
9.884241 	-17.084533 	-41.417831 	-57.945731 	-59.057371 	-60.688202 	-57.556357 	-63.263291 	-59.491729 	-61.668990 	-59.116253 	-57.806427 	-57.915479 	-59.391845 	-60.246246 	-59.224543 	-58.716455 	
10.445533 	1.183768 	-36.086170 	-58.374297 	-58.496464 	-58.250926 	-58.595370 	-59.531698 	-58.375560 	-58.327416 	-57.246263 	-57.282385 	-58.911328 	-58.487110 	
9.868753 	-12.127901 	-18.589051 	-21.417728 	-25.787368 	-48.645997 	-50.005038 	-57.701533 	-58.134987 	-59.436626 	-58.707466 	-57.837345 	-59.526267 	-58.411057 	-59.372878 	-57.926629 	-60.280914 	
9.866020 	-1.005553 	-39.529730 	-43.405320 	-44.687990 	-44.752519 	-58.530137 	-64.473365 	-59.577750 	-58.820127 	-58.952281 	-57.876422 	-59.823145 	-58.077765 	
9.505070 	2.260997 	-2.104748 	-6.974373 	-14.078740 	-22.309266 	-30.677959 	-58.838655 	-59.117965 	-59.193447 	-59.479236 	-59.852291 	-59.746660 	-62.301618 	-58.781251 	-61.210330 	-59.381027 	-59.785825 	-60.186075 	-59.423829 	-58.652288 	-59.542736 	-59.543202 	-59.466786 	
9.892764 	0.539761 	-2.568244 	-5.953516 	-8.794557 	-15.738137 	-32.303271 	-29.974877 	-32.512878 	-46.169036 	-56.043837 	-61.537002 	-57.982379 	-59.520296 	-58.696488 	-59.168198 	-60.385954 	-60.989058 	-57.800357 	-61.319292 	-57.369852 	-58.114377 	-63.549083 	-59.061420 	-61.305903 	-59.879260 	-60.148521 	
9.955098 	-7.924374 	-48.464436 	-57.708825 	-61.469037 	-57.559691 	-59.339295 	-60.373783 	-59.680812 	-59.285384 	-59.192709 	-60.093503 	-58.557148 	-59.371852 	-57.914491 	-62.034882 	-59.394235 	-58.471083 	-59.425007 	-59.537664 	-59.260470 	
9.917496 	-5.135279 	-8.619429 	-11.144390 	-12.787633 	-28.231924 	-42.540702 	-48.202705 	-59.008225 	-58.170712 	-60.166515 	-60.287446 	-59.138274 	-60.925453 	-59.005515 	-57.831977 	-57.960070 	-58.114531 	-60.644275 	-58.299764 	-58.937820 	
9.944921 	-21.498541 	-26.424420 	-29.690295 	-38.341955 	-43.633453 	-49.569976 	-54.854632 	-59.213196 	-59.749395 	-58.146891 	-59.053171 	-59.447549 	-59.800361 	-57.499638 	-57.406718 	-60.068970 	-58.501088 	
9.850068 	-0.097302 	-2.457096 	-28.649485 	-44.194884 	-47.328756 	-58.760707 	-57.191051 	-59.913189 	-57.304028 	-56.580135 	-57.573734 	-57.291757 	-60.945818 	-59.690374 	
