9.800363 	1.337174 	-1.922192 	-5.939835 	-6.398588 	-9.621006 	-18.758003 	-23.205264 	-22.881371 	-21.783274 	-20.914201 	-26.863308 	
9.387285 	-22.735071 	-33.048301 	-43.086068 	-48.671983 	-52.206450 	-57.262217 	-56.997741 	-63.860666 	-58.188740 	-58.621902 	-58.430054 	-59.149632 	-57.683812 	
9.533832 	-2.737788 	-51.924259 	-51.568517 	-57.552807 	-59.439897 	-60.930224 	-59.095750 	-59.678649 	-56.850716 	-58.456155 	-58.873752 	-58.546203 	
9.818780 	2.486506 	-11.341856 	-15.206800 	-13.980070 	-35.951005 	-36.923976 	-36.224796 	-37.801306 	-38.298051 	-38.430981 	-44.279565 	-51.155192 	-48.047418 	-46.180836 	-52.333517 	-48.988275 	-48.880360 	
9.664361 	-11.099882 	-20.595351 	-26.055228 	-30.128426 	-42.184459 	-43.256468 	-47.067830 	-50.673343 	-53.383636 	-56.245105 	-56.598202 	-58.639446 	-57.690867 	-57.195615 	-58.798929 	-57.225459 	-58.026820 	-57.925652 	-57.175120 	-61.043721 	-58.436622 	
9.380960 	3.994591 	-0.868291 	-1.277533 	-1.501702 	-2.508052 	-4.305644 	-5.401757 	-4.475521 	-4.039958 	-6.124860 	-5.448428 	-5.445255 	-5.778656 	-6.505637 	-8.727760 	-6.533404 	-9.562245 	-7.753438 	-9.650509 	-9.172236 	-8.315916 	-10.229922 	-9.677542 	
10.167359 	3.760673 	1.337479 	-0.595933 	-7.292756 	-10.117008 	-11.066143 	-14.667607 	-18.784153 	-29.011640 	-32.102627 	-40.784029 	
9.239577 	-18.815204 	-18.905132 	-22.723483 	-24.982996 	-27.729465 	-28.898585 	-37.808084 	-41.589361 	-53.080976 	-60.083570 	-59.291975 	-62.930130 	-58.896371 	-58.934229 	-58.618046 	-60.548952 	-58.347090 	-59.795980 	-60.408414 	-60.601696 	-58.739942 	-59.402466 	-58.863191 	-60.109096 	-58.645162 	-59.973550 	-59.944001 	
9.595175 	2.786135 	1.611783 	-6.201264 	-35.138227 	-51.997529 	-57.383542 	-58.081781 	-58.936894 	-59.172487 	-59.672089 	-58.106698 	-57.897790 	-58.322438 	
9.101373 	6.972996 	-4.155614 	-17.677448 	-19.035370 	-23.819640 	-55.736006 	-58.832152 	-60.654788 	-56.822780 	
10.317630 	-2.946634 	-7.642984 	-26.414674 	-33.512474 	-33.798900 	-43.587183 	-58.981724 	-58.242442 	-58.051590 	-57.229407 	-59.284325 	-57.552202 	-56.963085 	-57.681601 	-58.386975 	-59.648061 	-59.246853 	-58.723148 	-57.710934 	
9.902404 	-12.091766 	-18.220656 	-19.729491 	-25.745900 	-30.491870 	-31.157570 	-33.925020 	-35.797465 	-37.148995 	-43.510318 	-58.430148 	-58.360319 	-60.330148 	-57.665331 	-58.206459 	-58.440472 	-59.101608 	-59.828080 	
9.539517 	-0.736729 	1.426451 	-2.286455 	-9.489074 	-26.148341 	-25.719905 	-27.902608 	-38.619747 	-48.917956 	-58.750968 	-58.332665 	-58.897931 	-59.963082 	-57.577728 	-57.731992 	-57.305690 	-59.517051 	
9.608204 	-0.919240 	-3.456910 	-8.769731 	-9.805263 	-13.256399 	-14.620329 	-16.914398 	-18.788923 	-27.393738 	-39.302399 	-44.660905 	-46.734213 	-51.249669 	-51.436277 	-54.099902 	-54.111850 	
9.738177 	-13.262835 	-29.742392 	-32.338622 	-43.220961 	-47.964179 	-49.915986 	-49.879628 	-56.381924 	-55.682593 	-55.719415 	-56.376928 	-59.449715 	-57.727645 	
9.730541 	-2.062080 	-7.100134 	-9.704633 	-27.793246 	-29.782742 	-41.161869 	-42.291046 	-50.380948 	-59.350770 	-58.898660 	-60.430909 	-58.570333 	-59.861357 	-57.954882 	-58.495199 	-57.656238 	-58.003234 	-56.675610 	
9.602410 	-6.932954 	-9.008018 	-10.064668 	-15.764418 	-22.654247 	-27.074329 	-29.228066 	-30.974038 	-36.928741 	-52.368744 	-52.134617 	-59.378524 	-59.065574 	-58.907071 	-58.369328 	-58.010280 	-60.064264 	-58.474413 	-59.130847 	-62.808397 	-57.736135 	-58.303107 	
9.807973 	6.437935 	0.898085 	0.398601 	-2.731354 	-6.733008 	-16.113117 	-18.484012 	-20.223557 	-23.529224 	-21.673143 	-23.532645 	-22.981606 	-21.090693 	-24.331885 	-25.858249 	-26.442333 	-26.601803 	
9.592218 	1.449519 	-0.492346 	-0.224754 	-3.094653 	-7.113168 	-17.315380 	-33.175237 	-35.618581 	-42.455610 	-46.847490 	-59.101943 	-56.561653 	-57.077877 	-57.062246 	-58.620783 	-58.205067 	-58.865296 	-59.532954 	-56.523073 	-57.268154 	-60.354140 	-59.039799 	
9.660631 	7.189579 	-0.170164 	-22.125893 	-46.062698 	-58.403998 	-57.289857 	-59.005589 	-58.939247 	-59.107892 	-58.637071 	-60.656423 	-60.837476 	-59.393557 	-58.804866 	-58.072521 	-58.257673 	-59.706303 	-59.342737 	-59.805736 	
9.258637 	-13.022675 	-22.910623 	-31.115593 	-33.636259 	-34.979810 	-48.485973 	-55.712461 	-57.374522 	-58.736266 	-58.331436 	-59.065432 	-57.674556 	-61.996549 	-58.821302 	-58.518832 	-57.984339 	
9.311956 	1.703430 	-15.641199 	-14.815012 	-15.888213 	-14.759385 	-31.436580 	-33.681030 	-48.155744 	-52.675845 	-52.469163 	-51.847511 	-56.391664 	-57.326037 	-55.041472 	-59.010511 	-58.901600 	-57.366418 	
