10.222343 	0.541256 	-6.913696 	-16.413460 	-20.961094 	-32.548960 	-50.445766 	-57.341954 	-57.031293 	-57.403536 	-57.072758 	-57.874084 	-58.095730 	-58.588228 	
9.830208 	1.200593 	-14.647437 	-16.023301 	-15.304662 	-16.929762 	-26.062080 	-58.270096 	-56.964402 	-58.688346 	-60.997940 	-58.823874 	-59.629032 	-61.453887 	-58.265922 	-59.174398 	-58.856616 	-58.571407 	-58.439555 	-58.042176 	-60.147021 	
9.521824 	3.772612 	3.761329 	2.185320 	2.283299 	2.164727 	1.218095 	-12.032761 	-10.876987 	-9.979198 	-14.168535 	-10.905041 	-14.600681 	
9.847409 	-6.213809 	-21.235572 	-17.175233 	-47.162336 	-60.456317 	-58.436731 	-59.404083 	-57.715522 	-59.841139 	-57.790822 	-57.960855 	-60.078188 	-58.421167 	-59.235987 	-59.662620 	-60.291557 	
9.675815 	0.270782 	-10.834348 	-15.740867 	-18.252544 	-19.712960 	-28.738105 	-34.148233 	-35.331357 	-56.286182 	-59.955281 	-58.637572 	-59.015782 	-59.441468 	-57.784313 	-57.681893 	-57.656895 	-57.973416 	-60.199701 	-59.537108 	-59.196822 	-57.485230 	
10.010123 	-10.739337 	-45.764650 	-53.024645 	-56.902106 	-58.232149 	-59.388175 	-58.765383 	-59.152574 	-60.049639 	-59.630756 	-59.471832 	-58.435915 	-59.536194 	-58.577652 	-60.173666 	-59.876063 	-62.039156 	-58.289892 	-58.932339 	-62.071060 	-60.077042 	-59.554533 	-58.293408 	-59.625964 	-59.406395 	
10.019362 	-2.197792 	-10.335437 	-16.329890 	-22.868252 	-43.369724 	-48.922906 	-58.910035 	-58.306864 	-56.996200 	-56.424655 	-60.522959 	-58.818407 	-59.980589 	-58.356930 	-58.296070 	-60.420208 	-59.646303 	-58.112359 	
9.701111 	-6.541881 	-10.353315 	-43.324416 	-49.839675 	-54.398096 	-54.599073 	-56.952579 	-57.608690 	-59.703470 	-60.534679 	-58.761195 	-59.070323 	-58.837032 	-58.978099 	-58.693359 	-58.575115 	-57.867815 	-58.630908 	-58.624594 	-58.502834 	
9.831341 	-14.256350 	-18.605263 	-38.150888 	-57.828120 	-59.215942 	-58.514412 	-57.528217 	-58.680751 	-58.709629 	-59.161913 	-60.968758 	-57.352943 	
9.459201 	6.682834 	4.462294 	-5.095073 	-4.429561 	-4.547838 	-8.286787 	-10.568809 	-8.107359 	-31.121539 	-34.627398 	-38.298093 	-43.229919 	-46.323838 	
9.917964 	-1.486062 	-0.711770 	-23.377674 	-57.313417 	-58.342927 	-58.210253 	-60.543969 	-58.986285 	-59.544575 	-58.038730 	-60.704057 	-60.114043 	-60.748413 	-59.049384 	-57.141050 	-59.086567 	-57.974740 	-59.448389 	-60.180597 	-60.529590 	-57.492732 	
9.834216 	4.232475 	-2.736930 	-10.229275 	-14.065148 	-27.284708 	-36.065655 	-37.115871 	-44.174990 	-46.970831 	-56.113599 	-58.683992 	-56.561304 	-57.330411 	-60.565037 	
9.980072 	4.044993 	-42.264069 	-57.282488 	-64.840226 	-59.496994 	-59.424544 	-60.366532 	-59.387705 	-60.027587 	-57.806818 	-58.421900 	-60.070731 	-58.672226 	-62.197284 	-59.147177 	-59.488246 	-61.498824 	-58.454423 	-58.778154 	-58.957219 	-58.007622 	
9.716852 	-0.807444 	-7.385105 	-13.707363 	-11.692740 	-20.951423 	-34.134783 	-41.928290 	-45.561901 	-57.146546 	-59.723474 	-59.471727 	-58.456109 	-57.975785 	-56.849468 	-59.551029 	-60.404402 	-57.980250 	
9.053411 	8.377920 	6.824747 	0.512394 	-38.698836 	-56.343345 	-59.683826 	-59.424336 	-59.902568 	-58.588144 	-58.761204 	-58.994590 	-60.438962 	-59.393318 	-62.000644 	-59.428649 	-58.023268 	-60.346925 	
9.944453 	8.948503 	-0.933589 	-11.196349 	-15.787039 	-24.405504 	-24.738377 	-36.388056 	-46.278257 	-55.239292 	-59.856581 	-57.218377 	-57.173997 	-60.980145 	-58.540567 	-58.251841 	-57.479573 	-61.627824 	
9.615008 	7.077625 	1.648898 	-3.090556 	-6.001179 	-10.214805 	-23.122369 	-27.926347 	-44.998711 	-50.878530 	-55.450192 	-60.322813 	-56.443373 	-57.800086 	-58.499681 	-59.186199 	-57.744041 	
9.755020 	7.095406 	-9.547782 	-11.595508 	-15.119376 	-15.924382 	-16.862840 	-35.899727 	-53.865637 	-59.895799 	-65.076995 	-60.109629 	-59.224202 	-57.559244 	-58.817627 	-61.981583 	-62.182133 	-58.500647 	
9.827434 	-13.015600 	-29.553687 	-35.983643 	-42.017930 	-49.811963 	-55.712936 	-54.121716 	-57.377710 	-60.326953 	-63.186621 	-58.859797 	-59.165618 	-58.006641 	-57.836357 	-59.487568 	-60.852716 	
9.565122 	4.183275 	-7.367702 	-10.645479 	-13.625765 	-14.080002 	-13.998248 	-12.774203 	-17.096305 	-21.182038 	-28.896971 	-30.359618 	-29.349842 	-32.674436 	-34.948185 	-35.462760 	-39.116785 	-44.900942 	-44.978041 	-46.883722 	
9.871730 	2.760097 	-14.085721 	-19.383402 	-34.789472 	-36.002198 	-44.523041 	-58.559154 	-59.767422 	-58.826168 	-58.888420 	-59.053444 	-58.898655 	-60.341958 	-59.357956 	
