9.474605 	4.612633 	-31.570397 	-56.138503 	-60.012056 	-59.854078 	-58.146833 	-57.811442 	-61.472235 	-57.708356 	-57.860213 	-59.936257 	
9.923498 	0.429788 	-43.507623 	-59.854045 	-58.658105 	-57.527589 	-58.008388 	-60.855665 	-60.171703 	-59.467306 	-59.617025 	-61.599241 	-60.191939 	-58.378191 	-58.441903 	-59.643935 	-61.146825 	-60.324477 	
9.405442 	-59.624112 	-58.136031 	-58.358738 	-58.902697 	-59.353781 	-61.737450 	-58.194949 	-60.096713 	-59.808746 	-61.975525 	-60.423642 	-59.828440 	
9.568540 	0.926053 	-12.763686 	-25.036407 	-43.164323 	-43.793464 	-52.017559 	-58.448407 	-58.345157 	-59.852466 	-61.513356 	-59.203645 	-59.749003 	-59.761907 	-59.520902 	-58.315510 	-58.905375 	-59.472141 	-58.743306 	-60.605706 	-59.225914 	-59.414670 	-62.072590 	
9.507288 	5.559927 	-20.646406 	-21.991041 	-23.542814 	-36.820476 	-44.385908 	-56.509728 	-57.394692 	-59.862648 	-60.522088 	-61.508876 	-60.000459 	-60.812647 	-61.486565 	-62.154084 	-61.778427 	-58.317977 	-58.461649 	-57.983605 	-59.474215 	
10.061235 	4.261052 	-2.988498 	-9.204899 	-12.908004 	-34.484014 	-34.547761 	-33.257697 	-48.254891 	-58.263240 	-58.529535 	-60.264365 	-58.389342 	-60.918034 	-58.374145 	-59.806882 	-59.828983 	-59.930580 	-59.944652 	-58.206609 	-58.921577 	-58.870594 	-58.684999 	-58.456814 	
9.797577 	-16.912230 	-29.148761 	-57.045229 	-60.514818 	-58.832904 	-59.884666 	-60.437822 	-59.012982 	-57.755353 	-60.282552 	-58.684442 	-57.482382 	-60.466738 	-59.934255 	-58.694965 	
9.952494 	-0.790043 	-0.840684 	-11.358737 	-16.700338 	-30.069357 	-36.227753 	-38.144091 	-44.838033 	-45.621218 	-45.613161 	-54.156108 	-61.062720 	-59.713292 	-57.551603 	-59.224043 	-60.899952 	-57.691650 	-56.961916 	-58.559419 	-58.929442 	-57.404195 	-60.278711 	-59.683876 	-62.549751 	-59.295599 	
9.970019 	-4.795880 	-9.377441 	-21.022102 	-23.179608 	-43.299016 	-47.492564 	-58.533135 	-58.201273 	-59.221239 	-58.033337 	-58.593891 	-60.472764 	-58.156206 	-57.665385 	-57.975687 	-58.428525 	-58.142163 	-62.187827 	-57.430445 	
10.258678 	-58.372871 	-57.448590 	-62.027414 	-57.193683 	-58.055128 	-58.024269 	-59.525868 	-57.593129 	-57.671468 	-60.160902 	-58.658459 	-59.181769 	-59.522191 	-57.982226 	-57.710174 	
10.033290 	1.456635 	-5.767810 	-12.766382 	-19.923034 	-17.004231 	-18.115861 	-20.325053 	-20.064250 	-24.113289 	-24.709061 	-33.125381 	-34.307188 	-38.011803 	-55.720483 	-57.628735 	-58.176731 	-59.652525 	-58.719853 	-56.874832 	-57.743084 	-56.478390 	-57.828472 	-59.353725 	-59.697461 	
9.954551 	-8.301062 	-55.801069 	-58.179426 	-59.105476 	-58.539861 	-59.232892 	-58.263864 	-59.504386 	-62.963614 	-61.234112 	-58.621648 	-58.334708 	-59.821365 	-58.652476 	-58.628992 	-58.678498 	-57.553022 	-58.158876 	-59.432497 	-59.309479 	
9.882464 	-21.052731 	-35.574892 	-57.924621 	-58.908536 	-58.502371 	-59.146229 	-57.693875 	-61.955141 	-59.023321 	-59.299721 	-57.929710 	-57.818563 	-58.108494 	-58.386062 	-59.775952 	
9.739380 	-39.908714 	-59.835591 	-58.541621 	-59.025531 	-57.491789 	-58.308569 	-58.477380 	-57.989988 	-58.987003 	-61.049816 	-62.112511 	-58.929906 	-57.853349 	-61.240171 	-61.318885 	-58.539788 	-59.164700 	-58.178550 	
9.958702 	-4.206739 	-11.565078 	-11.943870 	-26.721826 	-31.576623 	-40.039668 	-39.783222 	-44.689075 	-59.653945 	-58.638130 	-58.454705 	-57.611965 	-59.001940 	-59.980628 	-59.981291 	-57.894567 	-59.272693 	-57.583139 	-61.765561 	-60.723848 	
9.607353 	-12.868870 	-31.306168 	-58.062768 	-58.918079 	-59.353448 	-58.593946 	-64.298266 	-59.113792 	-59.241023 	-60.023466 	-58.399418 	-58.398871 	-58.876284 	-59.572061 	-59.122457 	-60.089381 	-58.762784 	-59.236620 	-59.935720 	-60.931530 	-60.795539 	-59.136279 	-63.387792 	
10.299255 	-14.944094 	-12.844250 	-24.382430 	-53.117291 	-59.702101 	-57.539500 	-57.718641 	-57.749421 	-58.593843 	-59.573871 	-58.528832 	-58.715257 	-58.271282 	-58.796615 	-61.460968 	-61.093995 	-57.076727 	-58.811801 	-58.360686 	
9.648292 	0.971677 	-9.652075 	-57.504394 	-57.263482 	-60.372731 	-57.902883 	-58.303418 	-62.419237 	-59.210633 	-57.897307 	-59.234255 	-59.039256 	-60.822838 	-57.844236 	-59.054121 	-58.359232 	-62.131013 	-58.308163 	-61.007286 	
10.685981 	-29.889968 	-38.579877 	-46.694488 	-58.347941 	-56.897950 	-56.681729 	-58.136244 	-61.287813 	-58.562279 	-59.244272 	-56.075059 	-58.558098 	-57.500943 	
9.804664 	-21.237010 	-21.203565 	-31.616828 	-58.515119 	-60.275387 	-62.073374 	-58.427363 	-59.242613 	-62.052506 	-59.772399 	-58.148073 	-57.072345 	-59.490039 	-59.113102 	-60.058820 	-61.976937 	
