9.604450 	-19.971436 	-33.526112 	-46.040099 	-57.810527 	-60.843584 	-58.234954 	-59.449115 	-59.926549 	-62.543808 	-59.300444 	-58.710181 	-60.442126 	-58.052962 	
9.850690 	6.013135 	2.296922 	0.757344 	-2.361092 	-2.528830 	-6.396195 	-8.182624 	-8.518952 	-8.807463 	-9.713425 	-11.372514 	-10.859532 	-11.683026 	-11.312937 	-11.238285 	-11.980627 	-10.350023 	-9.917098 	-11.203584 	
9.304412 	-2.257506 	-0.891719 	-4.254559 	-4.071680 	-4.646922 	-5.510468 	-11.702760 	-10.729152 	-14.416702 	-13.514943 	-15.543529 	-24.769003 	-23.871527 	-26.048562 	-28.255420 	-27.377372 	-30.389543 	-30.056971 	-31.950705 	-31.825007 	-34.272157 	-36.690817 	
10.038461 	7.591335 	3.145627 	6.421628 	-4.538565 	-17.141513 	-25.128816 	-33.269885 	-34.219224 	-42.772434 	-45.862248 	-46.848337 	-46.669016 	
9.568428 	3.641164 	6.437309 	4.744604 	3.915967 	0.477660 	-0.676671 	-1.118600 	-1.408359 	-0.831587 	-5.188257 	-2.071434 	-6.676412 	-5.124970 	-7.789366 	-6.191067 	-8.487526 	-9.128997 	
9.995132 	5.199778 	-1.032457 	-1.356136 	-2.741796 	-5.627268 	-7.721329 	-10.631318 	-12.519122 	-14.087680 	-16.434746 	-17.537998 	-20.206709 	-25.555279 	-24.247515 	-25.482590 	-29.323897 	-35.272867 	-37.834723 	-34.985279 	
10.026500 	3.996714 	7.229112 	5.090649 	1.825111 	4.435729 	3.945855 	3.060299 	2.552236 	-0.620917 	1.675368 	-0.371097 	-3.060829 	-2.281002 	-4.655596 	-3.149863 	-2.056922 	-3.532214 	-1.167598 	-3.568009 	-2.327270 	-3.825367 	-3.106263 	-3.476353 	-4.385943 	-3.110626 	-4.239531 	-5.454686 	-4.284108 	-4.879184 	-6.410168 	-7.091427 	-4.603295 	-5.989109 	-5.267331 	-5.057849 	
9.576549 	2.149591 	2.402651 	-16.143867 	-29.239069 	-31.563128 	-32.296413 	-54.158489 	-53.612138 	-55.719515 	-55.823321 	-58.186303 	-57.472472 	-55.739470 	-56.492405 	-59.670294 	-58.117072 	
9.718654 	-7.419076 	-12.068703 	-58.897026 	-57.771526 	-58.331711 	-58.909831 	-57.595137 	-57.931096 	-61.377472 	-58.099350 	-59.320511 	-58.834025 	-60.700149 	-57.960208 	-59.085631 	
9.691600 	1.343947 	-22.609462 	-57.571413 	-60.659845 	-59.521524 	-60.326237 	-59.728292 	-59.224067 	-60.476683 	-59.961112 	-59.472408 	-59.742564 	-58.548705 	-59.562331 	-59.470472 	-59.744785 	-58.550923 	-60.339773 	-59.699906 	-60.144321 	-58.583983 	
9.641108 	-8.825868 	-11.570880 	-20.825640 	-21.198030 	-20.617528 	-21.016415 	-27.361531 	-29.199480 	-45.328484 	-53.440582 	-55.461802 	-54.861227 	-56.605252 	-55.136124 	-59.039008 	-59.856490 	
9.713558 	3.584509 	1.853592 	-0.009960 	-6.111530 	-5.871625 	-4.715607 	-8.116592 	-10.303084 	-17.078889 	-19.064783 	-27.162616 	-31.712022 	-32.587492 	-32.729100 	-36.967043 	-41.225281 	-43.826591 	-48.342844 	-49.253650 	-46.832662 	-48.957978 	-49.657331 	-50.701222 	
9.748707 	-4.950168 	-4.106336 	-3.589957 	-16.731335 	-27.703958 	-24.139269 	-38.975200 	-40.651287 	-43.243271 	-42.556912 	-57.147256 	-58.811455 	-59.832052 	-57.390581 	-57.773081 	-59.272644 	-59.079789 	-58.255593 	-58.604753 	-57.930946 	
9.583036 	5.816113 	2.909940 	-7.517327 	-16.054805 	-34.135162 	-50.134383 	-55.501741 	-55.908699 	-55.813921 	-56.732684 	-57.555454 	-57.663036 	-57.640634 	-57.181886 	-57.663279 	-58.044428 	-56.335945 	
9.478395 	2.494265 	0.968972 	0.185897 	-0.264953 	-3.348792 	-3.706460 	-12.769369 	-16.205425 	-16.402184 	-21.187832 	-24.763932 	-25.446069 	-25.884650 	-26.742660 	-27.662542 	-29.787896 	-30.098884 	-31.848139 	
9.605277 	3.031835 	3.604102 	0.790352 	-0.337263 	-2.017812 	-5.264838 	-7.114251 	-8.411471 	-11.042136 	-19.850128 	-20.058960 	-20.513480 	-22.330558 	-22.562568 	-23.092264 	-25.407389 	-26.204002 	-26.019973 	-29.037890 	
9.985559 	4.073863 	-4.117906 	-9.950971 	-12.533653 	-14.603047 	-15.992827 	-22.763581 	-26.363622 	-29.958992 	-57.359960 	-56.483329 	-57.707953 	-59.372924 	-58.102745 	-59.600271 	-58.158736 	-58.451998 	-57.381183 	-60.724187 	
10.039650 	5.901802 	2.886604 	4.289216 	3.174412 	2.152320 	1.354596 	-0.531458 	-1.154913 	-1.178955 	-0.050376 	-2.801753 	-6.277085 	-5.910182 	-6.966706 	-6.728772 	-7.227989 	-8.608324 	-8.599114 	-8.546563 	
9.736820 	-3.936490 	-8.273417 	-13.263496 	-16.469114 	-14.426313 	-16.478899 	-32.215278 	-56.407310 	-56.759784 	-58.033498 	-59.576887 	-57.188989 	-60.787505 	-58.205920 	
9.505462 	6.625440 	0.067699 	-7.252396 	-10.195115 	-24.854121 	-25.913505 	-36.703150 	-50.870893 	-59.711245 	-57.364310 	-58.513544 	-58.295652 	-57.789738 	-58.692394 	
