10.286531 	-19.858060 	-56.382576 	-61.706778 	-59.051913 	-59.571430 	-56.869331 	-57.940323 	-59.321736 	-60.288661 	-57.132924 	-58.843580 	-58.652957 	-58.708613 	
9.671241 	2.498315 	-19.148363 	-34.563585 	-36.996935 	-39.566816 	-51.018650 	-56.214608 	-62.779295 	-59.106356 	-56.956076 	-59.671966 	-56.986445 	
9.955502 	-2.238909 	-3.956039 	-12.254979 	-19.777936 	-23.649435 	-24.311593 	-35.416391 	-36.058656 	-36.204689 	-42.229690 	-55.342491 	-57.020496 	-57.197491 	-60.037016 	-56.926874 	-57.912699 	-58.352353 	-59.572612 	-57.458001 	-57.076891 	
9.699808 	-0.580116 	-21.280441 	-30.247717 	-31.669501 	-45.550926 	-51.226270 	-59.696053 	-61.275186 	-59.626998 	-59.497523 	-60.186647 	-62.609151 	-59.822967 	-59.726303 	-61.269957 	-58.513485 	-58.111864 	-58.720975 	-59.296104 	-61.750988 	-58.137319 	-58.181292 	
10.125677 	-5.142096 	-9.320033 	-22.676208 	-26.113811 	-34.718947 	-45.877298 	-51.044389 	-54.197195 	-58.123328 	-57.143527 	-58.169665 	-58.597975 	-59.569561 	-59.302906 	-57.520436 	-57.863797 	-58.565642 	-57.872220 	-57.665915 	-59.733078 	
10.000562 	-8.287087 	-6.742887 	-52.414936 	-57.457898 	-59.272603 	-59.070356 	-60.446022 	-59.943190 	-59.131889 	-61.358422 	-57.122157 	-59.262223 	-57.847527 	-58.418999 	-61.068506 	-58.821061 	-66.819449 	
9.974992 	5.086476 	-0.177818 	-7.263676 	-10.580873 	-16.564359 	-19.774093 	-32.335498 	-55.164583 	-58.529259 	-57.192706 	-57.984075 	-57.714014 	-58.743044 	-58.046462 	-57.170775 	-57.419202 	-57.439173 	-58.156061 	-58.236182 	-59.881554 	
9.471781 	7.283847 	-20.535267 	-25.978982 	-27.310911 	-58.005020 	-63.072495 	-58.114682 	-56.920817 	-59.082281 	-59.411591 	-60.645646 	
9.799219 	-4.886313 	-19.678311 	-16.607353 	-21.062861 	-27.451549 	-31.375102 	-49.212355 	-50.976243 	-56.926229 	-57.575273 	-57.217108 	-59.500165 	-58.075918 	-58.948874 	-61.526435 	-59.309724 	-59.606873 	-59.683951 	-58.609130 	-58.393274 	-62.646430 	-60.886930 	-59.582627 	-58.633272 	-60.461492 	-61.558035 	-60.830063 	-57.662649 	-59.390815 	-60.457581 	
10.084452 	-12.145737 	-21.477418 	-21.749423 	-19.881126 	-20.100091 	-26.623493 	-26.286883 	-28.506809 	-38.067588 	-40.992769 	-54.832761 	-55.318450 	-55.397254 	-56.101065 	-55.972474 	
9.168761 	-2.557984 	-3.463859 	-6.018192 	-8.012304 	-11.638632 	-28.446272 	-35.001937 	-40.829641 	-40.984303 	-43.877824 	-59.248525 	-58.377774 	-57.847701 	-58.350030 	-59.955627 	-59.186906 	-60.331017 	-57.909055 	-58.268039 	-58.118201 	
9.688002 	-7.371469 	-16.768292 	-24.508569 	-38.905687 	-41.503629 	-58.977971 	-59.279438 	-57.274731 	-57.988787 	-59.459795 	-58.362129 	-57.458834 	
9.936445 	-47.397282 	-57.678299 	-59.171284 	-60.594206 	-58.403934 	-57.876514 	-59.860668 	-58.357661 	-62.325383 	-58.135474 	-60.040528 	-59.926347 	-57.929194 	-58.838603 	-59.340698 	-61.919764 	-60.424174 	
9.841588 	-2.441402 	-5.306578 	-19.420395 	-21.718354 	-27.040683 	-42.647881 	-39.070505 	-56.178835 	-56.018384 	-56.577418 	-57.082625 	-57.624968 	-57.783851 	-57.283239 	
9.756821 	4.596134 	-0.945313 	-2.372174 	-4.286659 	-6.288893 	-11.572768 	-14.157195 	-29.713296 	-39.477756 	-44.031424 	-51.097107 	-58.979025 	-58.194142 	-58.940683 	-59.564772 	-62.428981 	-59.720639 	-57.805003 	-60.575861 	
9.793272 	-1.170721 	-27.737572 	-31.285727 	-33.775772 	-39.774761 	-52.407974 	-57.216476 	-59.595500 	-58.633101 	-60.455867 	-59.116324 	-60.552833 	-57.689725 	-59.268747 	-61.282412 	-59.089834 	-59.538311 	-60.112267 	-57.635037 	-59.445199 	
10.004138 	-2.378107 	-3.690477 	-6.103285 	-17.410339 	-21.112637 	-25.716042 	-38.248306 	-57.452894 	-57.828480 	-59.585727 	-57.853749 	-61.920511 	-60.084744 	-61.717337 	-60.064014 	-60.731427 	-58.046083 	-57.312278 	-59.010630 	-58.397545 	-58.673591 	-57.719063 	
9.486445 	0.101627 	-0.176572 	-7.429290 	-12.623528 	-30.842964 	-30.916511 	-36.281363 	-35.511875 	-38.821871 	-37.613805 	-42.448364 	-40.715104 	-41.268620 	-50.125060 	
10.094584 	-0.431037 	-27.583002 	-32.152082 	-33.090448 	-58.046427 	-58.530202 	-57.331317 	-59.317272 	-58.158338 	-59.825504 	-58.213019 	-57.314641 	-60.905625 	-59.064312 	-57.907429 	-57.967065 	-59.034127 	-58.289249 	-59.923627 	-60.905221 	
10.432893 	4.047021 	1.768660 	-4.085658 	-20.348739 	-37.637432 	-37.204008 	-40.056898 	-46.503354 	-59.615773 	-57.797876 	-57.820108 	-60.696201 	-56.891627 	-57.191516 	-57.086759 	-58.512714 	-57.816854 	-57.294962 	
8.992555 	3.997975 	1.379539 	-2.562249 	-7.677047 	-8.880300 	-13.552394 	-15.731889 	-17.930636 	-21.074302 	-22.836437 	-38.305124 	-40.831681 	-43.089581 	-56.092540 	-57.192298 	-57.100483 	-57.282709 	-59.041618 	-57.531620 	-58.323834 	-59.061014 	
