10.115458 	4.116244 	-3.236750 	-1.015188 	-0.990934 	-3.392121 	-12.678372 	-16.348616 	-33.405700 	-36.330626 	-50.798848 	-50.996171 	-51.985126 	-57.373455 	-55.732401 	-55.654042 	-57.140054 	
9.725510 	-6.881987 	-14.447760 	-24.210650 	-27.668761 	-31.609168 	-40.836672 	-42.521806 	-42.982193 	-55.782464 	-56.293684 	-57.841669 	-59.361268 	-60.644367 	-56.829627 	-57.919255 	-57.336514 	-59.846268 	-62.257479 	-60.210900 	-58.645509 	-57.650649 	
9.950621 	5.800964 	1.728186 	1.945896 	-24.250134 	-30.583456 	-27.134885 	-34.335454 	-36.517322 	-40.697286 	-47.747139 	-49.523927 	-58.644422 	-55.847874 	-58.024632 	-57.283447 	-62.632096 	-58.773090 	-57.314914 	
9.602147 	7.256597 	-5.402359 	-8.527244 	-9.923574 	-35.397423 	-36.856461 	-37.133397 	-43.614187 	-50.824645 	-46.243219 	-47.405797 	-50.636086 	-56.911708 	-56.814193 	-57.990888 	
9.854556 	1.703268 	-3.847683 	-9.363273 	-8.394474 	-11.977862 	-14.376667 	-21.117234 	-25.337377 	-25.942316 	-25.400888 	-27.502174 	-28.460900 	-33.159199 	-36.132914 	-38.293202 	-39.869439 	-46.489537 	-45.283336 	-48.489825 	-55.619624 	-54.817241 	
9.660731 	0.150995 	0.199846 	-2.709287 	-5.947194 	-7.891472 	-12.484066 	-19.627404 	-20.957329 	-37.245696 	-41.792171 	-40.939457 	-53.875175 	-54.816749 	-56.238284 	-57.233952 	-56.263355 	-56.535934 	
9.581569 	-2.599671 	2.705560 	-4.849655 	-6.811186 	-17.477486 	-16.419206 	-39.934825 	-50.428325 	-49.068687 	-49.025867 	-54.069648 	-55.493017 	
9.389659 	-0.827615 	-4.294106 	-6.206279 	-10.804016 	-17.873426 	-17.116854 	-17.864325 	-23.319902 	-23.505421 	-25.040649 	-26.076552 	-35.195560 	-37.472207 	-40.813114 	-45.103709 	-46.353471 	-46.699908 	-46.388471 	-46.184378 	-47.664499 	-50.503240 	-49.263405 	-51.876994 	-51.167925 	-56.660955 	
10.147604 	5.304085 	3.311900 	1.011353 	-1.999621 	-5.068069 	-0.878346 	-9.926699 	-8.909188 	-15.412658 	-18.212774 	-29.367378 	-28.546197 	-29.925130 	-34.028180 	-33.830777 	-36.189759 	-37.060484 	-41.262628 	-43.147879 	
9.757348 	5.579033 	4.646683 	2.798992 	-1.423480 	-0.774768 	0.759929 	0.410042 	-1.157180 	-9.020698 	-7.803396 	-7.400455 	-9.219801 	-10.547510 	-9.823084 	-8.805499 	-9.986349 	-14.103015 	
10.066181 	3.448638 	-6.258208 	-9.001726 	-14.911221 	-12.051096 	-14.780032 	-16.409223 	-17.260588 	-23.305241 	-26.394118 	-32.705168 	-31.462984 	-34.370425 	-34.037047 	-34.220064 	-38.022393 	-40.017200 	-43.778229 	-45.615381 	-43.248317 	-45.435523 	
9.682105 	-10.104830 	-11.063040 	-12.604873 	-15.551299 	-22.459953 	-25.805210 	-34.831803 	-32.732503 	-47.055437 	-44.214198 	-46.123527 	-49.076798 	-55.664903 	-57.305295 	-55.487881 	-56.604583 	-56.598994 	
9.987020 	1.831602 	-17.046153 	-18.545416 	-18.607794 	-25.852901 	-42.586746 	-43.030553 	-58.066501 	-57.889835 	-59.386958 	-59.214946 	-57.766096 	-58.096029 	-57.853175 	-58.872069 	-59.514663 	-58.682828 	-59.633561 	-57.587285 	-59.824117 	-58.642825 	
9.808171 	6.907927 	-24.784975 	-43.872368 	-52.557299 	-51.885970 	-58.559461 	-58.792101 	-59.230721 	-57.590400 	-60.296354 	-57.817367 	-59.001878 	-59.098653 	-59.451561 	-60.189976 	-60.005204 	-59.792913 	-61.086941 	
9.830134 	0.090668 	-0.875269 	-7.396746 	-14.750117 	-11.937004 	-15.232715 	-15.250641 	-26.702022 	-26.815505 	-29.890514 	-31.295448 	-33.232442 	-35.573947 	-37.666673 	-37.773894 	-39.504284 	-39.875383 	
9.895908 	0.606525 	-1.442738 	-11.988265 	-11.993171 	-18.190327 	-23.880363 	-38.091554 	-39.290677 	-44.189038 	-50.169190 	-51.398420 	-55.346819 	-54.618963 	-56.356438 	-56.765044 	
10.016505 	2.092370 	-6.015866 	-5.960070 	-6.414550 	-7.500458 	-9.819910 	-11.388773 	-10.395872 	-12.525501 	-15.417628 	-14.863703 	-17.231082 	
10.000373 	6.307797 	0.105623 	-5.292017 	-8.939220 	-12.775705 	-14.938470 	-14.452865 	-18.197275 	-18.816622 	-21.103382 	-24.008772 	-24.341965 	
9.625100 	-4.297171 	-10.975656 	-11.190994 	-16.947857 	-25.029692 	-34.606696 	-41.904966 	-60.216772 	-58.294538 	-58.252306 	-57.652986 	-59.115436 	-58.034943 	-57.971018 	-59.882141 	-58.182254 	
9.287418 	9.141894 	1.020710 	3.763948 	2.479576 	0.833060 	-1.297067 	-3.027921 	-9.282805 	-10.506841 	-9.522937 	-11.281874 	-13.826246 	-11.754154 	-15.746115 	-14.523950 	-15.550838 	-16.299171 	-15.687345 	-16.254428 	
