10.170182 	-0.721346 	-4.226803 	-2.238359 	-8.182602 	-15.928483 	-19.995887 	-32.169877 	-56.864800 	-57.382990 	-56.313528 	-56.829375 	-57.506936 	-57.537480 	-57.594822 	-58.125708 	-59.267641 	
9.866439 	-5.313917 	-11.773839 	-17.767842 	-35.114775 	-56.107852 	-57.692573 	-57.085455 	-59.352173 	-57.905133 	-59.064326 	-56.913728 	-56.657876 	-60.134846 	-56.659550 	
9.489806 	-28.003984 	-29.991429 	-59.321132 	-59.426993 	-57.532198 	-58.761443 	-58.391696 	-60.163268 	
10.014511 	-2.040633 	-12.909067 	-27.324817 	-33.761797 	-32.856631 	-39.022494 	-40.357383 	-52.452919 	-53.762739 	-57.614005 	-58.160930 	-59.131115 	-59.068945 	-57.662267 	-57.758017 	-59.113025 	
9.540055 	-1.602748 	-12.604066 	-32.889328 	-47.801991 	-51.347970 	-58.542636 	-56.998497 	-58.869609 	-57.427759 	-59.674674 	
9.859639 	-5.334516 	-9.472128 	-36.142131 	-36.569185 	-49.510802 	-58.661841 	-58.419202 	-61.333407 	-62.566504 	-59.628030 	-58.373027 	-58.550578 	-58.862366 	-60.066148 	-57.921088 	-61.086195 	-59.955395 	-60.823368 	-59.509299 	-63.464583 	-60.558154 	-57.351941 	
10.116179 	2.636560 	1.819118 	-29.823253 	-58.411022 	-57.656231 	-58.261832 	-58.224095 	-58.636542 	-60.374283 	-60.648113 	-62.552205 	-58.558054 	-59.335302 	-59.715247 	-57.278050 	-58.245043 	-58.084225 	-58.528762 	-58.737546 	
9.540450 	-10.893980 	-26.082390 	-42.396250 	-54.116768 	-59.470544 	-58.282975 	-58.475395 	-58.565323 	-58.682614 	-57.775705 	-59.780670 	-60.098122 	-59.947057 	-58.787936 	-59.833777 	-57.358016 	-61.043153 	-58.862115 	-58.723128 	
9.690293 	-0.085967 	-8.780675 	-8.429032 	-11.438696 	-30.530746 	-38.743867 	-42.227340 	-44.947893 	-55.825689 	-53.506392 	-56.485599 	-56.562098 	-56.926889 	-57.151814 	-62.495162 	-58.837747 	-61.043857 	
10.167957 	-0.529493 	-1.762709 	-8.151312 	-16.514401 	-23.839962 	-36.507960 	-51.291314 	-54.922813 	-58.739006 	-57.843394 	-58.337428 	-59.000618 	-59.353806 	-58.830592 	-60.052725 	-59.955471 	-58.938263 	-61.576577 	-56.861659 	-57.348886 	-59.951475 	-60.016922 	
9.587388 	-12.197315 	-29.486115 	-47.461334 	-59.399985 	-58.313396 	-59.191770 	-61.343448 	-61.396192 	-58.017380 	-58.114655 	-57.589784 	
9.583769 	-5.773733 	-12.052266 	-16.640677 	-20.170611 	-21.393998 	-42.319506 	-49.289442 	-58.207215 	-59.684916 	-58.692588 	-59.859741 	-58.653065 	-59.412341 	-60.919548 	-58.899405 	-58.451399 	-60.132655 	-58.922045 	-59.936094 	
9.840992 	-19.507445 	-16.612868 	-38.648687 	-46.118236 	-48.926465 	-51.405714 	-57.770131 	-57.623252 	-58.968972 	-59.186030 	-59.230324 	-58.353039 	-57.093656 	-58.575960 	
9.866583 	-26.583639 	-32.871597 	-29.182453 	-41.090928 	-43.500271 	-48.257161 	-59.049972 	-57.055621 	-58.683469 	-57.106819 	-58.241224 	-58.499803 	-58.140037 	-57.636011 	
10.115410 	-3.114349 	-19.030829 	-24.737412 	-41.224794 	-46.409757 	-57.469895 	-59.130098 	-59.164848 	-57.667860 	-58.669740 	-59.249763 	-59.858330 	-57.226205 	-56.916413 	-61.053846 	-59.422327 	-57.235935 	-59.496593 	-58.313911 	-62.001998 	
9.415916 	0.772821 	-1.807498 	-6.249429 	-12.764731 	-28.919082 	-30.334013 	-27.826538 	-31.468964 	-35.166187 	-34.274587 	-47.062949 	-47.707177 	-48.068782 	-54.578176 	-58.118104 	-61.919275 	-60.261931 	-59.491384 	-58.715073 	-59.401231 	-57.528239 	-57.610122 	-61.506484 	-58.428185 	
9.496175 	-3.269857 	-19.104632 	-54.870847 	-57.272122 	-58.650842 	-58.607967 	-59.026795 	-57.918684 	-59.543844 	-57.630669 	-58.679087 	-58.487418 	
9.666383 	-10.129430 	-28.274619 	-36.039871 	-38.543549 	-40.063105 	-41.292336 	-51.462421 	-49.033298 	-50.500779 	-58.021949 	
9.486669 	-1.181135 	-8.667379 	-12.730089 	-37.362859 	-50.639949 	-58.568581 	-58.012663 	-60.082818 	-57.403738 	-63.150483 	-56.606605 	-60.395137 	-58.441261 	
9.963555 	3.194762 	-14.547922 	-37.842556 	-44.180370 	-57.900861 	-57.274311 	-57.578943 	-59.781852 	-59.261530 	-59.057358 	-58.895170 	-58.208743 	-62.159602 	-59.328720 	-61.689702 	-61.013320 	
10.241308 	-1.445260 	-6.543583 	-6.430200 	-45.771930 	-52.805856 	-59.295911 	-58.480519 	-59.304673 	-61.335818 	-56.941677 	-59.988817 	-59.336532 	-59.684183 	-58.918087 	-58.963321 	-59.234327 	-57.463147 	-57.072562 	
