9.626343 	3.994715 	-5.291996 	-6.175092 	-11.549857 	-13.212124 	-17.051418 	-16.502523 	-17.945887 	-18.658302 	-23.971171 	-20.666368 	-21.108280 	-24.869674 	-25.850104 	
9.671709 	-2.514754 	-11.070237 	-12.430636 	-22.501594 	-23.588545 	-23.723392 	-31.928550 	-33.485422 	-40.710332 	-49.898537 	-54.666537 	-55.669572 	-57.225890 	-58.205577 	-58.613801 	-57.678806 	-58.278896 	-56.259700 	
10.129556 	1.388108 	-8.017671 	-9.414051 	-20.974090 	-22.549869 	-32.235263 	-33.589124 	-36.590356 	-39.867971 	-38.797732 	-48.520795 	-55.044200 	-55.544572 	-57.221957 	-56.465766 	
9.196597 	-2.719268 	-3.228045 	-4.561441 	-6.343441 	-16.430671 	-15.271807 	-15.554622 	-16.877137 	-22.366592 	-23.103429 	-27.627595 	-28.315957 	-27.948566 	-28.360926 	-28.678149 	-31.154797 	-32.855665 	-33.563636 	-40.671006 	-36.227080 	
10.046356 	5.635821 	1.519341 	-2.804901 	0.352109 	-4.153926 	-4.885680 	-5.930528 	-7.612010 	-8.222166 	-9.902977 	-12.841066 	-17.078750 	-19.425858 	-21.469012 	-29.225213 	-26.147380 	-24.007781 	-24.409824 	-24.730496 	-24.292787 	-28.647387 	-28.439232 	-30.249920 	-30.629433 	
9.910104 	-0.262898 	2.249972 	-0.138650 	-2.444189 	-45.729006 	-48.402801 	-54.300130 	-52.034548 	-52.971725 	-52.255019 	-55.656536 	-54.142104 	-56.624646 	-57.232706 	-58.547343 	-59.904610 	
9.548991 	2.194994 	1.246849 	-6.790472 	-12.791788 	-12.355660 	-23.754403 	-29.952758 	-45.202835 	-54.902007 	-58.016682 	-58.525647 	-63.762182 	-59.660703 	-59.423781 	-59.119306 	-57.760309 	-59.378929 	-59.377854 	-59.962852 	-59.189384 	
9.918850 	-9.467428 	-11.266444 	-14.236513 	-16.906122 	-16.900717 	-17.865419 	-21.046121 	-22.058478 	-25.742005 	-32.254160 	-32.838765 	-36.916263 	-40.195539 	-40.102823 	-40.184076 	-43.083467 	-41.795305 	-45.208952 	-45.255359 	
9.237843 	1.875004 	-2.091592 	-1.882682 	-15.861845 	-18.424455 	-18.846237 	-20.508245 	-20.730161 	-27.317500 	-26.153511 	-28.441387 	-37.839158 	-36.288609 	-38.107612 	-41.036862 	-41.579142 	-43.455865 	-44.873053 	
9.514611 	2.252252 	-0.944816 	-8.362762 	-6.618805 	-10.451267 	-13.767945 	-27.170100 	-32.339799 	-41.534273 	-44.455456 	-51.923917 	-52.011314 	-52.097526 	-51.686082 	-56.634111 	-57.945054 	-55.436648 	-57.328266 	-56.509035 	
9.988674 	-4.711634 	-7.835843 	-14.405960 	-27.536704 	-32.724042 	-44.715861 	-48.884178 	-50.348936 	-57.176764 	-60.861616 	-60.996910 	-60.941963 	-57.646376 	-58.281874 	-58.798633 	-57.964458 	-57.911355 	-58.567022 	
9.896708 	3.986343 	-10.534634 	-7.640091 	-12.325751 	-20.605967 	-25.418292 	-29.723496 	-46.555050 	-57.933201 	
9.434382 	6.920544 	-10.170961 	-7.955093 	-25.692091 	-31.989144 	-43.210624 	-43.903873 	-46.231008 	-44.780537 	-49.001995 	-50.166804 	-51.166486 	-53.289027 	-56.009261 	-57.325285 	
10.056029 	-0.502602 	-8.024810 	-14.264495 	-14.586434 	-27.458019 	-31.860602 	-56.747363 	-55.721683 	-57.799192 	-58.274844 	-58.974510 	-62.897424 	-56.822703 	-59.239921 	-58.625209 	-57.953038 	-58.568484 	
9.955845 	-3.793012 	-6.458241 	-9.655114 	-10.989887 	-18.036066 	-13.939892 	-18.148528 	-30.308465 	-35.895704 	-41.476436 	-47.180522 	-53.163845 	-52.989792 	-56.847614 	-58.389593 	-57.724814 	-58.194809 	-56.977266 	-56.737549 	-57.005060 	-59.929906 	-58.464291 	
9.870533 	-1.044011 	-3.551911 	-2.663536 	-6.719037 	-8.125946 	-9.052960 	-10.593432 	-16.768939 	-16.718269 	-18.549691 	-19.878307 	-20.504190 	-27.030716 	-27.445148 	-27.907312 	-28.693097 	-28.665130 	-30.934690 	-33.084425 	
9.874798 	5.704159 	-9.854814 	-12.817532 	-12.154001 	-13.156551 	-16.228089 	-30.887472 	-30.668441 	-47.335954 	-52.259616 	-56.347087 	-57.747401 	-62.516411 	-58.834324 	-59.051467 	-57.810790 	-57.278786 	-59.545442 	-57.448495 	-60.376756 	-60.271845 	
9.950410 	4.617540 	3.274984 	5.231215 	1.268081 	-1.140425 	-2.108715 	-8.459469 	-15.039917 	-11.314452 	-13.335071 	-14.276644 	-18.636514 	-20.353830 	-19.175116 	
9.809482 	-1.450925 	-2.770253 	-7.519501 	-5.812778 	-8.599001 	-19.040770 	-20.991684 	-28.353925 	-42.456990 	-41.882616 	-54.096204 	-56.636264 	-58.500903 	-58.899506 	-63.273571 	-58.933005 	-59.988621 	-59.938833 	-59.634402 	-59.832940 	-61.767340 	-58.458301 	-59.551925 	-58.756393 	-61.284370 	-58.631744 	-57.940063 	
9.551754 	-0.457790 	-3.182261 	-4.598780 	-11.610967 	-14.216225 	-23.742409 	-39.428302 	-49.575878 	-48.523389 	-49.600868 	-53.127470 	-55.246500 	-55.717727 	-57.402947 	-58.839856 	-57.243214 	-56.380282 	
