9.534924 	-3.118436 	-18.853321 	-23.700796 	-28.007945 	-33.569423 	-34.974399 	-33.865989 	-34.116941 	-33.942714 	-36.280233 	-43.658830 	-44.575298 	-46.734491 	-46.069095 	
9.773572 	2.226890 	-15.547438 	-17.886653 	-33.295879 	-46.467789 	-51.944780 	-54.242000 	-56.214132 	-59.865679 	-57.375906 	-59.072163 	-57.850926 	-58.771600 	-57.767763 	-57.808084 	-57.765641 	-58.801538 	
9.758683 	0.341949 	-5.450181 	-7.580513 	-9.704704 	-13.378668 	-11.672884 	-12.583683 	-12.210542 	-13.894513 	-19.749183 	-21.383155 	-25.990157 	-24.401156 	-38.799638 	-48.256844 	-43.068448 	-54.935433 	-56.235221 	-58.185328 	-58.896636 	-57.635981 	-57.384350 	-57.413135 	-57.328016 	-61.110969 	
10.731662 	2.620634 	-1.459126 	-7.100941 	-10.121636 	-23.606655 	-28.707541 	-33.405607 	-44.667062 	-49.585720 	-58.424724 	-56.809365 	-58.089070 	-58.612991 	-57.330605 	-57.552766 	-60.488119 	-56.285276 	
9.606081 	-10.274785 	-30.549290 	-32.787256 	-35.767098 	-42.216801 	-60.228379 	-59.015126 	-59.104771 	-59.887986 	-58.649568 	-59.023916 	-58.389226 	-60.666317 	-58.145081 	-58.590750 	
9.596078 	4.006891 	-8.941132 	-15.754914 	-14.734453 	-19.081014 	-23.595380 	-24.442283 	-27.558190 	-31.712396 	-38.715550 	-39.288987 	-50.293835 	-53.333201 	-56.073840 	-56.185510 	-57.522576 	
9.601435 	4.165682 	-0.383339 	-1.272711 	-8.691730 	-12.672055 	-21.079400 	-30.336260 	-57.137394 	-57.531593 	-59.966850 	-60.345022 	-61.199005 	-58.230699 	-59.105142 	-57.336528 	
9.763910 	4.485054 	2.663299 	-2.479934 	-8.276342 	-16.077748 	-37.053847 	-41.123411 	-42.074219 	-58.563876 	-58.205430 	-59.823207 	-59.046764 	-59.340899 	-60.014886 	-59.767270 	-58.128104 	-60.506672 	-59.269834 	-59.168034 	-57.860399 	
9.762324 	-2.659021 	-3.787775 	-14.894285 	-16.972709 	-16.099737 	-15.489024 	-23.875606 	-24.489619 	-52.624869 	-53.723125 	-56.571581 	-56.730794 	-58.998360 	-58.683991 	-56.811697 	-56.381956 	-58.843095 	-56.889346 	-57.595556 	
9.531340 	3.851526 	-5.116910 	-7.075623 	-15.532448 	-17.056970 	-26.137596 	-32.094437 	-32.607529 	-50.048286 	-55.485664 	-57.334540 	
10.373239 	-6.669420 	-15.397669 	-22.505343 	-25.373924 	-31.594355 	-56.612815 	-57.255079 	-59.111468 	-59.630562 	-58.721756 	-60.094006 	-58.263908 	-60.460970 	-59.291154 	-58.380583 	-60.286696 	-57.549833 	-57.943357 	-58.653790 	-58.576220 	-57.599790 	
9.468202 	-10.836402 	-9.909639 	-32.473329 	-44.114638 	-45.352523 	-58.107809 	-58.613724 	-57.835190 	-58.702464 	-57.961489 	-58.171509 	-58.918273 	
9.197102 	3.728971 	-5.857585 	-4.566224 	-11.355335 	-18.449076 	-20.505895 	-20.915917 	-23.865732 	-40.413784 	-39.736144 	-41.060112 	-45.335115 	-51.226508 	-57.619833 	-57.981960 	-57.573959 	-58.740186 	-57.043063 	
9.637663 	-0.558328 	-5.168475 	-7.705708 	-7.700527 	-10.101517 	-11.156078 	-13.719714 	-15.195165 	-26.825508 	-29.232748 	-30.398693 	-42.364170 	-42.133322 	-45.425560 	-51.527508 	-56.240277 	
9.822728 	-6.304434 	-34.434913 	-43.126703 	-47.523084 	-45.791984 	-48.954747 	-48.873803 	-51.228854 	-56.128069 	-56.138965 	-57.084559 	-57.457085 	
9.970084 	-20.082894 	-33.435652 	-34.909132 	-44.452139 	-57.314978 	-57.916890 	-61.004192 	-58.654887 	-59.855713 	-59.854708 	-60.737933 	-57.582698 	-60.988424 	-58.660576 	-63.934245 	-58.699569 	-59.504115 	-59.593596 	-60.960588 	-59.037080 	
9.609139 	1.493469 	-0.514706 	-3.859150 	-8.884329 	-12.018895 	-23.305416 	-34.681820 	-51.742052 	-55.890965 	-58.652157 	-59.071811 	-58.634144 	-58.454864 	-58.233655 	-58.822540 	-59.192276 	-58.684745 	-59.364327 	-61.438857 	-58.612731 	-58.103743 	-58.121978 	-58.701849 	
9.426023 	8.063825 	-0.842539 	-11.589053 	-38.400595 	-52.265557 	-56.060018 	-57.794010 	-59.127244 	-58.192290 	-58.079607 	-58.572525 	-60.481594 	-59.684906 	-58.216920 	-59.359068 	-59.354668 	-58.091006 	-59.243468 	-58.434666 	-59.689398 	
9.477462 	-14.987804 	-18.912232 	-24.525589 	-44.384318 	-52.858028 	-53.920207 	-56.879427 	-59.660953 	-57.760873 	-57.248807 	-60.662500 	-60.300119 	-58.637461 	
9.987353 	-15.462346 	-25.117805 	-58.830443 	-57.295502 	-58.507236 	-60.090718 	-57.300137 	-59.263823 	-58.733943 	-58.624928 	-60.128688 	-56.645538 	-64.667926 	-57.490546 	-58.297576 	-58.580920 	-62.263999 	-60.144235 	-57.850918 	
9.568185 	-3.393033 	-5.998728 	-11.807972 	-32.199454 	-30.484341 	-32.003578 	-36.103073 	-45.742856 	-49.351656 	-52.570421 	-56.571104 	
