9.602887 	-10.714912 	-14.833611 	-32.598153 	-40.430717 	-58.245133 	-59.031390 	-58.996746 	-58.253348 	-58.541044 	-57.857661 	-63.297038 	-59.616012 	-58.833593 	
9.948283 	-15.024255 	-20.715758 	-24.676041 	-35.682410 	-39.077165 	-55.507812 	-58.565296 	-58.271197 	-56.997696 	-60.579416 	-60.745142 	-61.220520 	-57.029318 	
9.741633 	0.583615 	-3.084610 	-3.958402 	-5.811592 	-12.728940 	-23.428961 	-35.634928 	-42.222894 	-46.136876 	-47.566158 	-50.330823 	-47.026745 	-51.297984 	-48.645865 	-49.240569 	-51.246510 	-51.779834 	-56.219506 	-56.351272 	-56.014213 	-56.173164 	
9.654560 	-8.295202 	-19.130767 	-22.281721 	-21.934025 	-57.959901 	-59.819249 	-58.412047 	-58.593198 	-59.843758 	-59.419229 	-61.024320 	-60.271773 	-62.688083 	-58.413877 	-60.775636 	-59.768916 	-57.893114 	-59.936357 	-57.776521 	-58.512002 	
9.933579 	-8.570546 	-34.644861 	-57.149742 	-57.533534 	-60.134790 	-57.044704 	-59.360910 	-57.301008 	-58.956736 	-57.964368 	-58.328091 	-58.145057 	
9.884912 	-7.126999 	-17.348555 	-37.704790 	-42.091083 	-57.624169 	-57.091350 	-59.031013 	-57.554486 	-59.798637 	-58.148826 	-58.663803 	-59.771982 	-59.594566 	-58.652832 	-57.827292 	-60.188573 	-58.181226 	-58.661271 	-58.193829 	-57.609232 	-57.576022 	-57.480848 	-59.809547 	
10.062856 	-0.111254 	-54.257390 	-55.595048 	-56.902120 	-60.150995 	-59.492587 	-58.738187 	-59.857637 	-58.152048 	-57.835853 	-59.123272 	-58.798374 	
10.516902 	3.477834 	0.730561 	2.034981 	-9.740948 	-16.981109 	-17.897067 	-16.380438 	-22.933213 	-24.859730 	-32.284454 	-44.901009 	-48.148726 	-58.517800 	-57.233746 	-60.155500 	-58.282294 	-59.798368 	-57.794658 	-57.904981 	-56.961179 	-59.016449 	-58.591298 	-56.895237 	-57.030965 	
9.943111 	-7.577203 	-18.468287 	-27.130760 	-33.452667 	-43.306330 	-49.680008 	-57.759375 	-59.202734 	-57.990207 	-57.923965 	-57.723407 	-57.269366 	-58.244358 	-58.467298 	-57.464431 	-59.117463 	-56.551598 	-59.733515 	-58.032498 	
9.752167 	-9.929795 	-32.873688 	-33.377191 	-48.036988 	-60.101943 	-58.749225 	-57.762974 	-61.044680 	-58.816004 	-57.765050 	-58.353006 	-60.200343 	-60.577507 	-58.023876 	-57.551473 	
9.734576 	-2.765916 	-4.495426 	-25.874412 	-44.703765 	-43.536508 	-54.107942 	-58.626102 	-58.851240 	-58.035133 	-58.474328 	-58.514039 	-59.845767 	-58.641676 	-57.896299 	-57.260753 	-61.080601 	-57.988240 	-61.918262 	-59.507663 	-59.920101 	-59.538484 	-58.631385 	-58.466963 	-58.040025 	-58.668790 	
9.938377 	-7.291742 	-13.078090 	-11.805642 	-14.601245 	-16.480380 	-21.446969 	-18.927063 	-29.496040 	-30.897492 	-29.748006 	-34.951261 	-36.256841 	-38.736769 	-40.748362 	-44.149381 	-46.912871 	-45.698995 	-52.191053 	
9.571425 	-3.275055 	-11.231125 	-18.371718 	-23.383347 	-41.457796 	-54.672353 	-58.753007 	-56.795624 	-57.776605 	-57.873727 	-60.512127 	-58.238801 	-57.310854 	-57.970793 	-57.976064 	
10.146719 	-0.271615 	-10.258266 	-13.033396 	-31.059294 	-57.284305 	-56.958166 	-56.851870 	-57.220223 	-57.485972 	-57.678578 	-59.772218 	-61.591598 	-57.360796 	-59.894907 	-57.346801 	-58.917762 	-56.478188 	-57.276013 	-58.855225 	-58.551063 	-59.824734 	-59.543944 	-59.554192 	-58.431540 	-58.081502 	-57.355357 	
9.491583 	-57.617595 	-59.237344 	-58.841525 	-60.869103 	-58.626556 	-59.201565 	-62.018866 	-58.976677 	-59.057215 	-59.168118 	-58.165514 	-59.198291 	-58.984267 	-61.159886 	-60.933742 	-59.843740 	
9.396581 	7.319532 	-3.235994 	-4.267298 	-10.513436 	-11.008141 	-11.722978 	-13.651480 	-12.981568 	-20.615790 	-23.613674 	-22.989971 	-24.117507 	-25.501007 	-25.816159 	-26.541628 	-31.197994 	-31.110704 	-34.805597 	-33.704949 	-33.129754 	
9.875132 	-17.624775 	-28.241086 	-57.615560 	-57.353759 	-59.848991 	-60.254574 	-58.689109 	-59.644702 	-58.245496 	-59.454370 	-59.427083 	-61.210581 	-58.681290 	-58.232419 	-59.703498 	-58.750589 	-58.669105 	
9.668259 	4.521980 	2.463007 	4.238542 	-5.125604 	-8.949247 	-21.852079 	-34.579987 	-37.454937 	-44.446893 	-59.401282 	-58.736697 	-58.146227 	-61.537868 	-58.007240 	-58.123542 	-57.646700 	-58.942867 	-58.292528 	-59.798431 	-59.513766 	-58.877890 	-57.044600 	
9.830184 	-4.504812 	-11.813120 	-13.664776 	-20.693312 	-23.202101 	-28.322449 	-31.883943 	-30.426797 	-34.610105 	-37.943405 	-42.488986 	-42.840480 	-54.158530 	-56.145115 	-57.820229 	-57.253613 	-57.873463 	-57.172112 	-57.168198 	-57.863811 	-58.073039 	
9.410084 	-22.623420 	-22.673074 	-33.836742 	-60.329461 	-58.739826 	-57.864099 	-60.970372 	-62.690445 	-58.680453 	-58.013839 	-59.516617 	-60.888952 	-58.140151 	-62.579848 	-64.288681 	-57.961940 	
