9.732380 	-27.626680 	-48.172209 	-56.598282 	-59.059115 	-60.944684 	-58.446892 	-58.680082 	-59.259457 	-57.405505 	-61.053075 	-57.034154 	-58.094386 	
9.802235 	-7.107663 	-11.086181 	-42.003293 	-43.471231 	-47.958499 	-61.289943 	-59.472399 	-58.081053 	-59.817201 	-58.565687 	-58.119963 	-59.301881 	-59.466540 	-58.611698 	-58.506732 	-59.498451 	-58.322738 	-60.563686 	-61.650738 	
10.022324 	-3.724192 	-7.635851 	-9.039672 	-8.857251 	-9.040228 	-20.218300 	-21.859076 	-25.107457 	-26.676731 	-28.424850 	-28.337580 	-29.375666 	-34.103939 	-36.333769 	-40.447051 	-39.106779 	-40.803666 	-40.683531 	
9.594800 	-4.379536 	-25.493491 	-55.072158 	-61.304405 	-59.567887 	-57.660805 	-61.897156 	-58.338691 	-60.053054 	-59.790844 	-58.573302 	-59.656204 	-59.067003 	-59.467544 	-59.071843 	-58.738025 	-57.772145 	-58.071362 	-60.175006 	-58.478404 	-59.879790 	
9.984626 	-2.615142 	-12.593282 	-20.757019 	-29.906100 	-44.201886 	-48.854602 	-55.353787 	-59.037950 	-57.866742 	-57.720329 	-58.374105 	-59.112094 	-59.922646 	-58.630146 	-58.624892 	-58.859896 	-59.288888 	-58.209348 	-58.999892 	
9.515531 	-4.827900 	-9.399834 	-11.453330 	-31.309473 	-46.899152 	-53.949620 	-52.083348 	-59.217854 	-61.437159 	-59.308595 	-57.902374 	-59.123415 	-58.376700 	-58.489319 	-59.021916 	-57.602882 	-60.243932 	-59.990239 	-59.480878 	
9.844890 	-3.497594 	-26.394278 	-36.425251 	-41.488335 	-47.965825 	-60.557425 	-58.106360 	-59.754948 	-59.457589 	-60.484867 	-58.372988 	-59.798580 	-57.974743 	-59.094673 	-61.286964 	-62.374310 	
10.057011 	3.374300 	-9.303313 	-33.906919 	-41.163714 	-42.362946 	-50.856406 	-56.589112 	-57.859042 	-57.579230 	-58.048407 	-57.599989 	-58.586702 	-56.735583 	-57.267709 	
9.772655 	-24.085846 	-29.346482 	-34.098624 	-46.456898 	-60.263987 	-59.698780 	-59.937836 	-58.084446 	-64.672132 	-58.420740 	-58.759363 	-60.198274 	-60.955678 	-58.015059 	-58.890184 	-59.685123 	
9.329056 	-11.662454 	-13.495348 	-25.334270 	-30.587584 	-38.364468 	-44.065184 	-54.938754 	-59.184460 	-58.723311 	-58.650716 	-58.651678 	-58.944784 	-58.685716 	-58.529478 	-59.557471 	-57.809012 	-60.889042 	-58.128004 	-59.861969 	
9.967350 	-34.928534 	-44.068003 	-49.840157 	-56.115451 	-59.489712 	-58.546703 	-58.982885 	-60.565760 	-59.089577 	-60.009129 	-60.714943 	-58.448903 	-58.944608 	-59.096773 	-59.153299 	-57.437137 	-59.943818 	-57.999969 	-60.845717 	-59.183482 	-58.644672 	-59.913206 	-61.857298 	-59.225990 	-60.867123 	
9.653386 	-16.152323 	-23.207426 	-35.959473 	-55.751871 	-57.659344 	-58.138579 	-58.214002 	-59.369954 	-57.290485 	-58.827120 	-57.515773 	-59.253515 	-58.768390 	
9.737249 	-8.324415 	-8.455300 	-11.873534 	-17.049838 	-17.195070 	-27.231933 	-32.208852 	-34.029371 	-62.186344 	-58.267869 	-58.120159 	-59.072824 	-58.164511 	-60.401756 	-59.433262 	-60.700185 	-60.272999 	-58.028186 	
9.778767 	-17.695331 	-16.137908 	-18.766699 	-25.982940 	-25.562273 	-43.881758 	-60.259603 	-58.376767 	-58.421907 	-58.092125 	-64.624518 	
9.986003 	-2.806944 	-31.548753 	-39.691512 	-49.531889 	-52.603596 	-53.900901 	-58.494106 	-59.132267 	-61.378706 	-58.127412 	-61.144214 	-57.743148 	-58.438553 	-57.794487 	-60.157514 	-57.311923 	-61.526861 	-59.228083 	-59.283951 	-57.508825 	
9.900046 	-5.596805 	-27.254643 	-35.362413 	-47.001902 	-44.960516 	-58.519423 	-61.521196 	-62.832890 	-58.325417 	-59.063730 	-59.831404 	-60.582677 	-59.404549 	-58.812486 	-58.314724 	-59.649878 	-58.124938 	-60.540658 	-58.761974 	-59.172022 	-58.604159 	-62.715505 	-59.542677 	-59.027701 	-62.735460 	
9.255388 	-10.081156 	-24.608280 	-36.132191 	-42.572183 	-58.509422 	-58.745025 	-60.584052 	-60.660338 	-59.044694 	-59.176715 	-63.542620 	-58.521769 	-60.906511 	-59.881117 	
9.227012 	-13.597374 	-19.361460 	-18.289189 	-25.007477 	-30.224830 	-56.150973 	-58.827912 	-58.760722 	-58.794510 	-60.432432 	-60.197639 	-60.052287 	-60.883141 	-58.533944 	-58.834853 	-59.744737 	-60.331671 	-58.242597 	
10.210841 	-10.555778 	-18.223104 	-59.164814 	-58.061562 	-57.679337 	-58.817158 	-60.280578 	-57.353901 	-58.280600 	-57.047365 	-57.198888 	-58.908831 	-60.250240 	-57.571595 	-57.999544 	-58.954616 	
9.039678 	6.904622 	-5.138091 	-56.805369 	-57.845750 	-58.899981 	-58.174139 	-58.328261 	-59.646252 	-59.850677 	-57.721176 	-59.256697 	-60.456668 	-57.209871 	-59.100606 	-57.495636 	-59.603677 	-59.884495 	
