9.348932 	6.543036 	-1.112904 	-2.414195 	-6.699519 	-6.373595 	-8.807412 	-8.106483 	-27.198888 	-29.370503 	-31.898431 	-32.236603 	-31.113955 	-38.512228 	-37.546126 	-40.882247 	-40.657058 	
9.689031 	3.208791 	0.436597 	-4.266463 	-5.455583 	-8.104061 	-8.422719 	-14.493316 	-14.211611 	-16.283156 	-17.726201 	-19.482833 	-20.715115 	-24.065676 	-24.815101 	-28.386803 	-26.550214 	-28.709410 	-30.245506 	-30.373290 	-33.248477 	-32.333427 	
9.892911 	-2.225699 	-3.373517 	-8.924267 	-9.555667 	-9.419644 	-17.224967 	-18.525378 	-25.055801 	-24.741375 	-31.144136 	-31.146058 	-39.900541 	-42.410075 	-53.111827 	-52.753932 	-52.915900 	-56.998589 	-58.042560 	-56.966172 	-59.568294 	
9.658275 	4.060098 	-7.447338 	-8.316621 	-8.649467 	-15.417964 	-20.319637 	-22.618996 	-29.381406 	-37.820485 	-40.388924 	-43.531527 	-44.473111 	-42.728359 	-44.736324 	-46.980794 	-46.254671 	-46.857917 	-53.113879 	-50.269327 	-51.566872 	-53.601469 	-56.488531 	-54.773380 	-55.378314 	-56.116637 	-55.152282 	
9.669856 	4.336076 	5.143090 	-11.971365 	-14.271885 	-24.559637 	-26.215401 	-30.820588 	-38.815913 	-41.820583 	-49.172723 	-47.992462 	-48.827764 	-52.570417 	-54.950421 	-52.604851 	-55.069369 	-55.844618 	-55.725423 	-54.831782 	-55.852386 	
9.830585 	-1.500648 	-1.018828 	-15.444303 	-15.943300 	-18.980892 	-21.521731 	-24.239966 	-27.347084 	-33.209814 	-35.968429 	-40.317444 	-42.488448 	-39.317521 	-41.051490 	-42.379138 	-45.003744 	-46.815129 	-46.179584 	-47.168458 	
9.744101 	8.027508 	-10.100997 	-29.076141 	-27.559097 	-36.550835 	-45.187330 	-47.093510 	-54.933184 	-57.427727 	-56.988385 	-59.686737 	-57.096049 	-59.539384 	-57.912161 	
8.877104 	9.053035 	2.887882 	-4.839769 	-6.768379 	-14.679509 	-24.960003 	-27.637652 	-58.640819 	-58.847126 	-56.564145 	-60.647014 	-57.841132 	-60.641553 	-58.158984 	-60.358787 	
9.921668 	-11.583203 	-9.548954 	-14.623160 	-15.413659 	-15.019589 	-21.154013 	-27.880145 	-32.273411 	-36.817638 	-41.025302 	-44.085121 	-45.204942 	
9.662935 	2.845673 	-3.398420 	-5.559584 	-6.917596 	-8.736720 	-11.249265 	-21.352505 	-19.162709 	-29.198450 	-44.187764 	-47.645832 	-52.490486 	-54.026082 	-54.634749 	-56.459538 	-56.245503 	-55.565426 	-57.370818 	-56.994350 	-56.711356 	
10.126680 	-0.030498 	-6.890591 	-9.500539 	-28.425852 	-41.870880 	-38.029089 	-43.104651 	-59.517344 	-57.300084 	-58.301022 	-58.339295 	-60.298158 	-58.775351 	-58.026190 	-57.973692 	-57.575307 	
9.954506 	-1.744470 	-8.071481 	-10.584519 	-17.412643 	-19.796061 	-20.394379 	-29.704910 	-30.182529 	-33.396577 	-32.713202 	-34.036987 	-36.055841 	-37.708432 	-37.385158 	-38.400930 	-39.481984 	-42.819974 	
9.392005 	6.135109 	0.454497 	-29.046699 	-29.531889 	-36.086576 	-38.814684 	-39.286023 	-40.253457 	-41.592973 	-43.055058 	-49.513216 	-50.676205 	-53.451512 	-56.156845 	-57.038705 	-56.800682 	
9.748847 	-4.090207 	-5.138835 	-9.105291 	-28.818795 	-39.643713 	-40.683048 	-51.262129 	-58.523508 	-56.288204 	-59.681038 	-59.404659 	-59.007324 	
9.675388 	6.991321 	-7.702839 	-24.272611 	-24.665979 	-41.756488 	-48.677462 	-53.203392 	-60.237080 	-58.494097 	-60.858275 	-60.148773 	-60.843310 	-59.249596 	-58.131459 	-58.825995 	-59.007111 	-58.940419 	-58.859410 	
9.586391 	8.254983 	-5.216201 	-9.418710 	-9.765357 	-11.416338 	-14.099220 	-15.165791 	-22.765973 	-29.064051 	-36.905062 	-37.088546 	-38.567272 	-37.643340 	-39.328662 	-43.951815 	
9.669108 	4.623303 	2.338403 	0.798350 	-7.343498 	-8.900172 	-12.790479 	-14.008954 	-16.982903 	-27.821732 	-30.292133 	-30.742784 	-35.566497 	-35.868433 	-39.266308 	-43.844903 	-43.559018 	-44.378879 	-46.855407 	-50.001054 	-54.895675 	-53.707455 	-53.569022 	-53.939536 	
9.870723 	6.533035 	3.863237 	4.149960 	1.623344 	1.931859 	1.173514 	1.262718 	-7.565371 	-7.765559 	-9.332432 	-10.636564 	-10.983366 	-17.707394 	-14.955969 	-17.115004 	-16.703933 	-18.308922 	-20.615588 	-20.195201 	-18.805637 	-21.896780 	-21.593632 	-22.796400 	-24.558429 	-26.022932 	-26.420552 	-25.493196 	-33.921832 	
9.881635 	-1.948742 	-4.359319 	-9.143232 	-17.262112 	-18.294497 	-28.662911 	-27.836924 	-26.456549 	-27.644372 	-28.182132 	-27.962476 	-28.383814 	-31.415762 	-31.520650 	-33.422802 	-37.614631 	-40.468658 	-39.252250 	
9.515557 	7.507209 	3.918915 	-0.614307 	-1.206537 	-8.122746 	-7.453627 	-7.516275 	-11.029813 	-12.147166 	-14.184519 	-13.029181 	-13.630799 	-13.830395 	-13.227316 	
