10.273826 	-7.641934 	-30.758888 	-58.804902 	-57.678673 	-58.921613 	-57.781299 	-60.044882 	-59.037665 	-59.055481 	-58.861957 	-58.644579 	-59.219645 	-60.432047 	-58.537366 	-59.262534 	-58.889966 	-60.324943 	-58.441503 	-58.393745 	-60.609907 	
10.236344 	-8.594447 	-14.334762 	-42.963765 	-58.252329 	-58.677322 	-59.600252 	-59.501771 	-60.346644 	-57.358860 	-59.419732 	-58.835038 	-58.578569 	-59.850106 	-58.298536 	-59.727643 	
9.950708 	-16.563379 	-58.595001 	-58.288048 	-57.476333 	-57.418490 	-57.654124 	-60.139458 	-58.979790 	-60.131901 	-58.436902 	-67.705280 	-58.128387 	-57.873447 	-58.440520 	-62.560096 	-62.079459 	-58.916067 	-60.482531 	-58.149962 	-59.081910 	
10.090223 	-44.662932 	-51.232604 	-57.369952 	-57.615144 	-58.321501 	-60.982519 	-58.740942 	-60.186052 	-57.865822 	-58.066797 	-59.061625 	-58.175796 	-58.746119 	
9.919906 	-15.829465 	-58.265798 	-61.050806 	-57.779276 	-58.308349 	-57.318309 	-60.390863 	-58.141572 	-59.140890 	-57.718201 	-58.209118 	
10.193902 	-38.582643 	-47.565665 	-55.968670 	-56.794550 	-57.667347 	-61.397244 	-60.907654 	-61.334882 	-59.220156 	-57.534206 	-59.865230 	-56.706913 	-57.659015 	-58.574920 	-57.229721 	-58.967990 	-59.341503 	-59.129946 	-59.105232 	-57.395261 	
10.012014 	-7.254292 	-14.186603 	-23.452930 	-29.734375 	-53.009681 	-60.313876 	-58.839065 	-58.441591 	-62.257129 	-57.888798 	-61.927502 	-58.760414 	-58.392323 	-59.377221 	-57.822872 	-57.370164 	-60.073836 	
10.314950 	-32.508693 	-38.193599 	-57.670826 	-58.966492 	-58.570405 	-59.988240 	-59.258956 	-57.471471 	-59.470771 	-59.997358 	-58.397615 	-58.457926 	-57.675417 	-57.423339 	-58.205679 	-61.553159 	-58.927443 	
9.789210 	-22.643121 	-27.398018 	-35.005895 	-45.843289 	-48.446535 	-57.976151 	-57.891879 	-59.340129 	-57.554719 	-59.045031 	-58.684080 	-62.878561 	-59.321353 	-60.284958 	-59.700007 	-58.240880 	-58.710897 	-60.185627 	-57.898689 	
10.332882 	4.319267 	-58.233929 	-56.121732 	-57.671888 	-59.954694 	-56.426905 	-57.582410 	
10.242467 	-1.893636 	-34.741356 	-44.867474 	-59.508247 	-61.508365 	-57.776337 	-57.946607 	-58.658941 	-64.019531 	-60.850850 	-60.084659 	-58.602602 	-57.113615 	-58.651770 	-59.937896 	-59.353554 	-58.840630 	-59.138357 	
10.387383 	2.111098 	-9.756761 	-46.497142 	-58.190807 	-57.229246 	-58.298464 	-59.152120 	-57.535866 	-58.480169 	-57.505536 	
9.909797 	-11.014266 	-12.335600 	-59.363745 	-58.901055 	-59.600905 	-59.496930 	-59.812229 	-59.927761 	-58.500423 	-58.860294 	-59.315064 	-59.469267 	-59.721216 	-58.276773 	-59.819095 	-58.943556 	-59.242084 	-61.515062 	
9.916682 	-20.769448 	-27.758430 	-25.886913 	-43.499913 	-43.816998 	-51.402306 	-60.872878 	-59.800746 	-57.864378 	-58.546219 	-57.163132 	-57.848047 	-57.641466 	-57.790246 	-58.736323 	-57.819727 	-59.033645 	-59.344560 	
9.740750 	-45.048952 	-58.929059 	-60.354553 	-60.084984 	-58.505931 	-59.880142 	-58.564878 	-59.363926 	-58.911206 	-58.699357 	-58.663767 	-58.793754 	-58.612664 	-57.970267 	-57.754863 	-59.594884 	-57.799800 	-59.761977 	-58.838772 	-60.010607 	-61.290239 	-59.055158 	
9.870284 	-30.467385 	-34.050597 	-45.104672 	-58.590962 	-58.078644 	-57.176105 	-59.186188 	-62.042450 	-59.308013 	-57.886955 	-58.758081 	-59.076855 	-59.589621 	-58.520470 	-61.445687 	-58.468120 	-57.735320 	-58.626739 	
10.141670 	-35.418155 	-60.117759 	-57.483994 	-58.418676 	-58.331843 	-58.832779 	-57.505498 	-59.359497 	-58.132030 	-58.872756 	-58.014402 	
10.075285 	-15.676783 	-34.121004 	-58.766822 	-58.382612 	-57.049440 	-57.983007 	-60.113967 	-60.823117 	-60.046121 	-58.155297 	-58.480774 	-58.899102 	-58.222377 	-60.396170 	-61.670741 	-58.842665 	-62.239081 	-58.640502 	-58.609135 	-59.169794 	-60.242495 	-60.980997 	-59.186693 	
9.849136 	1.406394 	-0.264407 	-11.079259 	-21.980847 	-36.835720 	-59.237836 	-60.720514 	-58.710524 	-59.981946 	-57.424891 	-58.263647 	-62.586314 	-58.810215 	-58.237049 	-57.187272 	-58.140536 	-57.525395 	
10.263605 	3.611797 	-0.605174 	-4.995315 	-10.580063 	-10.220115 	-37.331206 	-63.167787 	-58.231301 	-57.321894 	-59.884413 	-58.669781 	-60.913609 	-58.216517 	-57.898048 	-58.860703 	-57.465396 	-57.312963 	
