9.340015 	-2.012605 	-4.960407 	-4.352800 	-3.344560 	-21.179388 	-23.285086 	-21.165751 	-23.560106 	-26.905653 	-27.352476 	-27.193488 	-29.516660 	-29.374138 	-30.009222 	-29.732206 	-30.747706 	-31.232634 	-33.384187 	-32.219798 	-32.124829 	
9.671866 	5.302741 	4.453233 	-1.283320 	-3.091324 	-12.601979 	-18.202550 	-18.199669 	-27.261093 	-33.303415 	-36.108539 	-40.059693 	
9.972652 	4.971503 	4.463676 	0.993304 	0.177284 	-2.795685 	-6.101202 	-5.232800 	-9.530987 	-11.935245 	-12.815262 	-15.460862 	-15.426023 	-23.352635 	-26.568069 	-28.092446 	-29.192927 	-29.808985 	-31.857797 	-30.874421 	-38.123412 	
9.454449 	5.269678 	5.405175 	2.652449 	1.292153 	2.214749 	1.534013 	0.546627 	-0.475155 	-3.289666 	-4.959163 	-7.080116 	-8.342035 	-9.857488 	-9.369491 	-10.005741 	-12.360466 	-11.983280 	-12.566745 	-11.210069 	-13.094886 	
9.645721 	1.479659 	2.973055 	1.261437 	-1.119112 	-2.817438 	-1.084829 	-6.064879 	-11.274964 	-11.642381 	-16.091447 	-18.438511 	-23.111894 	-20.629766 	-22.193147 	-26.283616 	-26.174884 	-29.509089 	-30.210542 	-31.162667 	-32.116232 	-41.007311 	-36.991030 	-37.507723 	-41.484147 	
9.766605 	3.801530 	-10.216880 	-11.777495 	-12.955858 	-14.790387 	-14.132563 	-15.568515 	-15.143106 	-17.965567 	
9.550280 	-2.873936 	-2.284417 	-9.108158 	-12.774539 	-12.462353 	-18.005392 	-18.639171 	-20.667012 	-20.071045 	-23.174862 	-22.774110 	-27.061617 	-25.575320 	-27.482276 	-30.621023 	-27.919105 	-27.460016 	-32.617498 	
9.574305 	4.160250 	1.897291 	4.369551 	0.966706 	1.209337 	0.133117 	-2.146178 	0.027642 	-1.669029 	-5.125984 	-2.942007 	-5.027318 	-3.233916 	-1.165237 	-3.323061 	-2.944470 	-3.198313 	-6.961255 	-4.404994 	-4.297639 	-6.129177 	-7.687765 	-5.641770 	-6.664867 	-5.310382 	-5.768259 	-5.401968 	-5.934454 	-5.672365 	-6.668443 	-5.923113 	-7.925876 	-7.573622 	-7.531834 	
9.594817 	7.722726 	5.271298 	4.011700 	1.917723 	-5.138852 	-4.701246 	-6.762056 	-9.149440 	-10.007572 	-9.608666 	-11.425576 	-11.850154 	-10.199892 	-12.630038 	-11.501645 	-13.979519 	-14.467424 	-14.521202 	-14.940404 	-15.563050 	-15.194624 	
9.466881 	2.582196 	1.529002 	0.892182 	-0.416777 	1.362214 	-1.353009 	-1.885088 	-2.416258 	-2.537721 	-2.638190 	-3.678001 	-3.075884 	-3.308230 	-4.574891 	-5.674742 	-6.063278 	-6.965704 	-6.206994 	-6.432673 	-7.164100 	-7.877439 	
9.708226 	4.336881 	1.320447 	-12.000161 	-18.745769 	-15.389773 	-14.797019 	-33.299908 	-35.426706 	-34.965080 	-36.804152 	-38.067932 	-41.203443 	-40.454338 	-41.161754 	-44.109909 	
9.717575 	-22.170507 	-29.395508 	-43.579463 	-47.520041 	-48.957683 	-51.017358 	-53.648143 	-52.904733 	-53.438808 	-55.231829 	-57.938959 	-57.840815 	-56.762512 	-58.787132 	-61.012654 	-56.485873 	
9.371950 	3.530706 	0.414620 	-4.553735 	-10.217534 	-14.602923 	-17.752826 	-18.383993 	-19.883837 	-20.820055 	-23.662075 	-25.659821 	-26.507801 	-30.455956 	-28.239798 	-29.752135 	-29.140800 	
9.602319 	-0.956320 	-4.438090 	-11.284481 	-13.770413 	-18.835179 	-32.116986 	-37.876635 	-39.655196 	-39.586066 	-45.459009 	-47.707271 	
9.840817 	2.256614 	2.098041 	-0.440094 	-8.764874 	-10.135852 	-8.110548 	-10.584291 	-16.630690 	-21.218299 	-26.617861 	-28.538745 	-30.333947 	-34.784559 	-43.929389 	-45.132348 	-51.662082 	-51.704039 	-52.004101 	-50.466466 	-53.264381 	-57.737559 	-56.495534 	-60.232073 	
9.579928 	-4.993832 	-5.307924 	-7.362009 	-10.547905 	-10.046437 	-14.325591 	-14.214555 	-13.794473 	-12.547695 	-12.688012 	-15.108901 	-15.588844 	-17.962381 	-17.115159 	
9.680958 	-6.818379 	-5.706993 	-5.879888 	-5.372707 	-8.301068 	-10.868065 	-8.652355 	-12.411221 	-18.254306 	-19.662423 	-22.967767 	-24.463934 	-26.079571 	-26.253447 	-25.747443 	-26.985211 	
9.686444 	6.929782 	-12.146457 	-21.257170 	-28.346277 	-30.820349 	-37.332926 	-37.730302 	-42.292394 	-45.741135 	-51.138475 	-49.313237 	-58.587807 	-56.591349 	-56.404980 	
9.723940 	4.376851 	1.381231 	-1.670956 	-1.136368 	-8.986020 	-8.050849 	-13.622857 	-12.091003 	-10.980730 	-14.206389 	-15.399551 	-16.939136 	-20.897638 	-19.096700 	-21.210390 	-20.369237 	-22.682771 	-24.160571 	-25.828611 	
9.829043 	-14.807846 	-33.909716 	-41.253495 	-53.334774 	-54.884376 	-56.984575 	-55.999537 	-57.817904 	-57.176606 	
