9.582893 	-2.441640 	-35.334739 	-34.516292 	-44.016162 	-44.982054 	-54.268698 	-57.500591 	-58.348430 	-61.472623 	-60.928911 	-58.469421 	-59.295856 	-58.411854 	-60.900858 	-59.567594 	-58.728999 	-59.047198 	-62.603239 	-58.860364 	-61.050842 	-59.244541 	-60.800341 	-58.756375 	-59.311733 	-60.657034 	-58.924830 	
9.536266 	2.498548 	-10.599519 	-12.714442 	-21.984458 	-41.466253 	-51.715455 	-53.668088 	-52.402280 	-57.279919 	-62.575215 	-60.278307 	-58.840178 	-58.457759 	-58.685378 	-59.077863 	-60.353321 	-59.035999 	-64.850248 	-62.019288 	-58.250752 	
9.779947 	-16.181274 	-63.757890 	-58.570395 	-57.387662 	-59.233825 	-58.342180 	-59.407159 	-58.986267 	-64.460249 	-58.519499 	-60.165952 	-59.757845 	-59.277376 	-59.921325 	-58.562912 	-61.934131 	-58.585598 	-60.694394 	
10.052129 	-28.858487 	-48.289607 	-58.028894 	-57.844007 	-59.936143 	-59.534561 	-58.784050 	-57.908668 	-59.300731 	-61.332899 	-57.157845 	-61.528238 	-60.285074 	-58.014794 	-58.122955 	-58.304200 	-57.843930 	-57.282326 	
10.131075 	6.133506 	-2.183160 	-28.690582 	-34.953286 	-39.314275 	-48.821411 	-62.320957 	-59.089768 	-59.962885 	-59.519374 	-58.330542 	-57.918148 	-59.827237 	-58.353921 	-57.256586 	-57.774252 	
10.063905 	6.361297 	-44.142394 	-56.250294 	-58.174067 	-58.651643 	-60.179044 	-60.378086 	-58.690069 	-58.955412 	-60.094436 	-59.434068 	-59.024211 	-58.781472 	-58.986574 	-58.520084 	-58.235157 	-58.377523 	-59.306973 	-59.268190 	
10.023918 	4.256217 	-41.570067 	-43.282007 	-57.470903 	-60.193564 	-60.812369 	-63.404557 	-58.836080 	-59.307102 	-59.315743 	-58.527594 	-59.395732 	-58.989888 	-59.581715 	-58.499022 	-58.670956 	-57.705281 	-57.203574 	-58.311543 	-58.652636 	
10.051020 	5.817673 	-9.231428 	-11.429341 	-18.626287 	-23.064226 	-54.321056 	-57.702104 	-57.753348 	-58.156377 	-58.592886 	-57.025307 	-60.191470 	-59.546352 	-59.938593 	-58.359613 	-57.478850 	
10.512138 	2.264596 	-13.593524 	-20.546558 	-37.898039 	-57.939535 	-57.312618 	-60.382299 	-58.092655 	-58.861707 	-56.680112 	-56.418091 	-58.293940 	-58.167195 	-58.670950 	-57.309006 	-59.521837 	
9.459251 	-1.718973 	-29.209657 	-34.476996 	-57.755953 	-58.818292 	-58.784263 	-58.671716 	-57.531782 	-58.290904 	-59.970171 	-60.252180 	-57.541342 	
9.886330 	-6.242751 	-16.972114 	-35.038993 	-58.195403 	-60.761473 	-60.901262 	-57.341851 	-59.961631 	-59.259923 	-59.127456 	-61.507392 	-58.552291 	-59.313867 	-56.619827 	
10.201142 	-56.531182 	-58.326983 	-59.158795 	-57.688968 	-58.017912 	-58.831721 	-59.318460 	-56.553962 	
10.171762 	-12.170011 	-27.031404 	-34.223019 	-34.785660 	-51.534005 	-58.884464 	-59.166845 	-59.729371 	-57.987157 	-58.087791 	-58.224481 	-57.833694 	-59.597250 	-58.171422 	-57.570822 	
9.996646 	5.180652 	7.038199 	-4.797261 	-8.145838 	-21.355156 	-59.493634 	-57.594674 	-57.535352 	-57.991380 	-57.810764 	-60.229334 	-60.123273 	-59.310872 	-58.650607 	-58.342729 	-59.264574 	-58.612860 	-57.439489 	-59.176691 	-61.431201 	-58.942665 	
10.182993 	-0.627590 	-25.403461 	-58.266335 	-58.122464 	-60.183845 	-58.949956 	-58.277639 	-56.819525 	-60.083651 	-58.348972 	-60.483089 	-59.265345 	
9.676517 	-29.766415 	-33.057966 	-56.332209 	-56.404104 	-58.247094 	-58.190708 	-58.291940 	-59.286678 	-59.019102 	-58.381663 	-60.814939 	-57.889019 	-59.937982 	-59.038845 	-59.203955 	-58.727181 	
9.846261 	-36.856083 	-57.913582 	-57.442866 	-60.034370 	-60.083041 	-57.803247 	-58.331131 	-59.809315 	-61.295443 	-58.407689 	-60.867241 	-58.750358 	-60.007578 	
10.080357 	2.822428 	-15.260456 	-18.048598 	-23.557202 	-29.777960 	-45.344242 	-57.502757 	-58.784702 	-60.927114 	-57.812801 	-60.224427 	-57.772138 	-59.393472 	-62.458783 	-62.096782 	-60.777198 	-59.240239 	-58.151710 	-57.853202 	
9.915054 	-8.434266 	-17.468254 	-23.400754 	-34.958949 	-38.447294 	-57.830525 	-60.138542 	-59.085020 	-58.858851 	-60.824599 	-61.852745 	-62.169799 	-61.967396 	-58.314887 	-59.187554 	-58.732064 	-58.875206 	-60.166570 	-60.389953 	-59.717622 	-60.956956 	-58.982419 	-58.238120 	
9.500646 	-23.382749 	-48.327979 	-58.368752 	-60.950602 	-58.108517 	-59.145019 	-60.532368 	-58.918338 	-58.991820 	-58.699885 	-59.069852 	-59.903805 	
