9.426565 	-12.957803 	-27.203293 	-28.304441 	-58.064691 	-57.910536 	-61.105211 	-59.344625 	-59.307034 	-61.221526 	-60.175758 	-59.755939 	-59.185923 	-58.707776 	-58.340148 	-59.504944 	-61.240053 	-62.544556 	
9.624498 	-24.302741 	-29.506440 	-31.879156 	-57.599503 	-58.396037 	-59.730828 	-58.401797 	-57.792446 	-57.504539 	-58.239279 	-58.767635 	-60.222626 	-56.703540 	-59.180482 	-57.950661 	-59.173050 	-59.475537 	-59.161850 	-58.335564 	-59.317776 	-57.290286 	
10.499286 	-12.690135 	-22.815326 	-50.650998 	-56.976977 	-57.883633 	-57.873652 	-57.892363 	-59.744479 	-57.428382 	-59.727828 	-58.500204 	-61.181093 	-56.402466 	
9.967035 	-9.877723 	-29.699137 	-36.137875 	-46.361322 	-50.118949 	-58.354178 	-58.256439 	-58.297147 	-61.609181 	-59.280682 	-59.753743 	-60.267279 	-58.292964 	-57.625491 	-58.099980 	-58.074183 	-58.505872 	-57.789876 	-59.738710 	-58.017740 	-59.296413 	-61.182897 	-58.137581 	
9.905444 	-8.165392 	-20.312334 	-49.195760 	-49.397406 	-60.049403 	-59.082514 	-59.888228 	-62.144415 	-59.035044 	-61.354908 	-61.049586 	-58.293597 	-58.760064 	-60.213357 	-59.662227 	-58.566229 	-59.844827 	-60.969438 	-59.373399 	-59.263671 	-59.674387 	-58.137465 	-61.325689 	
10.048365 	-6.076636 	-12.365890 	-19.317558 	-53.579540 	-57.801755 	-58.375539 	-58.446018 	-58.745250 	-59.179936 	-57.725750 	-57.501688 	-59.707177 	-65.110025 	-61.630811 	-57.544827 	-58.611160 	
9.374579 	6.529774 	-23.999661 	-59.080301 	-57.743792 	-60.478275 	-60.777521 	-57.749821 	-60.101341 	-60.661144 	-57.945873 	-60.253154 	-58.592560 	-59.683406 	-59.525302 	-60.977615 	-58.883859 	-59.267250 	-58.365499 	
10.005100 	-12.923948 	-12.038040 	-19.974023 	-30.692279 	-29.931508 	-44.054544 	-46.862830 	-54.342481 	-58.956337 	-58.076586 	-57.625311 	-59.747356 	-58.262007 	-57.539643 	-61.189438 	-59.146459 	
10.052783 	-7.914501 	-39.262013 	-59.639090 	-58.892046 	-57.895859 	-58.529059 	-62.423283 	-59.456288 	-59.433699 	-62.558658 	-58.807660 	-64.148148 	-59.522840 	-57.851343 	-58.817506 	-58.148027 	-59.626371 	-58.149399 	-59.238505 	-60.744849 	
9.998033 	-15.816007 	-31.980574 	-39.628759 	-58.828162 	-57.921715 	-58.386983 	-58.954808 	-61.657692 	-60.530352 	-58.267331 	-60.347227 	-57.699544 	-58.368744 	-58.772245 	-60.525846 	-59.967946 	-59.904193 	-58.879951 	-59.093074 	-58.551163 	
10.171270 	-45.873545 	-59.421047 	-58.886623 	-57.908177 	-60.558073 	-59.175893 	-57.994099 	-58.912734 	-57.243437 	-58.836816 	-57.963810 	-57.810741 	-58.179066 	
9.093098 	7.943363 	-19.954651 	-23.079682 	-27.981601 	-44.796101 	-59.403759 	-58.162312 	-58.493710 	-59.432270 	-57.912138 	-61.995360 	-59.227837 	-57.910461 	-59.581442 	
9.731173 	-14.259170 	-15.968481 	-35.143369 	-37.754456 	-47.987955 	-52.121282 	-58.202584 	-57.701273 	-61.810608 	-59.765481 	-61.308272 	-59.156659 	-60.145704 	-58.768512 	-58.332493 	-57.151484 	-60.381062 	
9.899505 	2.695601 	0.087048 	-12.911315 	-18.859916 	-21.598973 	-27.559653 	-34.971401 	-57.750687 	-58.015846 	-57.436923 	-57.514406 	-61.847695 	
10.191285 	-23.676610 	-32.370085 	-47.148505 	-57.799949 	-57.585503 	-58.166476 	-61.609878 	-57.896001 	-59.537586 	-60.202662 	-60.808042 	-58.852181 	-58.491444 	-57.957100 	-59.182559 	-58.259263 	-57.238595 	-61.326833 	-58.222501 	-57.997159 	-59.755107 	-58.259561 	
9.795458 	1.382851 	-2.759852 	-2.248135 	-7.276059 	-24.804701 	-26.864494 	-34.942295 	-57.836380 	-61.217949 	-58.815705 	-60.326295 	-59.583486 	-60.793878 	-58.101289 	-59.019289 	-63.052094 	-58.981602 	-59.476626 	-60.149549 	-59.612407 	-60.080048 	-59.596973 	-59.788775 	-61.410791 	-59.375877 	-58.465014 	
9.754238 	-3.261452 	-18.326604 	-30.314781 	-34.221224 	-55.255877 	-58.642434 	-58.150429 	-59.364869 	-57.450982 	-60.101881 	-57.195897 	-59.180528 	
9.942094 	5.709295 	-45.518488 	-54.515064 	-59.544471 	-57.308432 	-62.030079 	-59.196779 	-57.647252 	-59.501805 	-58.282324 	-58.399826 	-57.785505 	-59.173716 	
9.103259 	5.181287 	-3.003896 	-15.041871 	-19.623483 	-21.637037 	-36.694723 	-50.175266 	-57.853000 	-59.669996 	-60.021102 	-59.278925 	-61.077357 	-59.239817 	-60.574580 	-62.725276 	-61.343048 	-58.372865 	-59.906219 	-59.705721 	-58.390311 	-60.833066 	-61.096314 	
9.881445 	-8.190125 	-16.654893 	-28.154973 	-58.104773 	-58.394551 	-59.683940 	-58.812488 	-60.813200 	-62.037484 	-58.939029 	-59.981574 	-61.602269 	-57.946755 	-60.635204 	-58.803290 	-59.711068 	-57.932359 	-59.609868 	
