9.964313 	-4.242820 	-12.217263 	-10.953346 	-29.111106 	-40.999731 	-52.438357 	-58.204186 	-58.624372 	-58.582068 	-59.394320 	-59.108834 	-58.878879 	-58.090747 	-60.160696 	-61.074174 	-58.970882 	-59.492949 	-61.737608 	-58.842419 	-58.659666 	-59.008828 	-58.754411 	-58.712594 	-63.361556 	
9.791452 	4.619049 	-15.703648 	-26.711960 	-58.156945 	-61.848739 	-60.550585 	-58.487259 	-59.965771 	-59.089840 	-58.189553 	-58.441993 	-59.363184 	-60.457716 	-60.079881 	-58.196157 	-62.019556 	-57.764369 	-63.904468 	-62.460578 	
9.058352 	9.158717 	-6.164043 	-12.162702 	-44.259480 	-57.454189 	-58.916703 	-61.389390 	-57.439206 	-58.203926 	-60.030838 	-60.286530 	-58.744634 	-59.885494 	-58.454733 	-60.940872 	
9.633811 	-17.744398 	-27.359738 	-56.315686 	-57.821262 	-58.986585 	-60.634652 	-57.821740 	-59.462777 	-57.883871 	-59.613784 	-61.198212 	-59.954231 	-59.254163 	-59.669142 	
10.174910 	-51.819527 	-59.025654 	-59.758967 	-59.652562 	-57.445869 	-62.778026 	-58.625759 	-58.364696 	-58.618158 	-59.122380 	-57.996803 	-58.443399 	-57.503735 	-56.928494 	-58.438295 	-58.889704 	
9.924907 	-33.819658 	-47.829218 	-58.751974 	-62.496443 	-61.029741 	-58.311236 	-57.972251 	-58.219696 	-57.852845 	
9.912194 	-6.150886 	-46.201851 	-49.233431 	-54.227968 	-52.631994 	-59.982415 	-56.632723 	-57.379658 	-59.416129 	-58.903861 	-61.254500 	-59.621986 	-57.591233 	-58.320843 	-58.260804 	
9.530344 	-7.535634 	-38.302694 	-46.754953 	-57.165628 	-58.580439 	-58.405660 	-58.918643 	-60.934178 	-58.662138 	-60.932362 	-58.848640 	-58.623641 	-59.119231 	-58.421615 	-59.661017 	-60.819453 	-60.845607 	-58.726585 	-59.460376 	-62.034085 	-59.954350 	-59.501918 	-58.141080 	-58.950072 	
9.968173 	-6.718750 	-22.213687 	-59.682519 	-60.424162 	-57.538733 	-60.319250 	-61.952028 	-58.397337 	-59.949577 	-59.915165 	-60.451873 	-60.884840 	-59.203311 	-59.311554 	-58.607661 	-59.832849 	
9.967621 	-17.787721 	-20.021274 	-60.144487 	-58.472989 	-58.959308 	-58.823303 	-58.302962 	-58.845011 	-57.712992 	-60.358445 	-57.881843 	-60.742335 	-59.950085 	-60.323447 	-57.606834 	
10.290388 	-11.259501 	-20.148299 	-27.135205 	-34.690080 	-35.085773 	-54.307021 	-58.350454 	-57.971687 	-58.121879 	-58.070363 	-61.411919 	-58.231297 	-57.995191 	-60.429026 	-58.311646 	-58.200659 	-56.629753 	
9.690504 	-6.370280 	-16.183716 	-19.703551 	-20.155449 	-57.776811 	-58.188701 	-58.645328 	-60.638067 	-58.192113 	-59.836030 	-59.934175 	-58.614151 	-58.802877 	-59.575969 	-59.260949 	-59.528613 	-57.500846 	-60.232399 	-58.680262 	-62.011527 	
9.986654 	-13.480926 	-28.285414 	-33.986208 	-57.219907 	-58.918862 	-58.070916 	-61.224841 	-58.262796 	-58.773316 	-58.129697 	-57.320801 	-58.014388 	-59.218587 	-57.728059 	-59.543500 	-58.341391 	-60.353305 	-58.668929 	-58.538503 	-57.012410 	-59.501635 	
9.522919 	-3.053850 	-12.826605 	-16.077886 	-25.269408 	-27.830345 	-31.695614 	-40.085283 	-43.062967 	-44.331854 	-53.478140 	-59.243244 	-59.365776 	-57.920735 	-59.516041 	-58.149568 	-58.705739 	-60.233506 	-59.427136 	-59.055740 	-59.150628 	-58.492734 	-61.148755 	-60.753391 	-59.330876 	-62.113897 	
9.975200 	-11.008285 	-28.617923 	-34.881859 	-57.421587 	-58.615038 	-58.747763 	-57.848534 	-58.852464 	-59.545533 	-59.956519 	-61.428460 	-58.239874 	-58.880299 	-58.752066 	-57.078356 	
9.952657 	-44.842508 	-52.430930 	-55.631171 	-58.830841 	-59.361426 	-58.318425 	-60.828870 	-59.746754 	-57.337129 	-62.395096 	-57.882751 	-62.040915 	-60.172427 	-58.386909 	-59.865233 	-59.619041 	
9.918240 	0.353522 	-6.834164 	-16.660235 	-28.528722 	-33.743725 	-58.963319 	-58.845896 	-60.112301 	-60.425377 	-59.416371 	-60.103493 	-59.171711 	-59.412880 	-59.607826 	-59.926741 	-59.003912 	-59.526184 	
9.982014 	-25.350116 	-41.002352 	-58.136983 	-57.412800 	-58.504928 	-58.089570 	-64.778764 	-57.577073 	-60.320736 	-59.099361 	
9.973540 	0.219818 	-19.167331 	-16.345642 	-25.680385 	-52.991272 	-51.919728 	-59.476714 	-58.008462 	-61.395828 	-59.273025 	-57.558420 	-61.354066 	-59.447713 	-58.181895 	-60.177355 	
9.899251 	-45.284801 	-50.201049 	-57.274766 	-59.845749 	-59.946184 	-57.969640 	-58.266329 	-58.155645 	
