10.068833 	5.903065 	-49.116655 	-54.179993 	-58.570295 	-58.958388 	-58.165218 	-59.060793 	-57.676533 	-61.936078 	-60.745862 	-58.824911 	-58.595875 	-61.056725 	-59.938146 	-58.954536 	-61.095913 	
10.142897 	-10.690460 	-21.313925 	-28.644605 	-31.531031 	-32.301543 	-57.123846 	-57.935052 	-58.351738 	-61.478569 	-60.956355 	-57.364963 	-58.405334 	-58.701870 	-58.311260 	-58.332856 	-58.313018 	-60.296256 	-59.039126 	
10.124416 	4.178597 	0.586285 	-0.574476 	-7.679590 	-9.981166 	-8.718933 	-13.038122 	-12.608741 	-17.297284 	-25.887976 	-23.911434 	-29.067979 	-29.792601 	-28.482411 	-32.492788 	-43.690188 	-47.175236 	-47.298113 	-49.371184 	
9.699280 	-10.189404 	-24.677459 	-27.936383 	-29.814781 	-41.838976 	-47.288845 	-47.127752 	-59.392757 	-57.314571 	-59.433249 	-60.831033 	-59.699519 	-59.637080 	-58.269600 	-59.224193 	-58.258050 	-57.822202 	
9.760574 	-15.517225 	-25.242535 	-31.889292 	-32.396856 	-36.661092 	-42.886596 	-45.059678 	-49.689342 	-54.338922 	-55.826513 	-59.916746 	-58.160170 	-60.346030 	-60.065529 	-58.728099 	-57.877104 	-58.951529 	-59.032876 	-59.804882 	-58.127913 	-57.656690 	
9.903910 	-16.168018 	-15.209933 	-20.937801 	-24.194514 	-59.787550 	-58.768749 	-59.004654 	-60.046361 	-59.959368 	-59.584911 	-58.776660 	-60.222684 	-62.599013 	-58.142140 	-59.807225 	-59.290578 	-61.695822 	-59.013485 	-59.168885 	-58.870748 	-58.364598 	-60.207101 	-59.498209 	
9.749363 	-15.734207 	-22.142527 	-25.031594 	-42.845049 	-46.240096 	-54.341520 	-59.015651 	-55.939768 	-55.441884 	-57.681163 	
9.722856 	0.334589 	-9.265885 	-14.783558 	-22.064651 	-27.073962 	-31.721517 	-35.853542 	-57.002413 	-59.096844 	-58.531827 	-57.825855 	-57.780528 	-57.596086 	-58.397962 	-59.286128 	
9.578269 	-1.621214 	-1.520058 	-6.633170 	-16.506189 	-18.036734 	-21.440208 	-27.360706 	-31.811833 	-32.197368 	-37.069540 	-46.905763 	-51.554310 	-55.514820 	-61.455400 	-58.034754 	-56.972781 	-58.463677 	-58.197516 	-58.371986 	-58.541125 	-56.995139 	
9.674267 	-6.926522 	-8.284088 	-12.849975 	-28.051247 	-30.048229 	-42.009560 	-52.222643 	-55.197221 	-56.327188 	-58.155555 	-58.520730 	-58.622152 	-57.689059 	-57.727442 	-59.281161 	
9.831658 	-1.135267 	-6.601164 	-7.540672 	-11.213233 	-12.062088 	-13.985663 	-23.931791 	-32.865832 	-34.177022 	-59.657743 	-55.104928 	-57.516762 	-58.490251 	-56.540582 	-58.695062 	-57.482698 	-56.947469 	-56.646395 	-56.477981 	-55.987843 	-57.390863 	-56.416021 	-56.539999 	
10.017230 	3.433923 	-15.086857 	-17.607088 	-21.247812 	-27.997275 	-32.551065 	-55.612195 	-56.354236 	-56.701779 	-57.562659 	-57.469249 	-58.008738 	-56.337421 	-56.876612 	
10.283522 	-7.805888 	-24.838883 	-28.864978 	-31.869582 	-33.233966 	-36.861150 	-44.533194 	-59.047743 	-59.992048 	-58.230898 	-57.597655 	-57.323047 	-57.859624 	-60.531648 	
9.734345 	-1.686623 	-17.551738 	-39.224116 	-44.906856 	-59.739584 	-58.994914 	-60.814109 	-57.892775 	-59.864436 	-58.027914 	-58.700492 	-58.934003 	-59.666959 	-60.811006 	-60.895084 	-59.489119 	-60.267375 	-60.885503 	-59.745647 	-59.805981 	
9.320206 	9.078324 	-13.153061 	-33.243163 	-47.100204 	-58.691475 	-60.360936 	-58.380921 	-58.328645 	-59.971257 	-58.688410 	-58.519940 	-58.642096 	-58.753615 	-58.219814 	
9.584178 	-23.415000 	-53.509442 	-58.508882 	-60.168361 	-58.601567 	-61.924869 	-59.341068 	-59.874281 	-60.031612 	-57.776747 	-59.206952 	-59.626906 	-57.679846 	
9.496432 	3.165837 	0.672875 	-5.945744 	-5.164599 	-8.029562 	-6.511933 	-8.173964 	-11.934583 	-11.282072 	-12.984458 	-15.581509 	-13.915169 	-16.766420 	-23.180678 	-28.231883 	-38.061322 	-42.165361 	-42.959823 	-42.238086 	-43.194358 	-42.864138 	-43.576059 	-50.289377 	-50.428756 	-51.491749 	-59.609205 	
9.802851 	-23.642024 	-31.609080 	-59.907754 	-58.542305 	-58.973330 	-62.086593 	-57.623978 	-58.481409 	-57.954456 	-59.329863 	
10.067819 	-4.298679 	-5.557118 	-14.306100 	-32.153880 	-34.411659 	-54.963681 	-53.164861 	-56.736958 	-55.896510 	-57.058191 	-56.328000 	-56.936687 	-57.127555 	-59.245588 	-58.252587 	-56.802123 	-56.856681 	
9.738641 	-19.733749 	-36.320998 	-50.352818 	-52.948333 	-56.768415 	-57.630080 	-61.043182 	-59.666971 	-59.003098 	-58.888764 	-59.193103 	-59.056806 	-59.049622 	-62.524111 	-59.687210 	-60.950079 	
