9.476616 	-19.750767 	-27.241574 	-30.857546 	-31.546674 	-40.173340 	-49.826236 	-47.194503 	-59.568252 	-61.385676 	-58.643635 	-58.671858 	-57.430497 	-60.491316 	
10.241498 	-10.341831 	-34.167176 	-56.634872 	-57.350199 	-58.405573 	-57.301210 	-58.784477 	-58.392141 	-58.433886 	-58.229853 	
9.835133 	-13.079990 	-22.741629 	-28.068378 	-27.634015 	-37.231684 	-53.202322 	-54.264320 	-55.872420 	-57.973996 	-59.293011 	-57.455592 	-59.920005 	-57.967959 	-58.449786 	-58.081182 	-58.088311 	-59.138878 	-57.341584 	-60.273408 	
9.707609 	-1.333736 	-9.757573 	-13.816927 	-27.179296 	-24.364077 	-29.029674 	-43.813226 	-60.476537 	-58.087449 	-57.707411 	-59.794791 	
9.531297 	-21.595440 	-34.290139 	-44.020813 	-58.693286 	-60.061693 	-58.931309 	-61.441217 	-58.790951 	-57.525445 	-58.194436 	
9.680097 	-1.812317 	-11.257388 	-24.824652 	-28.601886 	-30.373931 	-31.661104 	-35.919132 	-48.787188 	-52.024664 	-59.722662 	-59.274284 	-58.379361 	-59.091552 	-59.319105 	-57.512439 	-58.316989 	-58.176352 	
9.369562 	-13.947188 	-16.473452 	-36.903276 	-58.356999 	-59.227390 	-58.734683 	-58.222196 	-62.275058 	-57.648217 	-58.774286 	-59.698707 	-59.349900 	
9.865604 	7.371285 	-6.640944 	-28.312395 	-30.474053 	-45.407781 	-57.705510 	-59.019970 	-58.372261 	-59.572708 	-62.875667 	-59.752818 	-58.270391 	-56.662186 	-58.930865 	-58.946280 	-60.995866 	
9.595314 	-6.848436 	-17.544557 	-21.596702 	-28.402334 	-60.633380 	-58.265210 	-57.845066 	-57.798123 	-60.011884 	-59.459306 	-59.334527 	-63.387209 	
10.079289 	5.777789 	-7.888733 	-12.942150 	-16.211640 	-19.382715 	-29.496271 	-44.487040 	-48.018590 	-49.555598 	-51.395117 	-54.463909 	-55.715411 	-59.371262 	-59.153476 	-57.351475 	-56.674766 	-56.830366 	-57.753224 	-58.448237 	
9.687900 	-3.833067 	-6.082547 	-18.331284 	-62.660002 	-59.107314 	-57.245590 	-58.842118 	-59.255590 	-59.107183 	-58.068618 	-59.353927 	
9.841943 	-1.270903 	-58.044157 	-58.498424 	-57.017760 	-58.467104 	-58.372671 	-59.733420 	-61.936149 	-57.277384 	-59.212887 	-58.796848 	-61.418071 	-60.034462 	-57.748077 	
9.359602 	-25.576533 	-36.872384 	-64.058118 	-58.102666 	-60.578123 	-58.687334 	-60.815546 	-60.143592 	-59.856192 	-59.904752 	-58.769631 	-59.294219 	-57.705435 	-59.528452 	-59.557855 	-60.240534 	
10.031545 	5.549532 	-10.839763 	-15.996954 	-41.583890 	-50.374312 	-58.820223 	-59.011292 	-57.801095 	-57.246531 	-57.491011 	-57.729615 	-60.326215 	-58.029432 	-59.279746 	
9.657962 	5.968067 	-8.268112 	-6.581013 	-7.764296 	-18.941071 	-20.022732 	-25.324067 	-26.064281 	-29.411391 	-36.174079 	-33.852134 	-41.353334 	-46.264667 	-45.667451 	-48.162396 	-50.833017 	-55.234670 	-61.596477 	-56.148640 	-57.939080 	-58.850402 	-58.004563 	-56.897165 	-57.036432 	-59.877564 	
9.828430 	-3.243403 	-9.331991 	-12.664597 	-14.239103 	-14.314113 	-35.522348 	-36.702184 	-47.184377 	-47.148071 	-58.167894 	-57.894671 	-57.524696 	-59.014299 	-57.759580 	-59.961683 	-57.272182 	-58.716372 	-60.141923 	-57.590657 	
9.534626 	3.649908 	0.261004 	-19.598958 	-34.276547 	-57.565589 	-59.938467 	-58.931592 	-59.405895 	-60.650614 	-58.606307 	-57.765904 	-58.197878 	-58.557010 	-59.527566 	
9.985194 	3.877924 	2.424674 	-0.540771 	-22.296619 	-50.920705 	-57.702530 	-59.465858 	-57.305465 	-58.875718 	-59.431347 	-58.241263 	-58.810685 	-60.611720 	-59.140321 	-60.677579 	-58.846554 	-58.303250 	-61.784448 	-60.849383 	-57.560227 	-58.640773 	-58.872091 	-59.008046 	-58.070616 	-58.896596 	
9.668232 	-5.523350 	-23.049550 	-31.933039 	-49.456957 	-48.603778 	-59.114387 	-58.889611 	-58.008624 	-58.704288 	-56.576613 	-58.652509 	-57.911145 	-57.979995 	-59.910079 	
9.469562 	7.889171 	-2.679487 	-9.339855 	-31.427404 	-33.815706 	-50.275066 	-55.355123 	-58.333865 	-58.314281 	-58.125330 	-60.435922 	-57.350377 	-58.701251 	-58.737141 	-58.154039 	-58.380777 	-58.905072 	
