9.691223 	5.846307 	4.360439 	4.419192 	4.884990 	5.984271 	2.844651 	3.092679 	1.795417 	2.282882 	1.062763 	0.837735 	-2.652696 	-2.903202 	-2.313468 	-4.394461 	-4.811635 	-4.298376 	-4.372317 	-5.025298 	-6.638752 	-5.925603 	-7.485333 	-6.814523 	-7.464529 	-8.540916 	-7.987357 	-8.344722 	-8.460016 	
10.070195 	-2.032338 	-26.221098 	-34.984700 	-47.675642 	-47.868467 	-55.330022 	-57.117181 	-57.737745 	-57.070301 	-57.689720 	-58.364676 	-59.686815 	-59.568757 	-58.070020 	-58.146682 	
9.508887 	4.929985 	-0.465240 	-1.072338 	-0.589513 	-10.120816 	-4.936487 	-7.696311 	-6.745443 	-10.014035 	-7.763757 	-10.516767 	-10.620555 	-12.467656 	-11.580049 	
9.755767 	6.561586 	-5.410221 	-9.099109 	-9.304286 	-13.263192 	-13.203061 	-16.300329 	-16.064905 	-19.360952 	-22.352664 	-21.647545 	-29.079520 	-29.609770 	-30.051285 	-29.890841 	-34.723564 	-37.428846 	-35.584826 	-37.702503 	-41.575782 	-42.420651 	
9.686021 	3.044884 	-7.165211 	-10.801711 	-16.379037 	-20.475972 	-24.319699 	-30.176655 	-34.779328 	-30.572716 	-36.059473 	-38.378588 	-37.346444 	-39.880680 	-39.885439 	-40.521241 	-41.525770 	-42.378595 	-45.724822 	-46.002851 	-53.364401 	
9.500189 	-1.847717 	-8.520023 	-14.225805 	-15.638468 	-17.334310 	-16.699986 	-25.891734 	-31.632670 	-31.414648 	-37.577545 	-38.803866 	-40.198250 	-39.572155 	-45.326543 	-43.844270 	-53.166707 	
9.555144 	7.948958 	-5.688567 	-6.087781 	-7.706534 	-10.326185 	-14.218448 	-20.120581 	-26.251641 	-32.814986 	-35.197772 	-34.873428 	-38.548521 	-40.499745 	-45.036841 	-50.110568 	-51.991090 	
9.434755 	6.440603 	-2.825821 	-4.449684 	-16.747023 	-18.685847 	-21.437901 	-26.901930 	-33.107040 	-35.297508 	-48.046024 	-48.642034 	-49.857910 	-50.979440 	
9.693207 	0.539043 	-19.090628 	-25.569777 	-35.874504 	-35.999384 	-57.486836 	-59.767289 	-60.333826 	-59.106369 	-58.586522 	-58.708109 	-57.569878 	-60.275800 	-59.200584 	-57.933331 	-60.535480 	
9.817837 	6.155187 	1.422916 	-1.508930 	-2.356387 	-1.508958 	-7.770759 	-13.754413 	-17.676267 	-22.181427 	-24.283397 	-35.445733 	-38.566483 	-37.157738 	-41.391891 	-55.144444 	-56.312564 	-56.638625 	-59.256974 	-56.993359 	-55.655440 	-62.648557 	-56.644874 	-57.743183 	
9.886664 	0.154568 	-4.935543 	-9.541360 	-9.406730 	-15.630254 	-16.713706 	-15.961679 	-16.807023 	-18.524803 	-16.902781 	-17.992865 	-22.653395 	-24.107933 	-25.409041 	-27.412950 	-29.843719 	-33.224177 	-33.276233 	-32.882242 	-35.525565 	-34.859062 	-38.547833 	-41.163947 	-40.620339 	-41.896819 	-42.921452 	
9.562720 	-0.576683 	0.363785 	-9.362081 	-19.093977 	-20.969404 	-24.084778 	-23.606791 	-25.671554 	-29.736415 	-29.200491 	-35.660124 	-42.005808 	-41.742455 	
9.663933 	6.296000 	5.289723 	0.049310 	-0.421647 	0.054876 	-1.752783 	-5.010041 	-6.833604 	-7.154133 	-6.139008 	-6.316629 	-8.188796 	-7.643222 	
10.044665 	-0.687788 	-3.304835 	-4.874692 	-5.366781 	-5.565450 	-10.244625 	-14.661090 	-15.894468 	-17.137957 	-21.488892 	-21.580088 	-22.809369 	-23.707047 	-27.066677 	-25.882811 	-26.705370 	-27.585435 	-28.952959 	-34.997594 	-31.175496 	
9.725596 	-2.501229 	-22.739357 	-24.852862 	-24.581593 	-34.857470 	-37.016399 	-35.393674 	-39.493630 	-44.110794 	-42.888320 	-43.453452 	-45.242188 	-48.495482 	-47.661818 	-45.820160 	-52.939102 	-50.429435 	
9.812095 	2.766057 	-2.239415 	-11.915946 	-15.008178 	-18.768380 	-32.156221 	-49.475790 	-58.789713 	-59.029355 	-59.213267 	-57.753030 	-58.362494 	-58.145989 	-58.136069 	-61.998861 	-59.483721 	
9.438894 	-0.210286 	-1.217169 	-4.774531 	-22.805393 	-29.243624 	-28.270404 	-29.436557 	
9.968620 	-8.112882 	-35.884011 	-38.716216 	-41.394570 	-46.466663 	-60.755265 	-57.886451 	-57.206347 	-57.599194 	-57.781809 	
9.527662 	1.780617 	-0.794469 	-1.486963 	-2.103782 	-1.828169 	-6.855741 	-5.985719 	-7.639507 	-7.804603 	-11.990588 	-13.130907 	-14.261619 	-14.088212 	-16.306788 	-13.844436 	-14.986124 	-16.580329 	-14.372195 	-18.989648 	-17.466083 	-19.151315 	-18.748277 	-17.439342 	-19.876662 	-20.661673 	
9.893562 	3.807527 	-10.738805 	-15.812996 	-45.920823 	-48.693692 	-52.704497 	-56.114558 	-55.213043 	-57.569341 	-55.587548 	-57.750267 	-57.616982 	-57.079606 	-57.075982 	-58.297643 	-59.877845 	
