10.273024 	-56.853172 	-58.208445 	-58.760255 	-55.793480 	
9.669656 	0.613955 	-21.708256 	-28.138994 	-29.421236 	-30.518784 	-43.818005 	-45.360928 	-45.997306 	-50.092270 	-51.603884 	-56.459713 	-56.177230 	-57.511284 	-59.578091 	-58.479506 	-57.404282 	-56.243103 	-62.858635 	-57.290152 	-57.522681 	
9.735403 	1.621128 	-4.476473 	-16.498888 	-22.414640 	-27.841670 	-33.989121 	-35.216064 	-36.177571 	-39.803095 	-45.083895 	-46.677844 	
9.903297 	2.646222 	0.229495 	-3.777045 	-15.986539 	-28.227302 	-29.686486 	-38.450295 	-39.984634 	-39.429852 	-42.201802 	-41.474366 	-45.064596 	-46.362438 	-47.511637 	-49.704420 	-48.939266 	-50.271226 	-50.404553 	-51.081272 	-50.277838 	-54.141122 	-56.475295 	
9.752426 	7.297928 	-7.049891 	-8.082925 	-28.878672 	-29.220816 	-61.145360 	-56.555223 	-57.637546 	-57.395180 	-56.739328 	
9.347481 	-52.051854 	-58.897916 	-57.647414 	-59.236738 	-58.536263 	-59.422823 	-60.798006 	-58.105736 	-58.850225 	-59.654554 	-58.262169 	-57.854513 	
10.029827 	-10.713165 	-47.750966 	-55.379107 	-58.787231 	-56.903623 	-57.141451 	-58.900573 	-58.210074 	-59.596375 	
9.937171 	3.841760 	0.834672 	-4.054275 	-9.056606 	-16.909975 	-19.278993 	-20.937981 	-24.296375 	-23.020311 	-24.413732 	-27.518151 	-33.196471 	-33.236862 	-30.955945 	-31.887780 	
10.014352 	-4.980407 	-12.268980 	-16.230695 	-29.685345 	-29.410743 	-38.636498 	-40.925558 	-42.373150 	-53.559833 	-52.648721 	-55.306847 	-56.559727 	-59.622643 	-56.868199 	-58.128242 	-58.484673 	-57.323290 	-57.738386 	
9.746364 	3.928333 	-1.351768 	-0.034358 	2.557255 	0.602529 	1.636988 	-1.013518 	-3.945193 	-3.810568 	-4.850870 	-5.428063 	-4.462146 	-3.416890 	-5.875977 	-7.037435 	-6.400576 	-8.704955 	-10.180107 	-7.518720 	-10.492599 	-9.146719 	-9.110069 	
9.587092 	9.152193 	-6.549082 	-10.558062 	-14.871381 	-20.582174 	-42.415186 	-48.531341 	-54.781028 	-57.867586 	-58.187828 	-58.748966 	-58.475040 	-58.998983 	-60.221556 	-59.784936 	-58.642980 	-58.079686 	-59.361258 	-58.268026 	-59.006466 	-58.125400 	-58.889768 	-59.098298 	
9.987163 	5.150572 	2.150011 	2.253911 	0.380105 	-2.806688 	-1.954747 	-6.182161 	-7.507279 	-9.969580 	-11.470913 	-13.973747 	-17.494749 	-16.502489 	-17.609741 	-19.709962 	-20.846491 	-18.902040 	-21.689585 	-20.623437 	-20.205459 	-21.360668 	-23.228773 	-22.163270 	-23.185716 	-22.367320 	-23.612322 	-25.066136 	
10.026250 	4.809617 	-2.555744 	-1.756969 	-28.727205 	-33.312953 	-36.388487 	-35.225805 	-39.278202 	-48.696506 	-48.535988 	-49.699340 	-58.821685 	-59.054402 	-57.784509 	-58.490130 	-58.202961 	-58.422648 	-57.979069 	-62.039513 	-57.357947 	-57.412488 	-63.782317 	
10.160255 	0.751916 	1.531706 	-5.684076 	-6.240932 	-6.643780 	-10.944745 	-16.139652 	-14.870173 	-25.637264 	-48.977914 	-50.525848 	-55.036751 	
9.799611 	4.822521 	-7.235841 	-18.227783 	-24.627623 	-56.278972 	-58.548033 	-57.716294 	-59.503171 	-56.092456 	
10.093583 	6.352280 	5.472790 	5.144387 	-6.409520 	-5.840328 	-7.216221 	-11.584484 	-11.261042 	-25.385747 	-27.795457 	-30.940761 	-29.703877 	-51.289919 	-56.082532 	-58.206396 	-57.391237 	-56.160229 	
10.318769 	-1.870185 	-38.792639 	-40.354274 	-49.888549 	-47.479064 	-57.379359 	-59.548417 	-57.273488 	-60.603074 	-59.535308 	-57.599628 	-59.465965 	-58.608744 	-58.155605 	
9.427828 	-5.774163 	-11.831324 	-12.544502 	-13.454561 	-19.693676 	-23.199693 	-25.360172 	-29.446706 	-30.380799 	-30.575613 	-37.182806 	-41.662255 	-41.728934 	-43.649321 	-46.967779 	-49.492889 	-50.293394 	-54.110468 	-53.241195 	-55.824347 	-58.483697 	-54.889907 	-57.948259 	-56.843212 	
9.641387 	2.732446 	-0.321551 	-10.693883 	-12.866882 	-14.558735 	-45.758719 	-54.539571 	-57.455122 	-55.775934 	-58.287244 	-56.107642 	-55.814733 	
10.066360 	-6.199542 	-7.881410 	-7.516370 	-23.795128 	-27.015508 	-28.087266 	-30.847872 	-32.480283 	-35.931421 	-39.575986 	-39.388725 	
