9.904466 	5.527147 	-3.756443 	-17.353542 	-19.916315 	-19.948821 	-21.090183 	-22.303768 	-22.086104 	-28.147693 	-27.969160 	-31.234747 	-31.881251 	-32.556756 	-34.377612 	-34.908178 	-33.928447 	-38.646674 	-41.035811 	-43.055639 	
9.760565 	3.015496 	-7.711770 	-25.173978 	-33.237456 	-35.809322 	-53.677832 	-54.368858 	-55.827273 	-57.450529 	-57.402290 	-57.666264 	-57.907172 	-59.273346 	-56.520974 	-59.104339 	-59.582332 	-57.414982 	-60.415608 	
9.934018 	-0.185077 	-1.686425 	-3.096404 	-4.292800 	-6.064828 	-7.767564 	-12.427572 	-9.646409 	-14.390616 	-14.600109 	-27.556024 	-33.604878 	-35.160073 	-34.422030 	-34.589552 	-37.504257 	-38.589555 	-40.410497 	-39.872663 	-39.948540 	-42.929482 	-45.531131 	
9.055004 	7.618421 	-1.366901 	-29.841889 	-58.109336 	-58.868329 	-60.181077 	-59.938259 	-59.040509 	-59.228290 	-59.355483 	-59.729329 	-58.737654 	-57.880255 	-59.120665 	-58.875219 	
9.658498 	-38.080097 	-44.895704 	-48.884811 	-59.680635 	-57.258126 	-56.776339 	-58.589559 	-60.198492 	-59.034202 	-58.671165 	-60.424709 	-58.564169 	-58.026413 	
9.672130 	-4.790058 	-18.375209 	-18.658327 	-23.735118 	-24.674231 	-26.872676 	-27.527248 	-33.983713 	-33.392370 	-36.470049 	-32.622729 	-35.738728 	-36.269480 	-38.349037 	-39.955496 	-41.962947 	-42.829184 	
9.376825 	-47.874752 	-58.690328 	-57.674294 	-59.014368 	-59.291818 	-60.207318 	-58.973476 	-59.222580 	-61.067387 	
9.932036 	2.381649 	3.350353 	-1.420745 	-11.253040 	-21.463642 	-24.841237 	-30.855833 	-43.408170 	-49.351392 	-48.051205 	-52.826404 	
9.724971 	-1.707469 	-5.695809 	-42.961913 	-48.827101 	-50.938412 	-51.032438 	-54.646566 	-55.739597 	-61.520672 	-59.272306 	-57.396902 	-57.817015 	-58.405112 	-58.972755 	-58.888456 	-58.135913 	-58.909673 	
10.020697 	-12.618132 	-53.104938 	-58.503831 	-63.153305 	-60.005594 	-58.515246 	-59.677414 	-58.259338 	-59.786712 	-58.279859 	-59.027574 	-57.888862 	
10.118530 	1.200919 	-12.313751 	-11.948756 	-14.422264 	-16.458807 	-18.730219 	-34.647360 	-35.082910 	-35.787677 	-37.638037 	-39.630713 	-46.363782 	-55.255048 	
9.684166 	5.367801 	3.032492 	0.299267 	0.072916 	-0.549244 	-0.267110 	1.131788 	0.078663 	-5.292452 	-4.169936 	-8.509677 	-10.564794 	-13.493545 	-12.921474 	-13.979018 	-13.854655 	-14.874864 	-18.699528 	-19.368499 	-18.872426 	-19.120659 	
9.731792 	0.197097 	-12.412839 	-22.964807 	-26.284918 	-28.875898 	-49.454700 	-48.287014 	-52.443145 	-50.014099 	-54.081068 	-56.989857 	-55.864352 	-57.828814 	-56.287200 	-57.835807 	-57.146756 	-56.635994 	-58.968087 	-58.221966 	-56.216797 	
9.578841 	-11.074330 	-6.592599 	-8.246976 	-9.213576 	-11.603467 	-13.125667 	-13.275971 	-16.083768 	-28.924479 	-31.834095 	-34.098698 	-38.018092 	-38.956805 	-38.718167 	-41.145543 	-45.027189 	-45.173713 	-50.932975 	
9.650012 	3.207199 	-1.552896 	-10.335463 	-15.009080 	-21.179369 	-27.786181 	-29.946583 	-39.895000 	-44.224339 	-47.616439 	-47.334353 	-49.043145 	-57.074514 	-60.666974 	-60.357469 	-58.645497 	-61.215116 	-57.120560 	-57.587443 	-58.558992 	-59.097364 	-57.835306 	
9.633059 	1.417218 	-10.510286 	-15.031328 	-26.914436 	-29.120060 	-46.948715 	-48.143985 	-54.089465 	-57.914934 	-55.598178 	-58.372158 	-55.932727 	-57.598227 	-57.891778 	-57.929405 	
9.967373 	5.092077 	5.316974 	1.836542 	-8.669550 	-10.106074 	-57.147018 	-59.529535 	-58.112895 	-58.133488 	-57.861396 	-57.723614 	-60.701620 	-58.847123 	-58.546512 	-58.538386 	
9.578980 	6.482337 	-3.509529 	-11.043882 	-26.771414 	-48.276781 	-59.498850 	-57.531747 	-59.762920 	-58.517675 	-59.277360 	-58.526483 	-58.439808 	-59.706895 	-61.462431 	-59.159611 	-58.700683 	-57.104176 	
9.811241 	1.722133 	-1.432173 	-4.475248 	-6.275083 	-8.340800 	-9.344582 	-11.473963 	-12.028079 	-13.162627 	-18.433247 	-21.891138 	-31.691285 	-37.310090 	-40.971791 	-44.957102 	-43.966303 	-49.789030 	-51.262115 	-53.460226 	-54.189194 	-55.332659 	-55.929620 	
9.872047 	1.408580 	1.748716 	-0.194998 	-4.045416 	-7.679579 	-12.838793 	-14.652808 	-15.574222 	-24.273660 	-26.467246 	-30.081333 	-32.348421 	-36.198467 	-38.863483 	-45.697584 	-41.951990 	-38.912018 	-40.255902 	-43.548635 	-47.155425 	-46.421336 	-53.138125 	
