9.751535 	0.186358 	-12.404041 	-31.526771 	-44.425691 	-42.949872 	-59.298307 	-57.154676 	-59.175469 	-63.946609 	-58.208192 	-61.365151 	-58.937814 	-58.432098 	-57.839274 	-59.483320 	-58.391527 	-58.668062 	
9.866915 	-1.100342 	-7.325183 	-8.618584 	-8.718541 	-23.068488 	-19.086849 	-20.833864 	-37.144396 	-33.332676 	-38.215745 	-47.427032 	-48.237888 	-58.157044 	-59.237702 	-57.754023 	-57.143569 	
9.796965 	-3.401157 	-17.147551 	-24.382468 	-46.731536 	-60.202152 	-57.918192 	-58.227040 	-57.977556 	-57.575546 	-57.976355 	-58.285443 	-58.015319 	-58.380953 	
10.162042 	-1.414852 	-5.073496 	-11.032664 	-23.525035 	-23.155984 	-25.317781 	-31.040939 	-33.323689 	-43.296666 	-48.145107 	-58.332753 	-58.253909 	-57.904214 	-58.585786 	-60.800968 	-59.682611 	-57.798301 	-58.674693 	-58.608310 	-59.695599 	-58.156302 	-58.082601 	-59.257133 	-58.211512 	-59.059029 	-59.731537 	
10.224283 	-5.694160 	-11.172985 	-30.687881 	-41.868411 	-58.354726 	-57.025731 	-59.920757 	-56.333814 	-57.371975 	-58.017923 	-59.029349 	
10.108996 	-7.298912 	-35.918636 	-58.246473 	-57.826855 	-61.882086 	-59.909576 	-58.080608 	-58.605711 	-59.837055 	-57.857646 	-58.378285 	-57.514304 	-58.887536 	-57.508902 	-59.296209 	-57.489292 	-61.116491 	-60.423611 	-57.130034 	-60.352420 	-58.313721 	-62.244844 	
10.051205 	-10.800972 	-12.833636 	-24.187117 	-29.711140 	-31.055788 	-48.347447 	-49.780432 	-55.940531 	-55.978508 	-57.736371 	-57.702977 	-56.389903 	-56.350845 	-55.703402 	
10.137967 	-8.720738 	-20.701335 	-21.789582 	-34.484501 	-32.772293 	-35.337725 	-55.049007 	-60.800836 	-57.597845 	-58.156758 	-60.465151 	-58.795727 	-59.252448 	-58.156767 	-58.932212 	-58.926049 	-59.882024 	-59.305372 	-58.767708 	-58.578859 	-58.259663 	-59.158909 	
9.856254 	4.987241 	-27.664245 	-27.593853 	-48.420366 	-57.790778 	-62.404061 	-59.579661 	-59.485772 	-59.103541 	-60.469313 	-59.334825 	-58.449213 	-58.053430 	-59.072959 	-58.390199 	-58.107643 	-58.992289 	
9.816952 	-4.121266 	-55.058445 	-59.326638 	-59.456318 	-58.795093 	-58.495965 	-60.334201 	-59.172394 	-59.867466 	-58.867663 	-59.045572 	-59.499050 	-58.420004 	-58.120715 	-59.809480 	-60.242662 	-59.006758 	-57.657384 	
9.484379 	4.936912 	-12.201559 	-46.970458 	-48.023275 	-58.151066 	-58.709836 	-59.673790 	-59.074071 	-59.038848 	-58.911635 	-60.052160 	-58.664539 	-62.656296 	-59.526893 	-59.519217 	-60.434420 	-59.068700 	-58.896383 	-60.739273 	-59.203486 	-60.526680 	-58.177142 	
9.596980 	-2.505467 	-20.185082 	-19.985253 	-31.195304 	-49.998967 	-52.804514 	-60.172767 	-58.879398 	-56.832312 	-60.865766 	-61.646529 	-59.599153 	-58.635168 	-59.100837 	-61.613921 	-60.558244 	
10.153154 	6.717300 	3.013619 	-3.621227 	-4.041691 	-5.323637 	-57.334276 	-57.857332 	-58.249530 	-58.909893 	-64.283872 	-59.002445 	-58.419677 	-58.933502 	-60.585467 	-59.691751 	-57.933770 	-59.439256 	-57.157333 	-58.831709 	-58.589115 	
9.851411 	-24.214876 	-28.476450 	-55.000605 	-56.843723 	-57.489458 	-61.445908 	-60.664902 	-60.019994 	-58.343681 	-58.631024 	-59.210083 	-57.696751 	-62.502665 	-59.938920 	-58.350201 	-62.657746 	
9.971649 	2.765950 	-2.647628 	-4.049648 	-15.861376 	-16.809841 	-28.079939 	-42.573772 	-56.804170 	-58.039239 	-59.693376 	-59.077737 	-57.018971 	-59.788137 	-57.257959 	-59.519342 	-58.452100 	-57.473463 	
9.736390 	4.696564 	3.168653 	-37.621708 	-58.394206 	-58.076374 	-59.309191 	-59.667990 	-59.758143 	-58.819068 	-59.166275 	-60.001672 	-58.555891 	-58.779305 	-59.246268 	-60.230695 	-58.380359 	-59.408512 	-59.028456 	-59.558595 	-59.549850 	-59.060657 	-58.739600 	
9.781012 	2.243933 	-7.546818 	-11.184658 	-15.894525 	-17.620229 	-19.766998 	-23.897335 	-27.433624 	-31.435158 	-37.824867 	-39.048368 	-38.584910 	-49.385199 	-51.028306 	
10.066734 	3.395035 	-30.083195 	-36.588044 	-38.478805 	-41.234544 	-59.025082 	-60.766997 	-60.402222 	-58.868576 	-58.016485 	-57.212594 	-58.073947 	-59.924366 	-59.285092 	-59.142153 	-59.343027 	-60.711779 	
10.093173 	-10.319148 	-40.160377 	-40.691756 	-50.515503 	-60.636384 	-60.192813 	-61.678871 	-57.452813 	-58.472707 	-59.930451 	-60.312125 	-58.265362 	-60.704718 	-57.255972 	-56.884463 	-58.740621 	-57.924330 	-57.674891 	
9.731883 	4.723392 	-14.775399 	-33.639842 	-34.702816 	-35.763920 	-39.527419 	-58.851082 	-58.801044 	-58.399547 	-59.223231 	-58.611060 	-59.548598 	-67.005902 	-58.506003 	-58.862982 	-58.111980 	-59.355036 	-59.299374 	-59.994961 	-59.200572 	-58.772676 	
