9.545982 	-0.694398 	-18.379891 	-17.499001 	-30.221238 	-35.255826 	-36.925388 	-41.596233 	-60.268949 	-59.842898 	-62.127592 	-59.770078 	-59.320409 	-58.580013 	-58.332855 	-57.761458 	-61.738677 	-60.027891 	-59.144617 	
9.743728 	2.493028 	-16.475093 	-57.644069 	-59.916385 	-57.976425 	-57.626280 	-58.848920 	-58.617557 	-59.228002 	-57.312096 	-59.435709 	
9.429420 	4.797215 	-20.022991 	-24.808701 	-31.912572 	-41.825839 	-53.382981 	-56.409489 	-57.948526 	-58.238715 	-60.288495 	-60.523698 	-59.039599 	-58.843615 	-58.403082 	-57.450652 	-58.551032 	
9.942302 	-27.093011 	-25.987152 	-27.313003 	-30.766616 	-40.312267 	-39.267196 	-41.860740 	-42.762973 	-51.834488 	-53.074792 	-53.198369 	-55.641738 	-58.022014 	-56.826027 	-57.354501 	-58.851800 	-60.448984 	-56.962391 	
9.910588 	-25.685078 	-58.335972 	-59.629096 	-59.048490 	-59.422851 	-58.960502 	-58.007534 	-58.010167 	-59.230302 	-58.170536 	-57.373878 	-57.032716 	
9.506780 	-2.213953 	-2.977140 	-13.838580 	-36.323106 	-58.964410 	-58.859961 	-59.729687 	-58.027614 	-57.846733 	-57.091039 	-59.479498 	-59.713804 	-58.462339 	-60.076027 	
9.833343 	-4.280858 	-4.049320 	-5.333220 	-24.287630 	-35.023774 	-34.391033 	-40.627552 	-45.401459 	-47.610709 	-54.039879 	-64.269681 	-58.674840 	-59.007289 	-57.469027 	-59.093672 	-57.405887 	-58.652936 	-58.055205 	-60.893030 	-59.423729 	
9.224553 	-5.435646 	-15.252803 	-18.440371 	-38.681607 	-37.106974 	-50.799201 	-58.346948 	-59.194037 	-58.443400 	-63.663271 	-60.696827 	-59.466481 	-59.252588 	-59.174648 	-60.469310 	-58.397684 	-59.524576 	-61.059181 	-60.176694 	-59.337873 	-58.822341 	-60.316880 	-59.579613 	
10.122187 	-0.757133 	-12.938044 	-38.274861 	-55.252205 	-58.906164 	-60.350058 	-57.167993 	-58.716963 	-58.090418 	-58.519929 	-57.713285 	-58.444430 	-60.264519 	-60.441556 	-59.007752 	
9.612959 	-7.379552 	-9.323007 	-16.161645 	-34.089867 	-37.419422 	-38.483650 	-44.195498 	-46.073784 	-54.536204 	-60.604715 	-58.080209 	-58.596017 	-58.562930 	-58.356072 	-58.682978 	-61.516695 	-58.928134 	-60.709179 	-57.897789 	-59.506765 	
9.603180 	-25.164313 	-38.387772 	-45.753205 	-54.764966 	-61.261561 	-58.120974 	-57.916183 	-57.659559 	-58.445229 	-58.252094 	-57.510647 	-58.704436 	-61.768998 	-57.804543 	-57.570776 	-59.040934 	-58.604116 	-57.550590 	-60.640526 	
9.280366 	8.382381 	1.932787 	-52.071686 	-58.780987 	-59.498211 	-60.855034 	-58.315466 	-60.193219 	-59.717243 	-58.427867 	-62.571211 	-62.187824 	-59.097516 	-58.254246 	-58.602353 	-58.474242 	
9.764795 	-6.942437 	-33.464141 	-35.058908 	-55.975887 	-58.656658 	-59.302640 	-58.384463 	-58.173325 	-60.913339 	-59.412783 	-59.706858 	-59.509970 	-59.690715 	-61.626562 	-57.771171 	-57.982951 	-58.067168 	-59.382049 	-59.291256 	-60.543001 	
9.737940 	-9.547676 	-27.659469 	-23.329438 	-26.329112 	-31.476651 	-35.844524 	-37.820415 	-43.907974 	-46.493832 	-58.203988 	-58.876417 	-57.168808 	-59.148313 	-56.928350 	-60.828271 	-58.438445 	-60.309566 	
9.242685 	-3.533023 	-21.699825 	-23.130705 	-28.817436 	-46.979135 	-51.601389 	-58.065929 	-60.142896 	-59.923926 	-60.035972 	-59.212330 	-58.865512 	-60.798675 	-58.844840 	-58.820070 	-59.022330 	-59.296739 	-59.315557 	-59.941725 	
9.650373 	1.909278 	-0.881221 	-12.119917 	-13.121747 	-19.361626 	-20.543282 	-24.664022 	-28.821845 	-41.009494 	-53.867762 	-57.698355 	-61.225327 	-58.576584 	-58.787833 	-58.376934 	-58.381074 	-60.495621 	-59.067744 	
9.738740 	-12.769822 	-18.146182 	-27.676361 	-29.594286 	-52.630987 	-54.635257 	-60.044658 	-58.763299 	-58.535356 	-59.367287 	-57.829642 	-59.574047 	-58.245990 	-58.288181 	-57.708250 	-58.944595 	
9.453284 	1.331459 	-6.195556 	-15.019412 	-19.786556 	-59.291475 	-57.516637 	-58.998083 	-61.567425 	-58.442227 	-58.456402 	-57.816406 	-57.815384 	
9.167652 	1.713897 	-42.142542 	-46.323286 	-60.238329 	-60.674507 	-59.585550 	-60.191548 	-59.618870 	-59.731818 	-60.824262 	-59.663931 	-61.106317 	-61.522795 	-62.629535 	-58.920281 	-60.040292 	-59.153477 	-61.540307 	-58.155649 	-58.892559 	
9.684542 	-12.277861 	-14.963831 	-25.199858 	-48.479757 	-58.743692 	-58.774520 	-60.039923 	-59.562705 	-59.447032 	-61.098840 	-61.145727 	-58.619557 	-58.282665 	-59.813910 	-59.399470 	-59.097724 	-61.078935 	-59.563878 	-60.799574 	-59.255435 	-58.046522 	-59.216461 	-59.657700 	-58.171207 	-58.232928 	
