9.673998 	6.474670 	2.765557 	0.021248 	-8.907145 	-7.248348 	-12.529218 	-14.723378 	-22.037050 	-27.080570 	-28.960789 	-30.997414 	-33.327381 	-33.778600 	-35.016377 	-34.107472 	-33.842804 	-36.898034 	-41.021649 	-38.179716 	-37.786032 	
9.291670 	7.083156 	-4.231870 	-3.243387 	-5.209407 	-3.510495 	-4.824025 	-4.830931 	-8.445388 	-8.300968 	-10.197734 	-12.600627 	-14.682545 	-11.763817 	-11.331845 	-13.703077 	-13.673218 	-15.189373 	-16.274809 	-16.589097 	-15.706885 	
9.810059 	-0.436432 	-1.849326 	-3.065779 	-16.221976 	-18.742127 	-16.229505 	-16.541601 	-40.853284 	-40.140281 	-49.958193 	-55.688366 	-56.228603 	-56.880193 	-56.896579 	-57.243068 	-56.335975 	-59.022019 	-60.473123 	-58.198953 	-57.338100 	
9.875349 	4.846861 	-0.931760 	-18.934249 	-41.826791 	-51.525377 	-55.087874 	-57.000887 	-57.764774 	-57.029984 	-58.094114 	-58.621357 	
9.963614 	5.393810 	-2.119989 	-2.226292 	-7.406384 	-8.362626 	-12.986215 	-14.553908 	-21.035241 	-19.999529 	-20.198649 	-20.649409 	-24.496381 	-21.282931 	-21.492591 	-23.743385 	-26.310174 	-25.054675 	-25.966727 	-26.799547 	-29.768372 	
10.027784 	5.121263 	-5.217560 	-13.749713 	-19.612141 	-24.538623 	-25.680876 	-29.651136 	-35.997799 	-36.828360 	-35.687959 	-37.564205 	-36.473463 	-37.291853 	-38.793317 	-48.884804 	-45.600044 	-47.413747 	
9.751886 	8.947261 	4.499662 	-3.480463 	-10.794723 	-25.538264 	-45.452478 	-46.668494 	-48.137742 	-52.472595 	-57.775095 	-58.562627 	-59.850660 	-58.687115 	-59.629155 	-58.362491 	-58.740714 	-59.350800 	-58.544641 	-58.757891 	-58.965534 	-58.868387 	-56.920479 	-59.400380 	-59.587121 	-58.565743 	
10.215872 	-9.891799 	-25.371095 	-29.380055 	-33.982652 	-38.370216 	-36.037196 	-40.347562 	-39.934546 	-41.670814 	-43.332137 	-44.069193 	-45.747569 	
9.920787 	-2.665702 	-7.908007 	-7.298506 	-8.402089 	-12.722499 	-14.345099 	-17.660487 	-14.633532 	-16.588312 	-19.204324 	-20.352039 	-22.274270 	-26.924911 	-25.174248 	-27.092867 	-29.479118 	-34.315019 	-33.067814 	-32.755029 	-34.727477 	-34.931420 	-37.939990 	-39.529687 	-41.939764 	-45.000758 	
9.725345 	4.992735 	1.260095 	-6.899434 	-14.667854 	-23.642528 	-26.620462 	-33.841043 	-36.127291 	-48.602083 	-43.996303 	-44.708605 	-47.261090 	-55.010081 	-54.649546 	
9.836715 	4.589856 	3.935301 	-0.205022 	-13.046576 	-20.402372 	-21.561765 	-21.866463 	-25.204678 	-23.920475 	-24.964850 	-25.627041 	-26.181791 	-28.398100 	-26.469471 	-25.583629 	-28.504660 	-30.365384 	-28.193718 	-32.805273 	-34.969112 	
9.613558 	-6.635170 	-7.960251 	-10.062814 	-13.614582 	-15.268463 	-36.961768 	-39.697519 	-45.761035 	-55.986867 	-57.564166 	-56.455945 	-57.313233 	-58.759568 	-59.492480 	-58.123389 	-59.641662 	
9.636924 	0.988367 	-4.276857 	-5.895863 	-9.793661 	-7.033141 	-20.628298 	-23.319581 	-25.522016 	-28.142625 	-37.271725 	-37.631680 	-39.979856 	
9.164257 	6.364995 	2.272257 	1.905685 	1.599113 	-0.634498 	-8.083593 	-7.673183 	-14.985792 	-19.283717 	-54.855885 	-56.393039 	-57.629356 	-59.491328 	-57.437875 	-58.067990 	-57.283143 	-60.075933 	
10.030189 	2.328219 	-0.917631 	-7.646625 	-7.141460 	-8.866063 	-11.408883 	-15.842678 	-31.035903 	-40.187128 	-49.728665 	-48.507357 	-54.028662 	-53.362674 	-54.486668 	-57.868674 	
9.864270 	6.959749 	7.045624 	7.235663 	5.955102 	4.762224 	1.553198 	3.990878 	0.274830 	2.202393 	1.328541 	1.952470 	-0.130056 	1.361153 	0.386030 	0.416896 	-2.742573 	-1.527962 	-1.115861 	-0.820865 	-2.083213 	-3.824702 	-3.238561 	-5.358036 	-7.873931 	-5.215716 	-6.315351 	-3.913275 	-5.378630 	-3.087686 	-3.553559 	-5.093882 	-3.371418 	-4.519992 	-7.561744 	-4.869870 	-4.649463 	-6.399380 	-4.890377 	-6.656102 	-3.964715 	-6.338638 	-5.069492 	-9.547121 	
9.427933 	-1.825547 	2.206674 	0.077171 	-6.146676 	-7.555844 	-7.079119 	-6.134396 	-8.465410 	-15.427092 	-18.742516 	-19.964621 	-18.928003 	-22.547857 	-22.971343 	-20.893293 	-23.740725 	-22.774193 	-24.965383 	-24.810989 	-24.498807 	-30.814596 	
9.676195 	1.435126 	2.087190 	-6.515650 	-9.450996 	-8.982314 	-8.368874 	-11.673833 	-14.228929 	-15.420821 	-16.241752 	-18.208921 	-18.180375 	-20.971722 	-21.365303 	-23.076538 	-26.470929 	-29.803130 	-32.826897 	
10.383053 	6.593032 	-0.690445 	-7.450318 	-8.110033 	-10.014726 	-16.404495 	-19.372707 	-23.264639 	-24.183679 	-29.842776 	-30.178185 	-31.008872 	-31.004424 	-31.530817 	-33.237040 	
9.472387 	3.828050 	1.376606 	-2.547125 	-5.519795 	-12.111122 	-13.760325 	-14.743007 	-12.563545 	-14.338338 	-16.704017 	-16.469213 	-16.442305 	-19.994838 	
9.504962 	1.876416 	-0.869847 	-0.448970 	-2.907326 	-7.894615 	-10.755385 	-10.540601 	-14.065623 	-16.479951 	-15.736417 	-18.025900 	-17.039292 	-16.999752 	-18.074211 	
9.396193 	6.571857 	4.262418 	4.898551 	2.255871 	1.361403 	1.414867 	-0.000991 	2.198265 	2.026963 	1.662788 	1.017315 	0.542782 	-1.653837 	-1.970660 	0.196341 	-0.072833 	0.104059 	0.060008 	0.089354 	0.360295 	0.255155 	-0.955700 	-0.538975 	-5.095911 	0.662587 	0.452769 	-3.235815 	1.604491 	0.986527 	0.137151 	0.680772 	0.901564 	-0.209347 	-1.884691 	-1.400035 	-1.726034 	-1.660354 	0.437276 	-0.551166 	-0.141895 	0.274037 	-0.535617 	-2.947743 	1.426223 	-3.341503 	-0.397020 	-0.543643 	-0.039304 	-0.146466 	-0.539666 	-3.910415 	-1.794925 	-1.952563 	-0.070509 	-1.606519 	-1.694474 	-2.381623 	-2.150735 	-4.102933 	-1.038703 	-0.911869 	-1.473394 	-0.303824 	-1.836483 	-0.871699 	-0.855026 	-3.276851 	-2.353310 	-0.296181 	-0.862479 	-2.376747 	-0.045367 	-0.525291 	-1.280517 	-2.433835 	-1.555233 	-1.716306 	-1.169171 	-1.945748 	-0.826768 	0.194243 	-2.085917 	0.358791 	-2.725820 	-1.549337 	-4.298617 	-2.568062 	-1.438750 	-0.642672 	-1.505345 	-1.010948 	-1.181629 	-1.238777 	-2.349305 	-1.395492 	-3.656650 	-3.642225 	-0.746437 	-3.353304 	-1.799921 	-0.499007 	-1.147402 	-3.386522 	-2.074670 	-1.414446 	-2.148171 	-1.545709 	-2.803976 	-2.735776 	-2.459397 	-3.220797 	-1.959276 	-2.311888 	-3.434567 	-1.565349 	-1.007391 	-0.627781 	-1.457286 	-2.833954 	-0.881860 	-2.379664 	-0.186661 	-3.138576 	-3.264449 	-2.744021 	-0.918306 	-1.560311 	-3.050981 	-1.615291 	-1.261614 	-4.182724 	-1.989684 	-1.354809 	-2.079555 	-1.361394 	-1.026478 	-2.328751 	-3.520765 	-3.173852 	-2.589962 	-2.352900 	-2.263024 	-4.010905 	-2.080731 	-2.553686 	-2.072732 	-1.885779 	-2.046865 	-1.372386 	-2.958762 	-4.690945 	-3.756480 	-2.343513 	-2.938405 	-1.190137 	-1.059496 	-3.385137 	-4.754730 	-3.840655 	-4.513613 	-4.239660 	-2.031315 	-0.329494 	-2.883999 	-2.746349 	-3.130771 	-3.557797 	-2.202322 	-4.847355 	-2.161066 	-1.906604 	-1.599257 	-2.798429 	-3.324436 	-3.378738 	-2.326579 	-6.838585 	-1.764598 	-2.926532 	-5.144616 	-4.210166 	-2.399810 	-2.371152 	-3.506104 	-3.150305 	-1.039214 	-3.264144 	-1.775873 	-1.465530 	-2.467065 	-1.703078 	-2.742431 	-2.891716 	-5.402841 	-3.337341 	-1.530872 	-3.177443 	-2.406124 	-2.511833 	-1.868462 	-2.974224 	-3.057554 	-2.967226 	-4.297164 	-2.275021 	-3.569427 	-6.468752 	-3.766260 	-2.485398 	-4.573970 	-4.993432 	-5.832587 	-2.074208 	-3.315908 	-2.845349 	-2.913052 	-1.272392 	-3.999929 	-4.200907 	-3.302957 	-1.951260 	-4.480036 	-4.324719 	-3.728590 	-1.518316 	-1.900869 	-2.800987 	-3.255019 	-2.356334 	-2.356312 	-4.570086 	-2.473300 	-1.499184 	-1.901803 	-4.478681 	-2.049631 	-2.347247 	-3.997629 	-3.622260 	-4.494340 	-3.317539 	-2.508255 	-2.790778 	-4.900959 	-2.164993 	-2.038761 	-2.882132 	-3.535350 	-3.848164 	-2.307436 	-4.568375 	-2.835260 	-3.398955 	-2.650427 	-3.211715 	-1.939035 	-4.330047 	-4.221482 	-2.137455 	-2.869831 	-5.419325 	-3.315743 	-2.927077 	-2.011881 	-1.369149 	-3.828085 	-3.075133 	-2.511635 	-9.746343 	-3.505228 	-8.950481 	-3.301266 	-3.054412 	-1.177671 	-2.549615 	-2.079660 	-2.509362 	-4.359608 	-6.236271 	-3.462198 	-3.234955 	-2.726534 	-2.158650 	-2.560376 	-2.092229 	-2.170946 	-5.829096 	-0.848732 	-7.173211 	-3.048473 	-2.606723 	-4.345657 	-3.809782 	-3.438810 	-4.540020 	-2.959689 	-2.979969 	-3.999007 	-3.209091 	-3.970927 	-2.181919 	-3.977069 	-2.517442 	-6.779818 	-2.253466 	-2.960007 	-1.993802 	-3.675793 	-2.995229 	-4.148651 	-3.646312 	-6.154256 	-2.899304 	-4.535453 	-4.493146 	-2.213041 	-6.375933 	-3.674997 	-5.592260 	-2.085615 	-6.041768 	-4.262184 	-4.180376 	-2.725846 	-2.389353 	-1.578131 	-2.780841 	-2.563748 	-3.879913 	-2.431663 	-6.705536 	-2.641052 	-3.473686 	-2.071842 	-5.592384 	-6.110845 	-2.155197 	-3.404581 	-2.910602 	-3.433631 	-2.310192 	-4.203273 	-2.671718 	-3.395632 	-2.926868 	-5.346778 	-2.106548 	-2.779517 	-4.505369 	-4.235641 	-3.071063 	-1.970418 	-4.392177 	-2.362648 	-9.377931 	-3.152196 	-3.417676 	-1.578595 	-4.779621 	-4.176049 	-3.386373 	-3.515530 	-2.834741 	-3.541015 	-4.233385 	-2.374875 	-7.014103 	-4.254114 	-4.720196 	-3.060347 	-2.736759 	-4.212840 	-2.568891 	-5.294654 	-6.654312 	-2.722728 	-2.399004 	-3.687363 	-2.228689 	-3.431734 	-4.613660 	-4.958099 	-3.052893 	-2.796702 	-2.118475 	-2.058443 	-5.123769 	-2.185576 	-3.079500 	-2.511749 	-2.962574 	-5.746646 	-2.516812 	-2.932669 	-9.152443 	-6.928539 	-5.309857 	-2.606466 	-2.772577 	-3.912066 	-4.365495 	-3.504453 	-3.367428 	-4.646991 	-5.416570 	-5.186768 	-5.400144 	-2.278276 	-4.043559 	-3.547600 	-3.462599 	-1.208851 	-3.614967 	-3.111727 	-3.768289 	-3.601621 	-3.683043 	-2.299141 	-2.038823 	-6.405375 	-3.406031 	-3.020151 	-3.029324 	-4.791851 	-2.935310 	-2.198864 	-5.436456 	-2.571438 	-5.540500 	-2.651255 	-1.918850 	-5.251011 	-4.765018 	-4.578216 	-4.294847 	-7.859071 	-3.622906 	-4.687085 	-4.187348 	-2.448749 	-3.179911 	-2.651656 	-3.242189 	-3.801613 	-7.435086 	-3.455848 	-4.571072 	-2.870437 	-3.018568 	-2.334860 	-3.677344 	-3.332057 	-4.029666 	-4.021421 	-7.672462 	-4.000749 	-3.190041 	-1.954124 	-4.867773 	-3.540326 	-3.455055 	-2.995771 	-4.691842 	-4.791026 	-4.269361 	-2.876719 	-5.301763 	-4.332526 	-2.740621 	-2.986264 	-3.509399 	-3.836846 	-3.143047 	-2.799657 	-4.024202 	-2.776962 	-3.400558 	-6.263164 	-4.331998 	-3.212246 	-3.220860 	-3.545826 	-4.571292 	-4.111818 	-3.943601 	-6.827198 	-3.691991 	-2.611666 	-4.488159 	-3.509859 	-4.004373 	-2.420881 	-3.350238 	-3.358829 	-7.512359 	-5.218955 	-2.483866 	-3.382362 	-3.963497 	-3.782102 	-5.613659 	-2.840192 	-2.480985 	-2.738786 	-3.444287 	-3.083867 	-4.477913 	-3.545124 	-3.788141 	-3.497081 	-3.745109 	-3.567161 	-5.119507 	-3.614524 	-2.563187 	-3.389187 	-3.818714 	-3.559840 	-3.853629 	-4.104911 	-3.325098 	-6.683701 	-2.935002 	-2.776749 	-2.048877 	-6.098248 	-5.943516 	-4.050079 	-3.166770 	-3.922860 	-2.814724 	-4.675905 	-5.393756 	-3.265279 	-2.323547 	-3.022103 	-4.505363 	-5.167131 	-3.510794 	-3.266427 	-3.972434 	-3.261800 	-4.340149 	-5.733211 	-5.061534 	-3.211505 	-4.552448 	-3.717477 	-2.594400 	-2.617615 	-2.775585 	-7.474440 	-3.899516 	-4.276243 	-4.082743 	-3.787788 	-6.313027 	-5.154482 	-4.515745 	-5.348975 	-4.412990 	-4.069261 	-3.119461 	-2.961712 	-5.427344 	-3.578478 	-2.463661 	-3.839810 	-6.076561 	-3.543017 	-3.031980 	-5.097032 	-4.171256 	-1.866010 	-3.843752 	-3.603904 	-5.791041 	-5.256422 	-2.461178 	-5.041362 	-2.645363 	-3.835641 	-3.897014 	-7.106559 	-5.060989 	-4.321400 	-6.561156 	-2.602370 	-2.478989 	-3.350935 	-3.204171 	-3.643810 	-3.456464 	-5.720338 	-4.040493 	-3.091540 	-3.812294 	-3.945916 	-3.940053 	-4.287203 	-3.005335 	-2.566467 	-3.883957 	-3.103944 	-4.012003 	-3.508972 	-4.636458 	-2.812006 	-3.110681 	-2.006092 	-3.446185 	-5.278562 	-3.434814 	-3.000665 	-4.272441 	-3.425555 	-2.507391 	-3.972602 	-2.884906 	-7.603811 	-2.259365 	-3.103909 	-4.662486 	-2.733633 	-5.378964 	-6.610501 	-3.602580 	-5.654411 	-6.001931 	-4.303165 	-5.317924 	-3.142947 	-4.869460 	-4.942256 	-4.150146 	-4.927615 	-4.661869 	-3.184385 	-4.401900 	-6.659359 	-2.881956 	-6.097953 	-3.819277 	-6.436786 	-5.004561 	-4.101240 	-3.601964 	-4.235043 	-3.562886 	-4.854843 	-6.664808 	-3.124504 	-5.904547 	-3.043917 	-6.318711 	-6.542449 	-3.884689 	-4.343764 	-5.548198 	-3.561014 	-4.324055 	-5.416664 	-10.661937 	-2.782706 	-4.497762 	-3.194377 	-2.708085 	-3.800201 	-5.696396 	-4.691914 	-4.666919 	-4.194045 	-8.218779 	-3.879953 	-5.072437 	-4.195052 	-2.472845 	-5.023448 	-4.736008 	-4.297267 	-4.800453 	-4.193437 	-3.568312 	-6.025993 	-5.304818 	-3.563295 	-3.207369 	-3.970918 	-3.856813 	-2.770703 	-3.929920 	-4.861414 	-6.265804 	-2.744943 	-5.020113 	-4.114972 	-4.967522 	-4.737717 	-4.919319 	-3.683435 	-4.931317 	-9.417388 	-3.035881 	-3.915308 	-6.768774 	-6.176128 	-2.942866 	-2.810039 	-3.722451 	-4.223807 	-4.256826 	-3.981462 	-5.247288 	-5.151276 	-4.775505 	-2.894981 	-5.713545 	-3.310092 	-3.227296 	-4.431640 	-5.380016 	-2.998871 	-4.494965 	-3.751723 	-4.143128 	-3.699799 	-3.934193 	-3.767915 	-5.070212 	-2.913616 	-4.889509 	-8.200551 	-4.969146 	-3.968464 	-4.588636 	-2.842851 	-3.051989 	-4.634340 	-2.980658 	-3.214515 	-4.351049 	-3.728774 	-2.795273 	-3.423022 	-3.881519 	-3.270167 	-4.710715 	-3.485846 	-5.287953 	-10.321349 	-2.923604 	-3.028026 	-2.482131 	-3.797530 	-3.640984 	-5.690102 	-5.789014 	-6.082833 	-3.833566 	-5.941438 	-3.627485 	-6.609981 	-3.553054 	-5.366433 	-6.566495 	-4.922512 	-3.930304 	-3.789177 	-3.998298 	-5.804813 	-3.445232 	-3.927137 	-6.316284 	-4.046529 	-3.860452 	-3.449841 	-3.452245 	-4.240013 	-4.380048 	-7.445759 	-7.996580 	-4.655357 	-8.099894 	-6.143500 	-3.916265 	-6.149878 	-4.044431 	-3.289708 	-6.295576 	-2.961912 	-5.369438 	-4.916365 	-5.539240 	-3.444526 	-2.899401 	-5.488613 	-3.886152 	-3.028992 	-4.844655 	-3.430303 	-4.566432 	-3.829425 	-4.123404 	-5.227511 	-4.936179 	-5.556008 	-4.355412 	-5.112588 	-4.393311 	-3.175905 	-3.716435 	-5.737803 	-3.387604 	-7.157099 	-4.875757 	-3.404567 	-2.801832 	-5.902674 	-3.355344 	-4.478238 	-3.698781 	-5.146662 	-3.689951 	-7.760036 	-2.992305 	-2.766172 	-4.024354 	-5.653104 	-4.760858 	-3.735016 	-4.789371 	-4.530578 	-5.046946 	-3.746001 	-2.784688 	-4.877726 	-3.424953 	-5.440999 	-5.874706 	-5.201608 	-4.053932 	-3.063529 	-4.776517 	-4.030559 	-6.022483 	-3.456909 	-3.392067 	-3.925817 	-5.721499 	-4.489625 	-3.774313 	-5.185449 	-7.293576 	-5.347470 	-2.724747 	-3.964150 	-3.617205 	-5.401599 	-6.880504 	-3.738820 	-6.567035 	-3.173006 	-3.997712 	-4.752868 	-3.225201 	-3.835572 	-4.001254 	-4.618063 	-4.046437 	-3.498504 	-6.866497 	-4.559738 	-4.931629 	-3.525586 	-2.939503 	-5.544392 	-3.750897 	-3.395685 	-5.301821 	-5.652773 	-4.226027 	-4.148022 	-4.827953 	-3.353017 	-3.452580 	-4.988611 	-3.917167 	-5.232748 	-5.016066 	-5.370531 	-4.502373 	-3.058748 	-6.770037 	-4.864639 	-4.558291 	-4.602922 	-5.969861 	-3.056986 	-5.250462 	-3.228489 	-5.435816 	-4.749021 	-5.031959 	-5.490010 	-5.779186 	-6.416971 	-4.375150 	-4.564525 	-4.794144 	-5.740418 	-4.756103 	-3.568441 	-5.842988 	-4.592959 	-4.639753 	-4.602117 	-3.259372 	-4.096495 	-3.107272 	-4.434486 	-4.830408 	-4.040563 	-3.623999 	-4.149702 	-4.669422 	-3.476032 	-3.553243 	-5.015033 	-4.492962 	-5.350073 	-3.967194 	-3.338294 	-4.354042 	-5.596082 	-4.375895 	-4.342806 	-5.756160 	-3.936118 	-3.612867 	-5.063047 	-4.908701 	-5.296701 	-4.709514 	-3.948235 	-5.961145 	-3.985336 	-3.949416 	-3.826625 	-4.922882 	-4.434148 	-3.420208 	-4.039494 	-3.492191 	-4.743306 	-6.617390 	-4.921782 	-4.332717 	-3.665475 	-3.658307 	-6.447094 	-3.030501 	-3.864355 	-5.445905 	-5.152190 	-5.459304 	-6.120106 	-5.318574 	-3.596737 	-3.404250 	-2.655457 	-4.341220 	-5.131913 	-4.598651 	-8.260905 	-3.857628 	-3.857054 	-3.682226 	-5.689586 	-5.224193 	-5.175661 	-6.922107 	-2.619781 	-6.853636 	-3.146917 	-4.264754 	-10.315227 	-4.544188 	-2.497183 	-2.975935 	-5.657367 	-3.271108 	-5.466860 	-4.678200 	-4.971930 	-3.343312 	-5.009800 	-3.066279 	-3.792971 	-5.883857 	-6.487498 	-7.806717 	-4.782813 	-3.376168 	-4.362420 	-5.308984 	-4.388396 	-5.314250 	-3.789166 	-2.600064 	-6.107311 	-3.037065 	-4.946781 	-5.461484 	-3.209635 	-3.785507 	-4.034197 	-3.654931 	-6.126811 	-4.018060 	-4.560926 	-4.986595 	-3.515070 	-5.866905 	-5.044370 	-5.634819 	-3.521241 	-4.121200 	-3.814848 	-3.346281 	-4.446391 	-3.789773 	-4.755450 	-7.011859 	-4.370463 	-4.737143 	-4.977707 	-2.999625 	-3.535412 	-4.226251 	-4.713562 	-5.293818 	-4.518067 	-4.003162 	-4.168513 	-7.223437 	-3.121361 	-5.458753 	-6.588903 	-3.600019 	-6.681412 	-4.284975 	-4.607500 	-5.384562 	-3.439803 	-2.858084 	-4.482965 	-3.808933 	-4.917181 	-3.401766 	-7.698274 	-3.966468 	-4.512114 	-4.155261 	-6.702848 	-5.321405 	-3.403330 	-4.794551 	-3.814343 	-5.931396 	-3.981538 	-6.211569 	-4.939975 	-8.578401 	-4.250772 	-4.391170 	-4.104774 	-7.098812 	-6.074304 	-5.424498 	
9.663468 	0.854692 	-1.668306 	-3.853353 	-0.693911 	-1.995346 	-2.314815 	-5.703113 	-6.866456 	-7.296578 	-5.370120 	-11.675501 	-8.926874 	-12.660453 	-13.200843 	-13.658378 	-15.403098 	
