9.643113 	7.735127 	-8.867375 	-24.618447 	-43.433785 	-48.843392 	-51.010959 	-57.937179 	-60.398338 	-60.256055 	-59.652282 	-62.182196 	-58.804004 	-58.513184 	-57.236256 	-58.226399 	-58.093292 	-58.165214 	-60.856282 	-57.960484 	
9.717164 	0.008833 	-0.197677 	-1.197146 	-6.574293 	-10.686482 	-19.583903 	-25.407265 	-26.373437 	-48.641424 	-50.577367 	-51.320400 	-51.366333 	-53.391628 	-55.655964 	-57.479809 	-58.252983 	-59.374574 	-56.956619 	-57.184305 	
10.075665 	-15.904543 	-18.011835 	-19.158852 	-19.741602 	-25.532640 	-28.281731 	-29.198479 	-31.573601 	-32.902943 	-31.460367 	
9.984189 	-4.324909 	-5.835489 	-3.644971 	-18.548308 	-15.369794 	-20.351655 	-23.901760 	-25.241150 	
9.867826 	-1.892067 	-18.225469 	-19.206287 	-23.327657 	-21.818396 	-52.517252 	-52.347595 	-53.226203 	-57.296580 	-57.049861 	-58.412998 	-56.387026 	-57.193258 	-58.188268 	-58.833736 	-57.633798 	-55.844328 	
9.675332 	-0.662979 	-2.308072 	-12.594633 	-11.415608 	-16.120984 	-22.938033 	-23.755235 	-26.306405 	-28.910640 	-32.623046 	-29.610419 	-32.180294 	
9.795430 	-3.337833 	-10.475138 	-27.876650 	-29.284103 	-32.197795 	-42.746067 	-43.191565 	-61.891038 	-58.382198 	-59.640937 	-58.679557 	-58.687822 	-59.382857 	-59.564846 	-59.773117 	-58.861811 	-60.488291 	-58.363572 	-57.823705 	-58.851049 	-57.438529 	
10.021771 	-0.483947 	-7.491084 	-10.830061 	-12.855674 	-16.010300 	-23.267674 	-39.460741 	-42.181118 	-42.951783 	-43.176745 	-47.751559 	-52.091753 	-56.879438 	-55.414144 	-58.243794 	-57.362294 	-55.193589 	
10.035747 	-2.760820 	-21.483025 	-37.121249 	-36.319158 	-45.302464 	-57.582151 	-57.030832 	-58.081454 	-57.387474 	-57.209995 	-60.270163 	-56.946354 	-59.174476 	-59.667466 	
9.972169 	1.058187 	-6.611127 	-8.733307 	-16.329880 	-40.710857 	-39.780554 	-44.688226 	-51.313078 	-63.342371 	-58.002424 	-58.161670 	-58.616351 	-58.117575 	-58.997411 	-58.991773 	-59.851525 	-59.502941 	-58.254805 	-59.613111 	-59.617007 	-60.948987 	-60.116641 	-59.610538 	-59.251687 	
9.924554 	5.604054 	5.795041 	3.129798 	1.837904 	5.200345 	3.504999 	2.074319 	-0.506899 	2.315489 	1.902985 	1.973424 	1.617543 	0.611007 	0.149524 	-0.471971 	0.110930 	1.248982 	0.793394 	-1.142133 	0.539657 	0.846704 	0.461800 	0.244040 	-1.580747 	-1.772337 	0.253763 	-3.173664 	-1.580908 	-2.593404 	-0.669713 	-0.430508 	-2.390134 	-3.653972 	-1.850668 	-0.255976 	-1.266383 	-2.161235 	-1.640969 	-1.307010 	-3.062538 	-3.658836 	-0.479232 	-2.584023 	-3.402537 	-1.875735 	-0.986776 	-1.550583 	-4.396789 	-3.185581 	-1.789585 	-4.259845 	-1.961483 	-4.517835 	-2.291468 	-2.651135 	-5.547190 	-2.671705 	-4.848181 	-3.012068 	-1.768392 	-2.136913 	-3.182892 	-3.423551 	-2.660059 	-4.823986 	-1.897476 	-5.514930 	-2.235128 	-3.773455 	-2.168861 	-3.980178 	-3.905003 	-4.786990 	-3.061082 	-7.617909 	-3.202161 	-3.800405 	-4.471166 	-3.985599 	-5.950431 	-3.522150 	-2.042403 	-6.127654 	-4.422132 	-4.157102 	-5.907531 	-5.207231 	-5.185529 	-4.244156 	-3.040708 	-3.805931 	-7.878984 	-3.335983 	-5.285157 	-3.281176 	-3.481583 	-3.687107 	-4.342206 	-5.162426 	-5.333439 	-6.793032 	-7.050464 	-6.237229 	-5.109848 	-3.158424 	-5.659398 	-5.831744 	-5.599394 	-5.424039 	-3.506763 	-3.943556 	-6.640207 	-5.199488 	-4.540252 	-3.124658 	-3.981871 	-7.594657 	-6.817297 	-5.462422 	-4.346977 	-4.791900 	-5.328757 	-4.215848 	-4.877854 	-4.870983 	-5.214694 	-5.667347 	-4.535089 	-5.660117 	-4.196333 	-5.815219 	
9.809772 	0.891834 	0.751881 	-0.265142 	-2.688926 	-10.103891 	-13.055497 	-13.208087 	-16.509989 	-23.565317 	-19.889690 	-24.738735 	-28.248157 	-28.146672 	-27.053573 	-27.207347 	-27.603127 	-30.594825 	-31.178555 	-31.320321 	-35.227753 	-34.909398 	
9.820558 	2.249755 	-25.987583 	-34.574987 	-38.835727 	-34.146601 	-52.769076 	-58.207661 	-57.991741 	-59.997226 	-59.602558 	-57.160480 	-58.455325 	-57.143245 	-58.219993 	-60.080650 	-57.400919 	
9.962578 	-23.514647 	-25.657175 	-31.623998 	-31.632488 	-37.670597 	-42.838002 	-55.811997 	-58.654661 	-57.062080 	-57.498338 	-57.336194 	-58.486551 	-61.014100 	-59.257322 	-59.706097 	-60.754260 	-59.857267 	-58.824620 	-58.753761 	
10.047071 	-11.776390 	-32.397933 	-28.435262 	-45.178409 	-43.739702 	-58.596328 	-58.097096 	-57.590858 	-60.343023 	-60.634520 	-58.905395 	-60.889914 	-58.861388 	-57.472190 	-59.470503 	-57.339940 	-58.908905 	-59.083812 	
9.500038 	-11.334429 	-25.661930 	-28.470986 	-30.318029 	-59.060466 	-60.037124 	-59.437229 	-58.729037 	-59.130231 	-58.026336 	-59.666439 	-58.504179 	-58.254289 	
9.731003 	-10.840332 	-23.330865 	-53.658461 	-58.011216 	-63.268899 	-60.265975 	-57.762747 	-58.556856 	-58.921196 	-62.291286 	-58.463757 	-60.017916 	-57.740485 	-59.342422 	-58.379255 	-59.492975 	-59.597833 	
10.112050 	-8.659221 	-21.430355 	-22.861903 	-34.445189 	-35.522137 	-45.906663 	-47.916794 	-52.969306 	-60.669672 	-58.006375 	-58.552372 	-58.043410 	-58.042931 	-56.797794 	-57.964745 	-59.535723 	-59.750127 	
9.937856 	3.659875 	4.287645 	4.101167 	0.420571 	-7.047599 	-10.532963 	-12.865184 	-12.643366 	-11.729353 	-14.752553 	-18.316236 	
9.921270 	3.574614 	-6.773826 	-5.992598 	-10.640069 	-15.858725 	-24.697156 	-28.752582 	-32.812473 	-34.322359 	-43.297935 	-48.564325 	-59.731665 	-59.512607 	-63.445984 	-58.593644 	-58.674979 	-57.472718 	-59.050118 	-58.975407 	-59.071739 	-57.566060 	-59.690089 	
