9.517383 	6.245556 	3.820124 	-15.804733 	-31.702204 	-31.457328 	-41.620864 	-47.266263 	-53.581951 	-59.174811 	-59.462551 	-59.141605 	-60.402525 	-58.790349 	-59.198468 	-58.555056 	-59.818297 	-59.146340 	-58.456402 	-58.037154 	-59.598803 	
9.888088 	5.637949 	4.451690 	-1.551717 	-6.216720 	-5.548611 	-8.408275 	-8.674188 	-18.178896 	-14.650264 	-15.581716 	-20.578850 	-20.585318 	-22.603428 	-23.465923 	-25.298080 	-24.763432 	-28.498256 	-30.390436 	
9.751391 	-10.332029 	-11.987492 	-17.728182 	-18.151593 	-22.932415 	-20.641566 	-21.597710 	-22.276573 	-23.210618 	-25.244301 	-24.515296 	-36.090306 	-34.998741 	-39.237221 	-43.005004 	-39.975654 	-45.297407 	-45.361313 	-47.022231 	-50.384586 	-50.316656 	-51.768693 	-50.218266 	
9.702640 	0.477408 	-10.544246 	-38.058583 	-60.050463 	-59.260105 	-57.950887 	-59.551410 	-57.379602 	-57.266935 	-57.627929 	
9.404313 	5.592968 	-5.342858 	-9.846628 	-13.603521 	-15.554645 	-17.187570 	-19.388996 	-25.042916 	-31.425377 	-32.068540 	-31.492756 	-32.814222 	-37.218082 	-38.620204 	-39.835534 	-40.500021 	-40.176037 	
9.810158 	3.874202 	-5.579399 	-2.253538 	-13.033573 	-32.044376 	-33.378721 	-36.580522 	-39.347739 	-39.755316 	-38.499522 	-40.135438 	-40.464020 	-38.777396 	-39.578776 	-41.802783 	-41.542864 	-44.914394 	-53.282884 	
9.639847 	1.639416 	2.155213 	-9.993610 	-47.948987 	-48.102352 	-51.137656 	-59.051981 	-60.163331 	-58.151397 	-60.271579 	-60.127613 	-60.388757 	-59.389245 	-58.295440 	-59.188052 	-58.376378 	-58.007140 	-60.584007 	
9.733453 	4.717292 	-3.795047 	-0.639465 	-2.603838 	-5.551544 	-7.842017 	-13.748722 	-20.995069 	-25.252053 	-27.351172 	-27.465555 	-27.594040 	-31.006862 	-29.090319 	-31.180542 	-33.282163 	-32.885070 	-34.565056 	-37.689152 	-33.972097 	-36.826447 	-36.532426 	-36.599808 	-39.172498 	
9.845856 	4.601127 	-8.920520 	-9.979781 	-14.283980 	-19.094538 	-59.186683 	-59.610424 	-59.139989 	-63.183593 	-60.644900 	-58.338366 	-58.869183 	-58.646163 	-59.942147 	-58.047097 	
9.999898 	7.108586 	-6.189377 	-11.424148 	-27.849653 	-58.920035 	-58.196883 	-59.083526 	-58.277032 	-58.937596 	-58.303269 	-61.729191 	-61.624968 	-60.268702 	-59.242425 	-62.886865 	-57.263422 	-58.795704 	
9.612649 	6.868748 	5.054534 	-7.838033 	-11.638717 	-11.488235 	-17.835832 	-19.065035 	-30.435942 	-30.422022 	-37.432588 	-35.561673 	-38.856120 	
9.684019 	7.614417 	-1.913621 	-2.277743 	-38.322902 	-46.677308 	-48.073421 	-54.266272 	-53.854545 	-54.859229 	-59.184846 	-57.421833 	-57.832324 	-56.809707 	
