9.508059 	-6.158498 	-22.478272 	-39.511982 	-48.818114 	-55.826969 	-55.596231 	-58.805590 	-60.579460 	-58.753697 	-59.739222 	-58.625985 	-58.579642 	-63.979662 	-59.865011 	-59.318158 	-60.870050 	-59.670709 	
9.859282 	-10.883012 	-21.863153 	-27.068292 	-39.224403 	-39.562398 	-57.804608 	-61.001180 	-58.069776 	-62.143013 	-60.821654 	-59.305023 	-57.033437 	-58.073938 	-59.523382 	-58.687537 	
9.700924 	-57.293214 	-62.780521 	-57.945984 	-59.899177 	-62.652584 	-59.666445 	-59.562321 	-58.908378 	-63.104840 	-60.202286 	-59.267585 	-57.114420 	-62.253317 	-59.354006 	-59.282963 	-59.657740 	
9.617017 	-21.021006 	-26.729167 	-30.917112 	-36.887889 	-39.647974 	-43.947147 	-48.093494 	-58.110373 	-60.526527 	-63.164848 	-61.450568 	-59.271009 	-58.938686 	-59.562569 	-58.597440 	-58.799454 	-61.425861 	-60.139553 	-60.749905 	-61.234848 	-58.151093 	
10.242293 	-7.217486 	-24.586421 	-34.660414 	-36.643549 	-57.283911 	-57.666755 	-57.029446 	-58.731994 	-56.953535 	-56.480348 	-57.703357 	-58.176559 	-59.300785 	
10.183863 	2.043739 	-16.680250 	-39.501167 	-54.930593 	-56.918332 	-58.220819 	-58.584349 	-57.539992 	-58.200686 	-58.396686 	-60.901707 	-58.221627 	-58.114474 	-60.940607 	-58.199421 	-58.846854 	-59.006800 	
9.651549 	-60.342574 	-58.024163 	-61.186116 	-58.827144 	-59.523757 	-59.850006 	-58.979592 	-57.749765 	-58.892589 	-62.040634 	-62.737966 	-59.024316 	-59.414648 	-58.528866 	-59.748760 	-61.229813 	-58.842579 	-59.513252 	
10.143945 	-27.441559 	-42.590523 	-46.229918 	-57.532506 	-58.783522 	-58.833328 	-57.259445 	-57.806891 	-58.051881 	-57.933271 	-59.099877 	-57.893125 	-57.640562 	-59.818319 	-59.189400 	-58.671777 	-59.092868 	-58.256027 	
9.761181 	5.454358 	-21.488385 	-34.806957 	-57.229292 	-59.064165 	-60.322634 	-60.288477 	-59.724738 	-58.014147 	-58.690235 	-60.436295 	-58.660845 	-59.208203 	-59.722560 	-59.097536 	-61.257625 	-58.036973 	
10.076390 	5.877213 	-10.648612 	-37.001664 	-43.314781 	-58.200644 	-59.817833 	-58.974253 	-58.395439 	-60.192004 	-59.397568 	-58.583826 	-57.414271 	-59.681810 	-59.946497 	-58.984794 	
10.111810 	6.634560 	-0.002322 	-12.485811 	-11.053747 	-34.650145 	-52.554748 	-57.339961 	-57.216483 	-57.715087 	-60.241903 	-60.563679 	-57.793042 	-59.779382 	-61.455498 	-59.964393 	-57.081216 	-57.915401 	-57.997346 	-56.302769 	
9.751719 	-28.795996 	-33.880953 	-39.547705 	-43.405504 	-42.294234 	-45.174561 	-48.737017 	-58.159163 	-59.487593 	-57.531048 	-59.387261 	-58.732086 	-58.297628 	-58.545718 	-59.463569 	-58.173808 	-57.400547 	-60.016415 	-60.655491 	-58.216594 	-60.928086 	-58.214566 	-64.714560 	-58.242204 	
9.787977 	-21.588989 	-35.049019 	-59.563081 	-59.242372 	-60.921881 	-58.471556 	-59.278771 	-58.705068 	-58.677271 	-59.625601 	-59.620414 	-59.654163 	-59.023996 	-59.957204 	-60.042787 	-59.585386 	
10.428494 	-23.046133 	-56.665241 	-57.591572 	-58.915101 	-56.837187 	-56.493961 	-57.206343 	-58.053892 	-58.245903 	-56.568893 	-58.349269 	-56.869430 	-57.555967 	-60.005176 	-57.320227 	
9.787254 	-59.861726 	-58.276114 	-61.534665 	-57.844216 	-58.993587 	-57.845759 	-58.467387 	-59.170494 	-59.501912 	-59.014007 	-62.177759 	-59.634938 	-58.943792 	-59.412297 	
9.779229 	-14.197588 	-16.495228 	-17.097276 	-24.234799 	-56.870399 	-58.315824 	-57.516186 	-58.795050 	-61.296216 	-59.619700 	-58.441098 	-56.633603 	-58.468554 	-60.783323 	
10.034339 	-10.781119 	-41.658316 	-58.806423 	-59.475094 	-58.305024 	-59.159484 	-60.506807 	-57.520120 	-58.289372 	-58.749521 	-62.338720 	-59.412424 	-59.436533 	-58.653600 	-58.625202 	
9.465461 	-40.676366 	-42.608665 	-58.096267 	-59.843019 	-60.400624 	-61.127806 	-57.427763 	-60.193449 	-58.490406 	-59.378436 	-58.063974 	-58.505236 	-59.344689 	-57.919697 	-60.271965 	-57.637695 	
10.366018 	-8.155170 	-37.157610 	-36.782573 	-37.551298 	-56.778864 	-57.900455 	-57.581562 	-58.974797 	-59.888995 	-59.266576 	-57.525071 	-57.865641 	-58.687599 	-58.106208 	-59.390414 	-57.801155 	
9.980303 	0.725173 	-11.331934 	-24.113258 	-34.789416 	-58.166375 	-58.218626 	-59.681989 	-59.559723 	-59.625638 	-60.251559 	-59.943225 	-58.437288 	-59.745431 	-58.010496 	-57.573317 	-57.676506 	-59.161180 	
