10.008874 	-22.712008 	-37.872295 	-43.255631 	-56.887382 	-58.749653 	-60.269027 	-59.613014 	-59.674499 	-58.595529 	-61.159594 	-59.481156 	-59.230589 	-60.149009 	-62.720518 	-58.937609 	-57.930030 	-62.466775 	-59.054748 	-57.605837 	-58.822466 	-59.639030 	-60.725254 	
9.669586 	-60.178963 	-60.087948 	-60.173620 	-59.359529 	-58.692359 	-60.001128 	-59.077105 	-59.834071 	-58.862733 	-59.711642 	-60.993369 	-59.888332 	-58.552779 	-57.554247 	-59.331604 	
10.074935 	-3.651367 	-3.424678 	-34.832011 	-48.374129 	-58.267202 	-58.483765 	-59.120532 	-57.480740 	-59.847387 	-59.052599 	-59.289998 	-60.216368 	-59.290489 	-57.404938 	-57.255527 	-60.278916 	-59.826209 	-59.357206 	
9.905075 	-50.828714 	-59.299541 	-59.332679 	-58.167221 	-58.844782 	-57.207278 	-59.682762 	-57.917657 	-58.907230 	-60.015307 	-58.868526 	-60.309207 	-60.765835 	-59.447510 	-58.663561 	-58.235270 	-59.390877 	-57.815331 	-58.748621 	
10.093490 	-9.797191 	-19.158439 	-46.990177 	-49.869820 	-58.808959 	-58.236532 	-58.729822 	-57.680142 	-59.881522 	-57.550511 	-56.259302 	-57.205905 	
9.746554 	7.102188 	-32.140175 	-45.578812 	-58.617020 	-59.815819 	-59.758507 	-57.777146 	-59.411464 	-64.687297 	-59.393114 	-59.829106 	-58.319780 	-60.594247 	-58.462909 	-60.612034 	-59.782898 	-57.820243 	-59.244528 	-57.252671 	
9.552520 	4.011046 	1.411220 	-10.379888 	-17.798524 	-37.494056 	-57.839229 	-59.400196 	-58.412718 	-59.534911 	-58.455410 	-59.759629 	-57.681446 	-59.702852 	-61.408568 	-59.013627 	-57.888625 	-59.742741 	-59.673558 	-59.303942 	
9.479747 	3.903617 	-2.557272 	-7.518290 	-12.800515 	-40.341322 	-40.702152 	-44.961841 	-51.572235 	-55.323261 	-59.969052 	-61.971696 	-57.663541 	-60.968978 	-59.329194 	-58.648611 	-59.275442 	-58.196711 	-57.434653 	
9.649482 	5.430464 	-5.762498 	-23.395484 	-28.241730 	-30.520920 	-29.033503 	-57.224715 	-58.471099 	-60.435825 	-58.590804 	-58.776506 	-59.127508 	-58.345996 	-60.480447 	-61.491097 	-60.599384 	-59.828140 	-58.390793 	-58.095548 	
10.229200 	-4.247042 	-33.508182 	-42.963429 	-55.326839 	-54.823885 	-56.251102 	-57.854065 	-58.079625 	-58.504095 	-57.517268 	-59.257701 	-61.016010 	-59.734148 	-58.159764 	-58.887834 	-59.524755 	-59.030360 	-59.214671 	-60.259185 	
9.799268 	1.066379 	0.612756 	-10.238600 	-23.162110 	-37.397647 	-40.548344 	-41.947116 	-59.042118 	-57.997962 	-58.976425 	-57.946162 	-58.519461 	-57.910029 	-59.645868 	-57.881047 	
10.142099 	-16.569625 	-26.832466 	-35.451131 	-52.515095 	-59.777177 	-58.643408 	-57.562410 	-59.637015 	-57.022854 	-59.109704 	-59.126400 	-58.689797 	-60.029417 	-58.291267 	-59.357937 	-57.788582 	
9.566223 	3.419520 	-0.867138 	-52.691279 	-62.689098 	-58.263177 	-58.096147 	-60.005319 	-61.009944 	-58.725103 	-61.314565 	-59.000005 	-60.450710 	-60.048795 	-60.405368 	-58.028828 	
9.988085 	1.587877 	-21.071240 	-37.674086 	-57.479610 	-61.939472 	-58.450780 	-57.912026 	-57.898511 	-59.560526 	-60.413599 	-57.638939 	-59.181928 	-61.050154 	-59.519082 	
9.844629 	5.704131 	-18.258627 	-24.529309 	-30.696534 	-31.451187 	-41.054293 	-53.519148 	-58.810722 	-60.168148 	-58.602529 	-59.008766 	-58.516190 	-58.933436 	-57.921586 	
10.262633 	1.528199 	-3.298514 	-16.003029 	-21.793534 	-36.015188 	-41.005833 	-44.059260 	-58.027080 	-58.196033 	-58.855874 	-58.012178 	-57.507865 	-59.112646 	-57.362514 	-59.584420 	-56.824221 	-58.537118 	-60.928631 	
10.004370 	-4.669606 	-23.180283 	-29.931255 	-41.033823 	-41.201932 	-57.601469 	-57.969981 	-57.582312 	-57.946233 	-62.352608 	-59.488147 	-58.266503 	
9.937569 	-13.483509 	-37.147602 	-48.312720 	-57.479574 	-59.284675 	-57.377794 	-59.640591 	-57.345794 	-58.868538 	
9.479682 	-1.767644 	-1.484085 	-44.491041 	-57.975704 	-58.374736 	-61.069518 	-59.927799 	-57.932563 	-58.996887 	-59.810890 	-60.321543 	-58.908900 	-59.942119 	-59.662834 	-58.659890 	-62.640354 	
10.211159 	-45.315975 	-56.403440 	-58.631875 	-57.250998 	-59.672192 	-58.793620 	-58.653356 	-59.597353 	-61.456271 	-58.466021 	-60.206007 	-58.499955 	
