9.382157 	-2.855239 	-2.648433 	-19.233585 	-28.897121 	-31.885523 	-32.115910 	-36.020468 	-40.589226 	-42.829042 	-43.937655 	-46.951864 	-53.119557 	-47.190322 	-54.549553 	-55.325956 	-55.911117 	-58.397298 	
9.495499 	5.154513 	0.755075 	1.639640 	-0.077545 	-1.202939 	-0.967653 	-2.676374 	-4.407355 	-8.244497 	-9.325147 	-8.985970 	-10.569368 	-12.536546 	-12.242078 	-12.248060 	-12.761421 	-14.217707 	-12.819075 	-12.364245 	-15.227269 	-16.106806 	
9.485251 	-8.478933 	-8.375334 	-15.688521 	-16.364044 	-20.094469 	-23.074977 	-23.336391 	-23.331665 	-31.201768 	-32.547404 	-31.580981 	-33.196096 	-33.066725 	-35.798005 	-34.579227 	-39.431698 	-40.989273 	-44.191149 	-42.933000 	
9.332190 	2.780860 	-0.546076 	-5.074912 	-8.991234 	-17.079939 	-21.977350 	-25.254456 	-38.853269 	-45.141219 	-45.959301 	-49.210750 	-52.991808 	-51.990925 	-53.648526 	-54.695772 	-56.303392 	-56.069319 	
9.634304 	1.280766 	-0.092442 	-6.816360 	-11.083816 	-16.333488 	-15.909293 	-17.302828 	-15.825864 	-23.635166 	-21.621724 	-21.982550 	-22.432098 	
9.624852 	4.415015 	6.091147 	-7.244054 	-7.339366 	-17.644934 	-17.050335 	-17.399395 	-24.439886 	-25.448688 	-27.624571 	-39.430268 	-34.777799 	-36.190286 	-43.184977 	-49.943796 	-47.661712 	-49.432387 	-52.740463 	-53.323269 	-56.859683 	-55.213733 	-56.048732 	
9.515681 	-1.920329 	-9.038115 	-13.525693 	-14.900651 	-15.342490 	-18.056776 	-19.860580 	-22.860966 	-28.815343 	-36.030015 	-36.553193 	-39.245610 	-42.662494 	-42.961788 	-51.683141 	-49.795015 	-50.355125 	
9.882893 	3.814121 	-0.950099 	-1.802961 	-4.879764 	-5.421927 	-7.956165 	-7.860493 	-14.750660 	-18.323432 	-21.046792 	-21.450189 	-22.880070 	-23.114102 	-25.151746 	-23.302446 	-29.522550 	-30.861488 	-30.029514 	-33.028780 	-35.226301 	-33.808292 	-36.377342 	
9.949214 	8.000533 	4.165358 	1.932356 	4.549564 	1.949082 	-1.064214 	-0.156621 	1.348789 	-2.546785 	-1.560945 	-1.816539 	-2.165076 	-1.914490 	-2.122989 	-2.879929 	-5.453842 	-6.741281 	-5.650998 	-4.157836 	-4.702496 	-5.883934 	-6.502515 	-6.162421 	-6.543798 	
9.720759 	2.180127 	2.371700 	0.747709 	-0.485513 	-5.460928 	-5.141026 	-4.715288 	-7.040442 	-5.959065 	-7.860159 	-7.028528 	-6.680600 	-8.003363 	-8.673052 	-8.294282 	-6.834495 	-7.722087 	-7.814449 	-10.415090 	-8.861186 	-10.516470 	-10.554581 	
9.647104 	5.522577 	-4.166378 	-8.600967 	-12.063854 	-12.969051 	-14.763270 	-21.453586 	-24.970601 	-54.947572 	-52.145931 	-55.142918 	-56.647230 	-57.544598 	-55.566339 	-56.984685 	-56.844926 	-59.093378 	-57.099112 	
9.638586 	7.393114 	3.298561 	-9.133170 	-22.505292 	-23.533433 	-28.231211 	-44.778880 	-47.546689 	-47.689823 	-48.113019 	-47.057409 	-58.149925 	-54.889527 	-56.224545 	-55.704061 	-58.507350 	-57.052394 	-57.509417 	-60.259485 	
9.432437 	4.878956 	2.536798 	-1.115797 	-5.743683 	-5.462855 	-10.542094 	-12.587398 	-23.139192 	-18.244017 	-23.004867 	-35.253829 	-41.429273 	-43.107236 	-49.480398 	
9.513554 	1.592961 	1.365770 	-7.597740 	-12.263901 	-15.817779 	-15.457910 	-16.729696 	-20.196539 	-22.039165 	-25.645871 	-27.789327 	-30.967569 	-32.018430 	-34.527833 	
9.212822 	1.833082 	4.340593 	-0.075351 	-2.167020 	-5.464975 	-7.695157 	-9.553448 	-11.434639 	-13.183772 	-13.963996 	-13.580149 	-15.603905 	-17.519654 	-19.369888 	-20.788289 	-20.964973 	-22.775044 	-22.587544 	-21.706077 	-22.850180 	-22.535613 	
9.818874 	3.712545 	4.005490 	3.132196 	-0.815192 	-8.559157 	-5.567045 	-11.106902 	-14.634537 	-13.638905 	-14.784216 	-17.063129 	-17.671877 	-18.649208 	-18.190115 	-19.668764 	-18.231805 	-20.122471 	-20.954588 	-24.343901 	-23.463360 	-23.831981 	
9.542248 	7.253151 	2.779756 	2.379038 	0.462682 	-2.547184 	-2.877936 	-5.395172 	-4.241448 	-5.993954 	-8.021474 	-7.342097 	-9.115751 	-9.929606 	-10.637122 	-9.420481 	
9.354617 	5.842593 	2.971130 	-6.581720 	-11.566155 	-21.230532 	-25.120727 	-27.451022 	-30.552678 	-35.857902 	-36.237069 	-38.752194 	-35.474278 	
9.463335 	1.789803 	0.499155 	1.333078 	-1.013897 	-1.359047 	0.113788 	-2.644634 	-5.292799 	-5.634081 	-5.266893 	-7.511931 	-10.479171 	-12.932448 	-10.332251 	-9.983092 	-12.686130 	-13.945759 	-13.395192 	-17.269814 	
9.814464 	6.151939 	3.971326 	0.198549 	1.957262 	-3.889816 	-9.430096 	-10.364647 	-24.491128 	-29.202249 	-30.592152 	-30.701001 	-29.008645 	-31.830782 	-39.191124 	-36.293076 	-38.261795 	-40.784110 	-38.974708 	-41.873207 	-41.935966 	
