9.839539 	-0.370355 	-3.849501 	-7.351556 	-25.064458 	-57.760506 	-58.261938 	-59.192426 	-58.017361 	-58.448702 	-59.511928 	-62.715996 	
9.929647 	-29.443513 	-38.340546 	-58.436064 	-58.552647 	-60.728063 	-58.410544 	-57.641037 	-58.772262 	-57.918583 	-59.162783 	-59.368351 	-60.387887 	-57.587618 	-59.896161 	-58.040470 	-58.128329 	-58.391895 	-58.952516 	-58.237907 	-58.004333 	
10.010431 	-38.133469 	-45.300570 	-47.679871 	-57.105853 	-59.549503 	-58.042791 	-59.702692 	-60.358153 	-60.627052 	-60.008254 	-58.878074 	-62.175913 	-59.030427 	-58.569588 	-60.421172 	-59.588239 	-58.336837 	-61.609503 	-62.188942 	
9.323937 	1.603797 	-11.116622 	-14.641511 	-14.625488 	-19.581106 	-31.777919 	-40.014711 	-55.990013 	-56.229185 	-56.616486 	-58.292564 	-56.529162 	-57.843017 	
9.868825 	-30.267050 	-28.726156 	-30.965978 	-36.262998 	-38.866111 	-41.128761 	-49.861722 	-59.208628 	-57.714284 	-58.582676 	-58.149679 	-61.003850 	-57.082917 	
9.513983 	0.844334 	-3.714512 	-11.344670 	-16.447676 	-24.812180 	-48.284102 	-58.091562 	-57.892363 	-57.981503 	-57.752126 	-59.979338 	-58.246017 	-59.779848 	-57.091108 	-57.519803 	-57.587594 	
10.283918 	-21.153850 	-56.825507 	-58.072897 	-57.262165 	-57.195705 	-59.911894 	-59.400391 	-58.678026 	-58.129290 	-59.166586 	-57.378468 	-57.688954 	
9.647751 	-6.695367 	-33.961040 	-34.576740 	-36.631120 	-39.963413 	-39.274746 	-43.091219 	-58.225246 	-57.957755 	-57.303799 	-58.271010 	-60.460312 	-60.369489 	-59.140436 	-59.473505 	-58.860571 	-57.881870 	
10.016404 	-10.704600 	-27.332795 	-30.933763 	-57.809607 	-58.435103 	-59.858300 	-57.580878 	-59.958066 	-60.128405 	-60.127493 	-59.230109 	-59.867717 	-59.196191 	-58.770946 	-58.145580 	-58.990907 	-60.115704 	-59.805263 	-58.883962 	-59.230288 	
9.861943 	-1.275486 	-26.750573 	-39.943516 	-58.550024 	-58.956040 	-58.814757 	-60.641851 	-59.292480 	-57.540396 	-58.058555 	-62.807930 	-60.066546 	-59.453059 	-59.874662 	
9.530854 	-1.126373 	-7.880300 	-13.021565 	-23.353395 	-21.667318 	-31.398512 	-33.936606 	-42.200262 	-47.548785 	-58.525881 	-59.620438 	-57.946972 	-59.221145 	-60.185287 	-59.012272 	-59.032696 	-59.048961 	-60.518714 	-60.834750 	
9.624890 	-11.903859 	-29.358297 	-30.900423 	-35.493017 	-38.213243 	-51.711360 	-60.354190 	-60.710805 	-59.830991 	-58.343549 	-58.410984 	-59.694713 	-60.295487 	-57.138145 	-57.326641 	-58.197916 	-59.204546 	
10.315030 	-23.305133 	-33.210206 	-43.348964 	-59.444678 	-56.973037 	-57.385440 	-57.990527 	-58.774373 	-60.389879 	-58.401371 	-57.638048 	-60.202656 	-58.741492 	-58.276237 	-59.123031 	-58.532413 	
10.106176 	-26.731976 	-53.905892 	-59.456937 	-58.681566 	-60.406485 	-59.654086 	-60.666060 	-58.709600 	-57.854207 	-57.738166 	-58.906817 	-58.267654 	-59.383057 	-60.497109 	-59.023103 	
9.655191 	-7.827799 	-40.021655 	-58.516701 	-57.341508 	-58.710415 	-59.747975 	-60.190157 	-58.362317 	-58.492142 	-59.352362 	-59.237444 	-60.000658 	-57.159607 	-58.892490 	-59.729870 	
9.879864 	5.145913 	-13.337051 	-19.473934 	-25.380375 	-32.890782 	-48.248663 	-57.228946 	-59.494403 	-59.009316 	-60.952740 	-63.653223 	-57.831765 	-58.537080 	-59.691507 	-60.021534 	-57.199376 	
10.170751 	0.137461 	-13.152058 	-15.972480 	-24.597632 	-26.224577 	-30.134948 	-27.640800 	-31.304125 	-30.158873 	-31.507198 	-36.592636 	-35.148130 	-35.272554 	-38.643803 	
10.040507 	4.740597 	1.686517 	-6.641708 	-8.372450 	-10.153195 	-28.730589 	-29.500765 	-43.189614 	-53.104337 	-58.471560 	-59.979855 	-63.014965 	-60.724326 	-58.326306 	-59.755532 	-59.698826 	-57.931692 	-58.016272 	-58.666477 	-59.066017 	-59.163110 	
10.064340 	3.944281 	-19.050465 	-21.694688 	-27.223258 	-28.024863 	-34.851401 	-36.988719 	-58.290112 	-59.175371 	-59.837062 	-58.573090 	-59.817332 	-57.529244 	-59.091489 	-57.005760 	
9.923214 	-4.498022 	-26.541987 	-57.241428 	-57.458010 	-57.171768 	
