10.054059 	-1.683347 	-3.143264 	-11.308053 	-16.530756 	-24.855920 	-39.588888 	-47.119795 	-56.944742 	-60.147134 	-57.549434 	-56.848803 	-57.302950 	-58.986801 	-58.564981 	-57.967385 	-57.654870 	-58.808806 	-58.211306 	-60.418889 	-57.938059 	-59.433005 	-57.982832 	
9.989217 	-9.561814 	-13.375443 	-43.435116 	-58.007332 	-57.329121 	-57.684785 	-59.781502 	-58.127139 	-57.876258 	-57.048048 	-60.086200 	-58.058925 	-60.045558 	-57.925631 	-58.512941 	-59.437383 	-58.427744 	-59.199522 	-58.657532 	-58.675241 	-58.248823 	-58.094341 	
10.110184 	-5.447090 	-14.198688 	-38.982091 	-38.870786 	-44.072831 	-57.755842 	-58.682166 	-59.215404 	-57.873463 	-57.128748 	-56.634613 	-58.142207 	-58.777913 	-62.715868 	
10.031422 	-2.025337 	-16.451762 	-37.305652 	-49.954473 	-52.185977 	-55.774346 	-57.793048 	-62.037287 	-58.632268 	-58.165031 	-58.421790 	-58.712824 	-58.254148 	-59.526525 	-59.118395 	-59.708755 	-60.660421 	
9.790512 	-5.018816 	-13.185196 	-14.419947 	-13.735018 	-16.361522 	-32.964670 	-36.131961 	-35.650084 	-36.072254 	-51.412302 	-53.695052 	-56.321074 	-58.995081 	-58.456716 	-60.767408 	-58.849984 	-57.930758 	-63.922850 	-58.199071 	-57.875021 	-59.673190 	
9.978899 	-8.450728 	-9.958547 	-31.011710 	-30.885538 	-58.147095 	-58.627893 	-58.207265 	-57.537011 	-56.674455 	-58.515121 	
10.130390 	-0.616565 	-10.455083 	-19.045846 	-19.484141 	-43.126087 	-58.148376 	-58.977223 	-61.670681 	-57.994621 	-57.953963 	-58.907961 	-58.370432 	-59.694651 	-59.672998 	-59.409548 	-58.100211 	-59.409548 	-58.761793 	-60.613764 	-59.603910 	-59.070793 	-58.327828 	-59.608137 	-58.687532 	-61.453122 	
9.701326 	-2.146332 	-12.446135 	-23.614447 	-24.691054 	-23.450895 	-31.973724 	-43.728502 	-56.741592 	-57.750567 	-57.122200 	-58.594621 	
10.121791 	-12.707710 	-15.645867 	-21.187689 	-52.081929 	-58.667170 	-58.688849 	-57.191823 	-57.683650 	-57.472545 	-59.300575 	-57.281190 	-58.600186 	-59.724980 	-59.321630 	-57.248689 	-57.189064 	-64.149932 	-57.359653 	-60.031343 	
10.033151 	-5.341601 	-14.165970 	-51.082298 	-51.701103 	-58.281648 	-56.619750 	-57.813295 	-60.377853 	-57.755322 	-58.963056 	-57.784908 	-59.634632 	-57.520953 	-59.086766 	-61.064453 	-57.209099 	-61.149426 	-57.852056 	-59.301246 	
10.102711 	-1.522705 	-9.838607 	-11.689338 	-30.368128 	-37.853926 	-41.156261 	-57.388446 	-61.219920 	-58.274338 	-57.864225 	-57.358658 	-59.327378 	-57.768572 	-56.704747 	
10.143028 	-6.825478 	-37.175158 	-56.490850 	-59.527588 	-59.153193 	-57.989457 	-57.404868 	-59.461767 	-57.020410 	-57.832354 	-58.552733 	-58.191716 	
9.711264 	-0.064062 	-2.087120 	-4.086713 	-6.070640 	-15.900659 	-16.067836 	-29.982980 	-45.705978 	-55.736604 	-59.812077 	-59.429722 	-58.872717 	-59.887380 	-58.760962 	-61.199723 	-58.092468 	-58.991391 	-60.320358 	-58.965626 	-58.085443 	-59.615863 	
9.821198 	-3.281010 	-10.569132 	-37.328296 	-52.049132 	-53.135066 	-57.194076 	-58.955762 	-59.183991 	-59.779552 	-59.207987 	-61.670434 	-60.545983 	-58.859344 	-59.988634 	-60.216399 	-58.761025 	-59.404738 	-59.077746 	-59.039999 	-58.985101 	-59.254140 	-58.705224 	-58.692554 	-57.600519 	-60.114739 	
9.167196 	-15.168156 	-18.133018 	-25.868672 	-32.715640 	-41.750321 	-60.491511 	-59.695800 	-57.279698 	-59.543968 	-59.188065 	-59.482394 	-60.388388 	
9.591421 	-4.564326 	-14.872662 	-27.351971 	-26.182424 	-33.197463 	-39.153364 	-47.383648 	-49.962853 	-49.363782 	-58.575885 	-61.033449 	-61.536978 	-59.437292 	-59.092694 	-58.625851 	-58.870545 	-58.257834 	-58.952766 	-58.625042 	-62.506127 	-57.644931 	-59.474739 	-59.958328 	-58.417529 	
9.956636 	2.741223 	-1.046918 	-7.130639 	-10.511506 	-11.400763 	-20.752474 	-17.167118 	-17.313292 	-20.263887 	-24.613048 	-37.554786 	-39.198868 	-42.413464 	-42.659489 	-42.018821 	-46.611929 	-47.112606 	-47.522784 	
10.012163 	-8.888263 	-8.035679 	-17.389151 	-20.325014 	-30.686755 	-41.433031 	-52.309320 	-59.533392 	-57.950178 	-61.884085 	-62.360556 	-59.474170 	-58.069775 	-60.121670 	-58.216234 	-63.748523 	-58.661485 	-60.614746 	
9.576676 	2.899292 	-15.537484 	-56.540873 	-58.965939 	-58.353015 	-60.111046 	-61.941982 	-59.274482 	-59.663698 	-60.640500 	-58.252848 	-59.800187 	-59.655451 	-58.546584 	-59.976810 	-61.172837 	-58.824637 	-59.925714 	-60.243173 	-60.739478 	-58.925373 	
10.065594 	6.564141 	6.337934 	-0.917756 	-9.491539 	-37.928525 	-45.137005 	-54.430630 	-57.621480 	-58.902788 	-59.555090 	-58.886989 	-59.732510 	-58.395963 	-61.221449 	-59.187217 	-60.465269 	-58.176471 	-58.092087 	-58.156692 	-60.116599 	-59.224456 	-60.216896 	-58.510410 	-58.639714 	-59.541303 	-61.015071 	
