9.898012 	3.205383 	-0.159460 	-1.863159 	-1.755403 	-6.883972 	-9.085247 	-7.266309 	-7.608402 	-9.673035 	-11.627039 	-12.666141 	-11.984983 	-14.766674 	
9.884533 	-3.388700 	-11.200234 	-30.732506 	-33.424774 	-38.031269 	-58.537631 	-58.693208 	-59.564986 	-58.212574 	-59.323509 	-60.996271 	-58.330140 	-58.145799 	-58.622326 	-60.599236 	-59.112273 	-60.381439 	
9.952650 	1.036134 	-0.628323 	-7.499208 	-8.006357 	-12.352888 	-19.360133 	-23.584350 	-57.976212 	-60.754681 	-56.592177 	-58.024564 	-58.109174 	-57.398253 	-57.551134 	-57.603344 	-57.515256 	-58.844112 	-58.643834 	-57.362022 	-60.467787 	-61.926381 	
9.827201 	0.227959 	-27.085699 	-46.914299 	-56.607387 	-54.424889 	-61.118833 	-58.724068 	-57.518907 	-59.712080 	-59.156130 	-59.259909 	-59.218498 	-57.839411 	-59.048990 	-60.781002 	-58.590595 	-58.912728 	
9.857368 	-1.528075 	-8.240844 	-10.007111 	-21.009711 	-26.739980 	-26.374874 	-31.172388 	-46.984051 	-45.900069 	-50.846971 	-54.137420 	-57.372356 	-60.843998 	-57.203275 	-59.132461 	-58.353159 	-59.735113 	-60.867565 	-58.506762 	-58.191030 	-58.572891 	
9.714185 	2.427368 	0.735573 	0.473863 	-11.118221 	-10.920326 	-17.918507 	-24.371497 	-26.312723 	-26.710377 	-28.396345 	-32.879133 	-33.049103 	-33.135191 	-37.197440 	-35.433665 	-39.683812 	-43.748735 	
9.445228 	2.138806 	-3.691151 	-8.434043 	-10.731988 	-13.298268 	-23.045794 	-22.360310 	-23.141385 	-28.117733 	-29.495028 	-30.450867 	-38.257475 	-43.323539 	-52.133898 	-51.154405 	-60.696176 	-53.564647 	
10.092258 	1.146217 	1.556519 	-0.121438 	-6.418464 	-14.451867 	-14.419399 	-22.632162 	-24.794037 	-32.046201 	-35.093931 	-38.906178 	-56.032812 	-57.599607 	-59.370791 	-56.345461 	-57.228293 	
9.450791 	0.125577 	-0.549711 	-2.133050 	-1.908089 	-5.471696 	-8.878927 	-7.611381 	-6.941934 	-7.377027 	-9.934896 	-27.352767 	-28.971048 	-30.278338 	-32.674805 	-32.767836 	-36.038604 	-39.271854 	-40.039460 	-44.198253 	-42.859034 	
9.545190 	4.274978 	-23.882127 	-28.064728 	-38.759377 	-48.167077 	-58.537602 	-59.175683 	-58.564659 	-58.134743 	-59.231176 	-58.029654 	-59.664243 	-58.756525 	-60.290912 	-59.491954 	-58.373077 	
9.131658 	-12.273230 	-14.023794 	-23.316095 	-45.197409 	-43.179105 	-57.407085 	-63.030322 	-63.188352 	-59.464354 	-61.719187 	-59.065574 	-59.563616 	-58.508632 	-61.751477 	-59.614157 	-59.920267 	-57.689887 	-59.684621 	
9.620256 	-11.937182 	-43.184039 	-48.151281 	-53.638018 	-58.326314 	-58.077993 	-61.911781 	-61.394328 	-59.579673 	-60.067289 	-57.638329 	-57.463864 	-58.898538 	-59.655434 	-60.574426 	-57.989166 	-58.451557 	
9.463528 	9.017928 	-2.988571 	-38.289560 	-39.774974 	-43.818294 	-45.398058 	-50.716393 	-63.113195 	-60.111501 	-59.415334 	-58.380070 	-58.534337 	-58.232338 	-58.713178 	-58.010026 	-61.358041 	-58.328911 	-58.234128 	-58.641586 	-58.658430 	
9.739914 	-7.315676 	-31.161783 	-39.851493 	-45.311823 	-62.000696 	-59.425961 	-61.942315 	-58.814115 	-58.729490 	-59.380268 	-58.536278 	-59.053240 	-59.885836 	-57.969338 	-58.612276 	-58.772126 	-58.328601 	-60.846170 	
9.820435 	-21.733617 	-43.241081 	-43.993711 	-44.797222 	-57.431312 	-59.714691 	-59.269363 	-57.570161 	-59.867705 	-58.385245 	-57.793199 	-57.692206 	-57.630369 	-57.859996 	-59.839237 	-57.891076 	-58.659921 	
9.878854 	-47.713043 	-51.575861 	-57.659578 	-60.624341 	-58.457933 	-58.233456 	-60.375247 	-58.814927 	-58.275903 	-57.402018 	-58.256968 	-60.431555 	-57.392599 	
9.892943 	1.672096 	-24.257061 	-37.321567 	-57.841386 	-58.801146 	-58.938901 	-59.639538 	-58.664006 	-59.145847 	-59.146469 	-59.630062 	-58.295532 	-57.579084 	-58.000833 	-58.583865 	-58.462468 	
9.871092 	3.176371 	-7.518911 	-17.552640 	-31.558569 	-45.242922 	-49.837096 	-52.766862 	-62.174438 	-59.205610 	-59.081294 	-58.239059 	-59.545649 	-59.736213 	-60.529771 	-58.070359 	-58.637911 	-59.803821 	-60.525664 	-59.942597 	-58.071996 	-59.824655 	-59.521342 	-58.886712 	
9.866632 	-1.314634 	-13.140149 	-25.489024 	-40.717708 	-44.558805 	-57.720737 	-58.810618 	-63.562381 	-58.027864 	-59.018092 	-58.857091 	-57.934094 	
9.795708 	-1.507924 	-2.627669 	-4.939740 	-7.268755 	-17.325926 	-19.780270 	-18.265355 	-32.410648 	-58.453406 	-60.398514 	-58.655961 	-59.459124 	-58.995864 	-58.132002 	-59.339155 	-59.148858 	-57.061011 	
9.728760 	4.989598 	1.630751 	-2.575851 	-15.820671 	-46.566287 	-59.505071 	-58.214703 	-58.944374 	-58.923006 	-57.197617 	-57.135690 	-59.267645 	-58.082847 	
