9.706194 	-21.244082 	-48.065760 	-47.790339 	-56.041762 	-58.342269 	-59.200298 	-58.059791 	-59.867391 	-58.243389 	-58.126042 	-58.818949 	-59.249719 	-57.916021 	-57.953546 	-60.120067 	-59.955353 	-58.074935 	-58.742463 	
9.218602 	-4.020456 	-6.619335 	-21.141534 	-58.909610 	-59.123432 	-61.727412 	-58.411280 	-57.899517 	-59.308272 	-58.635097 	-58.849259 	-59.452539 	-57.739333 	
9.894765 	-4.111187 	-7.287035 	-24.597879 	-28.838767 	-29.959829 	-28.292093 	-32.778886 	-48.884192 	-57.836521 	-58.613030 	-62.435812 	-58.771189 	-58.073022 	-58.859673 	-59.592791 	-60.117937 	-59.170828 	-57.720488 	-57.933452 	-60.107473 	-57.434391 	-61.496395 	
10.034515 	2.217633 	-35.978116 	-56.272021 	-58.344705 	-63.159164 	-57.753421 	-58.475364 	-60.718664 	-58.052346 	-57.318986 	-56.840915 	-57.556301 	-60.020450 	-57.645271 	
9.527002 	-10.819764 	-8.508727 	-13.428614 	-16.604788 	-25.131634 	-20.641130 	-27.984382 	-28.581900 	-58.963156 	-59.001435 	-59.088578 	-58.584226 	-60.682829 	-59.044544 	-59.214150 	-57.321330 	-60.167558 	-62.476229 	-58.118750 	
9.622740 	-6.490525 	-19.354860 	-21.247508 	-45.257616 	-57.963084 	-61.879430 	-59.032928 	-60.936550 	-58.547670 	-58.468291 	-59.987671 	-59.866160 	-59.537263 	-60.575633 	-59.533950 	-59.024351 	-59.913808 	
9.978160 	-22.821252 	-24.374212 	-47.320887 	-51.463924 	-53.638446 	-56.855320 	-58.512786 	-59.665891 	-57.564053 	-57.741191 	-60.074043 	-58.840426 	-58.021947 	
9.745441 	-22.527739 	-32.183006 	-58.704774 	-58.902136 	-57.254448 	-57.986599 	-61.189854 	-60.436981 	-58.640983 	-58.778345 	-61.374641 	-58.847007 	-58.367108 	-57.582182 	-57.830498 	-59.466291 	
10.104299 	9.221682 	-3.490153 	-39.867303 	-38.698757 	-48.041853 	-57.121160 	-57.530473 	-58.380518 	-58.710528 	-59.005134 	-58.076773 	-60.389787 	-60.065631 	-57.741709 	-58.958267 	-60.567383 	-60.110289 	-57.650766 	-58.175089 	-57.562693 	-58.356918 	-62.143229 	
9.726824 	2.760192 	1.772486 	-4.761703 	-22.671492 	-25.294116 	-31.131950 	-60.309865 	-60.311682 	-58.669882 	-62.977450 	-58.841627 	-57.924916 	-57.938972 	-59.444247 	-58.800317 	-57.659365 	-58.605002 	-59.876293 	
9.423595 	-1.309744 	-27.516283 	-24.707704 	-35.885774 	-33.938736 	-47.497944 	-50.604098 	-51.617792 	-61.088232 	-57.519578 	-59.524450 	-58.434438 	-58.626805 	-60.532159 	-57.196910 	-58.565040 	
9.481829 	4.582461 	-6.148284 	-7.079239 	-14.972097 	-31.292744 	-58.701439 	-60.239063 	-59.098153 	-58.880273 	-60.254605 	-58.667107 	-59.659713 	-60.153207 	-59.842293 	-59.318069 	-59.391497 	-60.095372 	-58.323896 	-60.049003 	-58.760323 	-58.695797 	-59.562882 	-59.390514 	-60.764190 	
10.036700 	-23.888676 	-30.723952 	-35.983768 	-42.638368 	-57.789772 	-58.578456 	-57.306445 	-58.279476 	-58.180142 	-59.384543 	
9.720160 	0.889637 	-16.151397 	-21.866235 	-27.209445 	-25.643880 	-36.853913 	-44.448087 	-46.423618 	-60.083203 	-54.279516 	-58.144469 	-59.057295 	-58.956465 	-58.159351 	-59.243821 	-60.623277 	-58.853074 	-58.676844 	-58.774818 	-58.076572 	-58.241027 	
9.969558 	-5.627955 	-15.083289 	-27.766745 	-37.795436 	-52.869704 	-60.971845 	-59.418324 	-57.976299 	-58.456197 	-58.832193 	-58.451903 	-58.516633 	-59.538060 	-57.515141 	-58.974781 	-58.774573 	-57.786431 	-60.807894 	-60.484168 	-60.701982 	
9.778479 	-10.898628 	-18.037465 	-19.503245 	-19.590961 	-42.152918 	-48.370382 	-57.174367 	-61.341281 	-58.468242 	-57.172041 	-57.370329 	-59.634375 	-59.208510 	-60.967630 	-63.087988 	-60.077376 	-58.920140 	-59.390674 	
9.656145 	-3.845362 	-25.804237 	-60.809601 	-57.589115 	-57.955742 	-58.987639 	-58.795206 	-58.081792 	-59.824476 	-58.563766 	-58.244859 	-58.468704 	
9.843840 	2.164625 	-5.119216 	-8.765680 	-12.012530 	-12.564714 	-18.227082 	-36.708832 	-38.660356 	-45.227727 	-50.612813 	-56.325215 	-56.732507 	-57.834898 	-58.344418 	-60.615471 	-58.273379 	-57.213011 	-59.709826 	-58.205608 	
9.614121 	-9.447758 	-9.726416 	-28.016357 	-48.124883 	-52.011245 	-54.818262 	-58.102885 	-58.659966 	-60.221672 	-57.991083 	-61.315414 	-59.468647 	-60.405524 	-59.250926 	-58.517767 	-59.426957 	-59.507312 	-59.198414 	
9.754400 	-4.481390 	-13.929083 	-48.653007 	-58.174474 	-57.873936 	-59.656000 	-58.673743 	-59.059489 	-58.917580 	-61.621867 	-57.915251 	-59.798099 	-60.887550 	-59.714248 	-59.815296 	-58.024286 	
