10.176368 	-6.761373 	-13.826475 	-23.108420 	-27.881411 	-44.787245 	-46.058479 	-52.334099 	-53.650410 	-55.796440 	-56.184285 	-56.782403 	-57.538268 	-55.669998 	-56.323587 	-56.572441 	
9.939211 	5.472826 	3.352138 	1.577613 	-7.683643 	-10.793396 	-17.155180 	-19.785373 	-22.229461 	-43.878114 	-50.454084 	-45.483120 	-50.007597 	-54.440300 	-56.184324 	-54.756827 	-55.535548 	-56.483147 	-60.588856 	-57.408730 	-57.735877 	-57.663584 	-56.998389 	-58.167855 	
9.795579 	-1.080387 	-2.085038 	-8.141706 	-17.793773 	-34.187012 	-57.573359 	-59.933870 	-60.698630 	-61.847213 	-58.286476 	-58.185420 	-62.860128 	-61.236444 	-57.732095 	-59.344678 	
9.656733 	5.811754 	2.870961 	-7.890903 	-9.391234 	-14.497446 	-21.426920 	-28.933491 	-39.831645 	-41.126777 	-41.957444 	-41.074171 	-43.852678 	-43.745263 	-56.251732 	
9.358319 	4.429279 	-10.410462 	-30.897345 	-32.528150 	-54.452053 	-55.078476 	-59.663619 	-58.660617 	-58.632933 	-61.672374 	-57.713395 	-59.278283 	-57.884743 	-57.855517 	-60.463515 	-58.257348 	
9.791457 	-0.250492 	-1.655498 	-15.432588 	-24.348155 	-25.136639 	-27.647271 	-28.578123 	-59.028075 	-60.381751 	-59.770851 	-59.848021 	-58.833985 	-58.413025 	-59.119335 	-60.092045 	-59.842820 	-60.563661 	-60.476048 	-59.405932 	-58.877715 	-58.122805 	
10.192341 	5.680306 	-5.323871 	-4.637594 	-9.711622 	-10.130522 	-19.601862 	-26.274842 	-26.938355 	-31.004538 	-40.079076 	-42.156074 	-43.558331 	-51.128495 	-53.417822 	-53.590227 	-52.372472 	-53.569356 	-54.763313 	-56.703461 	-61.187904 	-56.035376 	-56.325441 	-57.291221 	
9.883088 	2.474979 	-17.238400 	-20.535957 	-24.879291 	-24.903122 	-44.703203 	-45.404975 	-50.868240 	-54.353480 	-54.739210 	-59.087703 	-60.321340 	-56.594192 	-59.307439 	-58.065249 	-58.274747 	-57.297489 	-59.909103 	-61.136134 	-57.260323 	
10.149099 	0.851311 	-2.727465 	-28.466682 	-40.074869 	-44.007655 	-57.945126 	-62.224576 	-56.907140 	-59.124503 	-57.937699 	-57.052154 	-58.645589 	
9.396971 	4.688308 	-7.525678 	-26.452336 	-60.470486 	-58.586385 	-60.813172 	-60.348200 	-60.701222 	-60.529142 	-61.822922 	-60.126744 	-58.878853 	-59.200400 	-58.831482 	-61.575064 	-58.005690 	-59.625353 	-58.127798 	-59.467877 	-59.354828 	-58.765244 	-60.425104 	-58.425207 	
9.804486 	3.120552 	-10.424391 	-22.392627 	-51.591836 	-57.875317 	-58.579757 	-57.099277 	-57.583802 	-56.469958 	-59.201233 	-56.958335 	-58.424107 	-59.403281 	-58.338524 	
9.979732 	-23.872117 	-31.231304 	-59.752550 	-58.003532 	-61.395476 	-57.609610 	-57.868579 	-57.882754 	-59.289260 	-58.102609 	-58.271355 	-58.384931 	-56.542163 	-58.469304 	-62.323469 	-61.523402 	-57.941266 	-58.104994 	
9.646830 	-31.491377 	-37.628733 	-42.793534 	-48.859944 	-57.029650 	-59.014214 	-57.882127 	-59.998086 	-57.537711 	-60.405499 	-58.815265 	-60.752732 	-58.594967 	-58.585551 	-59.651395 	-57.680592 	
9.910004 	4.902953 	-17.349984 	-17.800921 	-17.116427 	-28.338123 	-29.703858 	-33.760371 	-42.917111 	-56.547822 	-60.205846 	-57.093212 	-60.057380 	-58.314866 	-61.801137 	-58.724431 	-57.917961 	-59.697045 	-61.665031 	-58.382423 	
9.376752 	-8.627823 	-6.064347 	-15.584618 	-22.371458 	-28.524203 	-30.718170 	-30.673954 	-44.541365 	-47.125245 	-49.663780 	-52.719486 	-59.739311 	-58.447981 	-59.250270 	-60.314482 	-58.265707 	-60.015340 	-58.862901 	-58.247239 	-58.789554 	-58.155877 	-59.529651 	-60.842722 	-59.438965 	-60.652270 	-59.353865 	-61.248118 	-59.876912 	-58.753116 	-58.650811 	
9.616359 	-8.729070 	-12.425531 	-23.658885 	-31.208951 	-42.218792 	-56.346043 	-57.786904 	-58.060600 	-60.267305 	-57.310478 	-60.927367 	-58.445352 	-58.364816 	-58.841525 	-57.701476 	
9.418118 	-6.868826 	-6.497560 	-12.610155 	-14.185002 	-40.567197 	-53.931153 	-57.601042 	-58.004090 	-59.165166 	-57.939467 	-60.157839 	-60.680963 	
9.740637 	-18.575827 	-31.250838 	-35.080984 	-40.640403 	-59.991152 	-59.425335 	-58.924355 	-61.460786 	-59.701902 	-58.841906 	-61.356423 	-58.477165 	-57.521598 	-59.415171 	-59.285578 	-59.357358 	-59.884072 	
9.785035 	-3.972997 	-21.994945 	-54.296828 	-58.288077 	-57.553779 	-57.918900 	-58.706075 	-58.607691 	-60.338189 	-58.846639 	-58.885999 	-58.480182 	-57.440755 	-59.002029 	-60.039321 	-60.773052 	
9.939824 	-4.668292 	-7.307817 	-7.372998 	-13.527185 	-18.509987 	-20.028680 	-22.905135 	-24.197882 	-41.862068 	-45.683955 	-47.945802 	-48.240492 	-51.959012 	-54.628821 	-54.620452 	
