10.236538 	-34.588024 	-60.055027 	-60.381499 	-59.959397 	-57.217055 	-58.585523 	-57.914490 	-59.340829 	-58.651675 	-59.156765 	-59.880125 	-58.511747 	-62.422108 	-60.585114 	-60.006521 	-58.975473 	-58.422089 	-58.146417 	-60.710661 	-59.300805 	-58.202645 	
10.103456 	-8.731056 	-57.199215 	-60.493255 	-59.826319 	-60.880735 	-57.639333 	-59.196328 	-60.246682 	-58.887150 	-60.506300 	-58.548035 	-60.686348 	-60.110437 	-58.061003 	-61.304043 	-58.330613 	-59.463882 	-58.561935 	-58.625309 	-59.619626 	
10.044457 	-9.803476 	-22.321851 	-23.571627 	-48.982784 	-57.710649 	-60.045470 	-57.672721 	-61.678893 	-59.395539 	-58.070646 	-58.742826 	-60.495988 	-59.264073 	-58.939906 	-57.510575 	-58.378436 	-58.956774 	-59.930113 	
10.108477 	6.397640 	-5.613212 	-21.259796 	-21.485486 	-39.069755 	-58.674522 	-57.741735 	-57.645566 	-59.631160 	-57.323416 	-57.866898 	-59.827951 	-58.470227 	-58.716209 	
10.417761 	-58.662071 	-57.710696 	-58.733455 	-58.513959 	-58.173345 	-58.843505 	-58.564260 	-59.040441 	-62.479114 	-59.508517 	-59.492549 	-57.588492 	-59.702662 	-58.975207 	-62.551266 	-58.862187 	-60.556377 	-59.267281 	-58.251294 	-59.642799 	-57.844173 	-58.893123 	-59.556839 	
9.905817 	-6.951793 	-56.995276 	-59.344870 	-57.783070 	-56.688129 	-59.299055 	-58.419884 	-64.080939 	-58.660613 	-58.697385 	-60.535656 	-59.868629 	-58.472044 	-60.393131 	-61.231181 	-57.559302 	-59.981939 	-59.751795 	-58.255115 	-58.407076 	-58.123554 	
9.550816 	3.975572 	-1.940837 	-13.241393 	-25.271044 	-31.229019 	-36.808129 	-39.171066 	-42.836001 	-57.071443 	-60.140662 	-60.269984 	-57.364695 	-59.054009 	-58.927415 	-59.330408 	-59.851066 	-57.110518 	-60.579587 	
9.928662 	1.390174 	-2.599426 	-5.319449 	-38.125303 	-58.264583 	-58.467286 	-58.884357 	-58.120333 	-59.415469 	-59.840768 	-59.206050 	-58.349337 	-59.090836 	-60.847674 	-59.232366 	-60.297549 	-59.276879 	-56.757762 	-59.909829 	-58.637613 	-58.372139 	
9.980335 	-56.895243 	-58.668682 	-58.267535 	-59.345954 	-60.268202 	-58.194720 	-58.802355 	-59.211354 	-58.655842 	-58.199979 	-58.909036 	-62.134827 	-57.171497 	
9.775394 	6.841997 	-17.762094 	-25.308156 	-45.426393 	-51.274976 	-58.706283 	-58.535548 	-59.617780 	-60.232788 	-57.887918 	-57.943849 	-58.575827 	-58.672903 	-57.507682 	-58.584961 	-59.567133 	-57.548415 	-60.934523 	-59.053845 	-59.325725 	
9.875675 	-22.403852 	-29.704726 	-40.616354 	-51.736831 	-57.556273 	-58.791315 	-62.040444 	-59.389545 	-60.209297 	-57.562980 	-58.845651 	-58.262910 	-58.569071 	
9.574453 	4.650230 	2.061873 	-30.530083 	-33.298083 	-56.586538 	-58.279026 	-59.300710 	-59.527835 	-60.884100 	-60.672970 	-59.385235 	-59.483641 	-60.430651 	-58.981906 	-57.734921 	-60.450513 	-59.599618 	-59.146543 	
9.991124 	-13.020707 	-34.419985 	-45.005205 	-49.814145 	-57.650892 	-57.899888 	-58.351136 	-59.385136 	-57.398572 	-58.157165 	-57.497776 	-59.592178 	-58.163167 	
10.090855 	-57.691089 	-57.512432 	-59.727353 	-58.063723 	-58.017100 	-57.758635 	-58.107213 	-59.142478 	-57.961406 	
9.901728 	-11.441417 	-51.271008 	-57.273749 	-61.811859 	-58.424975 	-60.880013 	-59.479889 	-58.997351 	-57.948279 	-60.536861 	-59.057637 	-59.147786 	-60.271213 	-58.289471 	-56.964271 	-58.962673 	
9.730390 	-9.521512 	-19.664980 	-45.306274 	-59.734048 	-60.461068 	-58.284694 	-58.863469 	-61.161135 	-58.656644 	-59.775282 	-58.170461 	-60.672355 	-58.934630 	-56.971919 	-59.316649 	-60.593921 	-58.597417 	-59.684720 	-59.934247 	-58.566497 	
9.836524 	5.597269 	-3.850510 	-38.554077 	-58.982119 	-58.542398 	-61.220998 	-56.798080 	-58.922022 	-56.906752 	-58.220483 	-57.473761 	
10.105523 	-9.854319 	-31.645580 	-56.985848 	-58.749042 	-58.593075 	-59.402117 	-57.109791 	-57.874986 	-58.448150 	-57.432506 	-57.903264 	
9.769235 	-2.830816 	-45.095606 	-58.527257 	-58.192528 	-63.550899 	-59.301405 	-58.401850 	-59.293063 	-58.514442 	-58.035649 	-60.350765 	-58.230271 	-58.751528 	-61.896612 	-59.941235 	-58.238718 	-58.620377 	-57.982730 	
9.763776 	-8.734113 	-42.086580 	-43.079632 	-49.557154 	-61.382972 	-58.091064 	-58.849445 	-60.498622 	-58.516781 	-59.282800 	-58.539623 	-60.687639 	-59.689880 	-60.514220 	-58.488301 	-57.770158 	-57.593800 	-59.989089 	-61.409207 	-57.939426 	
