9.693229 	-4.767783 	-5.400963 	-9.418671 	-12.855146 	-59.890269 	-58.498736 	-58.015728 	-57.464074 	-60.674164 	-59.972341 	-57.931094 	-59.452839 	-58.927019 	-59.246571 	-58.184260 	-59.510824 	
10.023019 	-26.860263 	-30.736449 	-54.843247 	-57.025521 	-58.973240 	-61.349198 	-60.072358 	-59.421436 	-56.975359 	-57.254530 	-57.456882 	-58.709337 	-60.437338 	-59.810883 	-60.456060 	-57.746789 	-59.893052 	
9.712503 	4.844349 	-12.365423 	-11.179929 	-20.087829 	-22.313146 	-19.568456 	-22.098495 	-23.558065 	-22.521291 	-21.152720 	-23.478219 	-23.849342 	-27.037173 	-27.532735 	
9.231760 	-2.170588 	-1.588054 	-6.702834 	-8.440570 	-9.307909 	-14.301246 	-13.670640 	-21.885629 	-23.798826 	-23.618353 	-27.668476 	-27.114374 	-28.761955 	-27.317264 	
9.520888 	5.752701 	-1.468567 	-0.968673 	-4.473537 	-4.062348 	-4.433388 	-5.303527 	-6.891480 	-6.947519 	-8.171008 	-8.259730 	-19.096920 	-19.204389 	-19.541912 	-19.952630 	-21.334033 	-22.122315 	-24.129378 	-26.021127 	-26.567027 	-24.915121 	-24.282460 	-26.946558 	-28.304913 	
9.710759 	1.323877 	-37.126319 	-35.698213 	-40.394358 	-46.888055 	-59.593812 	-60.733557 	-60.603438 	-57.551694 	-57.718981 	-60.486514 	-59.333035 	-58.661572 	-59.264729 	-58.390688 	
9.507939 	2.482925 	-5.656095 	-10.333035 	-11.123529 	-18.731387 	-23.791484 	-23.539373 	-28.735032 	-29.320247 	-37.068938 	-34.034731 	-39.649607 	-38.870896 	-37.368502 	-38.271402 	-40.437349 	-50.047954 	
9.162598 	5.697924 	4.718270 	-1.772621 	-9.858247 	-7.206499 	-10.888226 	-11.376117 	-14.768485 	-20.395814 	-31.357431 	-33.146056 	-33.566511 	-32.754973 	-34.935914 	-34.587890 	-36.851159 	-40.306046 	-40.505073 	-41.276197 	-41.126526 	-48.880855 	
9.820438 	-8.888390 	-9.692600 	-12.409236 	-22.246779 	-29.208760 	-38.940486 	-58.824466 	-58.127361 	-58.652670 	-57.858127 	-58.901702 	-60.981515 	-56.542529 	-58.936717 	-58.434568 	-60.181913 	-57.622378 	-57.932842 	-59.900598 	-57.991050 	-58.831824 	
10.123358 	1.005047 	-14.292562 	-14.129948 	-19.343031 	-20.707406 	-23.147128 	-25.086687 	-39.394220 	-36.135680 	-41.713555 	-44.413166 	-50.340454 	-47.599549 	-49.833025 	-49.046572 	-56.809058 	-58.244845 	
9.814396 	0.009717 	-5.059133 	-24.766466 	-26.259921 	-29.596047 	-58.896814 	-59.790642 	-59.039452 	-60.118716 	-57.796841 	-58.443775 	-60.001811 	-59.671221 	-59.985588 	-58.393296 	-59.807575 	-58.770971 	-57.740702 	
9.914577 	-1.717987 	-28.063577 	-30.095368 	-35.492029 	-54.282917 	-56.465691 	-57.627134 	
10.151151 	-10.099303 	-19.932296 	-18.400926 	-24.241080 	-31.564577 	-35.639797 	-46.906908 	-48.429849 	-48.383782 	-49.327836 	-49.494391 	-56.563829 	-59.376864 	-56.810273 	-61.694227 	-56.372305 	
9.704137 	-10.780708 	-12.189820 	-13.631524 	-12.759983 	-13.517661 	-28.872248 	-39.024410 	-40.289558 	-43.583158 	-47.171336 	-52.280329 	-53.432893 	-53.310034 	-58.930953 	-57.512625 	-57.017848 	-56.401893 	-56.732745 	
9.743833 	-3.029998 	-6.322176 	-14.584746 	-10.722880 	-14.419517 	-17.894820 	-17.057113 	-17.263941 	-17.522834 	-18.753933 	-18.866793 	-22.444949 	-22.200069 	-22.909577 	-24.242039 	
9.726839 	1.064018 	0.241286 	0.679143 	-4.662852 	-9.150336 	-17.414194 	-24.756898 	-25.332360 	-24.698013 	-26.616495 	-32.971354 	-28.050742 	-30.790720 	-30.218286 	-36.165440 	-37.322532 	
9.994287 	0.687691 	-1.570096 	-6.249521 	-11.115480 	-13.314076 	-16.757050 	-16.154486 	-17.789487 	-18.369230 	-21.211153 	-22.691162 	-21.160950 	-24.412554 	-24.697574 	-29.951199 	-27.756850 	
9.835950 	6.940323 	0.436417 	-3.957166 	-6.412446 	-6.335596 	-7.331981 	-9.241970 	-12.351408 	-13.054513 	-24.749639 	-25.420315 	-27.705599 	-33.685675 	-33.181006 	-35.384080 	
9.369856 	3.285592 	-0.693859 	-1.019468 	-4.424671 	-5.763434 	-8.635389 	-10.881240 	-9.622408 	-15.067291 	-20.772626 	-20.642767 	-20.680773 	-22.191096 	-26.885660 	-25.656332 	-30.142927 	-26.319453 	-31.467859 	-26.708248 	-26.694752 	-28.321878 	-29.755894 	-31.532272 	-33.367526 	-31.860635 	-33.234903 	
9.591475 	-2.110404 	-20.431260 	-59.192531 	-59.534955 	-59.228129 	-58.880365 	-59.212814 	-60.383645 	-58.800361 	-60.356478 	-59.172078 	-63.210309 	-58.941400 	-58.111526 	-61.516304 	
9.787511 	4.107446 	-4.485487 	-6.093503 	-13.595119 	-50.665517 	-57.858166 	-59.955896 	-58.169624 	-58.077963 	-60.259826 	-58.521190 	-59.831140 	-58.805828 	-58.689260 	-58.810265 	
9.521252 	4.559018 	5.546128 	-2.649521 	-5.464782 	-3.835375 	-4.413475 	-4.320097 	-6.721396 	-6.618586 	-8.408886 	-8.937393 	-6.837103 	-8.228760 	-10.574010 	-10.598244 	-9.804569 	-12.935424 	-10.875045 	
9.483883 	2.992982 	-10.623074 	-14.152820 	-16.127204 	-18.534983 	-24.059140 	-55.447243 	-56.709518 	-58.150814 	-57.805733 	-56.558832 	-60.686679 	-57.167565 	
