10.007256 	-1.105674 	-3.925878 	-34.560420 	-58.477057 	-61.632765 	-58.667885 	-57.493171 	-60.614556 	-59.525928 	-60.142219 	-58.448173 	-58.138983 	-58.839161 	-58.448977 	-58.836096 	-58.955164 	-62.392559 	
9.890156 	-42.472880 	-58.017250 	-57.763980 	-63.620565 	-59.028168 	-60.451491 	-57.991102 	-58.638798 	-60.134159 	-60.965555 	-58.463517 	-60.062174 	-61.441233 	-57.971423 	-58.855758 	-59.778289 	-61.769535 	-59.988000 	-61.286012 	-59.971654 	
9.757021 	2.995948 	-11.979166 	-45.145412 	-43.368119 	-59.551279 	-59.152443 	-60.157014 	-58.373657 	-57.954813 	-59.866971 	-59.306407 	-59.550128 	-60.288195 	-58.634374 	-60.164370 	-60.623644 	-58.031744 	
9.968653 	3.708715 	3.553609 	-16.412030 	-21.303602 	-26.012837 	-35.806712 	-36.676553 	-40.765244 	-39.862010 	-47.132728 	-48.607142 	-48.431729 	-52.441273 	-55.968141 	-58.340353 	-57.373560 	-59.605821 	
9.736538 	8.178102 	-20.059965 	-39.069756 	-43.559219 	-52.395646 	-57.111446 	-59.438121 	-59.401212 	-58.521824 	-59.075611 	-59.576074 	-58.758614 	-58.003133 	-58.502720 	-58.926414 	-56.989361 	-58.834328 	-58.676882 	-58.108899 	-58.321425 	
9.856170 	5.328183 	-11.277341 	-20.510837 	-26.972010 	-43.060084 	-51.359474 	-58.066182 	-58.324255 	-61.016544 	-58.760227 	-58.331060 	-57.612585 	-59.498934 	-57.388919 	-59.097859 	-62.017140 	-57.251706 	-59.455418 	
9.549304 	-7.637437 	-10.561259 	-25.770114 	-36.616963 	-59.090498 	-58.913828 	-60.130431 	-59.023121 	-62.476363 	-59.827656 	-59.889836 	-57.541366 	-58.518781 	-58.685022 	-58.242674 	-58.816973 	
10.064425 	0.350452 	-36.403879 	-59.028704 	-56.988291 	-60.440180 	-59.733425 	-58.724393 	-57.114638 	-60.623409 	-59.689544 	-57.094607 	-58.423628 	-57.976153 	
9.461619 	-2.253894 	-7.415480 	-30.810320 	-39.835692 	-41.630007 	-58.204783 	-59.712825 	-59.217358 	-60.233451 	-60.556646 	-60.227388 	-60.090611 	-58.537284 	-59.884865 	-58.441859 	-59.672897 	-59.123807 	-62.425843 	-58.500870 	-60.220342 	-60.177188 	
9.846870 	4.098063 	1.406581 	2.254400 	-2.175842 	-8.543220 	-8.912294 	-20.140105 	-19.850708 	-21.635820 	-27.399963 	-32.108395 	-44.715565 	-49.984718 	-50.525754 	-55.467941 	-57.169453 	-57.087435 	-58.517955 	
9.929133 	4.625776 	0.918287 	-10.994897 	-17.347566 	-24.345690 	-27.613354 	-35.706731 	-52.374124 	-57.688008 	-57.909405 	-58.275489 	-57.965815 	-59.614972 	-60.586439 	-58.210483 	-62.892867 	-59.726830 	-58.482326 	-57.686539 	-58.075462 	-57.777337 	-58.623863 	-58.829568 	-60.602799 	-61.193293 	-58.487052 	
9.763393 	-1.946952 	-27.639761 	-29.281660 	-30.672961 	-30.141829 	-50.045690 	-53.430046 	-56.873898 	-58.650720 	-57.723549 	-56.811693 	-58.470810 	-57.739385 	-58.485113 	-59.841850 	
9.312167 	-15.609398 	-20.210518 	-27.430472 	-35.602779 	-40.375309 	-54.498936 	-54.820620 	-60.375386 	-61.710353 	-58.819483 	-57.650245 	-58.221845 	-61.461608 	-59.828450 	-59.338592 	-60.224401 	-62.292505 	-58.529123 	-59.450612 	-60.950618 	
10.153039 	6.565841 	-42.518277 	-57.199093 	-60.195772 	-61.630559 	-58.272667 	-59.507843 	-57.012863 	-59.356263 	-59.731716 	-57.500393 	
9.621601 	-13.536412 	-28.345411 	-38.217699 	-49.229745 	-59.325483 	-59.778862 	-58.438166 	-60.500471 	-59.149932 	-59.468126 	-57.962017 	-61.050406 	-58.341300 	-60.293944 	-58.696406 	-61.134825 	-59.682315 	-58.501898 	-58.725156 	-58.049038 	-58.051576 	-59.228012 	
9.674912 	-18.650165 	-20.331831 	-21.874236 	-29.106288 	-43.378456 	-43.096313 	-44.725590 	-59.568996 	-57.527876 	-58.434888 	-56.735823 	
9.850324 	4.288189 	-59.754263 	-58.182645 	-59.125877 	-57.689643 	-59.184185 	-58.295831 	-56.916980 	-58.338164 	-64.937979 	-58.070260 	-58.515809 	-60.291520 	-59.202876 	-60.942002 	
9.585991 	-22.625766 	-43.087586 	-45.445661 	-47.245130 	-58.703832 	-59.859073 	-58.890021 	-59.206069 	-61.144552 	-58.849187 	-58.966864 	-59.236197 	-60.127939 	-58.133136 	-58.230533 	-57.830888 	-57.374393 	
10.048735 	3.743125 	1.191140 	-7.777048 	-13.775136 	-17.006975 	-21.711569 	-21.110994 	-22.094000 	-27.119491 	-27.014332 	-29.549763 	-28.078372 	-29.230954 	-29.535164 	-34.940705 	
9.561418 	-2.923296 	-17.474317 	-16.027109 	-19.969586 	-46.940060 	-61.641626 	-59.252772 	-58.900378 	-61.494835 	-59.361490 	-57.756943 	-59.221468 	-59.762356 	-58.536021 	-62.977201 	-58.783741 	-62.037103 	-59.949037 	-58.982582 	
