9.824691 	-25.687459 	-28.472794 	-37.474449 	-59.309394 	-59.517739 	-61.481365 	-58.517167 	-58.603302 	-57.726519 	-60.985179 	-60.229125 	-59.595564 	-58.999067 	-58.281797 	-63.577088 	-61.402696 	-60.420354 	-61.131443 	
9.433383 	-16.861208 	-17.593352 	-26.106483 	-26.119559 	-45.859053 	-52.599245 	-60.166806 	-61.649741 	-58.940064 	-62.386517 	-59.430359 	-59.845364 	-58.215840 	-60.646102 	-57.145324 	-62.230606 	-60.457009 	-59.204560 	-58.700570 	
9.839054 	-32.191977 	-36.680436 	-46.722972 	-51.089821 	-50.079643 	-51.109482 	-59.901271 	-58.614966 	-59.130362 	-58.380466 	-61.814832 	-59.248872 	-60.589142 	-57.275499 	-60.476300 	-57.130822 	-59.266118 	
9.687465 	-6.630192 	-12.585424 	-13.579983 	-29.850255 	-27.349639 	-33.977424 	-34.781921 	-41.759226 	-51.092234 	-55.475448 	-54.999302 	-54.190012 	-54.518399 	-58.807148 	-56.245914 	-57.773004 	-55.755930 	-57.232619 	
9.433908 	9.016903 	-8.889215 	-12.513742 	-14.663684 	-27.530802 	-28.219951 	-33.138889 	-35.608735 	-45.842253 	-55.711259 	-58.113308 	-59.778702 	-59.027834 	-59.183612 	-56.981144 	-58.156456 	-58.082803 	-62.344810 	-59.709647 	-58.760354 	-57.665298 	
9.877803 	-22.221180 	-20.865980 	-27.516959 	-31.839387 	-33.008458 	-42.860858 	-43.536079 	-53.544453 	-54.164327 	-58.531017 	-63.435408 	-57.360201 	-57.295027 	-58.425999 	-60.672922 	-57.869383 	-57.159649 	
9.923658 	-2.645878 	-13.961823 	-25.337729 	-34.469762 	-38.420735 	-43.984687 	-42.751205 	-52.592600 	-58.969870 	-58.981855 	-58.387849 	-59.827308 	-59.301469 	-59.993204 	-60.280034 	-59.264721 	-59.732685 	-59.051216 	-59.205829 	-59.099463 	-59.842365 	-59.145139 	-63.537453 	-58.268275 	-58.904318 	
10.260232 	-4.846738 	-6.224912 	-13.556475 	-15.362731 	-22.122465 	-22.319016 	-29.934651 	-28.921701 	-36.904629 	-46.700081 	-49.222582 	-47.953253 	-53.670147 	-56.168018 	-56.832954 	-58.930958 	-58.046080 	-57.059019 	
10.243608 	-10.767054 	-25.787087 	-56.138150 	-59.530660 	-59.153098 	-58.643734 	-58.270865 	-58.957971 	-57.958253 	-58.924771 	-57.982828 	-59.517373 	-57.969069 	-58.149512 	
9.814059 	-9.356494 	-13.772642 	-16.170263 	-31.243765 	-35.032897 	-47.900912 	-52.729208 	-51.341261 	-54.501494 	-57.315100 	-57.000725 	
10.011915 	-13.353034 	-18.504216 	-22.882077 	-29.367807 	-41.119030 	-42.600941 	-42.341015 	-45.303496 	-47.347157 	-51.043250 	-48.790522 	-52.314511 	-56.699458 	-58.433766 	-57.653967 	-58.722762 	-58.336714 	-58.449524 	-57.936299 	-56.842239 	-59.937758 	-56.608056 	
9.720457 	-3.362640 	-10.481765 	-15.575441 	-29.320145 	-32.226469 	-41.924798 	-48.192488 	-52.635758 	-56.940027 	-59.316774 	-58.292901 	-58.455839 	-57.872158 	-58.028967 	-63.034732 	-58.550598 	-58.203478 	-58.952830 	-57.850080 	-58.244000 	-60.421804 	
10.084612 	-6.756442 	-22.172281 	-22.705529 	-22.027637 	-34.917653 	-38.697597 	-49.226458 	-57.253779 	-57.794514 	-57.122475 	-60.097657 	-60.818649 	-58.899871 	-57.478995 	-59.947204 	-57.522852 	-59.903876 	
9.605077 	4.772994 	0.812156 	-0.570510 	-5.691609 	-5.460282 	-11.574404 	-13.758595 	-14.435843 	-17.737688 	-42.232198 	-43.033618 	-51.433185 	-53.679137 	-57.374637 	-58.429477 	-57.881053 	-58.866228 	-59.398933 	-56.804986 	-60.754345 	-57.723725 	
9.419461 	-1.810119 	-27.981651 	-37.672113 	-41.001001 	-46.894718 	-46.672604 	-60.367519 	-58.923770 	-58.668495 	-57.366012 	-61.281333 	-58.108497 	-58.199228 	-59.256089 	
10.102479 	-7.803097 	-53.132727 	-56.630097 	-58.145157 	-58.503593 	-58.930640 	-59.417201 	-59.899776 	-61.623496 	-60.181292 	-58.692069 	-58.031232 	-59.677639 	-57.642889 	-57.643302 	-59.798367 	-57.833546 	-61.449386 	
10.365761 	-11.209014 	-22.300053 	-47.285411 	-52.784500 	-58.720151 	-59.171772 	-58.592329 	-59.936520 	-57.961973 	-58.074245 	-57.024137 	-58.420845 	-59.996309 	-58.664266 	-58.637892 	-59.001233 	
9.902878 	-17.088177 	-23.839341 	-31.898177 	-41.076708 	-47.593693 	-54.125773 	-55.633496 	-58.395172 	-59.257153 	-58.981801 	-59.810176 	-59.167602 	-62.293578 	-61.957580 	-61.562757 	-58.263390 	-59.160561 	-60.115182 	-58.610755 	-58.837332 	-59.958388 	-58.123812 	-59.992395 	-60.788510 	-58.549565 	
9.906691 	6.587986 	0.150081 	-12.300751 	-23.917887 	-24.200332 	-60.315999 	-57.989726 	-57.672679 	-58.276253 	-58.079599 	-58.061288 	
9.145501 	-15.653625 	-19.769055 	-38.735685 	-38.086894 	-39.203829 	-50.436324 	-55.191918 	-63.387102 	-59.218045 	-59.356745 	-61.758541 	-57.821299 	-61.172831 	-58.673654 	-60.989790 	-59.341101 	
