10.029355 	-33.986900 	-54.754447 	-59.020338 	-58.565689 	-57.317054 	-58.011496 	-56.841452 	-60.495646 	-58.224060 	
10.202549 	-37.238996 	-39.447977 	-49.731094 	-61.799603 	-58.900388 	-57.935841 	-57.443171 	-61.151955 	-58.689206 	-58.172498 	-59.091868 	-60.711074 	
10.075264 	7.312228 	-4.977421 	-9.909226 	-36.998529 	-58.086268 	-59.372039 	-58.782027 	-59.496434 	-57.731452 	-59.064641 	-61.222197 	-60.776182 	-59.696012 	-57.186368 	-59.271643 	-58.682724 	-59.558991 	-58.709759 	-58.042057 	
10.044308 	4.583136 	-6.920875 	-59.541376 	-58.599374 	-57.120976 	-58.611855 	-58.087731 	-60.201897 	-58.329512 	-57.838863 	-59.738987 	-59.939377 	-61.680643 	-61.967237 	-58.227177 	-60.854621 	-58.516808 	
9.723587 	0.363579 	-16.327805 	-58.231527 	-58.443668 	-61.618030 	-58.352968 	-58.696631 	-59.689882 	-59.287623 	-58.399890 	-59.888252 	-62.113268 	-58.456943 	-57.899096 	-60.259879 	
10.124813 	-0.309206 	-13.765986 	-59.951632 	-57.537528 	-58.332138 	-61.692123 	-61.134537 	-60.526906 	-61.335513 	-57.862699 	-60.380047 	-59.139405 	-61.090679 	-59.356727 	-58.816999 	-65.112828 	-57.204504 	-58.895515 	-60.750708 	-58.673925 	-57.290141 	-58.509405 	
9.983167 	5.676146 	-53.704720 	-58.383784 	-61.359177 	-58.435454 	-58.257919 	-59.253869 	-58.045753 	-59.470374 	-59.599464 	-60.933338 	-58.945274 	-58.730810 	-58.166004 	-59.525473 	
9.991137 	-8.937438 	-58.412316 	-60.771866 	-58.405302 	-57.902701 	-60.395167 	-58.816965 	-61.215354 	-58.147223 	-60.198784 	-58.374916 	-59.385425 	-57.873641 	-58.641441 	-58.122034 	-59.082540 	-59.699226 	-59.644456 	
10.150236 	-3.386769 	-11.962622 	-57.851003 	-58.341265 	-57.913536 	-58.839538 	-58.785649 	-58.917023 	-57.222833 	-58.568661 	-58.471405 	-57.930023 	-58.542513 	
10.524538 	-37.700322 	-57.797869 	-58.662254 	-59.050902 	-58.514145 	-57.685175 	-59.148995 	-57.014880 	-57.202102 	-57.390219 	-61.665948 	-57.322016 	-59.247958 	-58.361535 	-59.172961 	-59.294283 	-58.772933 	-59.858257 	
10.247199 	-57.968438 	-57.431674 	-57.508706 	-57.144469 	-57.149568 	-57.776354 	
10.395745 	1.256115 	-45.530053 	-58.515076 	-58.830624 	-60.043504 	-57.876600 	-58.778811 	-60.806645 	-59.012324 	-58.086580 	-58.347572 	-60.480843 	-58.636330 	-56.733756 	-59.065753 	
9.768364 	-37.316340 	-36.261157 	-39.255460 	-39.980681 	-58.142860 	-59.935479 	-59.882438 	-59.231176 	-57.940487 	-62.300999 	-58.620505 	-59.010050 	-59.751810 	-57.507357 	-59.511604 	-59.429178 	-61.313693 	
9.902395 	-11.214086 	-28.172041 	-41.355808 	-52.367043 	-60.739197 	-59.251072 	-59.497433 	-60.613384 	-59.196735 	-59.625790 	-59.489627 	-61.884357 	-60.898198 	-62.622150 	-58.992947 	-59.606461 	-59.469362 	-59.791091 	-59.717729 	-61.052761 	-58.263189 	-59.617830 	
9.896000 	-4.786823 	-12.038654 	-15.407312 	-53.536233 	-58.518599 	-58.531154 	-58.348604 	-59.365255 	-63.071887 	-59.722632 	-59.156956 	-59.419708 	-61.632581 	-60.109599 	-59.585138 	-58.259894 	-58.391879 	-59.145725 	-59.930825 	-59.985776 	-58.552604 	-60.374883 	-60.072055 	-57.481728 	
9.939911 	-31.000212 	-48.819129 	-60.940032 	-57.632260 	-59.686013 	-59.037907 	-57.626137 	
10.312890 	1.131748 	-33.127189 	-55.216137 	-58.354013 	-57.576515 	-57.286292 	-58.551519 	-59.668799 	-58.945646 	-60.211830 	-56.828187 	-58.157774 	-58.374181 	-57.852339 	-59.496590 	-59.220728 	-58.064692 	
10.061122 	-21.069682 	-22.282785 	-31.280429 	-47.238561 	-58.725568 	-57.799788 	-59.800492 	-59.432918 	-57.371981 	-60.413187 	-58.084414 	-57.882845 	-60.402531 	-58.672572 	-60.582516 	-60.035619 	-59.693858 	-58.380263 	-60.425396 	-57.825104 	-57.788596 	
10.481359 	2.825965 	-21.143271 	-51.644731 	-59.096460 	-58.121714 	-57.997075 	-58.111246 	-58.881126 	-61.458756 	-60.444108 	-59.237172 	-60.013476 	-57.709190 	-58.597757 	-58.507941 	-60.148447 	-59.186494 	-58.003184 	-58.829599 	-58.129490 	-57.555987 	-56.581259 	-58.225975 	-59.442625 	
9.857457 	-20.563462 	-21.327769 	-55.833160 	-57.788400 	-59.303439 	-58.088166 	-58.829522 	-58.975807 	-61.401243 	-57.448936 	-58.714566 	-58.615956 	
