9.632561 	1.132171 	1.657131 	1.222785 	-7.664717 	-15.501695 	-14.826254 	-20.261219 	-25.433523 	-22.498371 	-25.876635 	-24.985393 	-28.245713 	-31.499801 	-30.600021 	-33.704820 	
10.083514 	-2.388465 	-0.950323 	-27.668944 	-32.795294 	-43.555792 	-46.706603 	-50.216532 	-58.126515 	-58.085826 	-59.428159 	-60.351994 	-62.568361 	-57.862692 	-58.086955 	-59.154134 	-58.756313 	-59.661747 	-60.431233 	-58.509082 	-59.176775 	-59.073159 	
10.006971 	4.878891 	-2.440763 	-5.068078 	-11.922682 	-16.072976 	-26.916008 	-26.515117 	-30.618162 	-34.100371 	-32.014813 	-32.975964 	-36.832257 	-41.211775 	-41.547698 	-43.616552 	-47.842147 	-44.573479 	
9.652910 	-20.098631 	-35.905674 	-39.037376 	-47.801206 	-53.725653 	-58.610882 	-60.582881 	-60.084672 	-59.844413 	-58.656951 	-59.701790 	-57.460330 	-61.230978 	-58.253215 	
10.264800 	-8.373582 	-19.367245 	-33.121566 	-35.839069 	-35.013567 	-36.951123 	-36.157891 	-38.618593 	-40.795029 	-40.863179 	-41.087165 	-43.554187 	-43.247691 	-44.371264 	-48.120733 	-46.960187 	
9.633061 	-3.603084 	-21.648209 	-23.692605 	-33.161450 	-50.753461 	-57.175349 	-54.874105 	-60.262507 	-57.150127 	-57.733692 	-58.764935 	-58.062883 	-60.392364 	-59.358757 	
10.137089 	-2.261584 	-5.390389 	-35.597584 	-43.172986 	-44.598247 	-55.929871 	-58.214727 	-60.113235 	-64.468564 	-58.200341 	-58.908078 	-58.852548 	-60.425994 	-58.524616 	-57.093592 	-57.952742 	-58.857064 	-59.267017 	
9.440201 	-8.616542 	-19.330549 	-22.742603 	-41.306235 	-39.964155 	-46.776965 	-59.873141 	-57.595712 	-58.796533 	-58.240650 	-59.278116 	-59.604260 	-57.783141 	-60.030811 	-58.762466 	-63.517901 	-60.262659 	-59.624492 	-58.075348 	-59.034573 	
9.836596 	3.418389 	-0.235814 	-1.032610 	-9.820128 	-21.977267 	-24.872254 	-37.364703 	-38.209329 	-41.478752 	-57.391240 	-57.043249 	-62.956010 	-59.270397 	-59.496417 	-58.418130 	-57.042479 	-59.412563 	-57.507006 	-57.995065 	-58.632746 	-58.578290 	
9.835487 	-1.657132 	-25.660610 	-43.117684 	-48.050335 	-52.001772 	-56.813244 	-57.096968 	-59.567307 	-59.251672 	-57.415358 	-57.388377 	-58.225935 	-57.901244 	-57.129483 	-59.408246 	-58.547096 	-58.079670 	
9.690916 	1.805428 	3.574883 	-1.228428 	-32.683894 	-34.607553 	-42.213638 	-58.947599 	-58.559680 	-60.469894 	-58.739654 	-59.042177 	-59.184956 	-59.033749 	-62.977837 	-60.239571 	-58.288582 	-57.958849 	-59.558751 	-59.273552 	-59.395979 	-60.459333 	-59.751761 	-58.440362 	
10.052717 	-7.677745 	-14.945099 	-35.524157 	-39.284996 	-39.958842 	-39.555611 	-43.198208 	-57.834837 	-58.695466 	-58.661932 	-59.236406 	-58.136195 	-58.520927 	-57.220950 	-56.129161 	-56.890677 	
9.564126 	-7.294275 	-12.140032 	-20.157612 	-29.004956 	-34.714849 	-40.333484 	-57.960897 	-57.763044 	-58.084585 	-58.806140 	-63.797453 	-57.226629 	-65.265109 	-59.131473 	-60.094019 	-59.021670 	
9.683825 	-40.121995 	-56.987484 	-58.538109 	-57.779342 	-57.685664 	-57.994505 	-59.067701 	-59.529467 	-59.526014 	-60.737793 	-61.288247 	-61.053769 	-59.028185 	-61.437706 	-57.850283 	-57.958261 	-58.943975 	-58.793667 	-59.698586 	
9.814350 	-2.165762 	-2.878126 	-8.324461 	-7.323142 	-35.961546 	-42.167214 	-51.371620 	-57.833023 	-58.483158 	-60.535666 	-58.085525 	-56.505212 	-57.520757 	-59.635175 	
9.727595 	-4.230263 	-9.038822 	-27.767783 	-27.374471 	-38.160842 	-56.556021 	-57.868620 	-57.620056 	-56.715949 	-59.012828 	-59.411740 	-57.839244 	-60.318763 	-60.773101 	-58.623339 	-57.208260 	-60.582867 	
9.598581 	8.148580 	4.749548 	-2.192920 	-7.241387 	-12.398597 	-14.566839 	-16.572573 	-37.185354 	-38.253716 	-38.536209 	-39.195425 	-43.480458 	-43.254054 	-44.065257 	-46.641304 	-48.432214 	-50.756518 	-55.842773 	
10.051608 	0.092022 	-13.768037 	-18.726122 	-18.916006 	-26.947581 	-39.707357 	-54.605791 	-57.192006 	-59.970820 	-57.341253 	-56.770594 	-59.338268 	-55.975863 	-58.764581 	
9.517915 	-10.230006 	-9.576443 	-11.165497 	-31.802258 	-57.540974 	-59.918965 	-58.661439 	-59.660145 	-58.839890 	-61.943209 	-59.271061 	-57.849429 	-58.771096 	-59.691095 	-58.160354 	-59.255730 	
9.625868 	0.742184 	-2.158430 	-0.393346 	-9.517955 	-8.853492 	-24.752099 	-42.364977 	-53.245273 	-56.884361 	-56.782129 	-58.207171 	-57.124217 	-59.484912 	-58.736354 	-60.074379 	-58.456989 	-57.438491 	-59.994476 	-60.677722 	-58.376672 	
