9.842740 	0.129335 	-45.650292 	-50.973005 	-56.979702 	-62.532172 	-58.392056 	-60.277494 	-60.340305 	-58.393188 	-60.061677 	-60.035786 	-58.788520 	-59.920493 	-58.741779 	-58.034585 	-61.822750 	-59.549370 	
9.793377 	-9.199160 	-17.784172 	-24.273975 	-25.192403 	-30.439393 	-31.058156 	-33.529228 	-42.498271 	-57.044236 	-59.142186 	-59.359717 	-58.257250 	-60.502839 	-61.113174 	-58.396866 	-58.168658 	-59.994643 	
9.764374 	1.238077 	-2.337067 	-3.324830 	-18.981009 	-20.638639 	-31.684113 	-31.660253 	-42.440348 	-57.161153 	-57.346150 	-59.887130 	-59.955839 	-61.010652 	-61.704608 	-58.097624 	-57.802367 	-59.274234 	-61.125209 	-59.366339 	-59.719035 	-57.877251 	-58.861379 	-58.961084 	
9.712112 	-5.830164 	-16.070354 	-19.581654 	-25.635017 	-26.509657 	-26.739195 	-52.445080 	-53.154342 	-57.709259 	-60.175109 	-59.330506 	-57.918389 	-58.044428 	-58.186724 	-62.470219 	
9.299724 	-2.538308 	-12.364346 	-17.351343 	-45.353134 	-51.682331 	-58.637107 	-59.148471 	-58.494506 	-60.581130 	-58.631412 	-58.837633 	-59.377582 	-60.766501 	-60.391935 	-58.074787 	
9.851961 	6.440562 	-1.901116 	-29.401657 	-35.720522 	-59.695851 	-58.022183 	-58.007408 	-58.372629 	-57.613683 	-56.351079 	-57.250684 	-59.973525 	-59.937678 	-57.283448 	-57.122034 	-58.233124 	-56.439435 	-57.331374 	-57.872839 	-59.464078 	-57.163583 	-58.095888 	-58.188025 	-57.612427 	
9.779349 	-10.894125 	-56.172872 	-59.018864 	-58.511348 	-59.443910 	-58.235431 	-58.052276 	-57.891401 	-61.995824 	-57.586012 	
10.027250 	-8.497274 	-19.988110 	-24.997348 	-28.444104 	-42.715138 	-47.529432 	-57.307562 	-57.262139 	-57.234106 	-57.047085 	
9.889177 	7.846212 	-17.899865 	-17.781854 	-21.727238 	-24.055876 	-28.398381 	-31.829847 	-33.295042 	-34.150606 	-44.130027 	-46.039475 	-50.676796 	-54.917010 	-56.613005 	-59.037263 	-58.019414 	-56.631679 	-57.052210 	
9.828064 	-23.985475 	-58.219008 	-62.435250 	-59.294717 	-58.740644 	-60.792428 	-57.222649 	-60.263188 	-58.163272 	-62.315805 	
9.492011 	3.808657 	-3.265993 	-9.742932 	-20.888283 	-25.240715 	-34.299854 	-39.819228 	-58.646969 	-59.814460 	-61.825819 	-59.307865 	-60.024445 	-58.979199 	-58.684978 	-58.267156 	-59.114299 	-62.015784 	-59.152754 	-59.150410 	-58.487848 	-57.765124 	
10.302261 	-3.696787 	-20.880223 	-41.512107 	-61.648077 	-61.982144 	-61.503015 	-58.253597 	-58.828827 	-59.439965 	-57.812669 	-58.345696 	-60.336182 	-60.966735 	-58.915250 	-58.908779 	-59.223368 	-58.679521 	-58.818942 	-59.321068 	
10.118542 	-28.063888 	-58.043973 	-58.416928 	-57.565214 	-60.546831 	-58.552122 	-63.157631 	-59.242809 	-58.238923 	
10.191482 	4.217272 	0.759242 	-7.034068 	-8.828589 	-12.858748 	-22.587071 	-38.805424 	-46.650498 	-49.419704 	-58.046368 	-57.275159 	-58.056310 	-57.937221 	-59.300029 	-57.141855 	-58.425091 	-57.812016 	-58.431708 	
10.298596 	-6.814487 	-17.359031 	-18.206448 	-18.828461 	-25.489976 	-32.359347 	-41.509450 	-52.906811 	-55.782135 	-54.433105 	-57.961037 	-58.881118 	-59.383058 	-58.297458 	-59.638015 	-58.255481 	-57.226893 	-60.262317 	-57.637859 	-58.901324 	-59.299836 	-58.199831 	-56.889131 	
9.684028 	-30.579023 	-33.305375 	-52.059848 	-57.009061 	-58.443289 	-58.553299 	-58.176730 	-58.740884 	-57.591052 	-57.208342 	
10.111116 	5.414697 	0.501567 	-22.628349 	-28.263119 	-36.536054 	-48.719882 	-54.070942 	-57.783439 	-59.036963 	-58.549893 	-59.299182 	-59.222371 	-57.614264 	-57.701833 	-62.517126 	-57.497754 	
9.298376 	-1.139674 	-8.458327 	-14.617744 	-20.003572 	-21.051458 	-25.114203 	-25.289072 	-31.171444 	-41.443883 	-50.829167 	-52.769742 	-52.447955 	-56.806447 	-55.911232 	-56.568032 	
10.221123 	-6.660445 	-8.896249 	-21.444432 	-25.964385 	-28.357687 	-57.633650 	-59.304508 	-59.300245 	-59.508824 	-60.140007 	-62.313672 	-59.053771 	-59.261840 	-58.662904 	-60.762883 	-58.583354 	-59.812320 	-58.744539 	-59.557883 	-60.311066 	-58.760718 	-58.566043 	
9.188170 	4.260650 	-28.804296 	-30.273912 	-42.966225 	-55.870953 	-56.552401 	-57.820907 	-60.006424 	-62.989268 	-62.730747 	-60.924330 	-60.061943 	-59.117725 	-57.525161 	-58.944805 	-58.578906 	
