9.741695 	7.118052 	4.883676 	2.346395 	-0.081651 	-4.481344 	-0.842003 	-5.264184 	-8.245859 	-12.452840 	-15.856497 	-15.828340 	-20.846312 	-19.997365 	-22.910135 	-26.606038 	
9.990738 	-2.812642 	-4.258412 	-8.737145 	-12.146697 	-37.306140 	-41.253337 	-57.550157 	-58.777063 	-57.721150 	-57.284788 	-56.521140 	-58.809491 	-57.085075 	-58.122435 	-58.469244 	
9.673183 	2.146233 	-9.090996 	-8.430813 	-10.719685 	-8.686479 	-9.350573 	-12.553729 	-39.706665 	-39.552418 	-50.184318 	-53.839561 	-55.367691 	-57.783835 	-57.444751 	
9.417644 	-8.017593 	-11.522368 	-20.994902 	-22.008193 	-29.526698 	-30.715259 	-42.639601 	-45.296428 	-53.103469 	-54.120815 	-56.917728 	-56.478046 	-56.488321 	-56.946639 	-58.226445 	-59.547180 	-59.628433 	
9.568352 	-0.702855 	-8.608348 	-11.855331 	-12.463027 	-15.114738 	-19.078744 	-19.731742 	-21.104726 	-24.345611 	-29.756814 	-36.200312 	-34.821216 	-38.614904 	-43.424729 	-56.623238 	-56.409653 	-57.974931 	-59.442208 	-56.746956 	-59.868998 	-56.134953 	-56.552639 	-57.747281 	
10.105059 	6.495685 	-0.035904 	-2.147345 	-2.218088 	-5.285379 	-11.445855 	-8.688265 	-10.061579 	-7.105592 	-11.592427 	-13.985238 	
9.970942 	3.309046 	-13.162202 	-17.373268 	-27.086593 	-25.358172 	-29.051505 	-36.377439 	-37.534585 	-38.215761 	-39.890706 	-41.405272 	-44.185421 	-41.939979 	-43.600419 	-48.913989 	-51.229784 	-49.228203 	-50.189792 	
9.725425 	6.055965 	-1.407434 	-3.584005 	-3.033541 	-5.116198 	-9.735565 	-8.607772 	-13.343108 	-14.112176 	-20.598307 	-20.662063 	-30.457081 	-36.850815 	-39.913785 	-46.380022 	-47.111141 	-50.114527 	-57.713414 	
9.827353 	6.070284 	3.112558 	4.662325 	1.393289 	-9.671506 	-12.555850 	-10.666762 	-14.325189 	-15.473704 	-12.555981 	-14.726861 	-16.204523 	-17.559568 	-17.041069 	-17.743879 	
9.702011 	7.340305 	3.480739 	2.585419 	3.904979 	0.492779 	3.580367 	2.112185 	0.342884 	-1.019315 	0.060623 	-0.271327 	-0.337359 	-4.034007 	-1.436318 	-1.524716 	-1.131026 	-1.052672 	-1.608872 	-0.798163 	-3.138706 	-1.727685 	-2.849861 	-2.400715 	-3.515293 	-3.511134 	-5.402445 	-4.761222 	-2.063237 	-3.705551 	-6.402943 	-3.587416 	-6.221741 	-4.292183 	-3.737250 	-4.017702 	-2.786084 	-7.400502 	-6.518385 	-7.939826 	-5.392608 	-4.247686 	-4.634937 	-4.075663 	-5.233142 	-7.771379 	-8.283705 	-6.780506 	-5.911903 	-6.335507 	
9.976646 	2.725114 	-5.866847 	-5.839742 	-15.017759 	-36.276602 	-44.575048 	-44.942829 	-46.896166 	-48.820674 	-49.656494 	-52.231557 	-56.104162 	-55.603803 	-58.111785 	-55.799483 	
9.081906 	8.444506 	-14.954013 	-24.963506 	-31.706781 	-31.104435 	-55.789136 	-58.841687 	-54.866332 	-60.860227 	-58.687370 	-58.150871 	-58.818669 	-59.503013 	-57.710278 	-62.858482 	-58.897071 	
9.837860 	4.362209 	1.807958 	-12.047194 	-11.424967 	-16.800537 	-29.147776 	-31.033356 	-60.888243 	-58.869311 	-58.042159 	-59.051559 	-57.732745 	-59.005072 	-59.097861 	-57.778615 	
9.799548 	-5.015362 	-10.317753 	-14.338221 	-16.220608 	-21.047264 	-30.349135 	-49.032100 	-54.314066 	-57.050115 	-57.867705 	-55.328050 	-55.979526 	-59.251310 	
9.756284 	2.915427 	-1.032412 	-2.428298 	-4.023707 	-10.391522 	-11.202286 	-12.304876 	-11.430538 	-13.238890 	-12.017243 	-14.248776 	-15.749040 	-17.851879 	-17.186771 	
9.328534 	-12.922664 	-35.814522 	-41.950430 	-43.099753 	-45.446669 	-58.125527 	-60.051401 	-59.991835 	-59.012230 	-59.708804 	-59.057982 	-59.338411 	
