9.999082 	2.065507 	-17.765552 	-58.445801 	-57.532007 	-56.668794 	-59.758807 	-57.428667 	-59.726060 	-57.110245 	-57.932873 	-58.280997 	-60.748354 	-58.826271 	-57.610647 	
10.146434 	4.421531 	1.767001 	4.399733 	-6.424628 	-21.050142 	-36.948234 	-47.734733 	-47.393180 	-52.115591 	-55.530937 	-56.967574 	-56.417255 	-57.651950 	-58.314489 	-59.488122 	-57.831500 	
9.713891 	-57.364423 	-57.790362 	-58.929612 	-58.414026 	-59.377092 	-59.541662 	-58.277048 	-58.219427 	-60.168081 	-59.034463 	-59.055707 	-59.150302 	-58.589610 	-58.005709 	-59.025609 	-58.745093 	-59.275429 	-60.947051 	-59.300073 	-57.224084 	-58.725927 	
9.439565 	-46.234310 	-58.906256 	-58.890105 	-57.480653 	-59.708906 	-63.278004 	-59.277983 	-58.393336 	-63.935901 	-60.852366 	-59.862564 	-60.412415 	-59.919801 	-59.710085 	-61.635719 	-58.063602 	-59.089668 	-58.770275 	-63.255586 	
9.953472 	-24.019391 	-33.988172 	-33.623043 	-54.338722 	-57.741054 	-58.527052 	-57.600040 	-59.536642 	-60.619417 	-57.741393 	-60.574607 	-62.171989 	-59.953318 	-58.731614 	-59.579475 	-60.709217 	-60.352640 	-59.728949 	-61.197480 	-62.738510 	-58.758099 	-58.707808 	
10.204230 	-25.714016 	-30.239732 	-39.941827 	-61.752784 	-59.110243 	-56.924735 	-56.990552 	-60.607261 	-58.052023 	-57.162411 	-57.445747 	-58.759558 	-57.589759 	
9.727042 	8.255694 	-15.715784 	-27.195232 	-56.844005 	-57.742503 	-59.731683 	-58.554213 	-57.742450 	-59.649146 	-57.989956 	-57.903034 	-57.630671 	-58.548338 	
9.791409 	-34.329446 	-47.819416 	-50.268383 	-57.056502 	-58.756503 	-59.659538 	-60.165304 	-58.502031 	-60.599100 	-58.763363 	-58.243752 	-57.746127 	-61.225522 	-59.283324 	-57.890286 	-61.256833 	-58.534963 	-59.167402 	
9.630144 	0.078083 	-22.726445 	-28.345738 	-35.288549 	-37.187625 	-59.689937 	-58.831510 	-59.481474 	-60.549726 	-58.060422 	-59.860044 	-58.255434 	-60.627013 	-59.970797 	-61.179268 	-62.002722 	-59.802917 	-58.802918 	-62.957499 	
9.915955 	5.413742 	-5.986024 	-7.516018 	-18.411303 	-45.216254 	-46.895423 	-59.207589 	-59.795719 	-57.779953 	-57.648970 	-58.657268 	-57.781078 	
9.768118 	-9.053045 	-10.515940 	-13.659638 	-37.381978 	-50.440271 	-53.654748 	-57.575625 	-57.575200 	-57.353093 	-59.019498 	-58.420850 	-58.913823 	-59.273871 	-58.264579 	-58.418505 	-58.965875 	-58.314070 	-57.965089 	-59.808954 	-57.976768 	-60.787101 	
10.112571 	-20.003373 	-24.332398 	-57.668144 	-58.345893 	-58.464061 	-58.832130 	-58.240464 	-58.379676 	-59.574864 	-60.967950 	-59.019175 	-63.610675 	-58.006625 	
9.851337 	7.753127 	-17.893323 	-30.295368 	-38.659767 	-45.734677 	-59.111202 	-57.713811 	-59.904796 	-59.231102 	-59.094580 	-61.109335 	-59.431139 	-60.473711 	
9.875152 	-50.271494 	-58.951969 	-58.185403 	-58.174644 	-58.523781 	-58.640159 	-58.770193 	-63.617926 	-60.727664 	-58.571214 	-57.820075 	-58.076308 	-61.663613 	-58.661897 	-60.028541 	-58.652706 	-58.809619 	-59.165893 	-59.140562 	
9.864811 	-4.374697 	-58.938318 	-57.233214 	-59.470990 	-57.764238 	-57.714664 	-59.940920 	-57.266391 	-57.241730 	-56.372842 	-58.958514 	-58.018787 	
9.656503 	6.697477 	-6.237762 	-14.552009 	-45.358988 	-46.870640 	-52.219759 	-57.103692 	-58.839948 	-59.986828 	-58.683916 	-58.219520 	-57.634955 	-58.024780 	-58.933893 	-60.105469 	-61.526551 	-58.836395 	-58.787181 	
10.153150 	-13.370606 	-21.047043 	-29.646496 	-43.595857 	-58.426917 	-59.921263 	-58.396150 	-57.165598 	-58.677252 	-57.462859 	-57.332562 	-61.606651 	-58.829460 	-59.119302 	-59.334384 	-59.000924 	-57.434181 	-58.251036 	
10.144781 	-5.286327 	-11.993299 	-44.853246 	-46.730859 	-54.086676 	-58.289081 	-57.713480 	-60.583611 	-57.969457 	-57.170393 	-57.775909 	-60.725713 	-57.607406 	-57.945499 	-58.712734 	-59.876785 	-57.915778 	-60.396679 	
10.278970 	-27.543658 	-58.892441 	-56.410297 	-58.145566 	-61.675722 	-61.260861 	-59.798925 	-58.696952 	-58.949650 	-59.027079 	-58.468063 	-58.512161 	-58.494924 	-57.925387 	-60.140133 	-58.464831 	-57.555824 	-57.354921 	
9.996901 	-24.851038 	-46.844325 	-57.113768 	-57.271776 	-56.211099 	-59.317578 	-58.717274 	-56.711212 	-58.615054 	-57.871450 	-56.597532 	-58.152498 	-58.736915 	-58.066199 	-57.739806 	-59.789520 	-57.450638 	
