9.478687 	4.046195 	0.401113 	-10.190080 	-30.182196 	-33.150383 	-42.432913 	-38.684064 	-38.391809 	-45.268506 	-58.686994 	-61.973974 	-61.806884 	-59.471708 	-64.105488 	-59.993840 	-59.145366 	-60.513213 	-60.106532 	-59.084529 	-59.357334 	-61.282641 	-62.750642 	-59.963925 	-59.837721 	-59.765017 	-61.291458 	-60.112180 	-59.594255 	
9.788041 	0.735628 	-4.336223 	-10.184894 	-13.763260 	-37.025853 	-38.414680 	-51.856259 	-53.224114 	-56.939544 	-57.905732 	-59.675078 	-58.611129 	-57.602019 	-59.401394 	-59.007589 	-59.990109 	-64.112774 	-59.338438 	-58.695354 	-61.996728 	-59.923867 	-58.488260 	
9.894853 	-0.091900 	-27.140713 	-41.665865 	-44.764841 	-57.261435 	-57.686059 	-58.595273 	-60.172131 	-60.574576 	-58.615752 	-59.544102 	-60.495224 	-57.828699 	-60.507396 	-59.562307 	-58.771580 	-58.619328 	-58.926436 	-57.576641 	-58.060287 	-59.042745 	
9.218499 	5.339569 	0.145619 	-11.926686 	-19.501738 	-22.599209 	-24.516374 	-27.553468 	-30.939012 	-30.787906 	-32.140409 	-58.910200 	-57.979330 	-59.484130 	-58.915341 	-59.416212 	-60.488278 	-60.861566 	-58.791246 	-59.661703 	
9.687636 	-14.333780 	-23.628416 	-26.643007 	-41.897112 	-47.669448 	-52.496013 	-52.223286 	-53.862648 	-55.728107 	-56.625316 	-56.802046 	-58.743175 	-57.797862 	-57.216449 	
10.252135 	-3.363580 	-58.424654 	-58.799927 	-57.748700 	-58.758404 	-61.019056 	-58.902270 	-63.186076 	-58.789629 	-58.796810 	-62.883764 	-58.137075 	-57.324104 	-57.922547 	-57.822685 	-57.664086 	-59.723334 	
9.800457 	-39.227247 	-58.228333 	-56.919896 	-60.928207 	-57.477332 	-58.388667 	-58.338410 	-56.803510 	-58.557863 	-58.699510 	
9.864423 	-47.697705 	-58.758306 	-60.525938 	-59.250631 	-58.206299 	-58.205315 	-57.952113 	-58.327035 	-57.769909 	-57.578002 	-57.635539 	-58.829394 	
9.763789 	6.015745 	-5.175852 	-6.253263 	-58.380791 	-60.165067 	-58.880613 	-58.461313 	-59.458622 	-59.393065 	-63.272976 	-59.391034 	-58.145372 	-58.548753 	-59.845761 	-58.379332 	-57.874075 	-60.004783 	-58.561508 	-60.171734 	
9.425403 	-1.745100 	-20.091712 	-23.126598 	-27.075467 	-28.042730 	-33.270806 	-59.255113 	-56.844329 	
9.972840 	1.199758 	-11.485493 	-11.861352 	-13.685067 	-13.486666 	-14.117345 	-18.245524 	-22.902061 	-43.772228 	-48.279572 	-59.203582 	-57.686576 	-57.838088 	-62.072949 	-56.998202 	-58.932452 	-57.070813 	-57.285228 	
9.554267 	7.671896 	-4.376540 	-10.833917 	-7.137327 	-16.704630 	-17.191739 	-22.015105 	-37.309763 	-39.476754 	-40.081803 	-49.858621 	-60.201437 	-58.526053 	-59.332120 	-60.827699 	-59.012989 	-59.231654 	-58.469743 	-61.440083 	-60.699272 	-58.595597 	-58.456986 	-62.048939 	-59.248927 	-58.465922 	-59.210747 	-59.451551 	-59.566372 	-59.259438 	-61.189188 	-59.746572 	
10.078401 	-2.936098 	-5.386572 	-9.792818 	-23.678889 	-39.611742 	-39.824799 	-46.187766 	-57.731053 	-60.045590 	-58.354634 	-57.779752 	-57.087512 	-58.624180 	-58.081432 	-60.559411 	-56.986050 	-57.031471 	-57.768129 	-58.262413 	
10.066865 	-8.735651 	-19.207556 	-30.108539 	-51.472403 	-56.810857 	-59.252599 	-59.784948 	-58.548694 	-60.967504 	-60.135828 	-58.473885 	-59.732704 	-61.182708 	-58.187995 	-59.399993 	-58.508790 	-58.187919 	-59.285348 	-60.481293 	-60.684518 	
10.110875 	-5.465061 	-12.795649 	-29.998103 	-38.811493 	-46.332509 	-49.700863 	-59.181869 	-58.961993 	-57.531836 	-58.579780 	-58.211892 	-59.029109 	-56.930575 	-58.090784 	-58.339468 	-62.511213 	-58.561798 	
9.858187 	-14.980345 	-37.833878 	-51.122221 	-49.461515 	-53.046920 	-59.262730 	-57.540647 	-58.293144 	-57.921168 	-62.148856 	-57.800178 	-59.327511 	-58.603415 	-57.369034 	-57.532693 	-57.388765 	
8.876075 	9.118566 	3.922132 	-9.640014 	-20.767454 	-26.885059 	-38.676531 	-48.873829 	-52.849159 	-56.054972 	-57.383933 	-58.414363 	-59.350146 	-57.856133 	-58.820317 	-59.452012 	-59.192898 	-58.481307 	
10.164027 	2.438071 	-4.737483 	-20.021616 	-32.212797 	-36.635345 	-43.053682 	-58.929431 	-59.658259 	-57.017042 	-58.955885 	-57.120580 	-57.637966 	-57.214301 	-60.786999 	
9.721374 	2.208437 	-11.096032 	-13.985199 	-16.033907 	-19.095678 	-22.203036 	-33.539938 	-46.282206 	-57.320422 	-59.159181 	-56.719466 	-56.820259 	
10.111434 	1.144439 	-14.978575 	-49.700807 	-55.392529 	-59.480497 	-59.617083 	-59.893964 	-58.554733 	-57.572448 	-58.653842 	-58.699438 	-59.949569 	-57.792861 	-62.038378 	-58.279278 	-57.124751 	-58.697353 	-59.133792 	-61.888727 	-58.233398 	
