9.581505 	2.113585 	-3.862916 	-5.716180 	-6.234695 	-6.972046 	-10.826676 	-15.638202 	-17.948034 	-22.622314 	-27.823771 	-25.720287 	-24.910627 	-27.562182 	-32.985543 	-29.205607 	-33.836468 	-31.342024 	-32.294168 	-36.290475 	
9.523013 	-39.596873 	-48.994346 	-50.358523 	-57.941287 	-58.361103 	-58.796689 	-59.254741 	-60.272993 	-58.486833 	-57.796521 	-58.965448 	-59.055002 	
9.350899 	1.358950 	-5.465759 	-5.584945 	-6.175838 	-30.172031 	-40.304052 	-58.993394 	-57.265964 	-58.549783 	-58.440725 	-61.548695 	-58.769339 	
9.790673 	-38.956603 	-41.235521 	-60.222873 	-57.428232 	-58.828044 	-57.261535 	-58.501117 	-59.349839 	-57.818354 	-58.742506 	-59.961307 	-58.918251 	-58.609444 	-58.647600 	-57.333870 	-58.144077 	-59.204103 	
9.466693 	-1.134536 	-2.107485 	-8.760990 	-10.081434 	-15.764731 	-23.657309 	-48.007867 	-58.387357 	-58.686779 	-60.272205 	-59.218201 	-58.572153 	-59.237471 	-59.683786 	-59.023948 	-59.489933 	-60.095650 	-59.030852 	-58.666211 	-59.715804 	-59.049750 	-59.095775 	-58.101770 	
9.367250 	-0.674866 	-4.646619 	-17.153311 	-21.860361 	-20.280713 	-22.407545 	-24.544690 	-29.847953 	-29.408686 	-40.006457 	-43.375256 	-47.059826 	-51.807593 	-54.618503 	-55.696496 	-57.386405 	-56.655809 	-57.213406 	-61.726094 	
9.675529 	5.973284 	-5.587077 	-22.659666 	-27.690686 	-49.012245 	-58.406480 	-58.711789 	-58.319908 	-57.632360 	-60.522553 	-57.871560 	-60.191036 	-60.862637 	-57.064206 	-59.451698 	-58.050136 	-60.359447 	-58.673839 	
9.460513 	8.131990 	-6.766191 	-14.145554 	-24.287930 	-26.626258 	-34.860515 	-46.197507 	-53.317313 	-59.639632 	-59.577627 	-59.996850 	-58.762523 	-58.350516 	-60.023469 	-58.647141 	-57.623827 	-58.028429 	-60.934415 	-59.449430 	
9.783459 	5.578765 	4.880059 	-12.968890 	-41.957842 	-62.624920 	-58.185006 	-59.840936 	-57.748466 	-58.769101 	-58.829572 	-58.837390 	-58.265483 	-59.747444 	-60.850101 	-58.634720 	-62.066714 	-59.396676 	-57.978080 	-59.253036 	-58.108407 	-59.525930 	
9.699648 	1.463146 	-15.261001 	-17.133047 	-17.848716 	-26.182546 	-32.323387 	-58.799067 	-60.220955 	-57.937636 	-58.543126 	-60.835639 	-59.597992 	-58.722914 	-58.956634 	-61.601427 	-60.781107 	-61.445579 	-58.839201 	-57.254493 	
9.368477 	8.250085 	-3.186747 	-18.448345 	-30.681415 	-31.374099 	-53.198562 	-59.281594 	-59.379292 	-59.802905 	-58.188780 	-61.875987 	-58.344689 	-58.947138 	-60.433118 	-59.106516 	-58.079820 	-58.009284 	-58.729648 	
9.633897 	-20.846825 	-27.377391 	-36.698037 	-37.043741 	-38.393612 	-49.953134 	-56.999845 	-59.269504 	-59.483717 	-57.454302 	-58.883762 	-58.194038 	-58.499594 	-58.083506 	-58.861004 	-59.659657 	-61.087241 	-58.006669 	-62.875667 	-58.524191 	
9.944950 	-12.005373 	-17.551294 	-22.014545 	-24.103243 	-31.460014 	-34.181061 	-56.879534 	-58.759696 	-60.856554 	-57.198949 	-58.214298 	-60.322118 	-57.467416 	-57.770394 	-59.559356 	-58.811881 	-59.508763 	
9.918686 	-7.413015 	-22.874523 	-26.047985 	-45.970482 	-56.536951 	-56.896380 	-58.331038 	-57.637406 	-58.511145 	-57.046272 	-56.786184 	-61.980226 	-56.343895 	
10.258881 	2.567689 	1.013051 	-1.136394 	-3.875753 	-10.186857 	-15.349969 	-24.451335 	-31.999710 	-41.064663 	-56.334198 	-57.617595 	-57.567979 	-58.883519 	-57.992988 	-56.431378 	-56.623845 	
9.889011 	0.598953 	-15.015375 	-15.453678 	-17.704553 	-19.162983 	-22.881510 	-23.642357 	-30.327578 	-34.581091 	-48.831158 	-56.105374 	-58.785220 	-56.738937 	-58.607932 	-57.891868 	-56.819623 	
9.339789 	-8.531689 	-18.121934 	-21.458924 	-32.279592 	-37.940639 	-44.481676 	-48.696560 	-51.278762 	-59.205940 	-58.706659 	-58.555506 	-60.301392 	-58.954119 	-59.673610 	-59.328866 	-60.359591 	-59.203203 	-59.745927 	-57.971134 	-60.855189 	-58.055235 	
9.991273 	-5.867804 	-9.918795 	-26.082767 	-27.086914 	-30.704379 	-33.542178 	-44.726304 	-53.044251 	-57.795936 	-58.389143 	-61.087639 	-59.570784 	-56.425987 	-59.204559 	-58.359116 	-57.930551 	-59.171348 	-57.274020 	-60.734767 	
9.963153 	-16.923748 	-29.169896 	-57.627900 	-57.488716 	-58.689999 	-58.247224 	-59.893789 	-57.177815 	-60.485274 	-59.172369 	-58.646028 	-59.245331 	-58.785625 	-57.606406 	-59.723602 	-58.703843 	-60.561058 	-58.919152 	-57.931623 	
9.966260 	6.289425 	2.374987 	-27.946231 	-48.077580 	-50.731067 	-57.742662 	-58.395205 	-59.697599 	-59.667165 	-58.334315 	-59.640168 	-60.356265 	-58.146689 	-58.011716 	-59.312357 	-60.250524 	-57.958865 	
