9.840627 	3.663584 	-3.740010 	-6.052113 	-10.162403 	-23.256113 	-31.814098 	-32.927390 	-36.184457 	-39.533399 	-41.940002 	-43.988036 	-46.033532 	
10.124313 	-7.969692 	-11.719223 	-19.495976 	-31.797242 	-31.015051 	-34.893706 	-37.905292 	-39.719096 	-42.453232 	-42.909227 	-44.129121 	
9.478555 	8.269603 	-5.418534 	-28.837494 	-52.026966 	-54.070932 	-53.410857 	-59.176904 	-57.135574 	-58.707517 	-58.439965 	-57.942221 	-59.582285 	-60.488619 	-58.395047 	-58.267141 	-60.968341 	-58.142375 	-58.326818 	-60.865130 	-60.152278 	
9.500692 	4.786595 	-8.437638 	-10.488391 	-15.142432 	-16.501085 	-35.827342 	-42.839955 	-43.193804 	-41.429704 	
9.864610 	-2.037279 	-3.823715 	-4.796016 	-8.554642 	-22.533108 	-24.263969 	-30.077258 	-29.336923 	-36.374717 	-37.294791 	-40.880958 	-40.084280 	-40.798794 	-42.944717 	-44.393851 	-45.268128 	-46.623258 	-46.150322 	-47.350918 	
10.257982 	-28.081267 	-33.937300 	-37.724329 	-50.868149 	-58.143450 	-56.630265 	-58.145001 	-57.350847 	-57.150221 	-59.209812 	-58.625347 	-58.582548 	
10.089068 	0.839937 	3.198222 	1.652563 	-1.266089 	-4.495641 	-3.200295 	-9.706954 	-10.151149 	-13.306091 	-10.383438 	-11.406404 	-11.855709 	-13.978022 	-10.957533 	-14.174859 	-16.898518 	-16.989343 	
9.939239 	4.899607 	1.116379 	-10.357527 	-23.184568 	-47.226902 	-51.923083 	-57.581080 	-57.943079 	-58.259278 	-60.279380 	-63.175642 	-59.441508 	-61.269566 	-57.328167 	-60.994460 	-59.648199 	-58.659576 	-56.477250 	
9.687110 	-3.445852 	-18.229086 	-20.092367 	-20.388391 	-25.134398 	-28.164163 	-44.685628 	-45.145649 	-45.367307 	-48.431104 	-49.310319 	-51.097621 	-56.057428 	
9.709672 	1.992311 	0.218540 	-4.284464 	-5.576641 	-21.235209 	-26.071089 	-27.380137 	-29.901335 	-30.365259 	-33.627006 	-42.878217 	-45.037473 	-47.082914 	
9.591456 	-7.131800 	-10.394250 	-12.347303 	-23.407470 	-25.067150 	-35.121383 	-58.492182 	-58.827646 	-56.816194 	-57.124096 	-57.755063 	-59.570409 	-57.435354 	-58.279084 	
9.885765 	-5.712719 	-23.308559 	-42.061109 	-43.639124 	-47.243393 	-56.215597 	-58.422076 	-59.450578 	-58.583363 	-57.920459 	-60.542808 	-59.113547 	-57.504843 	-59.743976 	-59.393371 	-58.583545 	-58.193738 	-56.999815 	
10.064257 	0.719239 	-14.795507 	-16.991089 	-25.581190 	-21.861275 	-23.857677 	-29.593508 	-34.657428 	-37.610309 	-40.184094 	-40.099297 	-40.958889 	-50.383412 	-51.782463 	-53.678131 	-50.226660 	-52.562381 	-53.295343 	-57.049946 	-55.624681 	-57.564525 	-58.631883 	-58.620748 	-61.760874 	
9.684251 	-1.249004 	-3.226943 	-3.321749 	-2.041883 	-7.571591 	-10.408598 	-27.536354 	-25.821691 	-26.712855 	-34.230497 	-34.484196 	-35.430872 	-35.765536 	-36.027421 	-38.740636 	
9.730250 	-8.913818 	-9.970072 	-10.009224 	-14.699499 	-16.042182 	-21.769495 	-21.960671 	-32.348885 	-32.872920 	-30.965834 	-32.139876 	-35.138872 	-35.175175 	-37.159325 	-40.303563 	-40.946142 	-43.131268 	-42.385513 	-41.890643 	-44.543103 	-43.960378 	
9.933705 	-0.239041 	-26.088790 	-31.000642 	-32.243923 	-33.785849 	-38.320030 	-39.563295 	-45.776628 	-52.004143 	-50.234427 	-52.571096 	-56.050041 	
9.917649 	-14.096916 	-15.442580 	-15.343045 	-19.468953 	-24.157589 	-43.217476 	-42.694250 	-56.685574 	-55.091921 	-56.076971 	-57.968378 	-57.199060 	-57.581356 	-58.012985 	-57.106490 	-56.847264 	-57.683311 	-57.308857 	-57.481924 	-59.422765 	-61.535199 	-57.857769 	
9.850456 	2.516604 	0.722418 	-27.193368 	-28.828284 	-31.704064 	-39.870504 	-58.831589 	-56.838220 	-57.864720 	-58.019752 	-58.915774 	-59.427292 	-58.211155 	-57.728300 	-57.045402 	-61.200487 	-57.111053 	-57.398665 	-58.022480 	-59.490719 	
9.835019 	-7.612022 	-6.683535 	-10.155721 	-10.991926 	-12.873001 	-18.882218 	-22.548360 	-23.643574 	-24.077875 	-24.288484 	-27.247669 	
9.809647 	3.939277 	1.203330 	1.184415 	-2.205584 	-0.539494 	-3.652122 	-1.965723 	-2.937129 	-5.471653 	-6.325667 	-6.392356 	-12.816164 	-10.144146 	-8.541647 	-8.224659 	-9.566472 	-10.928145 	
