9.632554 	2.925310 	1.018512 	-9.661076 	-12.737068 	-16.171446 	-20.711364 	-17.862549 	-19.659827 	-25.471011 	-31.273682 	-36.843438 	-44.721566 	-43.044402 	-44.513949 	-48.754063 	-56.240023 	-57.723398 	-56.458051 	
9.673143 	7.006802 	-12.432464 	-10.168483 	-11.444781 	-18.381747 	-25.451339 	-26.155795 	-28.563076 	-29.331816 	-28.326171 	-31.073399 	-33.337162 	-33.177620 	-36.362461 	-37.719751 	-38.124666 	-39.782432 	
9.678837 	-3.215493 	-17.787024 	-22.898083 	-31.909106 	-41.409058 	-41.643908 	-42.077064 	-47.855176 	-50.032397 	-48.178227 	-55.788645 	
9.678964 	-1.791509 	-5.566124 	-7.388762 	-6.400337 	-9.205227 	-12.859461 	-14.734690 	-19.142451 	-23.641886 	-21.289896 	-22.504622 	-22.240521 	
9.328914 	6.345699 	2.610723 	3.749543 	1.370621 	2.511615 	0.007874 	-3.312582 	-6.884956 	-7.754272 	-7.047623 	-11.629001 	-13.029274 	-10.756773 	
9.998922 	6.319179 	4.289060 	5.268529 	-0.808977 	2.165812 	-0.315974 	0.028796 	1.895323 	1.259813 	0.567068 	0.230611 	0.883318 	1.134613 	0.836819 	-1.180790 	-2.872807 	0.371065 	-2.996821 	-1.454128 	0.016442 	-2.540968 	-2.266605 	-1.142661 	-2.117070 	-2.147119 	-0.619300 	-1.531068 	-0.966961 	-1.028431 	-2.547724 	-4.005453 	-3.252458 	-3.479464 	-1.150946 	-3.427388 	-2.379517 	-5.096912 	-1.604691 	-8.314699 	-3.987531 	-3.757939 	-3.483707 	-3.026790 	-3.618917 	-3.454810 	-6.481199 	-3.556055 	-6.249137 	-4.861092 	-5.022775 	-3.717035 	-5.261036 	-4.001691 	-3.370414 	-4.490868 	-4.462132 	-6.332902 	-5.930962 	-6.755438 	-4.888372 	-4.973970 	
9.747233 	0.410110 	-2.517565 	-3.903809 	-1.101776 	-1.545543 	-2.821907 	-3.542017 	-2.793983 	-3.631047 	-2.134516 	-5.966127 	-4.551175 	-5.279153 	-3.627731 	-5.124780 	-3.549107 	-4.961457 	-5.491028 	-4.722376 	-4.264463 	-4.520458 	-5.435378 	-6.410038 	-5.943480 	
9.460052 	4.718712 	4.986835 	-2.169786 	-2.881856 	-14.409643 	-18.394612 	-23.188528 	-23.270293 	-41.748202 	-42.304551 	-41.678742 	-43.476243 	-55.771983 	-57.479652 	-56.276580 	
9.599965 	-15.648462 	-32.857502 	-37.257617 	-36.732494 	-43.780284 	-54.031372 	-61.395940 	-59.182944 	-56.931069 	-56.481309 	-57.587496 	-57.097948 	-58.063475 	-59.088776 	-57.473348 	-57.500805 	-57.886568 	-58.142615 	-59.269395 	-59.893433 	
9.424904 	-1.032312 	-3.281427 	-7.467149 	-23.388748 	-29.599621 	-25.977057 	-28.600209 	-32.270850 	-39.981110 	-46.138821 	-47.019921 	-49.869925 	-51.293269 	-56.150122 	-56.107113 	-55.476981 	-56.344942 	-58.498201 	-58.506085 	
9.752816 	-1.126376 	-7.198854 	-19.075954 	-29.548722 	-35.859931 	-38.017979 	-49.880239 	-57.696478 	-58.645810 	-60.487853 	-57.498946 	-61.855289 	-57.442132 	-59.175937 	-61.373883 	-60.752805 	-60.770922 	-58.425996 	
9.381955 	-6.565025 	-9.894535 	-10.551698 	-23.802194 	-37.466888 	-39.663937 	-50.150998 	-58.874276 	-58.578206 	-58.550659 	-60.251159 	-58.569374 	-61.345568 	-59.545826 	-57.866223 	
