9.599003 	-58.684095 	-59.219382 	-59.523449 	-60.060706 	-60.108073 	-59.486210 	-58.587743 	-60.448344 	-57.354331 	-58.563578 	
9.693225 	-5.521952 	-6.785708 	-37.959066 	-46.133970 	-47.142927 	-52.874157 	-55.382525 	-59.166674 	-58.816479 	-62.949322 	-60.660898 	-59.317657 	-60.095036 	-60.462125 	-59.065287 	-60.262304 	-58.520756 	-60.021153 	-60.695202 	-59.786177 	-59.843346 	-60.069255 	-59.304041 	-58.569281 	-59.913141 	-58.894464 	-59.430684 	
9.235654 	4.545389 	4.277766 	0.120268 	-4.631825 	-5.461021 	-8.006744 	-16.097408 	-14.250480 	-24.409588 	-28.140446 	-36.494419 	-36.343307 	-44.240808 	-46.765806 	-48.131013 	-49.130268 	-48.748511 	-51.582223 	-54.858185 	-56.355825 	-56.578397 	
9.480280 	4.193833 	-6.047942 	-24.524112 	-32.886860 	-46.375096 	-48.857603 	-58.137144 	-59.231226 	-58.579943 	-61.433464 	-59.502551 	-58.822959 	-59.644443 	-58.978931 	-58.472786 	-58.516440 	-59.719217 	-58.748359 	-59.185178 	
10.035225 	2.161235 	-9.290107 	-12.312980 	-12.620156 	-14.661611 	-20.332799 	-22.293743 	-26.627567 	-43.713694 	-45.992754 	-43.491605 	-45.665398 	-46.752234 	
9.573391 	5.339140 	-30.652750 	-49.214209 	-47.882416 	-52.163642 	-56.206752 	-54.749821 	-57.871955 	-57.456886 	-59.470417 	-58.530454 	-60.566790 	-58.723631 	-58.757223 	-58.256829 	-58.237806 	-57.370111 	
9.941857 	-5.806100 	-22.125695 	-25.678128 	-52.453147 	-58.133730 	-60.343874 	-57.724901 	-58.074271 	-59.534864 	-59.177636 	-58.944221 	-59.520728 	-57.617371 	-58.654093 	-59.150642 	-58.001278 	-60.101878 	-58.707142 	-59.703017 	-60.605952 	-58.605749 	
9.738313 	3.695261 	-13.361804 	-24.153050 	-37.590170 	-61.619330 	-57.356846 	-59.105846 	-60.006460 	-61.155500 	-63.287645 	-57.609629 	-57.429698 	-61.283596 	-58.386350 	-61.060669 	-57.439836 	-58.915906 	-61.475463 	-58.936752 	
9.761005 	-25.765389 	-31.450244 	-35.202731 	-36.533147 	-56.102721 	-61.152835 	-57.664730 	-58.438362 	-59.881311 	-58.726297 	-58.943725 	-58.154239 	-58.808376 	-58.148613 	-57.398399 	
9.934067 	2.520659 	-10.069906 	-29.398646 	-30.878274 	-51.540291 	-51.974522 	-59.141376 	-58.465262 	-58.331984 	-59.332653 	-59.866502 	-59.080592 	-59.430289 	-60.456152 	-59.134369 	-58.951696 	-58.830785 	-58.940791 	-61.221132 	-58.732737 	-60.976587 	-58.541319 	
9.428447 	-10.604208 	-36.779996 	-38.089808 	-42.120575 	-56.370150 	-58.430603 	-57.910112 	-59.650732 	-59.539139 	-58.819239 	-58.895214 	-59.343143 	
9.825988 	-9.176695 	-9.454141 	-22.521658 	-30.632551 	-41.519026 	-42.937359 	-58.705807 	-57.540233 	-58.719005 	-59.836828 	-61.683893 	-60.195462 	-58.449258 	-59.692840 	-58.127854 	-59.225540 	-58.576399 	-57.854848 	-58.475225 	-58.743061 	
9.967544 	-3.883956 	-8.204127 	-19.549677 	-26.391710 	-30.135982 	-38.004703 	-48.906991 	-58.064101 	-58.761489 	-59.595779 	-58.791475 	-57.972381 	-61.296498 	-58.918464 	-59.241862 	-58.140726 	-58.413113 	-59.289708 	-58.367030 	
10.237599 	7.588871 	-10.937463 	-57.545424 	-60.999779 	-58.812396 	-56.529491 	-59.372537 	-59.153705 	-58.365936 	-57.728678 	-57.316982 	-57.508672 	-58.367199 	-57.929015 	
10.244657 	-58.867309 	-63.659819 	-59.300631 	-58.533807 	-60.634832 	-58.100260 	-59.245978 	-58.198603 	-58.468543 	-60.230513 	-59.130833 	-58.262409 	-60.379685 	-58.479562 	-57.874112 	-57.424219 	
9.702751 	-5.739390 	-6.196895 	-9.066863 	-11.813878 	-21.572381 	-31.431149 	-33.226794 	-34.611833 	-52.081427 	-60.385386 	-57.359428 	-58.614766 	-56.293072 	-58.032601 	
9.945720 	2.536511 	-3.794249 	-5.860636 	-23.613298 	-24.315250 	-25.745247 	-35.485875 	-56.115831 	-57.944785 	-57.506978 	-60.740489 	-57.633716 	-60.951798 	-57.869935 	-58.431806 	-58.503238 	-58.107422 	-59.460557 	
9.485924 	-2.016605 	-14.008267 	-24.396916 	-29.683234 	-37.146315 	-38.530273 	-48.469092 	-48.738483 	-58.053751 	-57.851167 	-61.116487 	-59.614974 	-58.480161 	-58.818153 	-58.888196 	-59.252262 	-59.446888 	-59.786260 	-60.391041 	-57.936498 	
9.384732 	5.516940 	-8.673328 	-19.420217 	-36.818060 	-50.889384 	-52.501908 	-57.460581 	-57.917194 	-59.926011 	-58.291129 	-58.373204 	-59.445586 	-59.960880 	-59.852599 	-58.792448 	-58.281881 	-61.654486 	
9.747958 	-9.661064 	-41.867484 	-58.947411 	-60.536532 	-59.148660 	-57.963951 	-56.946934 	-61.096205 	-62.095065 	-58.349094 	-58.345848 	-58.964560 	-59.266505 	-60.630946 	-59.120634 	-58.833545 	-57.949157 	-57.457937 	-61.234963 	-58.450208 	-60.502322 	-58.184116 	-59.693596 	-59.263629 	-57.726203 	
