9.657330 	-2.837747 	-3.786675 	-6.305841 	-9.760726 	-23.466369 	-30.315590 	-46.008598 	-47.012307 	-46.884120 	-55.003893 	-54.492050 	-52.310112 	-54.301672 	-53.517078 	-55.159243 	-58.485444 	-57.161259 	-56.534300 	-57.739693 	-59.661737 	
9.610580 	-22.087421 	-31.328853 	-62.152696 	-60.828089 	-61.450827 	-59.826245 	-58.682272 	-59.130569 	-57.354781 	-57.939131 	-58.423362 	
9.762507 	-22.522541 	-23.363748 	-33.590892 	-40.740688 	-52.935042 	-58.720363 	-60.445203 	-58.707983 	-59.117519 	-61.626635 	-59.434037 	-60.537634 	-57.870712 	-60.624291 	-59.936323 	-59.410919 	-57.829975 	
9.997714 	1.704524 	-1.397656 	-7.642525 	-13.460148 	-15.043414 	-21.650331 	-22.813214 	-23.968924 	-28.655450 	-29.703203 	-28.709827 	-38.488692 	-39.585811 	-41.736776 	-42.818252 	-43.833222 	
10.117671 	-3.054253 	-19.479549 	-22.329415 	-23.456312 	-24.493678 	-42.962410 	-44.564409 	-55.773625 	-57.633049 	-59.072791 	-57.362078 	-60.984303 	-58.053122 	-58.986997 	-56.609275 	-58.868466 	-58.363389 	-64.144234 	
9.770621 	-0.630877 	-2.127344 	-9.291614 	-12.329407 	-12.806297 	-21.179976 	-47.115831 	-49.062831 	-50.824604 	-54.930220 	-57.617782 	-56.517829 	-57.941104 	-55.980793 	-57.117628 	-61.246188 	-57.356635 	
9.848594 	-2.355667 	-3.384046 	-30.284388 	-34.862970 	-37.940821 	-55.330629 	-48.960960 	-57.685415 	-58.109737 	-58.274250 	-58.835484 	-58.599808 	-60.202087 	-58.098368 	
9.945650 	3.628152 	-6.348828 	-9.203463 	-10.226569 	-11.207127 	-14.026630 	-21.359027 	-27.333905 	-26.698773 	-35.435879 	-36.331154 	-38.638555 	-40.658287 	-45.763393 	-42.020072 	-41.937922 	-45.376887 	-52.242862 	-53.806271 	-53.926651 	-54.289404 	-56.327517 	
9.834471 	7.340166 	-3.959221 	-7.499592 	-15.910615 	-16.467187 	-18.686753 	-36.818597 	-53.846826 	-53.351046 	-53.664236 	-55.388514 	
10.060096 	-2.400505 	-3.288655 	-4.975407 	-7.639159 	-5.609864 	-13.188234 	-10.375190 	-8.832241 	-9.803996 	-10.515978 	-12.220318 	-15.313717 	-16.615512 	-15.897363 	-17.701855 	-19.447985 	-17.407882 	-21.096895 	
9.965784 	5.796751 	2.400483 	0.232333 	-2.314310 	-0.607804 	-1.908205 	-3.316096 	-4.920382 	-5.935872 	-8.984380 	-7.432791 	-5.710731 	-7.098112 	-6.681919 	-7.767074 	-8.464663 	-7.255922 	-8.755018 	-13.617443 	-9.413002 	
9.932870 	-3.019770 	-13.681778 	-10.187349 	-15.144418 	-17.309081 	-16.874279 	-22.989088 	-27.088855 	-30.165957 	-35.897282 	-37.266449 	-45.858420 	-47.995742 	-46.757489 	-50.848621 	-52.877580 	-53.921436 	-55.548247 	-56.138365 	-57.637380 	-56.907457 	
9.646556 	4.361238 	4.614836 	1.733486 	-0.308770 	1.445782 	-4.168257 	-7.313759 	-13.242102 	-28.017322 	-23.942006 	-26.814913 	-30.483851 	-29.355896 	-33.652533 	-36.593531 	-37.459520 	-40.479267 	-39.823421 	-40.370579 	
9.904447 	3.069498 	-5.009714 	-2.989228 	-26.047382 	-39.342149 	-37.785275 	-46.982747 	-47.074997 	-45.288269 	-49.603279 	-50.682317 	-53.894220 	-55.877284 	-57.581812 	-57.456709 	-58.867670 	
9.765383 	-3.155395 	-4.160495 	-26.060087 	-58.225684 	-58.978764 	-58.359888 	-59.418729 	-61.141948 	-60.455559 	-60.940790 	-59.499130 	-59.408391 	-60.202210 	-57.901920 	-60.225876 	-59.157881 	-58.766761 	-59.160166 	
9.799906 	6.682067 	-0.385891 	-5.108692 	-20.095904 	-21.514586 	-27.678121 	-27.715658 	-41.139504 	-53.374643 	-53.422078 	-55.943789 	-56.343717 	-57.860577 	-56.656586 	-57.299332 	-57.653804 	-56.438148 	-56.677236 	-57.067582 	-58.652912 	-56.519221 	-56.547059 	
9.845890 	5.366812 	7.104585 	3.139048 	4.263780 	2.820535 	2.634648 	1.670177 	2.481496 	2.387588 	1.860520 	1.492313 	0.256765 	0.508397 	0.891941 	0.345562 	-2.607939 	1.007501 	-1.381330 	-3.356154 	-0.397267 	-0.768978 	-2.518627 	-3.007532 	0.102017 	-2.360608 	-2.252405 	0.084197 	-0.531647 	-2.492552 	0.033633 	-0.600507 	-0.791907 	0.112427 	-1.356245 	-0.313506 	-1.546421 	0.591337 	-0.111225 	-1.604965 	-1.459321 	-3.471488 	-1.911003 	-1.826880 	-0.478009 	-3.431542 	-4.226991 	-6.161362 	-0.625578 	-1.644944 	-0.564758 	-0.780545 	-2.441549 	-1.997724 	-1.683955 	-3.771254 	-0.988165 	-2.747970 	-2.009747 	-2.554301 	-2.878400 	-0.505283 	-2.118144 	-2.164826 	-0.772121 	-2.654197 	-1.345838 	-1.057902 	0.245974 	-2.104830 	0.030307 	-3.633947 	-3.135585 	-4.296613 	-1.515215 	-0.659400 	-1.624383 	-1.715663 	0.303586 	-1.944056 	-2.736352 	-2.019028 	-3.631039 	-3.902105 	-1.564421 	-4.629601 	-0.913077 	-4.206907 	-1.218665 	-2.528024 	-3.945662 	-3.772274 	-3.619478 	-3.322405 	-1.538730 	-2.502639 	-2.896467 	-2.504564 	-1.788275 	-1.495821 	-2.375279 	-3.701439 	-2.569763 	-2.962897 	-1.641710 	-2.704624 	-3.270263 	-3.731787 	-4.121231 	-3.749165 	-2.613571 	-2.649653 	-3.553814 	-2.710392 	-2.095456 	-3.302123 	-3.661622 	-5.697005 	-3.152416 	-2.256623 	-2.417948 	-6.063324 	-3.154526 	-3.228429 	-2.625394 	-1.750135 	-3.143788 	-2.927334 	-1.794857 	-2.028339 	-3.821798 	-3.487090 	-1.933747 	-2.983991 	-2.052925 	-2.715323 	-4.043396 	-1.447035 	-5.796077 	-4.656806 	-3.541300 	-8.138413 	-3.898889 	-1.844715 	-3.110884 	-4.533772 	-2.277032 	-3.121233 	-2.218936 	-3.509567 	-4.617638 	-3.670277 	-3.571329 	-5.708874 	-3.036012 	-2.882801 	-2.794680 	-2.806964 	-4.835677 	-4.986515 	-2.087833 	-1.642254 	-4.319483 	-2.122068 	-6.559459 	-3.581897 	-3.088835 	-4.583981 	-3.527825 	-4.053137 	-4.311582 	-1.848614 	-3.760624 	-3.026832 	-5.100925 	-5.250312 	-2.574673 	-3.466395 	-4.847851 	-2.872596 	-2.726245 	-6.097771 	-3.129062 	-2.831660 	-2.429729 	-2.935112 	-3.516543 	-2.563801 	-2.229089 	-2.754878 	-4.049965 	-3.727189 	-2.172077 	-4.754149 	-4.241255 	-3.182311 	-3.528717 	-5.479145 	-4.210306 	-3.307969 	-3.476718 	-4.222845 	-3.552210 	-3.393308 	-4.861731 	-4.607663 	-3.081860 	-6.151577 	-2.436799 	-4.126805 	-3.597716 	-7.695703 	-4.241602 	-4.472059 	-2.435266 	-5.397150 	-2.922322 	-6.364028 	-2.376747 	-3.276253 	-4.801885 	-5.348298 	-5.172568 	-4.415646 	-4.277145 	-2.830237 	-3.249459 	-3.691277 	-4.994797 	-4.393917 	-3.717135 	-4.871329 	-6.607105 	-4.752173 	-5.696239 	-5.970329 	-6.147737 	-3.422973 	-8.158864 	-3.911102 	-3.191367 	-3.862957 	-6.151089 	-3.600684 	-5.253965 	-3.438080 	-4.686057 	-4.446340 	-2.872558 	-3.504049 	-3.732759 	-5.215697 	-3.861387 	-4.384723 	-4.071701 	-3.950944 	-6.003451 	-5.550075 	-5.540807 	-3.184923 	-2.725189 	-4.762241 	-6.539236 	-3.893212 	-4.429788 	-5.787932 	-3.694163 	-3.917640 	-3.564544 	-3.957051 	-5.110402 	-4.993774 	-3.163753 	-3.606194 	-5.551712 	-4.287179 	-6.219117 	-3.716805 	-3.356689 	-3.453045 	-2.856465 	-4.763618 	-3.448945 	-5.711093 	-6.322513 	-4.685271 	-4.457539 	-8.291904 	-4.695272 	-2.640800 	-9.371886 	-4.116108 	-3.599334 	-3.725195 	-4.255953 	-3.988764 	-6.852876 	-3.700084 	-6.099224 	-5.226251 	-5.463470 	-4.961796 	-5.765169 	-6.662032 	-3.958333 	-4.594843 	-4.905806 	-6.706921 	-5.991598 	-4.994935 	-4.063866 	-4.761633 	-6.652833 	-7.035277 	-4.461667 	-4.819560 	-4.295746 	-5.222648 	-6.177446 	-5.004193 	-5.007674 	-4.409233 	-5.350809 	-5.034362 	-5.714628 	-3.011246 	-4.780542 	-5.288858 	-4.779681 	-4.232406 	-4.234317 	-6.745283 	-5.274228 	-6.334069 	-4.080000 	-3.883414 	-6.344495 	-4.411224 	-6.528481 	-5.937199 	-3.463908 	
9.554696 	2.179770 	2.216677 	-11.866634 	-20.884992 	-19.670266 	-25.318877 	-30.551247 	-39.679095 	-43.987137 	-44.847529 	-42.533772 	-43.381693 	
9.652134 	6.274800 	2.749663 	2.144616 	-0.981450 	1.128804 	-0.440674 	-1.466579 	-5.222630 	-3.384244 	-3.927172 	-4.158239 	-7.939730 	-7.432470 	-7.298187 	-13.048054 	-9.829208 	-9.555458 	-10.123568 	-10.372952 	-10.681403 	
9.829234 	2.119617 	-3.073950 	-7.385235 	-10.416432 	-9.840355 	-36.632793 	-48.490912 	-57.775988 	-57.314638 	-57.499759 	-57.656424 	-60.904932 	-61.810507 	-57.067405 	
