9.772591 	-0.207541 	-3.799277 	-13.065466 	-41.812035 	-56.781375 	-57.419909 	-57.738801 	-58.823363 	-59.937844 	-59.151594 	-60.840579 	-58.796850 	-59.326589 	-58.709593 	-60.488589 	-59.630107 	-58.608000 	-57.907538 	-58.883862 	-61.970686 	-59.274639 	
9.729132 	-10.648450 	-31.391699 	-59.645182 	-58.330017 	-57.979056 	-57.580742 	-59.869698 	-64.448627 	-57.911438 	-59.221003 	-60.908715 	-60.432116 	-59.557538 	-59.824902 	-60.736565 	-58.203950 	-59.496320 	-58.842122 	-58.539268 	-58.767670 	-59.825025 	-59.166102 	
10.066237 	-0.685169 	-12.004163 	-15.398615 	-17.662665 	-33.694575 	-36.104855 	-54.647614 	-58.951585 	-58.926504 	-58.055835 	-58.774886 	-60.674890 	-59.347987 	-60.617845 	-60.193786 	-58.120084 	-61.081437 	-61.735045 	-62.150070 	-58.489336 	-59.350879 	-59.979110 	-57.833941 	-58.446416 	
9.593510 	-0.747463 	-2.000172 	-3.890942 	-7.001822 	-7.768767 	-9.660817 	-13.959260 	-18.298071 	-32.052737 	-52.196337 	-56.651105 	-58.923460 	-59.056770 	-62.377912 	-59.041803 	-60.377867 	-60.133453 	-61.078530 	-60.189551 	-57.455721 	-59.629645 	-58.286947 	-59.450423 	
10.302538 	-7.557237 	-21.239563 	-55.154177 	-59.228505 	-60.874320 	-57.667896 	-59.557472 	-60.455184 	-59.552888 	-61.167796 	-58.684970 	-57.126041 	-57.162610 	-58.369332 	-59.688537 	
10.237888 	-0.694541 	-11.649445 	-23.647087 	-43.599456 	-58.085494 	-60.211611 	-59.127016 	-58.842577 	-58.633953 	-60.482614 	-56.871449 	-59.802567 	-59.128829 	-61.202884 	-60.452424 	-58.350051 	-59.466229 	
9.821353 	4.648477 	-5.018276 	-38.231826 	-61.409507 	-57.894080 	-57.890040 	-57.700351 	-57.288062 	-56.906822 	-57.255554 	-60.264569 	
9.614976 	1.764857 	-29.453300 	-51.838026 	-58.688408 	-61.203083 	-60.760383 	-58.352156 	-59.483922 	-62.443108 	-59.171532 	-61.632153 	-60.704902 	-59.064267 	-58.166045 	-58.831607 	-58.685667 	-58.514090 	-60.461471 	-60.488946 	-59.967563 	
9.893485 	-59.483209 	-57.870895 	-59.518956 	-58.478488 	-61.483231 	-58.313749 	-58.020097 	-58.548705 	-60.328686 	-60.000916 	-59.359379 	-59.080701 	-60.897353 	-58.614513 	-58.578853 	-60.419886 	
9.449261 	-20.446918 	-40.254498 	-39.719273 	-40.471037 	-51.270128 	-58.172673 	-59.712489 	-57.221267 	-60.215547 	-64.566530 	-64.011491 	-60.092709 	-60.686707 	-58.944867 	-58.566698 	-58.218949 	
9.424821 	-20.832375 	-26.648769 	-34.799072 	-62.314498 	-60.557912 	-58.726214 	-59.922844 	-60.046163 	-59.253237 	-59.328680 	-60.752415 	-59.147095 	-58.336606 	-59.352996 	-58.826564 	-57.535190 	
9.798480 	-22.685042 	-38.052522 	-50.700672 	-57.050226 	-57.647658 	-57.738903 	-60.736595 	-58.918404 	-59.266254 	-58.368819 	-60.481045 	-58.489230 	-59.073438 	
9.809656 	-56.013107 	-58.982547 	-58.998232 	-59.332782 	-60.090168 	-58.028398 	-58.509010 	-57.602105 	-59.545790 	-58.333476 	-57.473112 	
9.858406 	-40.486241 	-46.660350 	-56.545980 	-58.866232 	-57.690503 	-60.647078 	-60.629442 	-61.324612 	-59.485537 	-59.731023 	-63.444318 	-59.865456 	-57.956432 	-62.685004 	-57.423006 	-58.233216 	-57.933167 	
9.468479 	6.533445 	-13.438022 	-13.175887 	-13.640218 	-25.404130 	-30.952889 	-44.314701 	-49.754363 	-60.080680 	-59.707165 	-62.177825 	-58.514649 	-60.166444 	-60.658212 	-59.167440 	-58.769620 	-60.269009 	-58.040389 	-57.810079 	-58.107341 	
10.076685 	-41.657575 	-51.091982 	-50.157755 	-58.053680 	-57.370457 	-58.209980 	-59.475717 	-57.705023 	
9.950769 	2.928017 	-6.706907 	-53.956799 	-59.664976 	-58.163155 	-59.903090 	-57.600919 	-59.146600 	-60.693810 	-63.189624 	-57.459142 	-60.426259 	-60.640946 	-60.960679 	-58.840552 	-58.788653 	-57.182589 	
9.742808 	-1.065907 	-10.426294 	-11.687529 	-20.247257 	-35.248057 	-35.485976 	-43.370132 	-43.488975 	-58.685443 	-57.819985 	-58.709866 	-59.801129 	-59.655792 	-58.613260 	-58.765998 	-58.596264 	-60.537371 	-58.932954 	-59.746563 	-60.141607 	-59.037177 	-60.131833 	-58.692612 	-59.047372 	-58.310153 	-60.027271 	-59.063309 	-60.220676 	
10.293440 	7.407728 	-14.542283 	-28.402077 	-47.384061 	-56.513009 	-58.113482 	-58.920302 	-57.661004 	-57.599362 	-56.752637 	-57.647860 	-59.988697 	
10.091219 	0.104023 	-4.454449 	-7.198552 	-6.750989 	-27.216483 	-27.060979 	-44.406384 	-51.235757 	-57.615746 	-57.387706 	-60.011241 	-59.416083 	-57.761129 	-59.284945 	-60.192618 	-57.880175 	-58.243619 	-57.977195 	-56.543426 	-59.379380 	-57.521625 	
