10.467038 	0.074177 	0.849917 	-4.642411 	-6.679625 	-31.168055 	-27.295005 	-38.179399 	-56.578337 	-55.591191 	-56.550174 	-56.263126 	
10.097162 	-29.364417 	-56.691371 	-58.316532 	-58.581900 	-59.168198 	-60.663703 	-58.715789 	-57.817245 	-59.815032 	-61.776439 	-58.234994 	-58.337685 	-62.097917 	-60.746080 	-59.166827 	-58.207002 	-58.122029 	-57.086013 	-57.530801 	-58.146287 	-57.998772 	-58.303137 	-58.277757 	-58.918924 	
10.150876 	0.408406 	-2.037127 	-17.135375 	-26.651140 	-34.196393 	-59.952416 	-60.061231 	-60.462505 	-57.525719 	-57.963226 	-58.805211 	-59.698009 	-56.647946 	-58.776532 	-59.340734 	
9.939221 	2.881950 	-4.743255 	-2.636971 	-9.053819 	-24.042138 	-58.129388 	-58.357942 	-58.051776 	-59.033263 	-58.597804 	-57.315909 	-59.843978 	-58.407269 	-59.771526 	
9.642934 	-6.039502 	-9.822736 	-22.451905 	-25.653624 	-30.190210 	-43.363316 	-57.739946 	-57.898298 	-59.340992 	-60.167168 	-57.829984 	
9.568952 	-4.481820 	-21.580446 	-26.535971 	-33.086655 	-40.349309 	-59.247451 	-57.356499 	-57.676200 	-59.531767 	-61.754874 	-61.384911 	-61.531279 	-59.599495 	-58.293262 	-59.420097 	-58.003761 	-62.839285 	-60.680736 	-59.301627 	-59.717186 	-60.533006 	-57.733885 	
10.005044 	-0.196040 	-7.374916 	-15.720285 	-22.706316 	-42.668272 	-47.357625 	-49.602600 	-47.874835 	-58.051803 	-57.704280 	-57.451731 	-59.218656 	-57.807055 	-57.444067 	-57.202859 	
9.949240 	-18.783208 	-59.136940 	-58.999186 	-58.294276 	-57.923125 	-59.897245 	-60.571856 	-57.671021 	-58.934526 	
10.138209 	-5.483038 	-14.344440 	-18.128314 	-25.190956 	-30.425968 	-40.927112 	-44.819436 	-47.572808 	-45.909398 	-56.715110 	-59.929192 	-57.837146 	-60.287868 	-59.919249 	-58.143397 	-58.812874 	-59.681058 	-59.668507 	-58.445656 	-60.319935 	-59.283118 	-58.899431 	-60.211344 	-58.406863 	-59.610911 	-58.653889 	-60.744720 	
9.823037 	-26.806036 	-48.025578 	-57.997844 	-57.392108 	-58.409522 	-58.686562 	-58.370770 	-61.622740 	-58.377523 	-58.468284 	-59.051538 	-59.231585 	-59.463469 	-60.292848 	-59.171813 	
10.181571 	-3.193852 	-5.892635 	-10.457151 	-10.675416 	-21.497325 	-42.282586 	-58.439883 	-58.075655 	-59.166053 	-58.652331 	-58.625743 	-61.954733 	-58.036114 	-58.443343 	-58.850872 	-58.949670 	-58.157158 	-59.359600 	-57.435294 	-58.329937 	-57.784826 	-59.692177 	
10.119941 	7.907711 	0.957491 	-17.231449 	-26.505428 	-29.633448 	-46.051763 	-60.524454 	-59.019426 	-59.064602 	-61.478149 	-59.560386 	-60.433974 	-57.541701 	-58.527440 	-60.981590 	-57.277694 	-58.903120 	
9.628004 	5.701008 	-8.915073 	-12.752828 	-20.575724 	-20.781691 	-38.934624 	-46.607366 	-54.188904 	-59.377221 	-59.486799 	-59.912648 	-57.724394 	-63.275617 	-60.817329 	-58.907039 	-57.998142 	
9.637462 	-12.801822 	-34.131173 	-61.205772 	-63.648886 	-60.203300 	-57.971841 	-60.268104 	-58.162459 	-60.260351 	-59.338324 	-58.587943 	-58.820768 	-60.179132 	-59.593755 	-63.290438 	-59.499425 	
10.127424 	-43.882023 	-59.667816 	-57.679603 	-58.358606 	-57.142405 	-59.802558 	-58.824857 	-57.209034 	-59.614613 	-58.196214 	-57.386052 	-58.786898 	-56.311651 	-59.205896 	-59.637985 	-58.001447 	-58.643181 	-59.019939 	-61.960546 	
9.728779 	-1.687931 	-26.640908 	-31.899290 	-34.392545 	-58.678661 	-59.495640 	-59.860186 	-64.327159 	-58.649911 	-58.948911 	-58.751223 	-58.412582 	-59.761963 	-58.358580 	-58.247829 	-58.491809 	
9.790376 	-13.582157 	-20.365977 	-43.003383 	-52.574920 	-55.993728 	-56.019996 	-57.311776 	-57.330816 	-59.025147 	-61.457840 	-58.003421 	-60.904167 	-58.633627 	-59.411524 	-60.568414 	
10.013555 	-0.205277 	-36.197778 	-59.815798 	-57.892933 	-58.505819 	-58.924102 	-59.188924 	-60.046337 	-56.998121 	-58.216161 	-60.671528 	-58.481304 	-57.642474 	-61.814456 	
10.198903 	-4.230029 	-24.447673 	-38.852018 	-44.610099 	-46.531437 	-58.104889 	-58.602228 	-57.282389 	-58.841956 	-58.893125 	-56.632878 	-60.737706 	-58.210089 	-58.307905 	-58.510201 	
9.814850 	-1.432338 	-55.766406 	-54.046471 	-58.432167 	-59.260533 	-58.216637 	-59.707528 	-61.542128 	-61.308559 	-58.298863 	-59.134191 	-58.680629 	-59.777587 	-57.736985 	-57.763956 	-59.248544 	-58.850858 	
