9.741261 	5.297392 	0.602924 	-3.328935 	-4.300928 	-4.292878 	-6.533654 	-7.955858 	-8.852288 	-8.047828 	-10.870738 	-8.870277 	-9.520798 	-10.984028 	-17.516071 	-13.842349 	-16.300018 	-14.151512 	-13.297070 	
9.615578 	-10.201035 	-11.852065 	-14.003317 	-12.301612 	-15.140425 	-17.457411 	-17.618991 	-19.839713 	-21.594456 	-26.108713 	-30.558832 	-37.766725 	-41.628725 	-40.885228 	-44.323167 	-50.953479 	-48.461669 	-51.351107 	-52.981178 	
9.786532 	6.079945 	3.148540 	-8.527569 	-15.311752 	-24.730378 	-26.041093 	-29.387882 	-29.370960 	-31.826162 	-34.509342 	-40.056189 	-36.757827 	-37.847082 	-37.720150 	
9.526823 	6.932765 	-2.675351 	-4.921721 	-8.168663 	-27.007703 	-45.484323 	-51.714318 	-58.036348 	-58.653718 	-60.015198 	-58.951684 	-60.828887 	-60.874667 	-59.454570 	-59.446852 	-59.737913 	-59.550491 	-59.821017 	-60.917456 	-57.955438 	-59.481600 	-59.157762 	-59.257991 	-59.697443 	-59.358457 	-59.003554 	
9.562510 	6.856863 	-11.224845 	-13.091645 	-26.706954 	-31.684742 	-38.288876 	-43.311659 	-47.212716 	-46.291927 	-48.313715 	-51.926363 	-54.409180 	-51.287669 	-57.692114 	-55.118652 	
10.554737 	6.186580 	-26.171566 	-54.249495 	-51.244707 	-59.055760 	-57.278840 	-56.745447 	-59.094494 	-59.101225 	-57.636719 	-58.142879 	-58.610185 	-58.936983 	
9.807677 	5.991551 	-1.648391 	-18.408844 	-18.068542 	-18.754990 	-20.759620 	-23.457022 	-31.886397 	-53.906627 	-58.188848 	-57.778607 	-58.309973 	-59.380589 	-58.443430 	-56.949054 	-58.890921 	-58.463699 	-59.111554 	
9.661822 	-1.050975 	-3.418232 	-4.868258 	-16.644085 	-26.016849 	-24.276312 	-26.876199 	-26.572099 	-39.016816 	-40.769326 	-45.037089 	-49.538870 	-52.030751 	
9.750518 	1.326869 	-0.269207 	-1.169709 	-9.485069 	-7.925758 	-14.421450 	-22.533732 	-39.741203 	-45.187505 	-46.000821 	-50.125273 	-50.047301 	-50.364784 	-54.730740 	-55.975061 	-56.056784 	-57.596115 	-57.583666 	-58.662463 	
9.665749 	6.063871 	-3.617667 	-20.079800 	-20.174189 	-25.476777 	-33.828492 	-45.216275 	-58.268414 	-58.532184 	-58.878164 	-59.438416 	-58.886313 	-58.115311 	-58.615315 	-61.969131 	-58.085906 	-57.655512 	-61.455643 	-58.476735 	-59.532767 	-59.858454 	-59.829122 	
9.935203 	4.994766 	4.000245 	4.138962 	1.110825 	-0.050872 	-0.973441 	-0.805638 	-0.312135 	-1.528167 	-5.693176 	-6.340874 	-7.806120 	-8.480426 	-12.340981 	-11.209585 	-14.529208 	-13.436266 	-11.726883 	-11.862073 	-12.354463 	-14.408250 	-13.171353 	-15.658096 	-18.208462 	-19.457249 	
9.644280 	5.276042 	3.390412 	-3.541837 	-5.700413 	-6.273067 	-20.424341 	-21.627676 	-21.139917 	-30.501014 	-36.384883 	-40.367644 	-41.472847 	
10.236470 	-4.598861 	-12.095939 	-15.231996 	-16.388800 	-20.997285 	-29.457615 	-37.335436 	-51.964271 	-56.195231 	-55.400198 	-55.970567 	-56.610363 	-59.072613 	-55.296611 	
9.470693 	4.560584 	-14.931506 	-22.220447 	-24.345736 	-44.031228 	-57.279310 	-59.941067 	-57.737002 	-57.690355 	-57.188257 	-59.290951 	-59.791824 	-58.115023 	-58.295937 	-59.943860 	-57.129407 	-57.369356 	-61.294114 	-57.203727 	
9.726986 	4.482851 	-4.270797 	-11.995097 	-14.706352 	-28.675330 	-30.452966 	-39.780974 	-46.026622 	-46.285406 	-50.186096 	-49.356857 	-51.009886 	-58.407508 	-58.140070 	-57.088425 	-55.905249 	-59.539587 	-57.292266 	-59.046528 	-58.428195 	-59.690317 	
9.699579 	-32.010140 	-49.778196 	-57.938385 	-58.198841 	-62.680721 	-60.651227 	-61.561879 	-63.581781 	-58.088519 	-58.756957 	-58.857722 	-57.900151 	-58.814165 	-60.604245 	
9.618827 	1.686050 	-20.997097 	-41.689201 	-53.693998 	-55.673671 	-57.136555 	-58.234950 	-57.181111 	-56.315949 	-61.125751 	-57.738502 	
9.861882 	-2.465971 	-6.665849 	-5.757710 	-9.577090 	-30.970737 	-29.127152 	-31.284274 	-35.006718 	-43.982712 	-46.329527 	-61.728382 	-59.780760 	-58.249223 	-59.955535 	-58.754525 	-58.802021 	-58.783775 	-58.707431 	-58.084600 	-56.969195 	
9.832765 	-0.358521 	-1.597228 	-2.120653 	-25.150339 	-29.855597 	-35.519973 	-35.783652 	-43.174526 	-45.452328 	-54.780309 	-57.888725 	-59.637445 	-58.100774 	-59.042549 	-59.153208 	-57.769618 	-60.117468 	-57.436946 	-60.197961 	-56.795578 	
9.628272 	-0.511286 	-2.915855 	-6.914607 	-11.432021 	-13.590506 	-16.879640 	-20.186943 	-17.919086 	
9.917658 	1.414218 	-6.136596 	-3.523778 	-12.850970 	-31.203506 	-30.352781 	-33.312722 	-35.729722 	-36.022608 	-38.248993 	-42.005480 	-45.302959 	-46.976462 	-47.258855 	-51.587914 	-57.531913 	-55.030803 	-58.130966 	-59.873663 	-55.975691 	-56.092821 	-56.338482 	-56.426080 	-58.643231 	
9.897971 	4.782375 	-34.566184 	-47.864606 	-49.878195 	-50.628895 	-54.660506 	-58.339038 	-59.739526 	-58.230994 	-59.186929 	-58.068294 	-57.433979 	-58.487096 	-57.824681 	-57.802979 	
