9.267707 	8.096403 	1.364109 	-22.747046 	-30.095497 	-58.209012 	-58.098271 	-62.490888 	-60.125936 	-57.569268 	-59.369266 	-57.203956 	-63.199378 	-56.996679 	
9.610028 	1.416888 	-1.290656 	-2.694123 	-14.006231 	-17.616563 	-27.481890 	-33.798474 	-42.612223 	-46.246996 	-48.341071 	-47.219549 	-48.358440 	-47.624481 	-53.641638 	-56.090288 	-57.671487 	-59.288830 	
9.742067 	2.226747 	3.944305 	-1.499383 	-14.705979 	-18.636991 	-19.165425 	-58.361336 	-58.182107 	-60.513387 	-58.712373 	-59.370580 	-57.873478 	-59.087001 	-61.019509 	-59.764516 	-60.576628 	
9.831560 	-5.966525 	-11.048026 	-20.371060 	-21.384546 	-32.450149 	-48.586594 	-58.425174 	-58.894578 	-59.518398 	-57.824476 	-57.990703 	-58.439697 	-58.241936 	-58.072583 	-58.379285 	-59.185785 	-57.922948 	-58.517732 	-58.674921 	-59.696178 	
9.496945 	8.906084 	7.819297 	-12.795189 	-17.929186 	-30.407590 	-36.826445 	-37.698348 	-46.748382 	-49.916902 	-55.299157 	-60.892619 	-58.011292 	-58.389253 	-57.697631 	-56.255020 	-57.222444 	-58.271542 	-59.088754 	
9.627096 	-2.017943 	-6.798224 	-20.352017 	-25.929801 	-31.042485 	-41.347512 	-41.971802 	-53.743830 	-58.758246 	-58.398571 	-60.480855 	-56.475196 	-57.691465 	
9.741741 	1.025016 	-12.261859 	-17.062997 	-19.008358 	-19.938442 	-27.996451 	-31.903908 	-31.227840 	-35.719068 	-36.541580 	-41.734549 	-38.014030 	-44.636892 	-40.438168 	
9.950912 	2.142813 	1.583713 	-5.435627 	-10.280929 	-13.252670 	-15.628217 	-21.719601 	-29.584280 	-32.055586 	-30.879288 	-32.515088 	-31.745862 	-32.878836 	-32.905522 	-44.249327 	
9.716521 	-1.794967 	-1.862272 	-5.761185 	-29.408251 	-33.584045 	-41.115020 	-44.637502 	-47.838301 	-47.166718 	-53.348481 	-56.315698 	-56.166108 	-59.110386 	-58.446732 	-56.426183 	-58.775429 	-57.747376 	-56.562078 	-56.803395 	-58.739553 	-57.725881 	
9.783394 	6.145917 	2.960296 	3.685302 	-14.377254 	-23.259858 	-39.225871 	-52.839097 	-57.236747 	-58.552147 	-58.019142 	-60.844128 	-58.481364 	-60.018472 	-58.070266 	-61.128663 	-59.057826 	-59.630700 	-57.745134 	-63.145630 	
9.360713 	-3.047511 	-9.930578 	-11.789010 	-13.294105 	-12.748806 	-16.541298 	-18.445855 	-39.663668 	-43.779227 	-49.666079 	-51.463597 	-58.796603 	-56.743368 	-58.667938 	-60.348697 	-57.093548 	-59.541980 	-58.337866 	
9.933688 	3.291225 	2.711216 	-4.955114 	-6.671475 	-7.734467 	-13.282685 	-14.225272 	-15.966502 	-19.670545 	-18.688921 	-22.325513 	-23.578110 	-25.017751 	-28.528647 	-27.073987 	-26.610975 	-28.762149 	-29.852248 	-29.807522 	-30.470301 	
9.587009 	-0.301584 	-26.772393 	-45.654552 	-50.887865 	-50.767182 	-59.447227 	-58.513031 	-58.890487 	-60.929850 	-60.104629 	-62.037535 	-58.595273 	-61.324289 	-59.333343 	-60.249793 	-63.254136 	-58.510679 	-58.815773 	-58.610414 	-60.104488 	-62.672109 	-60.443752 	-58.789212 	
9.583800 	-0.406739 	-2.974786 	-7.319796 	-7.538201 	-10.578186 	-11.312156 	-12.185615 	-11.524607 	-13.412791 	-18.536425 	-14.903324 	-18.586136 	-17.126812 	-17.296621 	-17.691681 	-16.881802 	-17.246933 	
9.518722 	-16.864617 	-41.523129 	-41.062716 	-42.781542 	-42.612607 	-44.454207 	-46.296422 	-51.590317 	-52.196349 	-54.145653 	-56.744291 	-58.132606 	
9.967007 	-10.170915 	-40.480835 	-62.066081 	-58.089037 	-62.141287 	-59.220901 	-58.655491 	-56.892547 	-56.942005 	-59.591182 	-59.824199 	-57.680037 	-59.230945 	-60.081722 	
10.210677 	5.920615 	-0.529968 	-0.428196 	-12.437008 	-17.407408 	-12.346368 	-15.375243 	-16.609728 	-18.328282 	-24.373632 	-32.868955 	-33.533689 	-32.259138 	-34.154970 	-35.841900 	-40.350764 	-39.759307 	-42.354269 	-44.092785 	-42.543495 	
9.734626 	-1.579327 	-4.239156 	-5.642036 	-5.705308 	-7.646566 	-14.557107 	-17.259713 	-18.070119 	-24.679242 	-25.887243 	-27.791703 	-27.406827 	-33.616661 	-35.874741 	-38.124924 	
9.850984 	2.515442 	-3.989435 	-2.848459 	-38.466857 	-44.611792 	-47.373599 	-56.712219 	-56.996274 	-58.913792 	-58.202205 	-59.704453 	-59.475527 	-57.581741 	-57.636912 	-57.434841 	-56.903626 	
9.842947 	4.693078 	-2.793407 	0.909777 	0.078683 	-1.856545 	-3.238273 	-2.195202 	-6.156192 	-5.389983 	-4.088833 	-4.920350 	-5.499840 	-6.197676 	-4.725852 	-4.734622 	-5.179273 	-5.506430 	-6.150968 	-6.679654 	-5.375127 	-8.332836 	-7.311802 	-8.727653 	-8.522833 	-8.363354 	-7.340232 	
10.096246 	-17.183760 	-18.577602 	-28.787748 	-38.240101 	-41.044155 	-43.082740 	-58.622050 	-58.270804 	-57.753473 	-57.980590 	-63.716756 	-58.943693 	-63.120663 	-59.937637 	-59.244206 	-58.168444 	-59.497723 	-58.373499 	-59.978842 	
10.140041 	0.436554 	1.521848 	-1.741625 	-32.208588 	-36.099590 	-42.659162 	-48.138047 	-48.500634 	-50.135278 	-53.553485 	
9.339399 	4.555013 	-3.190489 	-4.558980 	-4.640612 	-8.210669 	-9.980111 	-16.527683 	-17.469074 	-17.311153 	-18.564789 	-20.498833 	-18.897223 	-19.596744 	-19.832173 	-23.765397 	-24.908847 	
