10.294570 	0.739507 	-14.263608 	-37.845420 	-57.965778 	-57.476223 	-57.092154 	-57.805003 	-58.190812 	-57.375548 	-59.550575 	-58.750923 	-56.200963 	-57.718861 	-56.752893 	-58.561826 	-56.532283 	
9.969482 	-17.672613 	-31.551453 	-58.742709 	-58.998508 	-58.208249 	-58.928874 	-60.578657 	-58.643147 	-58.587831 	-58.709028 	-57.896089 	
10.369310 	-20.756410 	-25.791266 	-60.707898 	-57.252056 	-58.337212 	-58.819239 	-57.961969 	-59.603223 	-59.932299 	-57.907796 	-58.954951 	-59.176475 	-58.784673 	-57.372091 	-58.509119 	-57.935285 	-59.221688 	
10.178325 	-34.689825 	-56.766482 	-60.013614 	-58.780873 	-58.967770 	-57.320400 	-58.846017 	-58.356127 	
9.989713 	-15.103990 	-57.825306 	-58.096735 	-59.726531 	-57.710777 	-58.363834 	-58.845288 	-58.147935 	-57.390856 	-59.047149 	-59.882357 	-58.838165 	-57.585263 	-60.340198 	-58.154103 	
9.995827 	8.043307 	-21.026125 	-25.298985 	-28.769302 	-30.948372 	-29.761195 	-46.744151 	-58.369934 	-60.140816 	-56.695459 	-57.669959 	
10.236596 	-2.506463 	-10.804556 	-10.758251 	-13.554545 	-34.343917 	-43.881290 	-52.210851 	-51.190931 	-53.860938 	-56.070712 	-58.908366 	-60.243625 	-57.643706 	-58.710776 	-59.648591 	-58.665281 	-60.175533 	-58.463721 	-59.776663 	-62.255849 	-59.229558 	-60.683587 	-59.185411 	-61.860267 	-58.341721 	-59.834785 	-57.419744 	-59.617078 	-60.353292 	-58.418421 	
10.402534 	-0.255897 	-50.645944 	-58.511076 	-57.719023 	-59.805614 	-58.710991 	-58.159171 	-58.880933 	-59.626884 	-59.170269 	-57.732594 	-57.301064 	
10.171364 	-25.451678 	-30.591328 	-44.236886 	-59.117323 	-58.099180 	-58.872180 	-58.848940 	-57.933706 	-57.353547 	-59.541871 	-57.990850 	-57.646147 	
10.624104 	-38.072274 	-58.746774 	-58.080606 	-57.890622 	-60.858443 	-60.810233 	-59.631606 	-58.417471 	-58.298423 	-57.215881 	-56.903566 	
10.282388 	-16.884867 	-19.649520 	-48.703777 	-61.611372 	-58.271922 	-59.301016 	-58.616983 	-58.423210 	-58.358458 	-60.245333 	-57.052608 	-59.097522 	-58.432221 	-58.825818 	-58.219637 	
10.359904 	-34.202124 	-58.864649 	-58.392026 	-58.122719 	-62.684303 	-58.940169 	-58.872737 	-57.831497 	-58.208358 	-59.501382 	-62.414282 	-57.750444 	-61.898885 	-59.028813 	
9.852813 	-13.172150 	-50.058436 	-59.228759 	-58.571285 	-59.036443 	-60.078557 	-57.723199 	-59.015424 	-58.029936 	-60.968751 	-62.064205 	-63.345371 	-57.422855 	-58.966576 	-58.730911 	-59.673812 	-56.999306 	-60.562505 	-58.750645 	-57.712692 	-60.553885 	-58.315372 	
10.349453 	9.017609 	-11.802307 	-27.764176 	-45.425098 	-60.997097 	-58.308818 	-58.327542 	-57.098575 	-59.435461 	-59.833248 	-57.745542 	-59.731735 	-58.642604 	-59.009576 	-57.635591 	-58.836188 	-59.501925 	
9.943540 	-12.945410 	-21.771746 	-55.357437 	-60.371377 	-59.271954 	-59.050433 	-58.091229 	-59.943670 	-58.068403 	-59.802804 	-60.129319 	-59.657484 	-58.075897 	-58.155423 	-61.002221 	-58.861319 	-59.955545 	-57.354260 	-58.956669 	
10.440005 	7.155284 	-6.646473 	-12.259665 	-13.248937 	-57.732238 	-59.939759 	-58.775540 	-58.748835 	-58.169317 	-58.223435 	-61.845643 	-58.360423 	-58.019751 	-58.272553 	-60.747465 	-56.976534 	-58.345799 	-62.965524 	-59.243508 	-59.751669 	
10.331853 	-13.390222 	-39.427991 	-43.730837 	-57.476734 	-57.822331 	-58.202896 	-59.291009 	-58.366324 	-57.560018 	-64.344471 	-59.154844 	-58.467550 	-58.197330 	-58.198932 	-59.557115 	-59.249720 	
10.359333 	-8.315774 	-30.710740 	-59.342939 	-62.248651 	-62.831891 	-57.658199 	-61.932674 	-63.543313 	-59.137890 	-60.129943 	-57.369611 	-59.383594 	-61.980924 	-59.513593 	-57.796757 	-58.436600 	
9.853532 	-30.077483 	-58.554401 	-59.092922 	-58.927114 	-59.619259 	-57.353976 	-57.921565 	-59.141038 	
10.305897 	-2.611718 	-12.807280 	-46.445223 	-58.158631 	-58.540257 	-59.092371 	-57.936267 	-61.815770 	-57.901565 	-58.820999 	-59.175335 	-58.338162 	-57.167463 	-60.063504 	-59.008428 	
