10.075000 	-10.373675 	-16.427616 	-18.617955 	-32.422344 	-38.290639 	-37.591200 	-40.510020 	-42.543578 	-44.876954 	-44.925953 	-58.513725 	-58.747800 	-58.450132 	-59.810868 	-57.904097 	-59.810443 	-60.616047 	-59.005127 	-57.957357 	-57.997421 	-58.995420 	-58.700495 	-59.385312 	
9.761612 	-18.373736 	-29.748292 	-59.851834 	-57.292214 	-59.128701 	-58.292306 	-60.149092 	-59.257705 	-58.802069 	-60.327920 	-58.464926 	
9.823065 	-10.942304 	-14.374840 	-47.505613 	-48.905365 	-59.435544 	-62.568187 	-58.811792 	-58.294353 	-60.045995 	-57.726548 	-63.544787 	-58.355499 	-59.018394 	-58.491381 	-64.213328 	
9.872490 	-4.743057 	-4.641440 	-17.056280 	-20.031566 	-56.614212 	-56.982773 	-58.262279 	-59.857180 	-59.344571 	-62.407901 	-59.721898 	-57.768700 	-57.787265 	-58.516955 	-59.942494 	-59.032697 	-57.872811 	-57.914649 	-59.245819 	-63.184579 	-59.680070 	-58.552734 	
10.033177 	-9.261621 	-21.959216 	-23.751207 	-28.187152 	-26.290873 	-32.567213 	-41.213748 	-41.836532 	-47.206637 	-52.973206 	-46.300872 	-54.562077 	-58.642873 	-60.656597 	-58.818277 	-56.203275 	-58.100790 	-58.700186 	-60.289382 	-59.163153 	
9.641969 	-2.057138 	-5.761760 	-5.616201 	-9.115052 	-11.414240 	-10.516603 	-11.174889 	-15.911643 	-18.110388 	-18.208499 	-18.034684 	-21.295642 	-20.595711 	-22.484601 	-23.715830 	
9.620084 	-3.278965 	-2.501692 	-0.605773 	-8.492111 	-28.152979 	-30.021844 	-55.725693 	-59.705206 	-59.259678 	-57.416951 	-57.555345 	-58.798057 	-56.474698 	
9.869112 	-5.658490 	-5.207012 	-31.358720 	-36.430713 	-38.414950 	-52.261060 	-55.981449 	-55.435390 	-57.719536 	-57.180658 	-59.530091 	-58.082652 	-58.995243 	
9.977237 	-4.470956 	-11.883172 	-21.722795 	-38.825550 	-45.304397 	-58.305693 	-58.816740 	-59.871491 	-58.979918 	-57.675872 	-56.630920 	
9.332559 	-3.397338 	-8.854341 	-12.274191 	-15.729041 	-18.070756 	-22.442248 	-26.632762 	-30.723617 	-35.805778 	-33.874703 	-35.320022 	-34.006547 	-42.930805 	-41.566797 	-43.888844 	-44.025331 	-43.907729 	
9.857767 	5.016183 	3.408283 	-15.976183 	-54.919993 	-57.767110 	-58.001009 	-59.510519 	-61.512078 	-58.724083 	-60.777550 	-57.849684 	-58.315182 	-57.848269 	-58.516482 	-58.615022 	-59.529594 	-61.466937 	
9.836127 	-12.625245 	-18.153148 	-17.701486 	-24.950627 	-38.949313 	-45.007071 	-49.628107 	-50.945783 	-59.177265 	-59.434370 	-59.074736 	-60.564050 	-59.316046 	-58.359048 	-59.157735 	-58.830027 	-58.655664 	-58.660362 	-58.243224 	-57.977836 	-57.407815 	-58.456871 	-58.958767 	
9.742186 	-4.392493 	-7.480778 	-34.861120 	-38.301962 	-38.124842 	-43.946113 	-43.623420 	-46.295260 	-47.048409 	-51.108058 	-48.802382 	-53.063922 	-55.701957 	-56.867792 	-56.397791 	-57.817819 	-60.195998 	-59.280593 	
9.512674 	-6.894073 	-7.972462 	-8.774120 	-11.382227 	-12.590840 	-22.559334 	-25.615102 	-40.416752 	-45.018982 	-59.151943 	-59.074192 	-57.359397 	-58.644183 	-59.313867 	-57.375531 	-60.724574 	-59.270620 	
9.712937 	-6.840156 	-36.711311 	-46.020751 	-52.435861 	-54.528974 	-58.265378 	-57.812141 	-59.597733 	-61.401443 	-56.683358 	-58.321608 	-58.965150 	
9.940885 	6.160820 	-30.891180 	-28.433465 	-40.248062 	-54.087839 	-57.531182 	-60.970843 	-58.364255 	-61.980182 	-61.114674 	
10.206964 	-4.752824 	-11.432211 	-42.385677 	-45.040431 	-56.845891 	-57.546212 	-59.320215 	-59.458836 	-59.548639 	-58.000732 	-57.961598 	-57.303111 	-57.698402 	-57.191725 	
9.586567 	3.673436 	0.427093 	-2.496975 	-4.583466 	-12.291982 	-13.138074 	-15.714826 	-17.902899 	-22.080123 	-59.488888 	-58.861891 	-57.878523 	-57.654887 	-60.281649 	-56.758655 	-60.524043 	
9.486020 	-10.045137 	-12.571486 	-16.550106 	-20.889986 	-35.416950 	-35.674689 	-46.488477 	-52.026879 	-53.638002 	-55.321925 	-56.365084 	-56.460585 	-55.833247 	
10.178876 	0.716401 	1.381218 	-26.845858 	-44.708762 	-40.985145 	-47.402261 	-58.022086 	-59.836455 	-58.309320 	-58.345689 	-58.088335 	-59.455272 	-58.900187 	-57.832997 	-58.539088 	
9.455056 	8.616774 	1.425088 	-2.022452 	-16.044643 	-15.958992 	-21.310288 	-38.272049 	-44.386181 	-57.501087 	-58.235093 	-58.037467 	-60.006232 	-58.081653 	-57.668443 	-59.072287 	
9.768553 	6.974179 	-12.949103 	-15.010836 	-53.072221 	-57.764598 	-59.392628 	-64.022120 	-58.468567 	-59.667708 	-59.984210 	-59.265228 	-57.852770 	-59.113953 	-59.276138 	-59.138469 	-60.064076 	-58.069030 	-60.471398 	
