9.879600 	6.976776 	4.085585 	4.162985 	2.997840 	4.115642 	0.908065 	1.813431 	1.240915 	1.330562 	-2.060624 	-0.611030 	-1.843075 	-1.673733 	-1.801342 	-2.630072 	-3.638332 	-3.194698 	-4.470124 	-4.220560 	-3.667886 	-5.286282 	-6.623108 	-5.282561 	-4.316348 	-4.882034 	-5.235818 	-6.186443 	
9.799191 	3.427132 	-6.846581 	-14.574033 	-34.074405 	-37.106738 	-60.494075 	-56.867608 	-57.637258 	-55.895974 	-57.463389 	-56.171600 	-57.645819 	-58.078711 	-56.757634 	
9.726329 	1.732613 	-7.024102 	-16.781127 	-19.133779 	-31.752755 	-33.474315 	-35.841950 	-45.223283 	-52.786347 	-57.626417 	-56.848707 	-57.225822 	-58.766033 	-60.386784 	-58.775380 	-57.522628 	-58.046850 	-59.205428 	-59.325427 	
9.594816 	0.291218 	-2.117374 	-5.683267 	-7.339412 	-18.403860 	-32.806235 	-31.997863 	-35.717462 	-40.720617 	-38.287096 	-39.232782 	-42.300871 	-42.088659 	-44.868341 	-46.628459 	
9.924613 	-0.807824 	-7.435129 	-14.201957 	-25.264331 	-40.548057 	-48.883921 	-51.409696 	-59.590407 	-57.104960 	-58.946624 	-58.055264 	-58.371116 	-57.548493 	-58.505880 	-58.530821 	-59.681037 	
9.523311 	5.476479 	-13.523904 	-21.151954 	-35.751119 	-38.344159 	-41.183600 	-40.277827 	-41.706472 	-43.424338 	-49.152110 	-49.396218 	-50.619355 	-55.344778 	-51.932039 	-54.560184 	-56.243483 	-55.900124 	
9.474840 	-0.310508 	-11.136720 	-13.855798 	-19.012827 	-21.616795 	-30.691364 	-29.393476 	-35.470202 	-44.872671 	-47.920652 	-59.098692 	-56.941729 	-56.895703 	-56.399829 	-61.227265 	-57.034504 	-57.909939 	-58.992839 	-59.604275 	-59.538712 	-58.803032 	-58.467840 	-58.471497 	
10.114654 	4.607252 	-5.508931 	-3.759402 	-4.183123 	-5.609053 	-3.366175 	-6.138710 	-7.464826 	-8.519725 	-14.547038 	-16.774724 	-15.261159 	-14.621683 	-17.902837 	-16.342959 	
9.690812 	-3.498739 	-3.669223 	-12.120080 	-12.856692 	-12.004857 	-17.156745 	-16.961561 	-20.530916 	-23.097805 	-27.096052 	-23.771890 	-29.419358 	-31.229483 	-32.448068 	
9.969637 	5.993466 	4.942466 	3.514293 	-8.058496 	-9.224059 	-11.962650 	-16.412290 	-22.163964 	-27.264021 	-29.754529 	-38.180643 	-38.393724 	-41.491624 	-41.943065 	-42.019016 	-53.983349 	-55.892689 	-56.627999 	-57.683716 	-55.740784 	-58.829754 	-58.257652 	
9.665057 	0.634785 	-1.288785 	-12.029326 	-14.848418 	-22.072331 	-25.771809 	-57.476625 	-57.586285 	-58.235788 	-60.806391 	-59.154644 	-58.610884 	-59.370389 	-63.419197 	-60.571344 	-59.130315 	
9.932097 	-12.459655 	-16.725800 	-14.672117 	-19.479785 	-23.776843 	-42.894734 	-46.530936 	-52.937191 	-53.656332 	-56.124010 	-57.995249 	-57.404503 	-57.009911 	-55.901259 	-58.181501 	-57.708548 	
9.771092 	-5.457479 	-10.134135 	-11.190472 	-13.318116 	-15.140067 	-16.550321 	-30.753161 	-40.567622 	-41.450508 	-45.770972 	-44.251237 	-51.128797 	-46.568115 	-48.441484 	-53.104516 	-53.516140 	-56.563514 	-58.822679 	-58.601388 	-56.852503 	
9.756495 	0.444746 	-2.547071 	-5.027362 	-5.416322 	-7.163783 	-5.902408 	-9.119730 	-7.299425 	-10.884556 	-8.796896 	-8.024310 	
9.855898 	0.326035 	-2.839019 	-1.378313 	-9.950606 	-16.047767 	-14.890512 	-17.370687 	-22.177351 	-29.572885 	-34.480194 	-38.571783 	-38.878449 	-46.388422 	
9.522259 	-15.484204 	-15.864208 	-19.799092 	-23.391790 	-27.879783 	-37.014629 	-42.616668 	-47.843879 	-49.414885 	-52.785170 	-59.069248 	-55.471525 	-61.771014 	-56.712281 	-57.260401 	-58.014464 	-57.745164 	-59.585150 	
9.501014 	-4.487328 	-8.617865 	-19.072832 	-22.207183 	-34.498709 	-40.031642 	-58.733478 	-58.716275 	-64.639838 	-58.837047 	-58.517395 	-60.503619 	-58.318890 	-58.442905 	-60.565632 	-58.927474 	-61.314066 	-59.828499 	-58.325883 	
9.880340 	-2.671530 	-21.536264 	-20.708994 	-35.765824 	-47.539897 	-52.910652 	-57.099133 	-59.077876 	-57.335210 	-59.268443 	-55.555479 	
9.679605 	2.945687 	-3.872999 	-21.180573 	-22.563922 	-29.617731 	-27.908266 	-29.389219 	-35.164215 	-41.593860 	-39.153315 	-40.469739 	-43.301808 	
9.795850 	-19.427929 	-46.188119 	-55.282128 	-56.863121 	-62.066092 	-57.654028 	-58.256955 	-58.022871 	-58.389889 	-58.900921 	-58.267265 	-59.050289 	-59.895978 	-58.615898 	-58.287560 	-58.534443 	
