9.752818 	0.789808 	-9.357185 	-9.928431 	-13.320553 	-18.630890 	-21.545681 	-21.248716 	-27.120117 	-33.053690 	-34.861515 	-35.988801 	-40.876778 	-43.932744 	-49.714011 	-55.470399 	-58.482663 	
9.943519 	-31.670887 	-55.365561 	-57.317602 	-57.594838 	-58.462088 	-59.395252 	-58.533938 	-58.184883 	-57.629768 	
9.572037 	1.881123 	-3.621991 	-13.261708 	-10.664398 	-10.076014 	-16.997476 	-41.034993 	-43.289501 	-57.966302 	-60.315816 	-60.823913 	-60.959604 	-60.727176 	-59.207281 	-57.570520 	-58.373108 	-57.241632 	-58.497840 	-59.489686 	-60.037294 	
9.234439 	-3.815919 	-2.635521 	-3.090595 	-5.504514 	-8.163268 	-14.109002 	-12.056811 	-13.640299 	-13.959275 	-15.248652 	-17.122256 	-16.121669 	-15.039070 	-16.649318 	-19.813250 	-16.519564 	-18.471320 	-17.976247 	
10.071868 	0.697521 	-2.004251 	-3.720748 	-7.625207 	-34.961015 	-38.158987 	-41.515474 	-44.260351 	-43.938405 	-48.709850 	-48.289594 	
9.691439 	-4.031991 	-35.333418 	-58.638628 	-62.106858 	-58.350562 	-60.624520 	-58.728891 	-61.918239 	-58.690808 	-57.990552 	-61.072228 	-58.957298 	-58.154360 	-58.164176 	-62.694978 	-58.541802 	-58.989660 	
9.514726 	0.078167 	-7.015745 	-25.690363 	-44.505927 	-45.965975 	-48.703238 	-59.582154 	-57.163824 	-60.477599 	-57.886001 	-57.744321 	-59.419010 	-58.334555 	-57.674528 	-60.711898 	-58.232826 	
9.530886 	4.814745 	-18.860373 	-22.626105 	-24.476483 	-26.144057 	-31.340604 	-34.152792 	-36.786528 	-36.160824 	-37.468532 	-39.440352 	-44.298521 	-48.018325 	-46.743816 	
9.828134 	-0.477676 	-7.999426 	-11.258619 	-26.489888 	-29.016567 	-31.586976 	-31.806029 	-32.858573 	-34.584162 	-36.324289 	-40.248212 	-36.976609 	-36.816345 	-40.890076 	
9.647219 	-1.942129 	-24.123877 	-25.820263 	-48.268003 	-49.332502 	-49.720359 	-59.947935 	-60.256764 	-57.520854 	-59.185745 	-58.212094 	-57.958236 	-60.852945 	-62.749827 	-61.836001 	
9.502881 	-4.799613 	-14.933024 	-28.141456 	-35.096388 	-39.950615 	-47.977218 	-48.240731 	-59.394115 	-58.768077 	-61.779480 	-58.439450 	-59.244181 	-58.602620 	-57.005354 	-58.631386 	
9.626405 	-13.203670 	-13.001065 	-17.043148 	-27.286503 	-26.333538 	-28.793605 	-28.653845 	-38.003334 	-40.523407 	-43.921638 	-45.584371 	-53.871721 	-52.727692 	-54.799090 	-54.592281 	-56.251519 	-57.307434 	-57.462518 	
9.708818 	-3.894312 	-9.453608 	-17.982207 	-36.313132 	-41.959824 	-46.799726 	-58.233157 	-59.939291 	-61.209179 	-58.366082 	-58.182513 	-58.697185 	-58.215787 	-59.525514 	-57.568319 	
9.666388 	4.199206 	-15.636409 	-18.348229 	-17.625639 	-19.598204 	-27.632236 	-29.980355 	-28.372466 	-29.625084 	-35.714757 	-39.474608 	-41.504787 	-42.533574 	-44.321095 	-45.966826 	-47.912663 	-47.082499 	-47.012137 	-52.354833 	
9.739516 	2.886124 	-4.570560 	-6.013304 	-17.561595 	-30.900267 	-33.148923 	-36.684751 	-43.002913 	-46.626058 	
9.340577 	1.869985 	0.961965 	-2.461737 	-8.982927 	-19.942567 	-26.122051 	-25.176751 	-23.944718 	-23.700548 	-25.828412 	-33.906382 	-32.678505 	-34.882986 	-36.981426 	-35.267520 	-37.718323 	-38.433771 	-41.137601 	-49.448735 	
10.308349 	-0.085954 	-1.928397 	-16.035404 	-16.031754 	-17.443692 	-28.391316 	-35.880814 	-44.098696 	-58.177377 	-59.784396 	-58.327665 	-60.827765 	-58.349197 	-56.557732 	-61.234360 	-59.065171 	-59.882695 	-58.858176 	
9.667351 	7.639913 	-6.801387 	-8.380909 	-12.590726 	-27.639630 	-25.997013 	-39.773747 	-42.082715 	-41.517499 	-48.836113 	-54.711591 	-58.979430 	-58.433015 	-58.780201 	-60.568807 	-57.205406 	-58.505260 	-60.626262 	-58.514039 	-57.893609 	-58.151738 	
9.742081 	-4.404230 	-10.825380 	-16.502092 	-23.144322 	-34.448045 	-34.705529 	-37.158450 	-37.788442 	-45.151436 	-49.952090 	-56.444946 	-56.330337 	-58.066458 	-58.460460 	-56.165895 	-56.047928 	-58.567835 	
9.229514 	2.206312 	-1.003705 	-1.018954 	-9.728252 	-10.587218 	-13.972444 	-37.346216 	-34.635329 	-38.186467 	-49.546103 	-48.845816 	-50.930808 	-53.103523 	-57.052482 	-57.378799 	-57.311498 	-59.341692 	-57.363268 	-58.291713 	-57.323497 	-57.903828 	
10.113060 	1.874889 	2.206345 	1.159622 	-0.645251 	-4.119741 	-6.575570 	-7.159256 	-9.937809 	-14.040144 	-12.602338 	-13.168560 	-15.621989 	-16.686281 	-16.913757 	-16.354558 	-19.762412 	-26.807351 	-25.215734 	
9.305621 	4.004186 	-14.312675 	-14.005040 	-18.706596 	-19.704896 	-21.847083 	-31.950152 	-44.650982 	-44.606774 	-57.177576 	-57.004449 	-57.425533 	-59.454026 	-58.589503 	-59.386072 	-60.262887 	-59.987090 	-58.966213 	-59.118938 	-59.262844 	-57.554865 	-58.410813 	-60.082760 	
