10.356600 	-20.749795 	-22.656382 	-35.886518 	-58.702354 	-57.570973 	-58.820953 	-60.366364 	-58.217384 	-57.243143 	-63.019913 	-58.715073 	-57.922798 	-58.752160 	-57.931175 	-59.775917 	-57.835508 	-57.883482 	-57.280456 	-59.350982 	-57.706514 	
10.224730 	-6.944989 	-14.192337 	-29.108163 	-32.987641 	-60.351545 	-59.430892 	-59.164957 	-57.689798 	-57.697997 	-57.179416 	-59.059927 	-57.933970 	-59.027006 	-57.982492 	-58.548279 	-58.727195 	-58.883908 	-57.633535 	-57.332802 	-59.604415 	-57.349400 	
10.013820 	-12.869248 	-14.318349 	-15.958064 	-18.498909 	-31.488665 	-52.704857 	-61.405613 	-59.208663 	-58.653236 	-57.344686 	-58.319067 	-57.972220 	
9.965928 	-0.548708 	-3.022381 	-5.965395 	-30.943365 	-37.800367 	-57.609210 	-60.620186 	-59.186613 	-58.102662 	-58.220748 	-58.752550 	-57.544118 	-60.586044 	-58.753652 	-63.844485 	-62.256336 	-58.774885 	-58.970434 	-58.782331 	
9.719066 	-42.617450 	-59.299324 	-60.028662 	-58.541861 	-60.192573 	-58.731932 	-58.639974 	-59.557889 	-61.607536 	-60.318489 	-61.427843 	-59.318879 	-58.682421 	-57.536167 	-58.704696 	-62.064781 	-58.814949 	
10.243684 	4.858062 	-1.597721 	-14.073123 	-31.247019 	-58.343126 	-58.989137 	-57.415848 	-58.830322 	-57.271613 	-59.173376 	-58.519199 	-60.497807 	-57.791940 	-60.979437 	-57.781026 	-60.803263 	-60.796628 	
10.177809 	-1.027399 	-44.876490 	-48.947745 	-59.191803 	-59.291501 	-57.208501 	-58.754400 	-59.221880 	-58.438220 	-58.264781 	-60.101066 	-57.717027 	-58.346276 	-57.879858 	-59.106140 	-60.487731 	-60.785451 	-60.886889 	
10.184653 	2.508614 	-24.244730 	-36.125986 	-58.727567 	-58.166363 	-58.915813 	-58.335764 	-59.132729 	-58.921355 	-58.365617 	-57.236070 	-59.266576 	-58.892773 	
9.695172 	0.928942 	-33.151343 	-47.349942 	-56.362325 	-56.836486 	-59.573283 	-57.802251 	-59.907299 	-59.478664 	-58.000472 	-59.552202 	-58.820976 	-60.660786 	-59.820251 	-58.759507 	-58.658427 	
9.798073 	-9.930301 	-14.752510 	-19.955565 	-21.250027 	-23.295294 	-57.053604 	-58.337676 	-59.153308 	-59.134417 	-59.088692 	-64.423899 	-58.060725 	-58.916543 	-58.652008 	
9.837604 	4.285831 	-8.760765 	-23.392295 	-39.369859 	-59.432108 	-57.078113 	-57.370124 	-60.957866 	-61.152567 	-57.782658 	-61.326073 	-58.954448 	-59.376521 	-58.980901 	-60.169503 	-56.947649 	-58.473258 	
10.157785 	-43.960483 	-51.081411 	-59.642518 	-57.788212 	-59.989266 	-58.913226 	-59.323293 	-58.549291 	-59.913572 	-59.044611 	-57.332765 	-57.598450 	
10.359973 	-18.962136 	-50.487371 	-53.948075 	-59.293145 	-60.115434 	-58.657350 	-58.549110 	-58.513673 	-59.408771 	-59.967589 	-59.396709 	-59.581312 	-59.179987 	-59.562938 	-59.885611 	-59.841096 	-57.496337 	-58.726808 	-57.979649 	
9.878981 	-12.260900 	-15.013474 	-26.734534 	-27.562330 	-31.274772 	-57.268929 	-58.493103 	-57.984173 	-59.274985 	-58.283251 	-57.705296 	-58.322620 	-59.807669 	-61.285482 	-60.315093 	-59.891159 	-59.490568 	-58.291830 	-59.406483 	
10.013289 	-5.533159 	-5.095627 	-14.230665 	-15.339058 	-36.470082 	-40.363282 	-58.407613 	-60.477648 	-58.686937 	-60.310524 	-58.970053 	-58.046223 	-59.851747 	-57.724876 	-58.379597 	-59.536097 	-58.074238 	-60.755721 	-60.544818 	
9.833566 	-16.853334 	-16.864937 	-37.679354 	-58.111268 	-58.669100 	-58.277520 	-58.274164 	-57.773562 	-59.097738 	-60.641454 	-58.759873 	-59.048349 	-58.712894 	-60.505877 	-59.319773 	-59.909446 	
9.908166 	2.074773 	-45.875687 	-50.637507 	-56.981676 	-61.405986 	-57.806654 	-59.782787 	-58.837211 	-57.479331 	-62.142965 	-57.946524 	-57.437724 	-58.167693 	-59.574064 	-60.694669 	
10.121933 	-5.351876 	-57.155876 	-58.416725 	-57.204807 	-58.316064 	-59.189910 	-57.664523 	-59.030520 	-57.355574 	-57.623319 	-60.802704 	-58.703622 	-57.672490 	-58.968577 	
10.108773 	-6.059018 	-17.261736 	-31.611317 	-38.557579 	-57.577923 	-57.664693 	-58.322869 	-56.938612 	-57.101094 	
10.232024 	-3.058407 	-38.816838 	-57.020244 	-57.454531 	-58.907183 	-58.798374 	-58.077499 	-57.498397 	-58.276211 	-57.665093 	-59.843821 	-58.158047 	-57.598327 	-58.365926 	-59.447712 	-57.575058 	-59.673969 	-57.651330 	
