9.955975 	-12.324842 	-29.044575 	-51.300725 	-60.094952 	-58.764762 	-57.077060 	-59.637869 	-57.926528 	-58.249382 	-59.917864 	-58.442840 	-59.545812 	-59.753903 	-58.097910 	-59.084856 	-58.791218 	-58.335446 	-57.841295 	-60.786337 	-59.118556 	-59.728097 	-59.675530 	
9.851137 	-24.746054 	-33.770270 	-44.380081 	-58.120660 	-61.598200 	-58.408848 	-58.176470 	-57.938907 	-58.765300 	-58.371913 	-58.765283 	-57.422021 	-58.350313 	-59.452177 	-62.610495 	-59.128170 	-58.411649 	-59.463719 	-58.057076 	-58.922219 	-60.756595 	-58.783616 	
9.975885 	3.077684 	0.354977 	0.316112 	-5.140305 	-37.481554 	-40.145218 	-57.897783 	-58.232543 	-58.713677 	-60.370858 	-58.612273 	-59.054926 	-59.819901 	-59.842769 	-57.860869 	-59.142501 	-58.756856 	
9.918287 	-12.544934 	-29.931725 	-56.674713 	-59.920393 	-58.954960 	-58.451113 	-58.238381 	-58.572603 	-58.773273 	-61.232958 	-59.175387 	-60.212502 	-59.000691 	-57.363319 	-58.420633 	-58.304842 	-58.816766 	-57.150759 	
10.119703 	-18.968014 	-22.748459 	-48.801037 	-55.775124 	-57.342786 	-57.869743 	-60.419904 	-60.475493 	-59.549186 	-58.014887 	-58.361039 	-59.442583 	-59.480380 	-61.311209 	-58.520593 	-58.831161 	-58.451534 	-60.768563 	-60.739476 	
9.702522 	-51.776377 	-57.706105 	-59.817256 	-57.550005 	-57.735551 	-59.809818 	-58.289382 	-58.622320 	-59.337967 	-58.215316 	-59.606201 	-57.989268 	-60.610016 	-58.674500 	-57.941328 	-59.333028 	-58.455049 	-58.027958 	-58.888984 	-60.006267 	-58.473328 	-59.442970 	
9.915041 	-13.243237 	-27.183542 	-45.563496 	-57.462912 	-58.791359 	-58.859362 	-59.757737 	-61.507454 	-59.368517 	-58.640659 	-58.907627 	-59.168332 	-59.299433 	-60.639495 	-58.250352 	-58.643508 	-57.958442 	-59.263775 	-60.159564 	
9.773124 	-9.872726 	-10.315292 	-52.442714 	-59.425869 	-57.701727 	-62.513574 	-58.947739 	-60.177437 	-58.746178 	-59.087576 	-57.619103 	-58.023189 	-60.492075 	-58.722849 	-59.379437 	-60.751889 	-59.386834 	-58.242187 	-65.571114 	-60.536329 	-62.613430 	-58.468636 	
9.935017 	-11.632831 	-58.722361 	-59.734284 	-57.429079 	-58.009174 	-59.988903 	
9.971253 	-27.730805 	-62.423728 	-61.568323 	-58.059719 	-59.974736 	-57.546281 	-62.164850 	-58.735066 	-58.429769 	-59.857776 	-58.170311 	-59.538309 	-59.975695 	-58.356684 	-58.150377 	-58.653992 	-58.394190 	
9.553953 	-10.234322 	-28.798548 	-29.758849 	-52.351484 	-58.536348 	-58.126671 	-58.068027 	-59.299528 	-58.631950 	-57.616271 	-59.461051 	-57.975702 	-60.767662 	-59.754014 	-56.590244 	
10.131765 	-38.069612 	-46.873057 	-58.113896 	-58.144321 	-58.868891 	-59.419065 	-58.544084 	-57.735358 	-58.548308 	-59.305388 	-58.341004 	-59.358002 	-58.463399 	
9.955253 	-4.063050 	-36.230472 	-60.852143 	-59.325811 	-59.296808 	-61.524025 	-61.328244 	-57.106678 	-64.729113 	-59.123537 	-58.499088 	-59.103569 	-57.566953 	-58.217473 	-61.235418 	-59.219694 	-58.221722 	-58.839855 	-59.754687 	
9.523123 	3.581571 	-5.460559 	-7.605236 	-24.929647 	-27.717583 	-58.168761 	-58.082659 	-58.556215 	-59.911669 	-58.463461 	-58.039597 	-59.288364 	-57.624917 	-59.931253 	-57.772488 	-60.343623 	-61.165125 	-60.409941 	
10.075228 	-11.271274 	-40.329601 	-58.908769 	-58.696871 	-57.362148 	-57.636515 	-58.600087 	-58.650281 	-56.095564 	-59.134820 	-57.145918 	-59.136555 	
9.833890 	-0.717861 	-3.320271 	-7.788152 	-17.726493 	-31.744274 	-39.254454 	-45.696090 	-50.604670 	-58.923914 	-58.782188 	-59.317918 	-59.858025 	-58.422555 	-58.996705 	-59.979000 	-59.630027 	-61.238721 	-57.438610 	-59.885479 	-58.592720 	
9.955984 	-44.887367 	-57.849052 	-58.543037 	-58.364775 	-58.937359 	-57.812497 	-58.129268 	-57.868228 	-59.229297 	-59.172555 	-57.861809 	-60.716752 	-58.378449 	-58.069288 	-57.723334 	-58.820272 	-60.241241 	-59.528600 	-58.781804 	-57.999343 	
10.201869 	-14.737890 	-31.333036 	-54.591974 	-56.630905 	-57.651680 	-58.761246 	-58.324514 	-57.683779 	-62.152817 	-57.285847 	-60.633807 	-58.356932 	-58.435052 	
9.958183 	-7.552548 	-59.070145 	-59.624387 	-60.341334 	-58.318804 	-58.840876 	-59.632210 	-61.455504 	-60.090677 	-60.414789 	-59.385485 	-57.785140 	-60.153129 	-58.850988 	-59.655948 	-59.676400 	
10.036803 	-10.373690 	-9.358112 	-44.026573 	-57.757016 	-59.752587 	-58.250282 	-56.973276 	-57.579974 	-57.285322 	-60.598510 	-58.198742 	-57.503136 	-58.222252 	-58.135112 	-58.654090 	-58.392636 	-59.508156 	-57.059660 	-57.669111 	-63.009812 	-57.622022 	-58.809306 	
