9.390286 	3.813194 	-13.729574 	-29.082567 	-35.851782 	-47.383637 	-46.222166 	-58.990942 	-59.806046 	-57.854933 	-57.231569 	-58.684483 	-58.590760 	
9.778975 	4.036699 	4.342351 	-0.151242 	1.475783 	-0.999091 	-6.910563 	-9.262357 	-9.972834 	-8.214361 	-16.718687 	-10.593201 	-14.707134 	-12.470010 	
9.517956 	5.430017 	3.569369 	0.176769 	1.863941 	-1.340240 	-0.002884 	-4.611553 	-5.611521 	-6.501769 	-8.084798 	-9.974863 	-9.855264 	-11.304016 	-11.065938 	-10.829688 	
9.997283 	7.391019 	2.440300 	1.471057 	0.517262 	-2.375008 	-3.093025 	-11.656094 	-9.111135 	-10.595134 	-9.766856 	-13.896803 	-15.013371 	-14.008117 	-14.325402 	-17.900880 	
9.656300 	7.172859 	2.977979 	-5.478304 	-8.613657 	-8.943498 	-13.038768 	-13.688689 	-19.026726 	-20.600521 	-21.921009 	-21.652989 	-27.903313 	-26.744648 	-28.797128 	-28.560208 	
9.133089 	5.423874 	-0.231832 	-5.006077 	-10.047616 	-22.886219 	-28.467073 	-31.059086 	-34.190946 	-37.659619 	-43.825626 	-42.483326 	-46.469907 	-50.554646 	-59.585720 	-57.822492 	-66.007374 	-60.054671 	-58.622864 	-62.407767 	-58.142276 	
9.508916 	-2.654074 	-7.413304 	-10.806239 	-15.609405 	-23.008522 	-26.333533 	-24.901027 	-36.152488 	-37.627717 	-42.251623 	-48.996085 	-61.001955 	-58.663650 	-61.548103 	-60.117315 	-59.384395 	-58.976738 	-59.064376 	-59.316033 	-58.561892 	-63.465573 	-58.225052 	-59.897296 	-59.201169 	-59.954287 	-58.969008 	-60.031197 	
9.768431 	-1.049328 	-8.183285 	-10.987519 	-17.448915 	-22.476979 	-25.077696 	-28.753871 	-31.511049 	-35.866761 	-36.560963 	-38.231550 	-42.480406 	
9.848641 	4.413184 	-1.516116 	-6.711494 	-7.330920 	-15.494812 	-21.760868 	-20.182950 	-45.524124 	-62.365521 	-58.006572 	-59.177810 	-58.055667 	-57.960471 	-60.113799 	-60.668505 	-61.725278 	-58.607425 	-58.912375 	-57.447016 	-58.998009 	-58.592269 	
9.258060 	8.460523 	-0.441597 	-14.644127 	-16.399314 	-19.014724 	-21.113089 	-40.902331 	-48.454091 	-51.259058 	-54.806210 	-55.577033 	-57.859810 	-56.852716 	-57.200705 	-58.361809 	
9.688610 	-13.103769 	-20.159454 	-30.139819 	-33.033645 	-41.494177 	-49.341553 	-55.299808 	-57.154364 	-55.921355 	-58.916421 	-62.172851 	-58.499850 	-60.704196 	-59.309920 	-58.701643 	-59.093165 	-61.130840 	
9.904915 	6.341639 	2.603627 	3.183242 	1.607238 	0.829875 	0.349312 	-0.500283 	0.678492 	-1.028329 	-1.650118 	-1.882102 	-1.887134 	-3.484271 	-3.868816 	-3.726499 	-3.832476 	-4.847073 	-5.275307 	-4.850605 	-4.857522 	-6.036170 	-5.138311 	
9.788418 	3.731475 	4.121133 	-3.358985 	-11.242763 	-15.144844 	-20.276009 	-18.120224 	-24.654743 	-27.667217 	-27.775163 	-29.300935 	-35.805805 	-40.341955 	-54.095351 	-54.474148 	-56.186542 	-57.939262 	-56.266171 	-59.096731 	-57.403827 	-59.584317 	
9.952148 	-6.899087 	-23.198967 	-36.171833 	-51.580952 	-54.476749 	-53.831633 	-59.760729 	-56.879036 	-57.677671 	-57.859584 	-58.185443 	-58.432960 	-58.070161 	-59.534995 	-60.576559 	-61.265161 	-57.858927 	-58.163913 	-57.127584 	
9.569177 	5.021176 	4.842752 	1.800946 	-2.984839 	-4.716805 	-9.030525 	-13.399135 	-17.564037 	-21.662276 	-22.848811 	-22.391542 	-23.611761 	-26.003107 	-27.070311 	-29.456034 	-32.861362 	-31.537641 	-31.829371 	
9.573483 	-16.286305 	-17.403347 	-20.722617 	-19.787566 	-18.629113 	-24.534564 	-26.048222 	-28.235052 	-29.124366 	-32.299967 	-37.594591 	-39.510521 	-38.790360 	-41.358448 	-44.558662 	-48.879371 	-46.891194 	-47.435411 	
9.146223 	4.367112 	3.563997 	2.645456 	-3.095184 	-7.984985 	-13.654092 	-42.144049 	-48.988117 	-47.907474 	-50.128200 	-62.527296 	-58.649817 	-58.722664 	-60.049653 	-59.600688 	-57.656188 	-59.895702 	-59.864698 	-58.675879 	-58.440016 	-58.286804 	
9.784658 	1.833988 	-8.676834 	-11.195290 	-11.573774 	-16.284407 	-19.351730 	-22.150799 	-27.080157 	-26.920504 	-28.662466 	-33.741047 	-35.897913 	
9.837652 	-16.335459 	-22.777796 	-29.517495 	-33.422765 	-34.771030 	-54.314722 	-55.574579 	-57.985952 	-56.590280 	-60.152962 	-55.796377 	
10.057613 	2.050809 	0.619332 	-0.803143 	-14.057249 	-20.601631 	-20.137715 	-24.813893 	-29.356960 	-42.031991 	-43.685748 	-45.406843 	
