9.490757 	-3.808115 	-3.786066 	-14.108626 	-13.529382 	-15.351108 	-16.324782 	-19.593296 	-17.688265 	-17.913177 	-38.728826 	-44.944413 	-51.087880 	-54.277048 	-57.722727 	-56.887324 	-57.061378 	-60.404508 	-56.905202 	-58.416721 	-58.081498 	-56.880744 	
9.785181 	4.928555 	-3.547327 	-33.363263 	-37.901895 	-37.330943 	-57.355098 	-58.274369 	-59.500539 	-59.906877 	-60.327889 	-62.653518 	-58.498085 	-58.670338 	-58.699266 	-58.839391 	-61.528348 	-58.558695 	-60.568966 	-57.836549 	-60.869612 	
9.310985 	-3.785462 	-8.863763 	-14.601800 	-20.281678 	-19.731718 	-25.142033 	-29.961809 	-57.346452 	-57.708175 	-58.850602 	-62.001703 	-60.544335 	-60.652990 	-60.491531 	-59.500949 	-59.059475 	-57.835713 	-59.582264 	-58.567693 	-59.627260 	-61.594671 	
9.810433 	4.541495 	-4.225116 	-6.884129 	-5.034370 	-29.738949 	-41.877754 	-56.556744 	-56.361008 	-57.451074 	-56.665254 	-57.970479 	-56.395728 	-57.539080 	-56.212379 	-58.144962 	-57.462127 	
9.945746 	-0.149921 	-3.136275 	-4.109203 	-11.697302 	-14.640981 	-19.264830 	-26.430377 	-22.702957 	-33.587204 	-32.752034 	-36.547538 	-35.692158 	-36.316899 	-39.640146 	-40.288664 	-38.273663 	-39.229396 	-44.397444 	-44.746244 	-42.740670 	-42.319379 	-45.016242 	
9.699977 	-5.062844 	-28.963540 	-32.137122 	-51.878735 	-57.083796 	-57.351851 	-60.358067 	-58.401438 	-60.115980 	-58.427030 	-58.620429 	-58.927615 	-60.265903 	-59.614968 	-61.240906 	-58.522365 	-58.224545 	-60.606431 	-59.069771 	
10.049581 	-2.653398 	-5.158425 	-17.949171 	-23.130872 	-38.078233 	-44.903571 	-43.166877 	-45.112889 	-46.398652 	-49.528584 	
9.713654 	3.457140 	-0.429231 	-9.068310 	-18.107200 	-28.087206 	-27.790963 	-36.612500 	-36.137278 	-42.687370 	-45.284793 	-53.740240 	-58.500707 	-58.094745 	-56.435397 	-57.072131 	-57.708272 	-58.461136 	-58.390957 	-61.263531 	-57.511604 	
9.381453 	0.967635 	-2.472215 	-4.353391 	-9.444336 	-12.756762 	-25.686064 	-28.109201 	-30.157994 	-31.517487 	-34.609252 	-37.952062 	-41.697129 	-45.159260 	-50.265795 	-52.650118 	-53.596840 	-56.279141 	-54.468257 	-56.961109 	-57.445164 	-56.251334 	-58.531901 	-57.634476 	-57.075309 	
9.833103 	-33.379523 	-43.371777 	-58.830290 	-57.188851 	-59.826407 	-59.427931 	-57.644125 	-58.961392 	-58.714013 	-62.211727 	-58.364702 	-57.308419 	-60.841331 	
9.421205 	-13.931142 	-15.702462 	-18.095987 	-25.966489 	-26.503601 	-57.322917 	-58.139957 	-58.024668 	-57.753645 	
9.439879 	-3.150276 	-7.538875 	-14.072985 	-27.130366 	-26.594501 	-37.728611 	-35.227165 	-37.656050 	-41.341847 	-42.219164 	-43.725595 	-53.356090 	-60.213195 	-58.713244 	-59.709091 	-59.380552 	-59.938592 	-58.995494 	-58.989506 	-60.783510 	-59.545928 	-60.129392 	-59.722406 	-59.364648 	-61.274389 	-59.450585 	-60.170816 	-58.796025 	
9.692615 	-33.137427 	-55.999630 	-57.888409 	-58.147165 	-59.586830 	-57.146542 	-58.406577 	-59.068883 	-58.696785 	-57.838890 	-59.182770 	-59.887913 	
9.691848 	3.745579 	3.664983 	-2.230891 	-8.263499 	-13.425600 	-15.137400 	-18.151129 	-16.415089 	-20.660782 	-21.364618 	-32.223916 	-31.717210 	-29.449639 	-34.816869 	-37.630884 	-38.188539 	-41.024898 	-44.631437 	
9.784725 	3.845416 	-0.612398 	-12.494621 	-22.723168 	-29.145496 	-33.272699 	-56.431656 	-58.123971 	-59.309041 	-59.089233 	-57.467817 	-56.345009 	-57.744922 	-57.856120 	-57.990813 	-56.794671 	
9.581087 	4.186927 	2.971172 	2.658327 	-0.169875 	-0.130669 	-1.920946 	-3.618177 	-24.277599 	-26.151709 	-26.341614 	-25.482556 	-25.647504 	-28.864662 	-31.368844 	-33.209541 	-31.595765 	-34.925757 	-35.709694 	
9.777001 	-4.506613 	-14.092570 	-14.625448 	-23.400705 	-33.895332 	-36.689524 	-44.666385 	-56.057559 	-60.137877 	-59.361043 	-60.573451 	-58.744092 	-58.912423 	-57.563622 	-59.461303 	-59.299729 	-59.994555 	-62.506300 	-58.567768 	-58.676464 	-62.303553 	
9.560643 	0.925908 	-46.574433 	-61.705615 	-59.473859 	-58.389304 	-59.160092 	-57.442179 	-59.456975 	-59.427851 	-58.741518 	-59.951104 	-59.746677 	-59.590530 	-61.299374 	-60.031397 	-58.598090 	-60.179099 	-59.345049 	-61.251217 	-58.422875 	-60.145804 	
9.813006 	1.315790 	-0.764064 	-23.298841 	-48.009654 	-57.974259 	-58.495803 	-60.908457 	-58.701040 	-59.932378 	-59.661301 	-60.280381 	-59.467316 	-57.917152 	-59.018179 	-59.439294 	-60.098301 	-59.287983 	-59.698751 	-58.518276 	-59.553435 	-59.161461 	
9.817137 	6.197416 	-10.209693 	-16.401059 	-23.695133 	-37.812733 	-43.637689 	-57.380882 	-58.974366 	-60.651823 	-59.063181 	-59.798881 	-58.895859 	-58.946650 	-59.376487 	-57.301958 	-57.838925 	-59.612186 	-59.931618 	-59.737177 	
9.256966 	6.934860 	1.217881 	-15.078064 	-20.301788 	-20.330521 	-31.349156 	-46.163046 	-58.297140 	-60.642162 	-59.236713 	-60.613751 	-59.775110 	-59.733170 	-58.185769 	-59.342868 	-58.635654 	-58.700891 	-61.100329 	-59.098264 	-58.128802 	
