9.757691 	2.140994 	-4.859765 	-11.855487 	-26.357285 	-28.013793 	-51.119060 	-53.285942 	-55.141114 	-56.984724 	-57.081287 	-56.888362 	-59.822008 	-56.407215 	
9.612466 	5.016493 	3.854447 	3.117145 	1.688820 	0.541264 	-5.208237 	-18.332569 	-33.057142 	-48.961597 	-50.850246 	-49.783105 	-50.630375 	-57.280325 	-58.791547 	-57.771670 	-57.002156 	-57.998832 	-57.243310 	-57.616883 	-57.195799 	-58.289701 	-61.033936 	
9.828639 	3.602566 	-18.245344 	-23.324986 	-25.032267 	-49.832166 	-51.668130 	-56.015460 	-59.247191 	-58.570800 	-57.850768 	-59.743814 	-59.565528 	-58.392882 	-60.303261 	-58.409049 	-57.785336 	-58.928484 	-60.059753 	
9.688050 	4.109317 	3.741904 	-1.850041 	-3.716800 	-18.478450 	-24.135995 	-23.964870 	-27.418052 	-29.598741 	-29.309736 	-49.293514 	-56.497307 	-56.154975 	-55.589865 	-56.577340 	-56.367803 	-57.980922 	-57.419364 	-58.983754 	-57.424307 	
10.004330 	-10.106046 	-10.899735 	-12.126643 	-39.915424 	-39.411433 	-58.438094 	-58.721079 	-57.516589 	-57.800490 	-57.393774 	-59.088845 	-56.265397 	-56.718106 	-57.152307 	
9.678476 	2.171515 	-4.653538 	-6.197373 	-8.678925 	-12.525637 	-27.695500 	-27.584761 	-35.846912 	-39.581795 	-39.127162 	-42.438276 	-42.496209 	-53.949167 	-52.366544 	-53.661060 	-53.139837 	
9.855782 	-0.741987 	-6.109495 	-7.414962 	-5.918076 	-7.912192 	-11.053438 	-15.335616 	-26.013555 	-28.140964 	-32.091227 	-30.962111 	-33.529499 	-33.597519 	-38.273428 	-37.219389 	-37.988618 	-39.936042 	-40.722696 	-40.772306 	-41.044503 	-42.631557 	-45.587416 	-46.963583 	-47.891559 	
9.332410 	4.398446 	0.274891 	-32.546539 	-40.351430 	-45.707674 	-54.253502 	-56.190789 	-56.031433 	-55.876451 	-56.946770 	-57.325619 	-57.549879 	-57.619419 	-56.027808 	
9.649339 	-13.931133 	-18.987659 	-26.240763 	-25.369091 	-50.262601 	-54.868700 	-55.525974 	-59.706227 	-56.888539 	-56.884770 	-55.971308 	-57.392277 	
9.737974 	2.188741 	0.044223 	-1.126795 	-11.026018 	-6.813018 	-12.006218 	-12.313722 	-23.442115 	-25.465695 	-29.894776 	-28.073594 	-31.616856 	-33.433809 	-31.211311 	-33.805226 	-32.387053 	-36.655537 	-38.829925 	-38.955480 	-39.473282 	
9.556555 	6.504607 	-0.667326 	-1.201194 	-4.447074 	-6.754241 	-6.679829 	-57.721224 	-57.742339 	-57.294431 	-57.653777 	-59.785526 	-58.751841 	-62.055767 	
9.384019 	6.679182 	5.820194 	4.281474 	3.639653 	-0.641807 	-6.700530 	-17.601283 	-22.713549 	-25.571724 	-26.268904 	-28.225102 	-35.801411 	-35.949472 	-33.302370 	-35.757772 	-38.177565 	-36.466820 	-39.087245 	
9.447910 	-6.933633 	-36.940798 	-39.075196 	-42.699196 	-43.345089 	-47.774526 	-47.317956 	-47.989017 	-58.140642 	-52.764272 	-55.037028 	-59.175953 	-57.297201 	
9.846146 	4.770862 	3.123872 	-0.713790 	-2.908281 	-8.361752 	-8.580231 	-10.641473 	-15.638950 	-16.023737 	-16.353902 	-18.836841 	-22.433335 	-27.422441 	
9.859367 	0.880054 	-4.951029 	-7.035831 	-10.458242 	-13.933303 	-14.159380 	-22.405165 	-23.343907 	-23.306607 	-22.854522 	-26.612085 	-27.410494 	-31.772117 	-38.730895 	-35.996335 	-39.199660 	-37.000980 	-42.446108 	-42.686213 	-43.710837 	-47.404419 	-48.521606 	-49.831159 	
9.486850 	6.882788 	-10.311317 	-22.980159 	-24.729966 	-29.082838 	-40.860816 	-44.965540 	-46.238233 	-47.446665 	-49.771981 	-54.651504 	-56.055915 	-57.122510 	-60.770776 	-57.036588 	
9.710987 	2.765383 	-5.939324 	-9.843753 	-14.033647 	-19.433313 	-31.005478 	-37.551502 	-42.563344 	-44.630448 	-48.862171 	-49.755351 	-54.405126 	-56.469747 	-57.397229 	
10.032222 	2.121694 	-5.667796 	-5.427916 	-28.120185 	-36.379008 	-37.963157 	-41.769876 	-41.172924 	-41.894864 	-47.071273 	-52.656877 	-53.173200 	
9.653025 	2.611042 	0.264451 	-1.183876 	-2.804323 	-21.223762 	-20.841441 	-23.667247 	-32.594350 	-53.065420 	-53.810395 	-56.254492 	-58.380529 	-58.241081 	-59.593317 	-58.574229 	-62.789018 	-58.971585 	-60.635721 	-60.286017 	-59.563025 	-58.285993 	-57.931428 	-58.833364 	-62.467281 	
9.933414 	-17.807452 	-30.588039 	-49.944385 	-56.401316 	-58.367668 	-59.934523 	-58.032935 	-60.014153 	-59.168739 	-62.463765 	-57.682097 	-58.640802 	-57.202051 	-57.668419 	-58.262510 	-60.199356 	-58.031965 	
