9.999250 	6.413044 	2.489104 	-4.838118 	-3.800177 	-5.558856 	-13.891000 	-15.319274 	-18.452150 	-26.342084 	-29.324629 	-37.638462 	-37.890590 	-40.474921 	-52.663566 	-50.545511 	-52.258944 	-53.126120 	-53.428922 	
9.607109 	1.638510 	-11.263157 	-12.611510 	-12.942103 	-16.709167 	-18.244698 	-19.687031 	-25.730764 	-27.494042 	-30.893665 	-44.118685 	-44.633775 	-48.480197 	-52.343398 	-56.719196 	-56.082630 	-57.564766 	-56.256705 	-56.722508 	
10.007326 	0.417313 	-32.821429 	-36.188489 	-35.168597 	-37.898269 	-37.538219 	-42.651775 	-53.532732 	-52.798582 	-56.255612 	-57.513820 	-55.837912 	-60.200001 	-57.194190 	-56.215465 	-57.597585 	-57.114588 	-60.202802 	-57.992187 	-58.398754 	
9.946705 	-1.808856 	-7.678840 	-11.223548 	-26.380528 	-32.463838 	-35.126855 	-41.145405 	-44.195400 	-43.973853 	-57.002240 	-58.627196 	-57.246513 	-58.579887 	-62.221404 	-56.976132 	-58.455813 	-59.748234 	-59.018690 	
9.664434 	8.614391 	-12.504201 	-21.254961 	-21.731637 	-23.373385 	-41.075234 	-54.853546 	-56.245584 	-58.423620 	-58.476638 	-58.542109 	-59.717147 	-58.444678 	-59.442844 	-60.687898 	-60.281061 	-57.672196 	-59.677078 	-60.073218 	-59.255457 	-57.979604 	-61.106085 	-59.019682 	-63.235787 	
9.369697 	-44.457667 	-53.781342 	-58.958028 	-58.919095 	-59.324970 	-64.837381 	-59.237617 	-60.875486 	-58.740099 	-57.610289 	-58.769215 	-61.122078 	-58.778096 	
9.709525 	4.254999 	-2.195849 	-2.140217 	-4.738426 	-7.262277 	-26.138887 	-31.682814 	-34.622084 	-36.376226 	-36.116828 	-57.355635 	-57.192046 	-58.833299 	-60.768085 	-59.425050 	-58.337635 	-59.641190 	-60.016292 	
9.795473 	-10.302337 	-12.284619 	-15.127163 	-14.914685 	-19.739408 	-22.419244 	-25.759799 	-31.206435 	-42.639234 	-44.640829 	-50.300045 	-53.470209 	-53.560683 	-56.635140 	-56.727322 	-56.805154 	
9.830385 	-29.397227 	-45.962062 	-57.425849 	-60.780230 	-59.494619 	-58.496743 	-58.309860 	-58.656712 	-58.230283 	-58.684601 	-61.426413 	-59.103703 	-58.622468 	
9.807619 	2.223646 	-1.561935 	-1.309544 	-1.010345 	-7.236252 	-11.883030 	-15.683080 	-16.888075 	-15.300526 	-27.528013 	-28.649122 	-29.664709 	-32.182120 	-34.190412 	-33.780468 	-37.641617 	-38.405651 	-38.317419 	
10.054939 	-2.718507 	-11.603848 	-16.715530 	-17.633213 	-25.204737 	-58.332813 	-57.151507 	-56.543377 	-56.902773 	-58.993847 	-56.950082 	-57.680196 	
9.735932 	0.125011 	-6.325319 	-12.589169 	-24.984586 	-31.170789 	-42.454938 	-58.617367 	-57.095625 	-60.229097 	-57.365208 	-58.423591 	-58.572415 	
9.811624 	-0.864164 	0.043974 	-4.451263 	-14.429061 	-13.729091 	-15.903405 	-19.198795 	-19.843133 	-23.005684 	-28.097178 	-31.447699 	-31.639744 	-34.253013 	-39.594640 	-36.281238 	-37.130564 	-40.903554 	-40.007298 	-48.767184 	
9.428386 	-0.800140 	-3.132586 	-15.643937 	-22.347277 	-22.532471 	-32.345773 	-48.488346 	-58.265366 	-60.091434 	-60.109436 	-61.191619 	-60.138426 	-57.768074 	-59.717356 	-58.407032 	-61.756315 	-59.150551 	-58.983170 	-60.046132 	-58.833462 	-57.876527 	-58.524119 	-62.682696 	
9.904971 	-22.974403 	-25.591687 	-26.884104 	-29.192486 	-43.438376 	-46.722684 	-48.402779 	-50.177518 	-49.711563 	-53.986816 	-54.084524 	-55.564208 	-60.125856 	-57.177057 	-57.593709 	-56.342082 	-56.844354 	-56.052588 	-60.215755 	
9.941025 	0.383542 	-2.937511 	-15.816794 	-17.184079 	-19.823091 	-34.255450 	-41.111187 	-45.508112 	-46.993434 	-49.341280 	-45.809180 	-50.968999 	-52.323763 	-56.590008 	-54.071266 	-57.031629 	-59.252272 	-56.251938 	
9.945880 	-0.929726 	-6.190024 	-17.066406 	-14.407149 	-18.900556 	-19.184271 	-21.338103 	-35.974546 	-41.027237 	-41.612826 	-43.478272 	-40.796463 	-49.953921 	-51.076400 	-49.117567 	-51.282056 	-54.840001 	
9.923085 	-2.559406 	-8.956916 	-16.237511 	-23.644880 	-26.064819 	-25.871640 	-29.553506 	-33.531650 	-47.429990 	-49.300974 	-47.903502 	-50.717981 	-53.463195 	-54.935179 	-56.489367 	-58.208889 	-58.026902 	-56.603159 	-55.524198 	
9.655182 	3.398320 	-0.984954 	-2.044253 	-2.019094 	-1.934655 	-3.347409 	-5.250936 	-6.953561 	-10.834815 	-10.090668 	-10.972779 	-12.186833 	-15.260016 	-16.083040 	-15.197878 	-16.805605 	-20.493619 	-22.851162 	-21.353607 	-22.598449 	-24.388278 	-24.316629 	-32.131273 	
9.940430 	6.370480 	3.202727 	2.570999 	0.836072 	-0.938829 	-1.917395 	-5.548183 	-7.316550 	-8.870189 	-9.419299 	-7.206146 	-10.080688 	-8.535764 	-10.074129 	-14.405798 	-12.088006 	-11.140204 	-12.501627 	-13.866218 	-13.839941 	-15.378113 	-13.139329 	
