9.915731 	2.034674 	0.592625 	-1.701382 	-3.743209 	-11.869205 	-15.875571 	-17.467286 	-17.465643 	-19.554171 	-24.484609 	-27.156833 	-32.468182 	-32.421000 	-41.381135 	-41.364472 	-47.125492 	-49.793045 	-50.917322 	-50.787729 	-54.013925 	-51.810495 	
9.601906 	-1.090654 	-5.522166 	-7.992208 	-28.977717 	-47.797111 	-60.597651 	-57.974231 	-58.983965 	-58.333633 	-59.042990 	-60.255715 	-59.446850 	-57.749841 	-60.632597 	-58.070565 	-59.477016 	
10.094828 	-8.804394 	-29.058801 	-53.030413 	-57.176485 	-58.482446 	-59.181676 	-60.158604 	-59.246173 	-59.210894 	-58.898463 	-58.135384 	-59.612453 	-59.252342 	-59.628328 	-58.993314 	-59.886589 	-61.342396 	-58.700647 	-59.809618 	-62.510294 	-58.243614 	
10.017593 	-0.940672 	-9.563351 	-19.403395 	-20.950404 	-30.841912 	-33.232945 	-59.647702 	-60.078603 	-59.318635 	-59.331874 	-59.120506 	-57.167891 	-58.478242 	-60.536081 	-61.149492 	-59.600647 	-58.833057 	-59.191254 	-59.563967 	
8.658642 	9.699959 	-5.802394 	-18.688284 	-19.176072 	-26.666869 	-47.525538 	-49.063096 	-49.203618 	-52.799581 	-55.735818 	-56.659764 	-59.618127 	
9.769648 	0.281526 	-9.990072 	-18.828664 	-33.434294 	-35.211084 	-36.129758 	-42.224601 	-45.997414 	-47.471810 	-46.936168 	
10.082418 	-1.730584 	-11.038939 	-15.095547 	-23.903088 	-19.777866 	-40.023048 	-43.690060 	-57.927512 	-57.238210 	-57.387713 	-59.914641 	-59.136723 	-58.898270 	-59.331624 	-58.836727 	-59.887099 	-58.419477 	-58.408107 	-58.608482 	-58.748977 	
9.737529 	-0.500736 	-17.606225 	-24.654960 	-57.759378 	-61.526892 	-63.114462 	-58.287482 	-59.037169 	-59.644410 	-60.279728 	-61.476744 	-58.936806 	-59.612678 	-58.770444 	-57.812633 	
9.645193 	-3.844996 	-8.030429 	-37.458053 	-40.531382 	-48.174777 	-42.829390 	-45.690193 	-51.048329 	-50.083952 	-48.123465 	-48.561181 	-52.571634 	-56.061761 	-55.561442 	-56.356962 	
9.975178 	3.073237 	-18.639363 	-19.347851 	-18.807039 	-22.284490 	-24.830059 	-22.904350 	-23.736778 	-31.439589 	-34.094976 	-34.685140 	-37.460008 	-41.079485 	-40.035960 	-41.862023 	-42.481854 	-43.850331 	
10.120460 	7.328628 	1.904246 	-11.299749 	-28.766373 	-33.511704 	-46.867112 	-56.119104 	-57.824274 	-59.756782 	-57.324805 	-58.401418 	-57.785314 	-56.968180 	-59.520303 	
9.769754 	2.343096 	-6.303662 	-6.034936 	-7.692208 	-12.064114 	-13.924768 	-33.893610 	-35.443744 	-41.253081 	-46.945404 	-46.392489 	-49.862501 	-52.547224 	-55.981233 	-53.700145 	-54.923221 	
9.912055 	5.571034 	6.194908 	-45.036186 	-63.728875 	-58.157054 	-58.815319 	-59.475773 	-59.808897 	-61.322649 	-60.068416 	-60.042900 	-57.957812 	-60.664783 	-57.971607 	
10.056226 	-6.254222 	-20.666123 	-22.133042 	-29.528087 	-52.610250 	-57.508741 	-59.784871 	-60.766556 	-58.641978 	-57.877020 	-60.816182 	-59.644722 	-58.422584 	-58.825949 	-58.516739 	-59.089976 	
9.341838 	-36.468416 	-42.820442 	-58.565937 	-59.549416 	-58.026798 	-64.509545 	-62.810395 	-59.067538 	-59.259647 	-58.929369 	-60.562048 	-59.261409 	-60.125211 	-58.868844 	-59.051609 	-59.927632 	-58.847119 	-61.047929 	
9.780420 	1.700508 	3.422348 	0.669082 	-36.626585 	-56.002446 	-59.838525 	-58.706700 	-58.024195 	-58.877499 	-58.344802 	-60.065161 	-58.831355 	-58.740010 	-60.136313 	-58.778050 	-61.638974 	-57.513165 	-59.445189 	
9.611555 	-6.494453 	-38.227042 	-53.074938 	-58.898351 	-57.207793 	-58.234162 	-58.397445 	-58.108040 	-58.562573 	-57.418397 	-59.064123 	-58.633757 	-58.522153 	-59.350759 	-58.472216 	-59.678251 	-57.472859 	
9.827653 	0.023230 	-7.074757 	-19.064510 	-25.597323 	-43.783125 	-49.723158 	-51.287629 	-52.383761 	-60.737686 	-57.977746 	-58.116386 	-60.046299 	-60.787769 	-57.731226 	-59.251079 	-61.934414 	-57.876693 	-57.276535 	-58.219514 	-58.809613 	
10.077652 	-0.247297 	-4.390269 	-4.290600 	-9.231433 	-26.404310 	-34.177410 	-50.265557 	-52.456010 	-58.770647 	-57.669782 	-58.054599 	-59.740894 	-57.181002 	-57.628974 	
9.679019 	-5.890361 	-10.258384 	-14.238509 	-13.021980 	-16.939367 	-18.969088 	-29.240556 	-33.322244 	-37.877052 	-37.471142 	-42.976294 	-40.922478 	-42.568643 	-45.236234 	-47.177918 	-53.883860 	-52.986874 	-50.315741 	-52.085121 	-54.729334 	
