9.905389 	8.508761 	-8.107405 	-7.005769 	-7.894657 	-15.958109 	-46.725485 	-58.129975 	-58.351585 	-57.974767 	-56.807628 	-58.701886 	-59.496971 	
9.707866 	-1.050517 	-6.018922 	-15.111651 	-18.686695 	-23.182943 	-27.368770 	-36.573164 	-40.441386 	-53.581802 	-54.318192 	-57.288107 	-61.350112 	-58.913625 	-59.649245 	-62.054975 	-58.352307 	-58.242214 	-59.623559 	-58.461601 	-59.700262 	-59.489953 	-61.376613 	-61.109824 	-58.652708 	-60.150206 	-58.462698 	-60.067066 	-58.848318 	
10.090977 	-14.589198 	-17.197288 	-13.320625 	-14.918329 	-16.750854 	-18.931614 	-17.723327 	-21.946848 	-29.828291 	-37.085557 	-38.009950 	-38.664029 	-40.333037 	-41.112787 	-44.167470 	-49.179545 	-52.339888 	
9.445566 	-5.148360 	-16.812131 	-16.920378 	-19.749121 	-26.622321 	-25.930509 	-26.305685 	-25.868391 	-27.614872 	-33.056810 	-34.645565 	-36.054010 	
10.055952 	-2.358992 	-36.514020 	-60.700570 	-57.366607 	-61.072213 	-60.354218 	-61.124840 	-59.426656 	-58.531867 	-57.610016 	-60.589371 	-58.033188 	
9.686590 	-16.532812 	-31.304562 	-32.994375 	-35.104448 	-35.128678 	-34.731283 	-37.006401 	-36.901129 	-37.359212 	-37.691628 	-37.897819 	
9.944442 	4.302258 	-40.971892 	-39.406313 	-50.798221 	-53.055213 	-58.558475 	-58.433220 	-59.680728 	-59.835579 	-57.829065 	-59.851372 	-60.772339 	-59.619328 	-59.805319 	
9.994812 	5.727577 	5.350449 	-2.933909 	-5.055411 	-8.019054 	-9.086882 	-21.748152 	-22.367820 	-24.059594 	-26.481506 	-30.921030 	-34.651697 	-33.744604 	
9.873401 	4.805694 	0.850841 	1.027106 	-6.107608 	-7.075672 	-15.292535 	-15.055457 	-22.385170 	-27.829501 	-29.146654 	-28.770815 	-31.635771 	-34.840265 	
9.500590 	3.079968 	-9.693646 	-14.386789 	-17.845564 	-29.429467 	-36.215524 	-39.553158 	-47.816895 	-47.104589 	-50.318593 	-51.074159 	-54.342060 	-55.498524 	-57.586211 	-56.835661 	-56.804573 	
9.748458 	1.071902 	-3.448463 	-1.988335 	-8.258651 	-13.579505 	-12.704516 	-17.174128 	-18.524014 	-24.067891 	-23.003021 	-30.837135 	-27.728983 	
9.644744 	1.774349 	-1.962663 	-8.491867 	-13.728844 	-28.921304 	-28.667238 	-39.799962 	-42.029688 	-40.986748 	-44.118921 	-48.441516 	-49.866768 	-50.974087 	-51.575636 	-56.394446 	-55.448582 	-57.254764 	
9.577468 	7.177341 	-0.570601 	-2.720127 	-4.329110 	-6.105887 	-10.449656 	-10.391913 	-10.648614 	-13.052101 	-16.903782 	-15.489201 	-16.135340 	-17.568081 	-21.964102 	-21.429289 	-24.505433 	-23.376397 	-22.827147 	-25.665120 	-26.472985 	-26.495717 	-27.353962 	-30.096689 	-34.499827 	
9.700665 	-1.430366 	-6.196374 	-9.279744 	-14.570829 	-18.019015 	-17.450372 	-21.311281 	-22.856218 	-35.224000 	-35.126617 	-35.784968 	-36.257171 	-43.580615 	-47.145343 	-48.656959 	
9.966601 	1.331687 	-7.020201 	-7.518776 	-10.564753 	-16.734290 	-12.427968 	-19.573011 	-24.179171 	-22.873126 	-26.205966 	-29.383160 	-35.161616 	-33.025166 	-36.127940 	-36.101416 	-37.669546 	-37.587483 	-38.346207 	-41.934132 	
9.870319 	-22.660381 	-24.942271 	-52.688046 	-60.571954 	-58.380186 	-59.115278 	-58.929242 	-60.550334 	-59.465563 	-58.959104 	-61.987944 	-57.653733 	-58.476632 	-58.581017 	-58.681639 	-58.498887 	
9.704191 	1.870038 	4.113340 	3.227647 	-0.804862 	-0.954185 	-1.019434 	-5.272555 	-5.696434 	-8.025288 	-8.076065 	-6.218566 	-7.486365 	-7.408472 	-10.748232 	-9.827902 	-11.658865 	-10.916120 	-14.131639 	
9.851707 	3.516422 	3.332161 	2.436238 	-7.714316 	-14.257019 	-19.488608 	-26.489623 	-32.752111 	-33.882441 	-32.804006 	-35.769382 	-36.898022 	-40.610733 	-44.640285 	
9.473254 	-2.385074 	-2.556356 	-5.127072 	-7.566889 	-8.426050 	-10.338438 	-17.698204 	-18.521343 	-25.308514 	-24.873430 	-33.190423 	-35.628355 	-35.330550 	-35.584599 	-37.774547 	-39.662898 	-37.863319 	-39.474284 	-42.704223 	-43.741074 	-45.082409 	
9.678800 	2.503708 	3.232216 	1.628653 	0.781608 	-1.463403 	-2.941985 	-8.065415 	-13.790502 	-19.962517 	-31.468605 	-34.339370 	-38.781023 	-38.792653 	-38.521612 	-39.554268 	-45.563173 	-53.962949 	
