9.663123 	-12.584550 	-11.940904 	-18.892982 	-19.393119 	-22.844969 	-42.574980 	-49.955374 	-54.154235 	-53.988762 	-55.010581 	-57.334140 	-57.213267 	-55.978235 	-58.448127 	-59.176190 	
9.752120 	6.653229 	3.211897 	-0.178837 	1.461107 	0.414987 	-1.594105 	-0.704400 	0.918469 	-0.446303 	-0.495058 	-2.404813 	-0.917864 	-3.336885 	-3.135269 	-1.745280 	-3.052764 	-1.510219 	-0.878910 	-2.051209 	-2.440943 	-2.525133 	-3.932809 	-3.727410 	-5.816978 	-4.472675 	-4.080901 	-2.187541 	-2.884483 	-3.265072 	-2.146274 	-2.812888 	-3.983712 	-5.388394 	-6.090360 	-7.061883 	-7.336311 	-2.810060 	-4.544089 	-4.288306 	-4.236511 	-6.699784 	-4.222213 	-3.969567 	-7.404245 	-6.054548 	-5.255632 	-5.668895 	
9.661922 	2.106082 	-3.286834 	-6.860629 	-14.010624 	-59.301006 	-57.234194 	-56.689903 	-57.877408 	-58.880091 	-59.298723 	-59.006399 	
9.443716 	-0.715956 	-0.803079 	-1.643235 	-3.412350 	-3.118119 	-3.142455 	-5.143201 	-7.029046 	-8.530629 	-11.146309 	-11.917335 	-10.870429 	-10.925230 	-12.469291 	-14.636193 	-12.914995 	-14.044742 	
9.693059 	-3.347384 	-5.083211 	-16.809436 	-18.677425 	-19.152005 	-32.133828 	-46.145939 	-42.777066 	-42.346071 	-43.817382 	-49.793518 	-53.994714 	-55.760883 	-57.490104 	-57.458183 	
9.548182 	-0.347821 	-2.565501 	-1.920734 	-1.788952 	-8.425718 	-16.574779 	-26.110359 	-25.628956 	-27.086366 	-30.221837 	-37.024625 	-36.456941 	-35.302127 	-34.921877 	-39.028367 	
9.781768 	-3.684315 	-10.678077 	-14.780723 	-16.957686 	-26.416668 	-27.407336 	-29.325808 	-42.722672 	-59.949971 	-58.692789 	-57.468075 	-57.663786 	-60.060661 	-57.747909 	-57.923614 	-57.910561 	-57.195326 	
9.944956 	4.712108 	5.282720 	3.063546 	3.594268 	2.262942 	-2.069632 	-2.718631 	-4.414393 	-4.157081 	-6.970258 	-11.101961 	-12.221548 	-11.710748 	-11.897456 	-12.628672 	-13.714537 	-15.012033 	-14.041002 	-16.597677 	-16.578778 	-16.345948 	-18.063118 	
9.549099 	-6.079447 	-0.390053 	-7.531083 	-10.704474 	-16.114391 	-23.084947 	-31.118849 	-42.819928 	-61.130208 	-60.263953 	-57.892851 	-57.264628 	-57.848725 	-59.016696 	-59.708968 	-59.186338 	-57.939474 	
10.120382 	-5.168878 	-18.544851 	-21.460929 	-36.656601 	-36.400299 	-41.699860 	-57.417500 	-57.778332 	-58.075007 	-57.089726 	-58.618565 	-57.447488 	-57.935117 	-58.560188 	-57.319864 	-57.359625 	-56.903434 	-57.237059 	-58.581328 	-57.915919 	
9.975262 	5.020063 	0.656323 	-0.534895 	-0.094859 	-1.999772 	-5.603070 	-7.642023 	-8.270365 	-9.466439 	-10.031163 	-10.902957 	-11.204409 	-10.671051 	-11.907240 	-12.708501 	
9.407473 	-3.627876 	-16.988387 	-22.082734 	-41.157655 	-45.849605 	-59.354806 	-60.039398 	-58.916307 	-62.556351 	-60.338732 	-58.171472 	-57.191107 	-58.758843 	
9.713121 	7.505459 	4.663326 	-1.886873 	-3.799547 	-3.354868 	-4.250299 	-4.165520 	-9.303570 	-14.615005 	-15.628684 	-20.966289 	-31.905200 	-33.837528 	-36.804343 	-36.567370 	-39.564142 	-47.034206 	-50.056212 	
10.000637 	-7.715059 	-14.731571 	-16.116974 	-16.088086 	-19.766271 	-26.365104 	-31.732180 	-44.352735 	-51.975465 	-53.228367 	-57.252994 	-58.647519 	-59.914728 	-57.084083 	-59.071853 	-58.810362 	-59.498194 	-58.670672 	-58.649434 	-57.819836 	-58.253738 	-57.225489 	-59.780907 	
9.702580 	3.766556 	-28.408192 	-28.968343 	-32.703986 	-34.615678 	-36.528851 	-36.998475 	-47.413246 	-46.562624 	-48.572521 	-58.315788 	-59.307040 	-60.304158 	-61.422008 	-59.175118 	-63.093227 	-58.755084 	-58.051430 	-58.892686 	-59.585863 	-60.215239 	-58.717606 	-59.092656 	-61.264307 	-60.400203 	
9.985813 	6.980300 	1.798222 	2.225723 	-7.512767 	-14.442114 	-27.379586 	-28.069908 	-32.067401 	-33.686041 	-34.974560 	-34.239882 	-38.355993 	-37.462842 	-37.805277 	-38.439408 	-38.257816 	-43.373179 	-42.050360 	-45.839105 	-49.381128 	-46.124993 	
10.067937 	2.029972 	1.991597 	-4.722415 	-8.044167 	-7.561172 	-8.954189 	-11.052081 	-18.172329 	-20.288901 	-21.787260 	-22.938743 	-33.976338 	-39.174967 	-41.669139 	-47.172241 	-46.166264 	-46.040934 	-51.964192 	-53.589630 	-52.970043 	-53.947778 	-53.429940 	-54.404873 	-57.990913 	
9.732353 	4.897672 	-3.783115 	-6.582187 	-7.654786 	-7.982405 	-10.026912 	-12.428146 	-12.427698 	-15.264086 	-15.938846 	-15.578012 	-16.419272 	-17.742209 	-16.500042 	-16.165330 	-16.595258 	-19.105606 	
10.174343 	-10.538611 	-27.163283 	-30.454874 	-28.375343 	-30.457923 	-29.447692 	-32.362276 	-38.163807 	-39.104659 	
10.109738 	3.576162 	-13.945427 	-12.073048 	-17.090897 	-22.213166 	-22.730467 	-27.054292 	-31.060875 	-34.001187 	-44.713701 	-57.191619 	-60.275190 	-58.370007 	-57.855130 	-57.385529 	-59.887175 	-57.169049 	-57.203894 	
