9.595859 	-5.084704 	-2.389735 	-4.523019 	-6.461109 	-14.338505 	-17.603998 	-18.081682 	-25.443286 	-27.938607 	-29.595596 	-31.103725 	-29.632380 	-31.975984 	-34.105838 	-36.004246 	
9.567778 	2.746134 	2.454326 	-1.180237 	-3.659346 	-0.290854 	-1.902319 	-2.565664 	-3.844828 	-13.437819 	-13.703466 	-14.423097 	-13.949106 	
10.210827 	4.911307 	-4.099980 	-12.888949 	-11.192166 	-19.525030 	-18.254278 	-19.965593 	-20.606016 	-21.196415 	-24.973953 	-21.677838 	-29.971886 	
9.199727 	6.205652 	5.725709 	0.913967 	1.461931 	-5.863272 	-3.068810 	-7.479632 	-6.278161 	-8.420737 	-8.956892 	-15.850090 	-17.279375 	-17.389748 	-16.955067 	-20.380676 	-21.077485 	-22.508542 	-22.993496 	-23.011673 	-23.331159 	
9.360717 	1.724993 	0.994399 	-2.185626 	-1.070804 	-3.053541 	-4.267827 	-5.361486 	-3.393742 	-8.954405 	-6.603316 	-7.780038 	-7.877607 	-5.986994 	-11.209326 	-6.945139 	-9.743940 	-10.624171 	-11.185269 	-11.065039 	
9.928544 	7.546601 	2.242729 	0.355667 	-3.591676 	-6.348648 	-5.593259 	-8.065856 	-19.605335 	-21.498988 	-25.883059 	-28.303781 	-26.387873 	-29.424726 	-31.433671 	-32.531740 	-35.207392 	-34.843443 	-35.209112 	
9.641901 	2.087648 	0.248880 	-4.610527 	-8.745031 	-7.940436 	-14.555946 	-17.772187 	-14.404260 	-18.471167 	-18.804558 	-25.142057 	
9.700870 	4.942236 	1.785728 	-0.853647 	-3.840410 	-2.741147 	-5.123909 	-5.742004 	-6.119704 	-7.673270 	-7.127573 	-6.730442 	-8.337329 	-9.654268 	-9.434050 	-9.989147 	-8.581360 	-10.199902 	-9.220119 	-12.029910 	-9.679740 	-11.482434 	
9.391991 	5.118204 	3.120522 	-1.403089 	-0.555785 	-0.782947 	-4.302417 	-4.050805 	-4.940913 	-8.032581 	-9.569316 	-8.185316 	-10.363402 	-11.974967 	-11.010971 	-11.116968 	-11.527347 	-14.088804 	-12.280575 	-12.273075 	-14.900709 	
9.726645 	8.342545 	-3.637389 	-3.502146 	-2.447811 	-5.767909 	-10.086793 	-8.824018 	-6.209931 	-10.100637 	-10.518098 	-11.182504 	
9.699604 	6.459135 	1.584283 	2.793176 	1.323746 	-0.060214 	-1.578610 	-1.253606 	-2.632008 	-5.042056 	-8.419301 	-6.732269 	-7.938207 	-9.782245 	-8.849499 	-11.109433 	-11.515156 	-11.631187 	
9.634107 	4.133765 	-6.600476 	-1.598729 	-1.832398 	-8.869964 	-11.969150 	-15.093175 	-24.242596 	-29.460016 	-29.961702 	-31.034840 	-29.787408 	-34.663020 	-38.042376 	
9.617579 	3.785294 	0.459974 	-1.849003 	0.216532 	1.271658 	-2.245756 	-2.599978 	-5.186044 	-6.964127 	-6.574161 	-7.124992 	-9.396988 	-11.034273 	-10.359259 	-10.672924 	
10.023612 	6.146219 	4.245942 	-1.127369 	-6.637512 	-6.862756 	-10.052708 	-14.312981 	-28.953360 	-33.330258 	-34.496999 	-39.839019 	-45.524300 	
9.961167 	6.047632 	-16.170986 	-17.347237 	-24.077492 	-31.220965 	-38.628550 	-42.587839 	-46.203117 	-47.531772 	-46.185140 	-52.463412 	-51.178417 	-54.895575 	-56.640409 	-59.169943 	-57.217474 	-56.955916 	
9.945672 	4.707753 	3.217311 	2.749800 	2.016737 	1.018862 	2.849604 	0.019936 	-0.222086 	-1.796051 	-5.662241 	-5.596348 	-7.417161 	-5.203279 	-15.885271 	-5.179308 	-7.908538 	-6.132781 	-6.209698 	-9.764187 	-6.372103 	-7.841720 	
10.130281 	7.086533 	7.602926 	3.916806 	2.446976 	4.320003 	1.956966 	-1.458212 	-5.118187 	-6.122632 	-7.179629 	-8.254109 	-7.526715 	-9.473586 	-8.215823 	-8.718564 	-9.540668 	-10.874066 	-17.338144 	-9.490576 	
9.796362 	7.823891 	-0.071172 	-3.896113 	-6.242359 	-7.388841 	-17.209130 	-16.394676 	-26.108161 	-31.145328 	-33.235070 	-33.757211 	-35.749167 	-40.400321 	-40.715444 	
9.733911 	8.657025 	-2.545810 	-9.835674 	-21.315909 	-20.372608 	-21.388648 	-47.772430 	-54.051490 	-57.397537 	-58.459313 	-56.767920 	-56.775960 	-56.856742 	
9.700964 	-8.478021 	-19.525201 	-20.176009 	-20.071204 	-26.783137 	-33.559190 	-37.579567 	-37.313099 	-39.088127 	-38.987742 	-39.727890 	-43.927279 	-43.216214 	-47.300041 	-49.802284 	-51.988022 	-52.415256 	-53.800128 	-55.307299 	
9.265283 	-4.279117 	-9.644892 	-11.471341 	-13.805971 	-18.072808 	-21.343519 	-22.969837 	-27.286517 	-24.962939 	-25.530860 	-28.086890 	-26.828591 	-33.233044 	-27.987020 	-32.835552 	-33.545876 	
9.237193 	6.691229 	3.701614 	1.096435 	0.193861 	0.922187 	0.594288 	-0.553252 	-0.156999 	-0.432922 	-4.140016 	-0.297407 	-2.026751 	-1.358877 	-2.193277 	-1.942974 	-1.107584 	-3.415022 	-2.059564 	-3.237696 	-5.119910 	-3.279236 	-5.415859 	-2.844441 	-4.817792 	-5.417452 	-5.167582 	-4.707502 	-6.693196 	-4.527877 	-3.929891 	-5.142451 	-4.532320 	-6.575648 	-4.805239 	-5.027493 	
9.766363 	-0.637534 	-0.946053 	-6.023982 	-13.508000 	-34.263634 	-36.924002 	-36.484019 	-37.450585 	-39.572830 	-40.775465 	-48.370399 	-48.046050 	-47.089142 	-49.295191 	
