8.875340 	2.285847 	-7.392403 	-12.437550 	-13.438953 	-20.758579 	-30.582422 	-41.569297 	-47.867015 	-49.967895 	-56.378994 	-60.416298 	-62.982292 	-59.286308 	-59.610112 	-60.365575 	-58.929174 	-59.194171 	-61.517244 	
9.330121 	-45.226846 	-50.663022 	-58.595545 	-60.185956 	-61.046557 	-60.055884 	-58.803569 	-58.824172 	-58.990812 	-58.153252 	-59.608035 	-58.665200 	-58.596506 	-59.762372 	-59.415113 	-59.282531 	-59.457005 	-59.485268 	-58.621369 	-57.933903 	-58.878206 	
9.001268 	5.233924 	3.653747 	0.136172 	-19.838975 	-26.358774 	-44.000755 	-45.358754 	-54.196951 	-54.031645 	-58.151433 	-57.863690 	-57.044285 	-59.440762 	-57.202427 	-57.899657 	-58.403082 	
9.759821 	2.519486 	-3.360314 	-11.214497 	-13.570804 	-12.378844 	-15.365247 	-13.820654 	-15.409453 	-19.641846 	-23.952248 	-28.905307 	-39.937458 	-41.976115 	
9.803374 	3.686011 	2.791226 	-5.264840 	-8.484669 	-9.681138 	-11.899655 	-24.440266 	-31.693245 	-46.026689 	-58.333068 	-60.728101 	-58.739234 	-59.763029 	-59.095655 	-59.581536 	-57.935458 	-57.990376 	-58.831142 	-59.217354 	-58.149265 	
8.732694 	-22.387206 	-26.330827 	-29.495793 	-30.879928 	-36.194096 	-37.445523 	-39.982784 	-45.415245 	-49.531764 	-59.534573 	-60.284159 	-58.278504 	-59.149460 	-61.147354 	-61.415894 	-62.209442 	-61.712598 	-59.526424 	-63.800722 	-58.761177 	
9.153345 	-37.149744 	-57.941697 	-59.744375 	-59.705844 	-59.177604 	-58.753758 	-59.988035 	-59.550401 	-59.564906 	-61.067010 	-60.099200 	-59.406060 	-60.002621 	
9.634890 	-15.850744 	-20.498827 	-23.338938 	-29.895837 	-32.776471 	-34.455565 	-47.201329 	-54.503739 	-60.923878 	-60.318563 	-57.609570 	-58.939480 	-56.777496 	-56.773268 	
9.416424 	-10.793297 	-16.083178 	-23.896683 	-23.894134 	-35.294277 	-34.219435 	-50.792703 	-57.700262 	-59.408494 	-57.931044 	-62.063373 	-56.463912 	-57.844711 	-60.612332 	-57.137979 	-58.708284 	-58.301933 	
8.957377 	6.206320 	-1.649746 	-3.549450 	-5.939017 	-17.070118 	-20.951939 	-21.975429 	-31.001550 	-37.796574 	-40.560914 	-40.743273 	-40.690263 	-41.590166 	-43.428564 	-44.799582 	
8.767092 	-1.161261 	-21.670168 	-29.684903 	-42.163322 	-45.866534 	-62.447114 	-61.158576 	-59.038162 	-59.770909 	-61.507734 	-59.375251 	-61.829761 	-59.303603 	-59.188293 	-61.083130 	-62.382151 	-59.399656 	-61.280669 	-61.093059 	-60.448257 	-58.386797 	-59.723040 	-57.903298 	
9.747666 	5.949151 	6.429774 	1.077798 	-1.487229 	-2.186946 	-3.999143 	-3.181789 	-10.193056 	-10.334530 	-12.023773 	-14.752234 	-18.436476 	-30.056060 	-31.477181 	-35.260343 	-40.795704 	-43.522160 	-40.490840 	
9.141882 	-3.525096 	-7.222208 	-36.303458 	-46.651036 	-54.585402 	-58.496425 	-60.118096 	-59.268442 	-57.940258 	-58.595931 	-57.342305 	
8.797707 	-4.407531 	-11.488006 	-21.996733 	-30.210315 	-32.438021 	-34.000389 	-38.761988 	-42.895146 	-44.037365 	-58.170202 	-57.883101 	-59.564379 	-59.756809 	-58.212706 	-58.878384 	-59.773182 	-59.932066 	-60.266167 	
9.209276 	-14.938039 	-28.566841 	-30.583631 	-30.719889 	-31.256242 	-58.307798 	-58.328881 	-59.992814 	-61.607403 	-61.286034 	-59.864165 	-59.868475 	-59.185919 	-58.462594 	-59.454779 	-58.538205 	-58.560078 	-59.070809 	
9.790885 	-15.237569 	-33.808754 	-57.506328 	-56.473636 	-58.868578 	-58.730108 	-60.504175 	-57.723700 	-57.716927 	-59.321568 	-57.141950 	-57.088349 	
9.566892 	2.225306 	2.772382 	-24.128054 	-27.979280 	-44.809915 	-61.584426 	-58.691909 	-59.560701 	-58.659959 	-59.006380 	-57.763096 	-57.961466 	-61.828008 	-61.911785 	-60.834445 	-59.579144 	-59.151926 	-57.701190 	-60.187752 	
9.449927 	-7.528767 	-6.314858 	-20.132005 	-24.549919 	-50.781038 	-51.924921 	-54.440306 	-56.809556 	-57.250166 	-55.799246 	-57.820560 	
9.407440 	2.664953 	0.449474 	0.834814 	-1.376469 	-3.256053 	-5.586052 	-6.302197 	-9.581770 	-13.464689 	-14.127975 	-15.515447 	-17.777608 	-17.010965 	-17.923730 	-21.273667 	-28.994124 	-26.299292 	
9.235057 	4.684901 	-39.745955 	-58.645727 	-59.520168 	-59.332917 	-60.076268 	-57.639371 	-58.197986 	-59.097088 	
