9.928023 	-28.386430 	-43.933808 	-60.460136 	-59.230679 	-59.706554 	-61.093222 	-58.427957 	-58.847927 	-57.876428 	-59.605676 	-58.746029 	-57.978231 	-58.488465 	-59.550028 	-58.715883 	-60.708790 	-59.823198 	-59.507063 	-59.410155 	-59.248369 	-60.806698 	-58.916447 	-58.039010 	-61.544739 	-60.202688 	-59.338325 	-59.614835 	-59.986572 	-57.889057 	
9.410447 	0.645782 	-18.222102 	-25.357483 	-35.807021 	-56.943537 	-60.818327 	-59.518040 	-57.073096 	-57.332400 	-58.248188 	-60.011199 	-58.842755 	-57.381164 	-58.397347 	-61.016035 	-58.324680 	-60.443726 	-60.597392 	-57.006521 	-59.690134 	-60.767589 	-57.227951 	-60.424581 	-60.475953 	
9.503418 	-17.836526 	-59.568338 	-59.522959 	-61.003923 	-58.548113 	-59.023794 	-58.616629 	-61.757963 	-60.544631 	-58.547495 	-58.455913 	-59.762696 	-59.821857 	-58.091439 	-60.111188 	-57.901295 	-61.635394 	-59.065131 	-60.569060 	-60.948308 	-61.530225 	-58.143459 	-59.203450 	-58.398330 	
9.356914 	-32.417194 	-33.788539 	-59.430079 	-61.163380 	-60.317001 	-57.790755 	-59.783360 	-59.301010 	-58.605932 	-62.156811 	-59.644588 	-60.420533 	-58.625868 	-59.813002 	-60.275717 	-59.255092 	-61.112345 	-58.551577 	
9.244820 	-20.213532 	-38.568169 	-45.407323 	-59.481948 	-59.378690 	-59.503241 	-58.278310 	-61.718663 	-58.764208 	-59.516640 	-62.888331 	-59.585648 	-58.219362 	-58.940823 	-58.882338 	-58.401922 	-59.251777 	-63.061851 	-59.140952 	-61.433188 	-57.452053 	-58.010356 	-58.260156 	-58.403885 	
9.527196 	6.295693 	-61.597198 	-60.743418 	-58.309450 	-58.046388 	-60.040032 	-58.780145 	-58.161767 	-59.662475 	-57.539783 	-61.362889 	
8.883419 	0.215959 	-7.459830 	-32.913281 	-37.639533 	-50.979357 	-58.126981 	-58.214882 	-57.984382 	-58.446773 	-60.020021 	-57.230872 	-59.175440 	-59.980835 	
9.809715 	-10.219308 	-21.912940 	-42.762142 	-57.454644 	-59.334699 	-59.638037 	-57.848914 	-58.497393 	-57.544465 	-56.743339 	
9.851428 	-57.029054 	-57.225853 	-59.524293 	-58.936924 	-58.994848 	-61.326663 	-58.789841 	-61.347026 	-58.019744 	-60.815867 	-59.775950 	-57.289607 	-59.590603 	-60.057451 	-58.869117 	
9.421905 	-8.696042 	-45.865700 	-58.582930 	-58.216898 	-57.884506 	-59.526001 	-58.172803 	-57.949359 	-59.492005 	-59.021293 	-59.775201 	-58.741131 	-59.345962 	-60.312081 	-58.199757 	
9.664351 	-15.030672 	-47.815401 	-48.852832 	-59.386833 	-60.548658 	-58.115434 	-59.836737 	-61.896434 	-59.826644 	-59.511142 	-58.770474 	-58.113329 	-61.013499 	-59.921997 	-58.627550 	-59.363076 	-59.544910 	
9.691999 	4.955799 	-1.337776 	-36.905760 	-59.439865 	-58.050388 	-59.220228 	-57.516394 	-60.043661 	-63.882020 	-58.279984 	-60.972517 	-58.519206 	-59.454036 	-57.874545 	-59.334840 	-61.503743 	
10.162816 	-27.772869 	-58.300112 	-56.879556 	-59.345695 	-56.587017 	-57.881199 	
9.623412 	-4.397245 	-50.642544 	-57.025393 	-60.316427 	-57.533689 	-57.648657 	-57.104388 	-57.458070 	-57.201073 	-57.054676 	-57.410562 	-57.715798 	-58.093665 	-57.535472 	
9.533012 	0.049407 	-41.619633 	-59.690285 	-61.282281 	-59.789634 	-59.720162 	-58.748481 	-58.634456 	-61.148142 	-58.609051 	-60.700546 	-60.740825 	-58.876497 	-60.757899 	-59.170710 	-58.225442 	-59.095472 	
9.511905 	-16.847784 	-17.287067 	-18.754135 	-18.688070 	-21.382047 	-27.616400 	-25.765042 	-27.140188 	-27.465774 	-30.884281 	-40.201275 	-46.954935 	-49.828569 	-53.794997 	-60.549104 	-57.970862 	-56.600274 	-56.256493 	-55.624740 	-56.591595 	-58.702007 	
10.108387 	-5.396978 	-57.695058 	-60.101756 	-59.636337 	-58.290989 	-58.754080 	-60.439905 	-59.100647 	-58.986121 	-57.515365 	-57.946015 	-57.703555 	-59.876024 	-57.508225 	-58.799710 	-58.436372 	
9.303417 	3.302836 	-59.003437 	-57.952300 	-57.845634 	-58.805015 	-57.462718 	-59.843861 	-57.481170 	
9.522278 	-18.596104 	-18.969286 	-23.896331 	-45.404993 	-63.013502 	-58.443251 	-59.508610 	-59.310870 	-62.918831 	-61.309726 	-60.116798 	-59.144997 	-59.760853 	-61.954634 	-61.047810 	-61.238698 	-59.686619 	-59.907055 	-59.840155 	-59.318700 	-62.507854 	-62.166323 	-58.998032 	
9.812682 	-55.454151 	-59.155009 	-60.224989 	-59.895708 	-59.061413 	-60.994037 	-58.925830 	-58.878694 	-60.933927 	-58.154201 	-58.151190 	-59.925151 	-58.497403 	-59.267411 	-59.970589 	-59.898991 	-59.863451 	-60.243836 	-59.150750 	-58.697296 	-61.348562 	-60.873907 	-59.722014 	-57.984221 	-59.708446 	
