9.332860 	5.853436 	-35.410957 	-42.066257 	-42.594393 	-52.328746 	-57.499475 	-58.232344 	-58.371319 	-60.152038 	-59.268534 	-58.017699 	-59.183320 	-59.393739 	-58.076985 	-60.266571 	-58.323738 	-58.767670 	
9.912418 	-19.198845 	-37.155356 	-37.041302 	-58.925250 	-60.475405 	-58.124813 	-57.525939 	-58.183885 	-59.365658 	-58.260223 	-58.638166 	-58.433667 	-56.992791 	-57.997243 	
9.253492 	7.417393 	0.815816 	-2.920622 	-3.856698 	-6.490778 	-7.659736 	-18.947039 	-37.630583 	-46.906400 	-52.395318 	-56.615288 	-55.763241 	-56.474136 	-56.172760 	-57.643660 	-56.143408 	
9.743287 	1.747787 	-14.351289 	-12.758312 	-28.337399 	-57.809673 	-59.601111 	-60.017355 	-59.611678 	-59.640651 	-62.421569 	-59.925939 	-58.312020 	-57.921754 	-58.709287 	-57.139586 	
10.230841 	0.420225 	-4.365424 	-8.575424 	-16.280161 	-19.281456 	-22.764019 	-27.784251 	-34.618931 	-36.289777 	-35.125380 	-35.324445 	-54.022899 	-56.373134 	-56.138727 	-56.856930 	-56.501395 	-57.860327 	-56.609107 	
9.312250 	5.663229 	-2.702454 	-2.753701 	-3.533646 	-3.613006 	-8.955348 	-13.334770 	-16.626156 	-20.952686 	-42.217985 	-42.839582 	-41.548171 	-47.525560 	-47.868076 	-51.986610 	-55.648012 	-56.432641 	-57.650425 	-58.180201 	-57.998133 	
9.601199 	-6.659270 	-27.977351 	-58.229123 	-58.333499 	-58.813002 	-58.698451 	-57.446521 	-56.682924 	-57.860816 	
9.509160 	-10.474973 	-11.530940 	-22.715151 	-24.720220 	-26.074866 	-34.090508 	-36.449697 	-53.180144 	-59.232054 	-58.813273 	-58.559770 	-58.340101 	-58.317127 	
9.125105 	-1.268714 	-3.371443 	-9.826832 	-12.599949 	-22.387725 	-42.643064 	-57.131142 	-58.794921 	-59.954616 	-59.977518 	-62.837049 	-59.149550 	-59.120663 	-57.864029 	-57.699376 	-58.539476 	-62.504214 	-59.436129 	-58.665450 	
9.767421 	-26.732709 	-35.888163 	-43.223731 	-43.345815 	-52.161255 	-51.629337 	-63.478264 	-59.020961 	-58.750508 	-57.658576 	-58.791716 	-60.420902 	-58.708420 	-60.873155 	-58.553427 	-57.958804 	-58.893267 	-58.753334 	
9.454584 	-5.840356 	-5.510244 	-12.177866 	-20.299076 	-32.867464 	-34.579637 	-47.049890 	-58.477443 	-61.284186 	-62.265789 	-60.785907 	-59.228994 	-59.213544 	-58.326854 	-57.168628 	-59.045420 	-59.351439 	-57.765576 	-58.748199 	
9.562522 	-8.353436 	-16.783260 	-33.105332 	-58.289885 	-59.556779 	-57.598129 	-57.565494 	-58.956504 	-57.800048 	-60.475444 	-58.230978 	-59.269691 	-58.077266 	-58.259215 	-57.649933 	-58.544738 	-58.214035 	-61.143755 	
9.191174 	-14.067521 	-53.752171 	-60.745718 	-58.518512 	-61.193303 	-57.451464 	-59.926360 	-58.313862 	-59.085151 	-59.584655 	-58.297698 	-59.525156 	-58.018409 	
9.219974 	-13.767966 	-58.841706 	-58.676479 	-61.778187 	-61.056768 	-61.258167 	-60.567950 	-60.344627 	-58.935516 	-60.800617 	-59.705127 	-59.307892 	-58.305082 	-58.301650 	-58.581004 	-59.886609 	-57.059932 	
9.731731 	-11.339756 	-20.221445 	-23.255199 	-25.707430 	-27.346814 	-42.392247 	-62.391705 	-60.266769 	-58.481293 	-58.817713 	-60.438296 	-58.539906 	-60.717166 	-58.302596 	-58.963014 	-60.119679 	-58.337468 	-60.243948 	-58.418758 	-60.656831 	
8.828594 	-60.998619 	-59.329293 	-61.475980 	-58.983336 	-60.710591 	-60.347443 	-58.869290 	-60.772463 	-58.310301 	-60.018831 	-59.710664 	-61.278332 	-58.929973 	
9.319425 	-2.487860 	-7.269749 	-10.884892 	-44.800398 	-62.911428 	-58.756051 	-59.224556 	-59.192509 	-58.236374 	-58.455595 	-59.582937 	-60.146833 	-59.505663 	-58.066286 	-59.836229 	
9.204867 	-35.311145 	-42.346120 	-44.098518 	-47.902627 	-59.012132 	-59.094744 	-60.116618 	-59.778499 	-59.902511 	-58.313665 	-57.081252 	
9.318315 	-30.463862 	-30.423088 	-42.999932 	-52.159249 	-58.407406 	-58.993394 	-61.358715 	-58.428654 	-59.870728 	-59.636141 	-60.601008 	-60.456295 	-59.202992 	-59.147310 	-59.123899 	-58.812616 	-58.020456 	-58.997435 	
9.316113 	2.747667 	-1.903253 	-2.094344 	-20.149739 	-24.388666 	-22.540115 	-27.598754 	-28.271534 	-39.710919 	-45.188247 	-46.601893 	-49.250126 	-49.145357 	-50.047134 	
