9.092257 	-58.643504 	-60.821452 	-60.553001 	-59.067167 	-59.552654 	-60.585356 	-60.050494 	-59.165333 	-59.884675 	-59.300847 	-59.176984 	-61.280538 	-61.746026 	-61.068715 	-60.851785 	-62.511768 	-61.323887 	-58.503191 	
7.800977 	7.355685 	-59.770662 	-61.159968 	-60.531919 	-59.023688 	-59.962722 	-59.184124 	-59.227969 	-58.643909 	-59.457673 	-61.269508 	-59.117301 	
8.884785 	2.874025 	-11.877738 	-26.911664 	-55.129478 	-59.657126 	-58.683419 	-59.443177 	-59.021618 	-59.535751 	-61.766500 	-59.582475 	-64.555754 	-59.905728 	-57.215080 	-60.506111 	
9.244669 	-20.446075 	-25.023949 	-33.667303 	-37.657816 	-42.725936 	-43.686946 	-57.913502 	-57.855093 	-59.439759 	-58.251510 	-60.407315 	-58.786270 	-58.254378 	-58.808424 	-57.730243 	-59.163577 	-58.597624 	-58.722869 	-59.161411 	-58.055250 	
9.822099 	-21.805258 	-41.574556 	-59.761566 	-59.829743 	-57.696807 	-59.531560 	-59.893532 	-59.189749 	-59.751811 	-58.428325 	-59.377528 	-58.253024 	-58.462575 	-60.016860 	
8.798163 	2.691487 	-32.489518 	-55.126512 	-58.399609 	-60.236033 	-57.923746 	-59.438215 	-60.178714 	-59.088466 	-60.052383 	-61.384360 	-59.860816 	
9.057535 	3.946576 	-4.447583 	-10.037691 	-11.165227 	-24.163690 	-44.382785 	-50.181840 	-58.681328 	-60.804804 	-61.171499 	-58.356553 	-60.468072 	-58.374152 	-59.750280 	-60.001873 	-58.327394 	
9.193951 	-23.954642 	-53.265265 	-58.440876 	-58.029199 	-59.276318 	-60.051519 	-58.436243 	-59.926584 	-59.864372 	-60.309468 	-60.269715 	
9.388560 	-32.480860 	-37.874088 	-57.420315 	-57.832627 	-57.318382 	-59.363668 	-57.674907 	-59.555316 	-58.685466 	-58.054024 	-57.232778 	-58.033053 	
9.370627 	-0.859152 	-0.653682 	-8.786360 	-24.387406 	-30.601969 	-40.135791 	-62.252741 	-58.889439 	-57.983537 	-62.423855 	-57.386058 	-58.092517 	-61.344626 	-58.465056 	-57.855824 	-57.798566 	-60.799013 	-59.766200 	
8.732233 	-59.264916 	-59.104920 	-60.445060 	-59.711928 	-59.110251 	-60.505467 	-59.175771 	-59.143399 	-58.328559 	-60.438050 	-60.731875 	-59.082227 	-58.031390 	
8.633568 	-10.232906 	-10.825067 	-37.853335 	-62.070507 	-59.791759 	-59.775174 	-60.511022 	-58.416491 	-58.612960 	-58.249020 	-58.620619 	-60.921220 	
9.019631 	-10.739115 	-15.060638 	-21.901373 	-33.052175 	-58.176440 	-59.611781 	-57.758252 	-57.916851 	-57.875962 	
8.958459 	1.916606 	-10.734812 	-17.809714 	-21.114078 	-19.639564 	-20.731518 	-22.038486 	-21.386639 	-21.802153 	-25.664336 	-22.271017 	-25.706153 	-28.116390 	-31.657515 	
9.601130 	-16.713106 	-51.888654 	-57.598709 	-57.977967 	-57.548531 	-59.753529 	-57.446015 	-58.150823 	-62.241207 	-58.305707 	-57.879308 	-61.061726 	
8.953246 	-54.902167 	-62.487224 	-58.754383 	-60.605459 	-58.393070 	-60.360523 	-59.800341 	-60.290146 	-58.700189 	-59.626843 	-61.614182 	-59.861837 	-58.743612 	-62.010630 	-58.809445 	-60.052409 	-58.378222 	
8.965671 	-2.261595 	-4.066927 	-10.173913 	-33.960458 	-57.557802 	-59.372190 	-58.592660 	-58.049277 	-59.061065 	-60.090070 	-58.225326 	-59.740018 	
9.153261 	-49.264125 	-57.995316 	-57.840923 	-58.861271 	-59.866365 	-58.735589 	-59.996165 	-62.298725 	-58.889773 	-60.090826 	-60.822400 	-57.311050 	-58.333438 	-58.911455 	-61.689214 	-57.822681 	
9.188676 	-2.077257 	-17.542563 	-28.657266 	-32.713199 	-35.429128 	-36.271969 	-39.500631 	-47.888645 	-40.742161 	-44.735365 	-46.332243 	-47.625294 	
9.229399 	-7.648964 	-50.227195 	-58.488426 	-57.774842 	-59.634507 	-58.314382 	-58.190901 	-61.185073 	-59.068918 	-58.381220 	-59.700057 	-58.713444 	
