8.383312 	-13.346759 	-23.929282 	-33.044141 	-58.603872 	-60.269459 	-58.317465 	-60.790328 	-58.200540 	-58.381807 	-59.429345 	-59.264441 	-58.457978 	-59.218767 	-60.066566 	-58.806257 	
9.195351 	-4.656102 	-6.588853 	-12.480574 	-16.350691 	-20.634133 	-22.415465 	-47.229460 	-48.002862 	-59.263432 	-63.282269 	-60.242804 	-60.988668 	-62.032932 	-60.045284 	-58.991615 	-58.936844 	-59.094322 	-59.696775 	-59.302584 	-60.596443 	-63.585786 	
9.681654 	2.482702 	1.337643 	-1.954573 	-1.047147 	-1.705563 	0.214182 	-3.136176 	-1.487782 	-4.632242 	-2.666924 	-2.474780 	-2.873237 	-6.121966 	-3.871369 	-9.166947 	-4.585855 	-5.096908 	-11.553465 	-5.046996 	-6.397591 	-5.197111 	-5.443604 	
9.448929 	4.667081 	0.469186 	-0.371753 	-8.733873 	-12.227666 	-14.412234 	-16.917979 	-24.421224 	-27.112893 	-26.992740 	-24.660045 	-25.421031 	-27.885996 	-31.702764 	-32.709100 	-33.237915 	-32.319544 	-32.283850 	-35.760766 	-33.646437 	-34.769730 	
9.260956 	4.015812 	-13.335625 	-22.888968 	-28.061602 	-40.082808 	-44.105971 	-46.987239 	-59.564677 	-58.838016 	-58.131552 	-62.653558 	-58.726865 	-58.594666 	-60.835093 	
9.305692 	5.469756 	-6.073048 	-9.615084 	-11.302877 	-14.460203 	-27.977843 	-32.591452 	-30.658970 	-34.127101 	-38.503385 	-36.415087 	-40.241614 	-42.410059 	
9.173027 	4.898266 	-6.829161 	-12.163856 	-16.390946 	-18.589365 	-21.667495 	-28.700723 	-30.721223 	-39.028910 	-47.767593 	-53.556040 	-54.151948 	-54.933306 	-57.317405 	-56.343203 	-56.318381 	-57.157399 	-57.567441 	-57.407045 	
8.993548 	7.404702 	-1.968303 	-18.093389 	-36.267024 	-43.542899 	-59.493165 	-59.639590 	-60.295473 	-59.600999 	-57.747053 	-59.041387 	-61.692111 	
9.614497 	3.463890 	-22.604041 	-58.357547 	-60.281930 	-58.739706 	-59.440679 	-58.420098 	-62.652823 	-59.842410 	-59.388950 	-59.616718 	-59.043492 	
9.541324 	6.955020 	-5.993097 	-19.888769 	-20.958957 	-26.181189 	-32.680199 	-38.647679 	-41.953449 	-49.100471 	-57.571564 	-58.518258 	-59.289867 	-59.330061 	-61.245617 	-58.609444 	-57.718455 	-56.949947 	
9.142716 	-24.876148 	-27.983554 	-34.968241 	-36.998623 	-57.674113 	-59.147299 	-58.459854 	-56.850790 	-58.202535 	-58.802300 	-62.802056 	-58.747450 	-57.567006 	-57.967454 	
9.654994 	1.912743 	-1.484147 	0.770435 	-1.561642 	-2.719823 	-4.591045 	-5.022125 	-6.445029 	-9.814629 	-3.482551 	-5.621994 	-7.607449 	-5.651656 	-5.159460 	-6.498355 	-6.066198 	-7.322747 	
9.546661 	4.497522 	1.258723 	-16.021552 	-18.727018 	-21.312319 	-22.027075 	-24.927461 	
8.801048 	7.043760 	-8.317149 	-8.950031 	-47.179812 	-46.523022 	-60.848350 	-58.898018 	-59.648924 	-60.359468 	-61.132835 	-62.211370 	-60.057321 	-58.602762 	-59.878055 	-58.551103 	-57.717723 	
9.717799 	-1.485096 	-3.785103 	-5.660412 	-4.949132 	-14.906213 	-17.332356 	-28.763063 	-29.782528 	-29.499620 	-42.489920 	-45.509512 	-44.116255 	-44.246308 	-46.457998 	-56.364304 	-57.839239 	-59.142780 	-56.699456 	-56.826808 	
9.148701 	8.728865 	-12.570720 	-11.034737 	-20.768286 	-21.019034 	-22.170333 	-28.101908 	-31.010273 	-36.490871 	-34.695839 	-36.773678 	-41.128131 	-41.547969 	-48.929346 	-46.085841 	-44.446267 	-48.671740 	-50.872688 	-53.960304 	-54.448647 	-56.070088 	-55.084031 	
9.528146 	4.685601 	-0.780770 	-4.854939 	-5.206986 	-9.002200 	-10.660480 	-14.097945 	-13.173195 	-14.418313 	-15.095326 	-16.177356 	-17.568752 	-17.503416 	
9.574398 	-17.516135 	-47.631665 	-51.476557 	-59.878002 	-57.816050 	-58.392830 	-57.260098 	-59.254720 	-57.137506 	-59.317483 	-57.196131 	-58.598505 	-57.983538 	-58.023376 	-58.886466 	-60.464006 	-61.015250 	-58.587134 	-58.075495 	
9.845216 	5.951513 	1.593540 	-1.403232 	-3.241457 	-2.838324 	-3.798541 	-7.298329 	-24.763672 	-21.302501 	-22.976337 	-25.654958 	-25.600748 	-24.390625 	-25.845211 	
9.593852 	5.535179 	2.355231 	4.006238 	3.444661 	3.802434 	1.824967 	1.763544 	2.742833 	0.731905 	1.032627 	1.674287 	1.201436 	1.236752 	0.367985 	1.041315 	-1.598493 	-0.517820 	0.265466 	-1.251073 	-1.199526 	-1.702845 	-1.436286 	-1.101851 	-1.583670 	-0.765717 	-2.799615 	-1.742613 	-2.740306 	-3.618712 	-3.727283 	-2.746304 	-1.698105 	-3.692233 	-1.547825 	-1.560288 	-2.381723 	-3.474300 	-3.816994 	-6.019338 	-5.230840 	-3.053588 	-4.653402 	-2.867832 	-2.587887 	-2.645553 	-2.520281 	-3.285005 	-3.158167 	-2.407401 	-3.733287 	-5.372695 	-2.349930 	-4.119865 	-2.377797 	-2.485431 	-2.807159 	-3.843376 	-6.161576 	-3.658148 	-3.662078 	-4.102846 	-4.244771 	-5.781441 	-2.800896 	-4.990065 	-6.053964 	-4.057113 	-3.784001 	-7.365445 	-4.964966 	-2.758527 	-7.008652 	
8.895746 	7.470660 	3.137615 	1.649277 	-3.001259 	-4.302340 	-5.147996 	-7.149547 	-8.102812 	-6.432875 	-7.012842 	-5.749443 	-7.436756 	-7.776665 	-8.474457 	-6.939929 	-6.571584 	-7.386074 	
9.204812 	4.077585 	-3.696757 	-8.545106 	-11.223712 	-23.864925 	-26.334126 	-31.886231 	-46.771997 	-57.796331 	-55.703949 	-57.478887 	-56.191391 	
9.091989 	-12.906988 	-40.776873 	-43.647244 	-60.423826 	-59.358211 	-58.708241 	-59.068455 	-58.915968 	-61.971615 	-57.305341 	-58.152287 	
9.588241 	2.658024 	4.672321 	2.926987 	2.200614 	-1.039710 	0.308370 	0.235937 	-3.804320 	-6.793973 	-5.133388 	-6.513509 	-6.562874 	-6.128376 	-7.855623 	-7.983478 	-5.368529 	-8.211153 	-8.192489 	
9.444088 	-6.431757 	-16.250442 	-17.307972 	-30.311786 	-30.317825 	-35.340003 	-58.486029 	-58.016206 	-59.613462 	-60.009859 	-56.929592 	-60.196657 	-57.840957 	-57.170887 	-58.933845 	-58.955041 	-57.667620 	-59.634094 	-58.236251 	-59.128817 	-60.203907 	-58.366271 	
9.267011 	7.505668 	0.486138 	-3.519947 	-4.025113 	-10.673371 	-15.542262 	-17.316072 	-17.989703 	-21.856104 	-27.964627 	-27.901658 	-41.948357 	-49.013895 	-47.753963 	-49.515519 	-54.197198 	-55.272363 	-58.702295 	-55.631131 	
9.129126 	2.497142 	-2.875404 	-4.461222 	-4.368947 	-3.674007 	-4.352148 	-10.153591 	-10.486423 	-14.161461 	-10.936777 	-11.584738 	-14.958188 	-14.437049 	-15.725089 	
9.128271 	5.183403 	-10.967302 	-20.011643 	-27.398549 	-35.997459 	-49.593825 	-53.474804 	-55.139147 	-57.168395 	-58.902109 	-58.053840 	-56.855118 	-56.870979 	
8.910409 	7.576047 	5.577028 	-4.556982 	-5.821768 	-6.244778 	-11.791921 	-26.562473 	-35.058212 	-40.545522 	-58.175975 	-58.160994 	-57.657748 	-58.132276 	-61.925639 	-57.730187 	
9.307096 	6.157092 	4.947792 	6.016703 	3.088126 	0.872094 	0.121438 	-0.885033 	-1.101483 	-0.999395 	-2.153513 	-2.885728 	-4.112007 	-4.009884 	-3.421259 	-2.716617 	-6.031175 	-4.931884 	-5.015727 	-6.683961 	-7.944107 	-7.360176 	-8.475198 	-6.803360 	-8.566391 	-8.528562 	-12.702983 	-7.638226 	-9.579490 	
9.199493 	3.007538 	0.985002 	-2.351137 	-6.356670 	-15.459237 	-16.489171 	-19.402030 	-21.634873 	-21.554770 	-22.003312 	-27.459596 	-29.491111 	-31.377293 	-31.445504 	-31.346664 	-32.249991 	-34.795439 	-34.453763 	-35.326138 	-36.636724 	-37.059889 	-37.702765 	-37.974554 	
9.443838 	7.677814 	-0.521365 	-2.310854 	-11.601192 	-9.995862 	-11.766651 	-15.856957 	-20.831744 	-27.949394 	-54.833045 	-58.762414 	-58.510997 	-60.159100 	-58.215836 	-60.854227 	-57.358719 	-60.487225 	-56.853473 	-58.009042 	-58.393890 	
9.297371 	3.083672 	3.185121 	1.441493 	-7.050963 	-13.285458 	-11.531410 	-24.061429 	-25.556526 	-28.838518 	-34.844751 	-30.407759 	-28.868428 	-30.417486 	-30.479398 	-29.360481 	-31.524879 	-32.216498 	-36.364078 	-34.350664 	-35.543423 	
8.852646 	2.369886 	3.686902 	-6.390665 	-8.368810 	-18.470853 	-18.708704 	-31.729016 	-31.233073 	-41.340155 	-42.009152 	-44.801345 	-44.409030 	-46.275750 	-48.940096 	-59.400410 	-56.439562 	-58.438828 	-58.855013 	-56.180814 	-59.774425 	-57.350793 	
8.999605 	1.935066 	-5.166393 	-6.602435 	-6.627801 	-12.522494 	-14.611874 	-17.821547 	-17.571420 	-21.121321 	-18.839182 	-22.150599 	-22.829357 	-26.334871 	-26.543437 	
9.562580 	4.241362 	-6.771020 	-18.927666 	-19.794428 	-22.149571 	-24.226773 	-27.612927 	-28.512782 	-30.383325 	-31.600363 	-31.689397 	-35.145512 	-37.109681 	-39.250351 	
9.042366 	4.444273 	0.428043 	-1.447672 	-1.605225 	-4.168727 	-5.897580 	-7.339427 	-6.458534 	-7.792750 	-6.769833 	-9.261470 	-10.890020 	-7.624703 	-10.197359 	
