9.501573 	5.203887 	0.465800 	-0.682031 	-3.748054 	-3.817779 	-4.312790 	-4.709045 	-5.666447 	-7.030840 	-6.645240 	-9.260770 	-13.279392 	-19.671210 	-19.919640 	-24.113771 	-23.914741 	-30.129994 	
8.979486 	-58.056470 	-58.232256 	-60.492629 	-58.592376 	-58.881368 	-58.260973 	-58.989609 	-59.115312 	-60.780554 	-60.540084 	-58.746180 	-58.505180 	-59.283592 	-58.247819 	
9.474175 	-4.288486 	3.704129 	1.915395 	-2.827293 	-10.185329 	-18.857271 	-24.548630 	-38.019323 	-38.987127 	-38.239095 	-39.664305 	-45.067873 	-44.876174 	-48.567532 	-49.598626 	-50.661267 	-50.927283 	-51.181696 	-51.443538 	-54.930093 	-54.707576 	
9.516583 	1.980727 	-3.999249 	-7.053713 	-8.780943 	-12.192010 	-16.726170 	-30.319654 	-35.406965 	-36.286665 	-37.467074 	-39.142787 	-40.223469 	
9.172473 	1.841686 	-7.960466 	-10.065144 	-12.579087 	-25.574002 	-31.402914 	-32.417075 	-32.695831 	-37.829122 	-45.257492 	-43.750886 	-48.674194 	-55.708942 	-52.994715 	-53.988396 	-57.648881 	
9.059613 	4.404826 	-3.136296 	-15.027160 	-58.352780 	-61.038679 	-59.590406 	-61.376507 	-59.869321 	-59.140900 	-59.549164 	-59.694018 	-58.742555 	-59.637902 	-59.950723 	
9.112451 	-16.237891 	-25.565035 	-29.668984 	-54.025855 	-57.735663 	-60.012522 	-61.150857 	-58.442793 	-58.426069 	-60.817478 	-59.457921 	-59.022126 	-59.350032 	-57.658053 	-60.116616 	-58.019805 	-58.429127 	-59.868415 	
9.565159 	0.364174 	1.129655 	-6.552418 	-12.576321 	-25.890965 	-30.213506 	-32.413489 	-31.150765 	-59.252306 	-58.318979 	-58.445301 	-60.450051 	-60.127240 	-58.942960 	-58.854452 	-57.559030 	-58.963585 	-57.950974 	
9.430943 	6.576493 	0.470594 	-3.763311 	-16.361369 	-46.286399 	-58.938091 	-59.495474 	-60.934455 	-59.114584 	-59.623919 	-59.988732 	-61.441654 	-60.745991 	-58.896090 	-58.938037 	-60.174357 	-58.534846 	-59.497913 	-57.988939 	-58.172711 	-62.110987 	-60.000515 	
9.527905 	-17.460828 	-17.685529 	-25.769783 	-33.370553 	-55.833743 	-59.970913 	-58.594429 	-60.862717 	-60.126612 	-59.451531 	-59.107890 	-59.445718 	-60.419934 	-59.224824 	-59.289043 	-59.711680 	-61.927483 	-62.115343 	-57.383826 	-59.245639 	-60.476148 	
9.698477 	-0.061548 	-28.811288 	-29.839699 	-54.611629 	-57.007843 	-60.639923 	-57.471741 	-56.123760 	-56.592522 	-56.400714 	-64.561128 	-56.640781 	-56.542049 	-59.333760 	-56.162877 	
9.245477 	0.170527 	-5.330923 	-5.560239 	-13.301448 	-18.252739 	-41.800427 	-50.949372 	-57.610635 	-58.180347 	-57.479403 	-58.305963 	-57.175402 	
8.808978 	1.018127 	-13.484987 	-26.623209 	-37.490520 	-39.339819 	-45.274128 	-48.097593 	-50.400913 	-54.831637 	-59.131923 	-55.924305 	-61.978555 	-57.475257 	-58.286879 	
9.594864 	-17.299711 	-32.690525 	-42.636913 	-48.102368 	-53.364064 	-57.796743 	-59.891684 	-58.435308 	-62.907013 	-61.323803 	-59.623140 	-58.939280 	-59.536278 	-59.497773 	-57.915902 	-59.128979 	-57.470681 	-58.261269 	-59.711825 	
9.396658 	3.892669 	0.363046 	-1.777076 	-1.534420 	-3.716534 	-3.201802 	-4.107888 	-6.701410 	-13.843287 	-9.174542 	-10.233108 	-13.028741 	-13.887287 	-14.873809 	-15.092499 	-15.523901 	-17.153476 	
9.358768 	-5.234245 	-29.071380 	-34.555998 	-41.548452 	-64.308258 	-59.189530 	-59.055436 	-59.607224 	-58.741216 	-60.064308 	-59.584543 	-59.107905 	-61.386487 	-57.948196 	-61.543084 	
9.460828 	4.160255 	1.400258 	0.128191 	-3.602024 	-6.380881 	-7.673127 	-10.955379 	-13.050823 	-13.118488 	-13.957511 	-11.575887 	-15.787965 	-13.639953 	
9.451178 	-22.031257 	-29.534744 	-42.886263 	-58.931382 	-59.039091 	-60.116050 	-57.910476 	-59.506733 	-59.307131 	-58.793915 	-60.237635 	-58.618303 	-58.852280 	-60.529637 	-63.547570 	-58.264095 	-59.126895 	
9.644137 	2.701845 	1.295582 	-8.800874 	-10.011500 	-14.110054 	-14.901516 	-20.056836 	-27.160610 	-23.212730 	-27.348291 	-33.787368 	-36.684032 	-39.573125 	-38.980787 	-42.207499 	-45.074750 	-43.457158 	-44.008230 	-44.630095 	-46.323695 	-48.440094 	-48.834700 	-50.594015 	-50.982469 	
