9.009930 	3.862977 	1.508130 	-0.753420 	-11.294503 	-13.572367 	-20.049987 	-24.118296 	-24.857379 	-26.863820 	-27.485480 	-27.334893 	-27.235091 	-33.400737 	-33.830972 	-36.569349 	-38.579143 	-36.819971 	-38.160113 	
9.193437 	0.477414 	-4.885754 	-6.591924 	-16.133852 	-16.939417 	-25.212311 	-30.008706 	-32.462879 	-44.224528 	-46.649254 	-48.376251 	-48.073618 	-49.833193 	-50.793542 	-52.380064 	-57.221705 	-57.199108 	-58.535172 	-58.493018 	-57.819019 	
9.397536 	5.127271 	0.471833 	-2.010189 	-3.264478 	-1.020143 	-1.678911 	-3.943527 	-3.990016 	-1.891718 	-2.627251 	-8.033335 	-5.890158 	-2.964200 	-5.920293 	-3.784556 	-3.630567 	-3.752131 	-4.110628 	-4.966935 	-3.563519 	-4.729482 	-7.272858 	-3.930288 	-4.234727 	-6.042130 	-6.135173 	-4.984953 	-6.874311 	-4.998830 	-4.332394 	-3.582783 	-4.769246 	-4.035391 	-4.924553 	
9.388922 	-0.321942 	-2.740638 	-5.875011 	-40.657004 	-49.689338 	-59.740273 	-58.886590 	-61.556143 	-58.437591 	-58.253825 	-59.021775 	-59.692600 	-58.344468 	-60.265660 	-59.089221 	-57.723775 	-57.691968 	-59.493844 	-59.841000 	-59.020797 	-60.677494 	-60.614802 	-58.396260 	
9.404752 	-23.001817 	-27.763370 	-27.102223 	-32.063294 	-41.103709 	-48.307521 	-54.477559 	-56.919416 	-58.662445 	-57.205725 	-59.263986 	-58.303322 	-57.677823 	-56.493724 	
9.006688 	-4.097688 	-9.125179 	-10.093105 	-16.144337 	-17.050891 	-24.136313 	-34.588331 	-30.695399 	-37.975194 	-40.655643 	-46.988309 	-48.514549 	-58.185268 	-58.692839 	-57.582169 	-58.356211 	-58.628450 	-58.685432 	-59.705256 	-59.637730 	
9.738295 	6.382215 	-8.221597 	-7.968293 	-15.778191 	-16.892079 	-18.946033 	-20.142449 	-21.424801 	-23.988755 	-25.286449 	-28.672418 	-26.078666 	-28.427328 	-27.277735 	-28.187590 	-27.371642 	
9.449647 	0.923048 	-3.040884 	-7.116436 	-5.301947 	-6.956672 	-9.631484 	-11.689483 	-23.602177 	-25.867506 	-26.848030 	-31.718810 	-34.431354 	-29.884572 	-31.840844 	-35.439031 	-34.156872 	-35.208937 	-39.630611 	-37.927328 	
8.901659 	7.105222 	4.774441 	3.781496 	2.943281 	0.257959 	-1.496774 	-8.241441 	-9.413414 	-15.528283 	-13.599827 	-13.262495 	-16.626245 	-14.494130 	-14.688943 	-18.363880 	-20.385662 	-21.821925 	
9.549676 	-0.571548 	-5.437696 	-5.676185 	-13.705760 	-16.993047 	-16.161182 	-15.757501 	-15.933054 	-17.315286 	
9.120001 	4.218434 	0.383508 	-2.624640 	-6.889316 	-5.944937 	-14.865030 	-17.181907 	-31.570219 	-35.778545 	-35.302698 	-36.901195 	-38.807562 	-38.276450 	-42.206053 	-41.725044 	-43.877308 	-43.463562 	-44.224182 	-45.985587 	-45.976404 	-48.607718 	-49.552623 	
9.152965 	-3.917427 	-9.681193 	-21.287105 	-24.142701 	-30.878931 	-35.280374 	-39.521165 	-41.035287 	-39.330718 	-39.840682 	-44.179934 	-53.635790 	-52.299984 	-50.605991 	
9.296672 	4.226315 	-0.127077 	-2.591179 	-16.398953 	-22.516963 	-45.902428 	-56.034251 	-59.116083 	-59.649954 	-59.635566 	-59.148443 	-61.720966 	-57.163333 	-61.722730 	-59.594165 	-59.835930 	
8.824410 	0.808004 	1.208478 	0.057700 	-0.510425 	-2.918509 	-6.091766 	-6.183333 	-13.909031 	-16.776100 	-18.833967 	-25.114987 	-26.575952 	-34.731233 	-39.055847 	
9.157922 	2.595564 	-20.531212 	-21.346543 	-28.632303 	-35.359572 	-36.893920 	-38.409531 	-39.023848 	-43.929809 	-46.832753 	-59.211098 	-57.930195 	-58.965880 	-58.717144 	-59.351590 	-58.196563 	-58.007753 	-57.396462 	
9.410948 	6.504178 	0.142231 	-1.974003 	-4.833697 	-6.189110 	-8.144088 	-8.570644 	-7.256999 	-6.944757 	-9.547251 	-21.475638 	-21.249996 	-22.439791 	-24.586801 	-25.954638 	-25.671234 	-29.088596 	-27.762983 	-29.421668 	-30.995488 	-32.631343 	
9.312537 	-6.126832 	-12.092595 	-22.713417 	-22.576237 	-29.251417 	-48.855642 	-54.064318 	-57.163755 	-56.142163 	-58.919581 	-57.617497 	-57.954747 	-57.981785 	-59.236080 	-57.953495 	-57.678281 	-56.890181 	-58.047028 	-56.209440 	
