9.029145 	3.043172 	1.919298 	2.798366 	-2.946623 	-2.082985 	-3.890808 	-5.820002 	-6.575147 	-14.428005 	-15.903365 	-15.833007 	-15.384274 	
9.443424 	-6.307969 	-17.957901 	-18.751686 	-25.454684 	-52.588511 	-58.005246 	-57.481568 	-61.183128 	-58.433611 	
9.317810 	5.056826 	4.427059 	2.186174 	2.727699 	1.949439 	1.385336 	1.218061 	1.065379 	1.402697 	-0.341789 	0.018219 	1.689125 	-1.539829 	-0.281553 	-2.415525 	-3.624134 	-0.942957 	-2.425419 	-6.108300 	-1.937212 	-2.886901 	-2.082426 	-3.258827 	-3.787966 	-1.570490 	-3.493070 	-5.516217 	-2.421382 	-4.186705 	-4.573807 	-3.674463 	-3.708392 	-3.708929 	-7.267512 	-4.949391 	-5.546270 	-3.170766 	
9.271531 	2.559782 	-1.052010 	-6.611619 	-8.586509 	-9.737419 	-12.086351 	-16.192982 	-26.110613 	-32.383407 	-39.289239 	-41.564773 	-41.248872 	-54.608124 	-54.036644 	-56.428183 	-59.393279 	-58.861012 	-57.208239 	-58.694979 	-58.602776 	
9.151405 	-14.784206 	-17.051376 	-17.220385 	-20.674292 	-21.615524 	-36.436331 	-37.914645 	-40.679630 	-57.022347 	-59.477994 	-59.196016 	-57.175295 	-56.628559 	
9.343062 	4.081082 	1.853396 	-1.341543 	-9.467374 	-17.268500 	-22.044363 	-44.517105 	-57.295881 	-58.082841 	-59.408480 	-58.292826 	-58.890694 	-59.460456 	-63.697038 	-59.231222 	-59.582354 	-58.513808 	-58.052999 	-57.508172 	
9.494462 	6.713982 	4.540934 	3.506200 	1.132223 	4.822570 	2.475615 	4.370638 	3.579183 	1.690950 	1.189856 	1.608539 	2.220969 	2.394942 	0.422290 	0.692899 	-1.193259 	0.625109 	-1.149854 	-1.681222 	-1.431963 	-1.610040 	-2.518027 	-1.100102 	-4.162371 	-2.037793 	-1.777785 	-2.968334 	-1.919796 	-2.870148 	-3.091115 	-5.353960 	-5.067551 	-2.989632 	-4.510434 	-4.825898 	-7.141185 	-5.541711 	-6.992922 	-9.265966 	-5.854734 	-5.211689 	-7.351347 	-6.069715 	
9.221604 	6.454993 	-4.968701 	-8.768332 	-10.300644 	-9.100665 	-20.619434 	-20.445812 	-23.728525 	-23.391974 	-24.093220 	-28.745033 	-50.546373 	-53.489340 	-53.545000 	-52.515348 	-55.761986 	-58.640930 	-55.914319 	-56.737144 	
9.040368 	3.749892 	-16.119964 	-27.370140 	-28.302269 	-33.315844 	-39.880758 	-44.562150 	-59.779238 	-58.960327 	-59.368977 	-57.448807 	-59.764618 	-58.385708 	-58.265148 	
9.014027 	-21.110856 	-22.994630 	-34.796172 	-38.757206 	-51.038438 	-54.435495 	-55.700425 	-59.218937 	-58.357405 	-58.429452 	-59.923041 	-58.487431 	-58.833746 	-58.915320 	-59.337850 	-59.496278 	
8.813137 	-1.670689 	-13.281198 	-21.755573 	-42.494683 	-44.997308 	-58.105858 	-59.558400 	-58.704932 	-58.971644 	-58.278983 	-60.034269 	-61.241607 	-57.353223 	-64.378447 	-59.300299 	-61.314573 	-59.927625 	-58.078727 	-59.102915 	
9.305723 	0.036714 	1.478152 	-8.504766 	-13.723350 	-14.392089 	-23.172316 	-35.287211 	-36.103558 	-37.580348 	-47.260903 	-47.047358 	-48.872624 	-50.573289 	-56.102461 	-58.686106 	-60.409382 	-58.088964 	-57.092604 	-58.399448 	-58.722223 	-57.901247 	-58.217381 	
9.395119 	5.390233 	2.397582 	1.914489 	2.280146 	3.884268 	-0.922924 	2.271994 	3.861695 	0.459084 	3.483748 	0.088434 	2.005422 	0.147619 	-0.055308 	-1.484077 	-0.150562 	1.244901 	1.171093 	1.481825 	-0.309987 	0.024682 	0.516934 	-2.316363 	-3.925207 	-2.502464 	-1.894303 	1.019699 	-1.710124 	-5.404280 	-0.904176 	-1.753146 	-1.759557 	0.951384 	-1.748456 	-0.833269 	-3.331016 	-1.479663 	-1.659660 	-0.701007 	-3.148593 	0.831540 	-1.010078 	-0.883901 	-0.532559 	-0.801094 	-1.407993 	-2.121666 	-0.957107 	-2.237582 	-0.947670 	-0.850092 	-0.602935 	-0.692556 	-0.901633 	-1.507997 	-1.672346 	-3.782249 	-4.747289 	-1.757016 	-1.870900 	-4.762440 	-1.697770 	-1.407223 	-1.151661 	-1.620206 	-1.905202 	-2.773811 	-2.445729 	-2.261359 	-3.053393 	-2.742860 	-1.820314 	-1.787407 	-2.507857 	-1.399904 	-2.642677 	-1.884559 	-3.459758 	-2.941306 	-2.345614 	-4.810217 	-4.101565 	-4.857911 	-2.351301 	-4.532837 	-2.328477 	-2.435709 	-5.888385 	-3.820783 	-2.989157 	-2.711829 	-3.082928 	-3.320548 	-4.461141 	-4.023259 	-2.134633 	-6.459547 	-3.772037 	-4.793726 	-3.137711 	-3.957623 	-4.227289 	-2.489715 	-3.903274 	-2.882901 	-2.963264 	-5.809731 	-4.733209 	-2.704686 	-5.707545 	-5.786442 	-3.249579 	-5.584061 	-4.968791 	-3.592899 	-2.833196 	-2.867497 	-2.519782 	-3.616499 	-5.269243 	-5.363031 	-4.275678 	-4.535994 	-3.103676 	-3.962037 	-6.159833 	-4.424693 	-3.390842 	-3.810892 	-10.193233 	-3.081414 	-3.061468 	-4.703421 	-2.286340 	-3.652154 	-3.959309 	-4.451559 	-5.909240 	-4.029692 	-4.693615 	-5.012170 	-6.907545 	-4.719101 	-4.839286 	-5.755798 	-6.475647 	-4.540696 	-3.482699 	-2.984658 	-4.371742 	-3.178559 	-4.865258 	-4.493800 	-3.707858 	-3.386107 	-5.512222 	-3.695822 	-6.033583 	-7.800701 	-4.014144 	-5.473955 	-4.042529 	-4.127848 	-5.976371 	-3.518607 	-3.795728 	-3.400320 	-3.709094 	-5.598772 	-3.753780 	-5.345983 	-4.852173 	-3.151509 	-5.161374 	-4.504774 	-6.061803 	-3.754951 	-7.147189 	-3.903043 	
9.470044 	3.178706 	3.975196 	1.765741 	1.867637 	0.858557 	-2.383733 	-1.635828 	-7.284025 	-4.306409 	-4.814060 	-5.052102 	-5.954719 	-5.792685 	-11.732288 	-8.679273 	-10.654247 	-10.832077 	-12.171406 	-11.394745 	-12.171562 	
8.803362 	4.473116 	3.338114 	3.145469 	-0.508607 	-2.266647 	-1.819428 	-11.084122 	-14.943746 	-16.244258 	-16.978999 	-18.355403 	-19.198678 	-18.325428 	-19.329823 	-21.015857 	-22.546240 	-24.648326 	-23.889112 	
9.171129 	5.064040 	4.745566 	-0.925483 	1.260136 	-6.692518 	-16.210844 	-18.328601 	-19.587469 	-39.022093 	-43.116269 	-46.824009 	-44.360560 	-58.440781 	-57.694238 	-60.967998 	-57.335581 	-58.543962 	-59.680926 	-58.262773 	-58.807217 	-58.325233 	-59.487619 	-59.652012 	-58.702918 	
8.927687 	-2.772447 	-2.546433 	-3.174346 	-4.321522 	-3.776521 	-4.903264 	-5.349242 	-4.335173 	-2.477401 	-2.997969 	-4.975324 	-4.617537 	-3.829130 	-4.593970 	-7.645530 	-7.969965 	-3.228922 	-5.468403 	-3.043758 	-6.028286 	
9.279143 	5.801943 	3.803199 	0.760346 	0.605065 	0.795431 	-1.919251 	-2.529956 	0.170575 	-2.258724 	-2.453353 	-0.507540 	-1.140991 	-6.435559 	-0.858685 	-1.068594 	-3.304690 	-1.587802 	-2.673285 	-4.387139 	-2.711434 	-4.581220 	-5.844400 	-2.761956 	-3.972108 	-3.991548 	-4.213405 	-2.998906 	-5.347608 	-4.744391 	-2.327077 	-5.213600 	-13.436860 	-3.263550 	-6.201821 	-4.216766 	-4.105076 	-2.761873 	-5.482465 	-4.921654 	-3.791679 	-6.369918 	-4.020906 	-4.167625 	-3.438218 	-4.605356 	-5.473909 	-7.780522 	-5.354289 	
9.625122 	3.664632 	-0.140439 	-6.666715 	-10.163566 	-21.923443 	-23.230455 	-23.225444 	-23.510158 	-24.817619 	-26.265609 	-26.870382 	-30.184184 	-31.890107 	-33.487108 	-35.143078 	-40.060897 	
9.272687 	3.471146 	4.378707 	3.030435 	-1.014136 	-5.452881 	-9.473149 	-11.048087 	-11.880866 	-16.285342 	-17.336036 	-19.111083 	-20.693579 	-24.054545 	-21.032345 	-21.033742 	-21.505123 	-22.842948 	-23.967749 	-24.985777 	-26.957961 	
9.222792 	3.766318 	4.220462 	4.314542 	-3.860849 	-2.061941 	-5.639719 	-7.195234 	-6.704799 	-18.217475 	-18.204886 	-19.352650 	-18.544615 	-21.507861 	-20.168877 	-23.624964 	-23.877446 	-25.459606 	-26.097915 	-26.936579 	-30.830262 	
8.859346 	1.356878 	1.519503 	-0.672769 	-0.282429 	-2.778427 	-2.558712 	-4.847942 	-6.008355 	-4.352068 	-5.384595 	-6.715584 	-6.696582 	-5.605429 	-7.744334 	-10.453282 	-9.505870 	
9.656304 	3.468280 	2.948079 	1.607271 	0.091018 	-4.058441 	-4.565454 	-4.710429 	-14.381147 	-15.459409 	-18.233370 	-22.419159 	-25.011541 	-26.075684 	-24.424685 	-28.013840 	-25.460390 	-28.544699 	-27.523012 	-32.702078 	
9.225885 	-5.863520 	-11.003614 	-9.845602 	-14.090476 	-14.288029 	-22.398201 	-21.787721 	-29.051206 	-35.168176 	-42.516597 	-42.704693 	-43.857320 	-54.804465 	-55.336876 	-56.281879 	-56.440932 	-57.239914 	-57.578377 	-57.501718 	-56.714746 	-56.222738 	
9.127392 	2.886030 	3.587874 	-0.211052 	-8.114274 	-10.194644 	-12.362697 	-10.901021 	-10.750696 	-13.305575 	-19.788396 	-17.927153 	
9.036476 	-1.831544 	1.058606 	-1.726572 	-5.218220 	-9.291441 	-19.189589 	-26.193878 	-31.707750 	-38.377674 	-51.229149 	-51.934142 	-51.535587 	-58.864562 	-56.398671 	-58.115512 	-57.027608 	-57.623725 	-60.933143 	-56.981253 	
9.394999 	-0.610771 	-16.387022 	-21.920033 	-29.135456 	-42.679956 	-52.034955 	-57.719143 	-60.185480 	-58.502408 	-58.592323 	-57.285422 	-58.450814 	-58.419168 	-58.364220 	-57.611122 	-58.923173 	-58.831441 	
9.508904 	7.788960 	7.927649 	5.592520 	-2.432405 	-6.446436 	-3.839646 	-4.546952 	-5.998857 	-4.600490 	-6.774550 	-7.878102 	-6.506291 	-6.989464 	-6.166039 	-11.541765 	-4.574111 	-8.327970 	-7.332982 	
8.988049 	8.025320 	-7.998155 	-22.533125 	-35.685065 	-38.289867 	-50.947045 	-50.458897 	-61.636522 	-58.608328 	-59.828717 	-58.866001 	-61.501782 	-58.525946 	-59.031701 	-58.310957 	-60.226241 	-60.908523 	-57.725802 	-57.988891 	-58.916276 	-59.980478 	
9.159958 	5.929593 	3.317950 	4.783106 	2.101505 	0.128212 	-11.111708 	-10.305114 	-13.650345 	-17.201505 	-19.112926 	-19.683663 	-19.520305 	-20.542309 	-21.508310 	-23.318281 	-23.400604 	-22.953005 	-28.162369 	-27.753537 	
9.041524 	-0.815195 	-2.628179 	-5.964121 	-16.509804 	-33.876921 	-59.164929 	-58.478823 	-57.835756 	-58.508049 	-58.562902 	-60.201031 	
9.301029 	0.846301 	-4.173059 	-4.921346 	-7.818826 	-13.983926 	-26.296711 	-30.729364 	-31.491158 	-32.411518 	-33.126666 	-35.183435 	-38.565191 	-38.746338 	-39.457894 	
8.759031 	2.786816 	-4.139269 	-7.762342 	-8.511944 	-9.199770 	-12.744749 	-15.547115 	-13.767812 	-19.108888 	-19.958886 	-23.541276 	-23.577381 	-27.724072 	-28.418441 	-33.748736 	-36.576258 	
9.502035 	1.874165 	-5.126254 	-8.025074 	-37.778440 	-42.368598 	-59.350284 	-58.058466 	-58.119294 	-58.782379 	-58.563965 	-57.268974 	-58.715746 	-57.363793 	
