9.055003 	-12.402190 	-27.079290 	-27.622460 	-39.602712 	-41.297604 	-43.196846 	-59.144639 	-57.334590 	-59.167927 	-62.009811 	-58.698962 	-58.820301 	-58.575146 	-58.436493 	-60.202106 	-58.327526 	
9.286981 	-12.277874 	-17.901733 	-17.442631 	-22.203425 	-25.385144 	-52.878346 	-55.856443 	-54.362532 	-58.578049 	-59.351732 	-58.831486 	-57.872146 	-57.275452 	-58.699337 	-60.342575 	-57.481018 	-59.618161 	-61.328819 	
9.837042 	0.968044 	-5.268781 	-12.719686 	-15.330596 	-45.915202 	-58.078001 	-58.501424 	-59.470961 	-59.440378 	-61.074977 	-59.365831 	-59.831193 	-60.385976 	-58.020269 	-59.582797 	-57.120672 	-58.999068 	-57.794350 	-58.067344 	
9.579628 	6.277575 	4.965553 	3.801742 	5.302386 	2.390606 	0.807195 	3.597658 	0.281715 	0.661507 	1.351714 	1.513308 	-0.353733 	1.805063 	1.348662 	-0.054933 	1.591190 	0.689424 	-0.286873 	-0.996196 	0.109539 	-0.306564 	-0.340073 	1.107346 	-2.075749 	-0.945964 	-4.053973 	0.834791 	-0.319215 	-0.138301 	-0.940004 	-0.037303 	-0.143712 	-0.232920 	-0.836345 	-1.438624 	-0.611897 	-1.689883 	-1.769645 	0.643258 	-3.891596 	0.159622 	-0.663602 	-1.184575 	-3.420309 	-1.396203 	-1.491947 	-0.218984 	-2.409191 	-3.621971 	-1.617113 	-3.242395 	-2.909941 	-0.933216 	-2.403439 	-0.887632 	-3.536066 	-2.393328 	-1.005679 	-1.849417 	-3.473035 	-4.621653 	-2.564070 	-3.330418 	-4.457552 	-3.787560 	-3.628647 	-1.637594 	-0.751738 	-4.873607 	-2.645187 	-3.779624 	-2.944643 	-1.825011 	-4.692404 	-3.406935 	-1.306373 	-1.932291 	-1.135850 	-2.974078 	-4.626709 	-2.756196 	-5.393432 	-1.775305 	-3.054988 	-3.161927 	-4.082615 	-3.893445 	-2.861609 	-2.250592 	-5.039418 	-5.778187 	-5.333555 	-2.812396 	-1.128236 	-4.082467 	-3.380152 	-4.052570 	-1.899784 	-5.053323 	-2.531066 	-2.952037 	-4.788337 	-3.650617 	-5.773897 	-3.929569 	-3.859574 	-5.423490 	-3.541011 	-3.586502 	-3.334951 	-6.636625 	-2.633807 	-4.388564 	-3.668730 	-2.761143 	-4.222088 	-3.595472 	-4.504214 	-3.808946 	-4.155117 	-3.147236 	-4.068935 	-5.044711 	-7.960182 	-3.306255 	-5.923332 	-3.953206 	-2.648930 	-2.565693 	-6.946045 	-4.055320 	-3.017484 	-3.459057 	-2.466302 	-6.162453 	-5.184176 	-5.942516 	-4.079284 	-2.449774 	-2.753964 	-3.664853 	-4.354015 	-5.361823 	-3.881384 	-6.047035 	-3.764028 	-4.637084 	-4.905540 	-4.271169 	-3.961006 	-4.943242 	
8.990823 	5.533791 	2.185311 	1.282950 	-3.637050 	-1.435768 	-3.345501 	-2.279562 	-2.543480 	-5.612763 	-3.464809 	-6.039501 	-5.516244 	-4.834577 	-6.380926 	-6.703753 	-6.173602 	-5.971215 	-7.055970 	-8.453659 	-7.038117 	-7.349097 	-8.765057 	-10.170118 	-11.171497 	
9.456291 	-31.320909 	-34.319257 	-40.208474 	-48.034597 	-56.788809 	-57.560318 	-59.436911 	-60.511383 	-58.681114 	-57.917044 	-58.264055 	-58.357335 	-59.565845 	-58.892872 	-61.922915 	-58.899853 	-59.642762 	-61.286772 	-58.771485 	
9.403219 	5.816496 	0.717294 	3.398361 	1.477934 	-6.538932 	-9.407329 	-15.702264 	-19.762357 	-22.852865 	-24.668289 	
8.888333 	6.695303 	7.245933 	4.469656 	4.486755 	4.587486 	5.014982 	3.449689 	2.979571 	0.473967 	-4.113311 	-4.561041 	-6.454443 	-6.917181 	-7.034631 	-6.360323 	-9.109356 	-8.311511 	-9.134405 	-8.699470 	-9.940068 	-10.764426 	-9.161367 	-8.450470 	-10.918232 	
9.901983 	4.894793 	-3.386297 	-13.208943 	-13.922808 	-34.006508 	-38.929454 	-38.653433 	-41.771126 	-42.002102 	-41.899868 	-43.239717 	-45.364981 	-50.650398 	-51.066034 	-49.213511 	
9.062673 	-52.882604 	-53.970197 	-58.447918 	-56.804478 	-59.779237 	-58.004418 	-59.190580 	
8.862881 	-0.588056 	-9.669386 	-14.990719 	-15.626176 	-28.519879 	-32.618830 	-35.701550 	-58.171764 	-60.741941 	-58.872138 	-61.996476 	-60.981470 	-59.003738 	-59.439457 	-59.425550 	-58.140407 	-60.386177 	-57.312817 	
9.486863 	4.290611 	6.984276 	5.900223 	5.010873 	5.219339 	3.918699 	4.321591 	2.174988 	2.377768 	1.812367 	1.927161 	2.876068 	-0.155416 	1.856504 	-0.200449 	0.403026 	1.128824 	2.172082 	-2.002104 	-0.354985 	-1.576681 	-1.739198 	-0.446584 	-1.262514 	-1.287101 	-4.151069 	-3.127903 	-2.846185 	-1.796566 	-0.575158 	-0.812257 	-0.053585 	-0.649409 	-5.561595 	-0.477067 	-1.138125 	-0.810593 	-2.582528 	-2.140323 	-0.801407 	-2.538507 	-1.977030 	-1.578250 	-2.752601 	-2.327120 	-3.189107 	-2.266820 	-3.157592 	-3.770908 	-1.952817 	-3.944878 	-8.278905 	-5.052676 	-2.704536 	-4.476485 	-1.607345 	-6.317304 	-4.565991 	-4.973878 	-3.452374 	-3.117312 	-3.556107 	-3.754413 	-3.060900 	-3.634864 	-5.987352 	-3.719664 	-4.470736 	-5.124800 	-5.949299 	-3.281798 	-3.531453 	-3.872225 	-4.497536 	-6.529965 	-2.877192 	-5.654578 	-4.891252 	-4.464778 	-4.832107 	
9.576911 	-15.692662 	-28.314216 	-37.400759 	-57.919075 	-59.222515 	-59.183699 	-59.660698 	-61.124641 	-59.081499 	-60.938858 	-57.503270 	-58.757919 	-58.086075 	-60.027776 	-57.904314 	-59.236001 	-58.097844 	-57.522367 	
8.914028 	-6.857978 	-10.099479 	-8.861093 	-20.820416 	-26.884960 	-44.436640 	-57.937559 	-59.740056 	-60.700807 	-57.055856 	-57.310602 	-58.717154 	-58.480751 	-58.695883 	
9.065499 	2.804033 	-8.920979 	-12.054053 	-17.786843 	-19.474181 	-23.482617 	-24.713163 	-31.191286 	-38.956470 	-41.630189 	-63.620986 	-59.136324 	-58.923477 	-58.593413 	-58.283004 	-58.706564 	-60.138452 	-58.346537 	-57.509611 	-58.666572 	-56.676801 	-59.117011 	
8.750215 	4.044792 	3.740861 	4.325789 	1.955233 	1.418145 	-2.399920 	-1.649824 	-8.161858 	-5.602222 	-4.950510 	-3.796633 	-3.531168 	-6.205268 	-6.574367 	-4.157859 	-4.223045 	-6.587529 	-5.830385 	-4.422982 	-6.101497 	-6.059785 	-6.663635 	-5.905230 	-7.714940 	-6.419352 	-9.852527 	-8.448126 	-7.487889 	-9.175730 	-7.041349 	-8.844259 	-7.603049 	-9.931543 	-8.645170 	
8.745805 	7.033040 	0.123685 	-1.004962 	-3.172625 	-6.390436 	-9.402920 	-24.625019 	-29.891202 	-34.098051 	-44.298872 	-43.585860 	-42.064863 	-42.590509 	-46.427023 	-50.913869 	
9.248962 	-10.949401 	-22.266043 	-24.311113 	-51.611665 	-53.376202 	-59.257212 	-57.927216 	-57.827322 	-58.133968 	-58.201551 	-58.663631 	-59.764914 	
9.646494 	2.157325 	5.867724 	0.562922 	-0.118901 	-2.070534 	-2.813854 	-1.599529 	-1.850921 	-2.726868 	-3.592861 	-2.739878 	-8.474597 	-3.808631 	-6.152442 	-8.703525 	-7.523137 	-9.066388 	-6.446266 	-6.463736 	
