10.377340 	10.267741 	6.327327 	7.238103 	7.057231 	8.778247 	8.110692 	6.715979 	6.166206 	6.793572 	5.278995 	4.763556 	5.468260 	5.285568 	5.360577 	4.758752 	4.075121 	3.713947 	2.653028 	4.616290 	1.897233 	0.461121 	4.389845 	2.015622 	0.860742 	2.120499 	3.232338 	3.091476 	2.969944 	1.860683 	0.671687 	2.309286 	0.688208 	3.046660 	1.141844 	1.175370 	2.211314 	0.268949 	1.931056 	-0.211880 	0.475330 	1.060044 	0.658635 	0.216085 	0.210939 	-0.003047 	-1.584875 	-0.828866 	-0.670325 	0.994782 	-0.330678 	0.355694 	-0.939870 	0.283256 	0.730880 	-0.000786 	-1.225673 	-2.054024 	-2.037303 	0.471923 	-1.433360 	0.084090 	0.451772 	0.146856 	-2.087475 	-1.559389 	-2.068235 	-1.011932 	0.909751 	-1.577308 	-3.248380 	-0.244136 	-2.070062 	-0.263951 	-1.673441 	-1.600908 	-1.030621 	-1.478472 	-0.970419 	-2.746625 	-0.676392 	-3.051655 	-1.655475 	-1.460274 	-0.404123 	-1.280857 	-0.391651 	-1.806293 	-1.826392 	-2.179650 	-1.694629 	-0.426257 	-2.832547 	-1.549302 	-1.870780 	-3.724049 	-1.111928 	-1.666930 	-1.661564 	-4.173454 	-1.308113 	-4.046051 	-1.016934 	-4.027817 	-0.941821 	-3.214905 	-3.008228 	-1.514207 	-0.579279 	-2.945068 	-2.119278 	-4.229785 	-2.161319 	-1.237156 	-4.181576 	-3.411230 	-0.743511 	-2.434362 	-1.601847 	-1.429889 	-3.151882 	-2.896949 	-3.690427 	-3.138919 	-4.459617 	-5.086529 	-6.122124 	-2.198466 	-4.275639 	-2.727292 	-2.187677 	-2.495806 	-4.270896 	-3.507732 	-2.213203 	-1.990282 	-2.335690 	-2.828256 	-5.255794 	-3.031781 	-2.119271 	-2.086786 	-1.065474 	-7.319234 	-1.993260 	-8.168175 	-4.008889 	-2.577217 	-1.657309 	-3.326479 	-2.558914 	-3.376481 	-2.797834 	-6.069467 	-2.754106 	-3.085590 	-2.529167 	-4.476748 	-2.742301 	-4.333685 	-3.973072 	-2.931865 	-4.812725 	-4.217354 	-4.136429 	-3.372780 	-3.288854 	-2.772526 	-5.037760 	-2.677145 	-2.391355 	-4.770603 	-2.345627 	-3.337118 	-2.308925 	-4.293234 	-2.909040 	-5.046500 	-4.594547 	-4.419236 	-4.619090 	-3.067108 	-3.736497 	-3.354218 	-5.767890 	-3.662258 	-2.806013 	-2.658861 	-3.956796 	-2.382194 	-2.917709 	-3.595224 	-3.754302 	-7.260555 	-3.268567 	-3.575329 	-3.645550 	-2.468967 	-4.148345 	-4.497163 	-3.322257 	-4.206327 	-2.632236 	-4.290936 	-4.364661 	-3.280713 	-10.342099 	-5.195279 	-3.262540 	-4.964337 	-4.097523 	-4.868615 	-5.038619 	-2.584497 	-5.077588 	-3.843181 	-4.683542 	-2.970627 	-3.754177 	-4.655330 	-3.243980 	-5.512828 	-4.955010 	-4.347971 	-5.396487 	-3.777058 	-5.057955 	-6.165477 	-3.825296 	-6.163480 	-3.507794 	-6.523137 	-3.639573 	-5.642690 	-3.314325 	-5.516747 	-4.233935 	-2.387187 	-3.709734 	-4.533906 	-5.591148 	-4.052097 	-4.037468 	-3.570443 	-4.072237 	-7.814163 	-3.963798 	-3.998674 	-5.006877 	-5.769723 	
9.534479 	-11.012639 	-21.698979 	-33.071220 	-58.054349 	-58.565484 	-57.697112 	-57.569226 	-57.014274 	
8.919234 	5.159215 	3.544767 	-2.840332 	-12.179967 	-12.051743 	-13.690234 	-15.521702 	-17.733816 	-17.968241 	-17.332489 	-20.231852 	-19.235263 	
9.120847 	5.174174 	-12.011181 	-19.558069 	-29.080348 	-41.426337 	-59.041998 	-58.466264 	-58.284330 	-61.926738 	-59.124843 	-57.596759 	-60.277556 	-59.167276 	-59.382008 	-57.700985 	-58.545814 	-60.771574 	-60.427953 	
9.340447 	-0.154385 	-20.499199 	-23.517599 	-25.433535 	-40.530206 	-38.251289 	-40.133785 	-40.445722 	-43.983398 	-49.894402 	-47.474994 	-49.187744 	-50.160542 	-51.462879 	
9.279365 	5.529554 	1.338982 	-6.619162 	-9.456424 	-14.684666 	-25.767905 	-26.392017 	-26.473670 	-26.963435 	-27.497859 	-27.170822 	-29.991153 	-29.705496 	-36.382804 	-33.604465 	-35.300074 	
9.723780 	4.066119 	2.047177 	-4.159624 	-4.422706 	-10.573366 	-10.553384 	-14.611648 	-16.684237 	-22.109826 	-28.425595 	-34.927956 	-42.761954 	-48.653315 	-53.186872 	-56.082263 	-56.695424 	-55.254127 	
9.417173 	5.876687 	5.107885 	0.694212 	-0.607713 	-2.465032 	-4.921764 	-2.477869 	-5.084684 	-6.345984 	-6.304666 	-4.906455 	-4.756980 	-8.207630 	-8.207518 	-7.448992 	
9.550787 	0.187033 	-7.754180 	-10.410825 	-11.668796 	-16.592956 	-18.405288 	-21.398241 	-27.453697 	-33.346640 	-36.390196 	-38.570153 	-47.014381 	-48.653383 	-52.134858 	-54.014522 	-52.537588 	-55.561523 	
9.821013 	2.830545 	2.680513 	-5.005221 	-6.860121 	-13.006437 	-17.386527 	-23.890707 	-35.379082 	-56.911192 	-56.853625 	-55.725387 	-56.465294 	-57.053754 	-57.984746 	-58.157677 	-56.334332 	
8.969068 	2.999016 	3.633322 	-2.626853 	-5.998369 	-10.040306 	-9.243998 	-17.215750 	-23.435304 	-23.989814 	-24.811239 	-23.718252 	-26.320626 	-24.866497 	-28.001664 	
9.106737 	4.682257 	1.359595 	-2.866961 	-11.220334 	-14.998597 	-15.310908 	-32.300581 	-34.306552 	-34.637133 	-35.568064 	-35.718471 	-37.260073 	
9.193693 	-6.052151 	-32.997991 	-39.109914 	-45.553110 	-48.768244 	-55.519059 	-58.141573 	-59.134741 	
9.586656 	1.074692 	-17.318987 	-17.087715 	-25.705941 	-24.250546 	-33.427151 	-37.338217 	-47.358399 	-47.710599 	-47.033447 	-58.729973 	-62.559167 	-58.029628 	-60.088723 	-57.762781 	-59.297782 	-58.960723 	-58.418506 	-57.793059 	-57.834860 	
9.280571 	-2.052318 	-4.507188 	-9.299600 	-17.228995 	-17.858478 	-21.337493 	-28.304937 	-29.321599 	-33.349193 	-39.320512 	-49.783203 	-48.000491 	-57.006610 	-58.475098 	-55.669292 	-56.973382 	-56.802556 	-56.633013 	-59.256824 	-58.802089 	-58.739053 	
8.966546 	0.772767 	-4.467418 	-13.883743 	-20.521508 	-20.241178 	-22.029688 	-34.204930 	-41.128279 	-45.329733 	-46.549744 	-48.334205 	-49.649775 	-50.060274 	-50.189092 	-57.340473 	-58.346397 	-61.012193 	-60.283516 	-59.417402 	-57.741657 	-57.580461 	-61.039405 	-60.006746 	-59.121767 	
8.620805 	3.263511 	1.771399 	-49.701613 	-59.005660 	-60.446750 	-59.821155 	-59.824019 	-59.591454 	-60.987268 	-61.317218 	-60.805673 	-60.150349 	-60.295050 	-59.236940 	-60.179668 	-59.110261 	-60.447717 	
9.427052 	3.787741 	-0.007584 	-6.813608 	-42.642505 	-43.529009 	-57.958090 	-60.913171 	-58.939170 	-60.898800 	-59.800957 	-58.403603 	-60.525238 	-58.223106 	-58.483122 	-60.100777 	-58.281479 	
