9.536566 	-0.404830 	-16.877259 	-47.353766 	-49.140026 	-56.099105 	-58.322127 	-58.914452 	-59.308554 	-58.405467 	-58.561583 	-64.121414 	-61.079562 	-57.707941 	-60.678851 	-60.036458 	-58.289679 	-58.316150 	-58.728293 	-59.215871 	-60.143135 	-60.000395 	-60.242280 	
9.368803 	4.315132 	-19.697690 	-33.570840 	-46.828302 	-58.646019 	-57.909932 	-61.298224 	-57.603956 	-58.297954 	-57.307906 	-56.900074 	
10.170630 	3.318409 	-23.811178 	-47.061218 	-56.356237 	-58.788677 	-57.750276 	-58.356935 	-59.825449 	-59.603535 	-57.978471 	-57.221281 	-58.411382 	-57.895469 	
9.348546 	1.167420 	-6.220867 	-6.980102 	-49.022430 	-60.342074 	-59.085713 	-58.525080 	-58.237374 	-60.604372 	-57.852903 	-59.054396 	-60.067007 	-58.191694 	-59.616942 	-61.462431 	-57.619909 	-57.924562 	
9.087993 	-12.054244 	-23.168310 	-26.243322 	-51.139682 	-60.287748 	-59.348143 	-58.295781 	-59.871501 	-58.042690 	-59.323056 	-58.944478 	-58.762852 	
8.703949 	-24.678441 	-45.627001 	-49.804495 	-59.261894 	-58.414954 	-58.175630 	-58.928638 	-60.854965 	-60.315058 	-58.523340 	
9.154323 	-21.700240 	-26.145233 	-58.565647 	-59.232653 	-58.586952 	-63.632627 	-60.689102 	-57.763649 	-57.999262 	-59.028851 	-58.481360 	
9.291038 	-6.193949 	-38.669797 	-45.049674 	-58.418431 	-58.834678 	-62.419510 	-59.038992 	-59.589817 	-57.555328 	-57.694038 	-61.592303 	-58.929563 	-59.528493 	-59.820078 	-58.892848 	-61.443526 	-58.492268 	-60.557467 	-59.209232 	-59.103429 	-59.703725 	
9.320122 	7.014332 	-9.697317 	-29.518430 	-35.132409 	-39.610922 	-57.703799 	-58.969539 	-59.650874 	-61.693362 	-60.468705 	-60.441403 	-59.429282 	-59.254444 	-59.386117 	-59.235044 	-60.888164 	-59.113112 	-58.753984 	-59.409116 	-59.062218 	-58.810313 	-59.966968 	-59.643574 	
9.292914 	7.112751 	2.948516 	-16.104217 	-24.386521 	-30.095166 	-30.339908 	-31.011059 	-44.174551 	-57.630913 	-58.415785 	-57.109129 	-58.305818 	
9.854808 	-2.983296 	-21.182194 	-57.870444 	-58.457168 	-57.393901 	-58.776535 	-59.194457 	-58.422968 	-58.796448 	-60.045815 	-58.680138 	-58.100181 	-59.089889 	-59.350330 	-58.408407 	
9.589755 	5.071322 	-0.199456 	-2.900775 	-3.214597 	-9.196162 	-14.991669 	-12.914694 	-14.389497 	-21.136174 	-23.393338 	-26.431715 	-40.352934 	-43.524568 	-48.300169 	-51.264705 	-55.521300 	-56.285208 	-56.517230 	-59.737599 	-55.933345 	
9.795212 	-3.790345 	-15.516339 	-57.329358 	-58.447933 	-58.099013 	-60.698242 	-58.609115 	-58.731433 	-61.172000 	-60.088547 	-58.744143 	-61.530941 	-58.236288 	-57.678395 	-57.274609 	-58.257812 	-58.293733 	-58.503977 	-56.863443 	-58.531152 	
9.077962 	7.582525 	-24.489580 	-28.237198 	-58.098250 	-57.950119 	-60.107186 	-61.731566 	-58.329232 	-64.506990 	-60.506501 	-60.149340 	-60.633800 	-58.845614 	-58.978508 	-58.154166 	-60.235057 	-59.305516 	-60.058173 	-58.777710 	-59.954224 	-59.951274 	-62.099375 	
9.343198 	-28.866973 	-50.632682 	-57.117844 	-58.338707 	-58.730830 	-57.437403 	-59.039562 	-59.462206 	-58.708499 	-59.231427 	
9.503963 	-59.727749 	-59.320090 	-58.224262 	-59.027239 	-59.709304 	-59.664792 	-61.424738 	-59.873539 	-58.838935 	-59.088186 	-59.505339 	-61.352590 	-62.463798 	-58.628137 	-60.110228 	-60.134477 	-60.691791 	-60.110974 	-58.849316 	-58.707632 	-60.158064 	-56.907856 	-60.078676 	-59.879352 	
9.525765 	4.246921 	-43.170810 	-57.217134 	-58.778609 	-58.319934 	-60.026940 	-60.836136 	-58.258900 	-61.461415 	-57.670354 	-61.078645 	-59.403577 	-57.633761 	
9.229471 	-0.560663 	-29.203924 	-36.288649 	-58.310852 	-58.055206 	-58.321195 	-59.862925 	-60.634635 	-63.517853 	-58.546877 	-58.187522 	-57.850886 	-59.315122 	-58.594060 	-61.589179 	-58.118801 	-58.786682 	-58.717386 	
9.025308 	-21.433650 	-27.883046 	-29.855394 	-41.039136 	-40.183314 	-59.757745 	-59.184361 	-61.100007 	-61.056602 	-58.880289 	-58.584393 	-60.238029 	-61.573738 	-60.743425 	-58.541845 	-62.596479 	-58.581704 	-60.092478 	-59.943445 	-59.372640 	-59.884943 	
9.816502 	-11.438697 	-10.673145 	-13.417164 	-58.265073 	-60.065081 	-59.050954 	-61.743727 	-58.640740 	-58.527121 	-58.176546 	-59.926658 	-59.151211 	-58.373647 	-60.590600 	
