9.054745 	-4.360278 	-5.499318 	-39.968903 	-58.434150 	-58.642113 	-58.843622 	-62.610151 	-59.022029 	-58.903594 	-58.632670 	-59.951918 	-59.902645 	-57.965880 	-60.945398 	-60.682744 	
9.236655 	0.416291 	-8.377981 	-12.662507 	-11.270823 	-13.024439 	-20.686992 	-25.420966 	-52.260557 	-53.796561 	-57.002339 	-54.024966 	-57.429743 	-57.278998 	-57.387054 	-59.733912 	-56.800691 	-57.888928 	-57.623077 	-57.526208 	-58.098609 	-59.407982 	-60.668727 	-56.775748 	-58.563099 	-58.916808 	
8.254907 	-0.539918 	-6.621708 	-18.639753 	-43.825457 	-54.086697 	-60.037962 	-60.177939 	-65.062658 	-63.042165 	-59.934691 	-58.704051 	-59.875204 	-60.683035 	-61.132093 	-58.389992 	-59.873619 	-58.072031 	-59.599716 	
9.207133 	-55.835821 	-57.819329 	-58.985814 	-56.618227 	-58.906261 	-58.041366 	-57.835540 	-58.484654 	-56.905447 	-58.604572 	-58.974567 	
9.094037 	3.126482 	-40.735040 	-53.397311 	-57.865067 	-59.094207 	-61.692497 	-60.266996 	-58.900110 	-59.736056 	-58.553530 	-61.340411 	-62.790988 	-59.169985 	-62.305048 	-60.431770 	-63.392805 	-60.341337 	
9.701343 	3.621922 	-8.329812 	-13.846083 	-16.540745 	-20.410506 	-20.350240 	-24.331932 	-25.317503 	-29.888645 	-32.526583 	-35.901609 	-39.023656 	-38.604223 	-43.113176 	-48.558653 	-57.963900 	
8.383501 	8.032920 	-6.183495 	-12.104866 	-17.215458 	-25.261359 	-39.152148 	-42.913318 	-56.846350 	-55.977945 	-56.240936 	-56.917336 	-56.697669 	-56.869716 	
9.281174 	2.074843 	-20.489982 	-41.527512 	-47.536731 	-58.937115 	-59.904875 	-58.804585 	-61.549109 	-60.509601 	-58.529373 	-59.737819 	-58.611558 	-59.070874 	-58.420196 	-59.620155 	-60.067847 	-59.540205 	-59.389201 	-58.513082 	-60.439874 	-58.510470 	-59.172935 	-63.511609 	-59.765190 	-61.464608 	-58.707325 	-63.019193 	
8.502401 	-28.836076 	-56.992718 	-58.385547 	-59.618124 	-60.439095 	-59.667863 	-60.983203 	-60.336253 	-59.006551 	-59.405901 	-60.258795 	-62.089510 	-59.171239 	-60.249414 	-59.564886 	-59.540197 	-58.454556 	
8.726871 	-6.459728 	-13.531757 	-19.712579 	-19.047137 	-26.767635 	-27.899048 	-55.137448 	-56.796796 	-60.136162 	-60.666634 	-58.460759 	-58.602942 	-60.924491 	-58.780377 	-59.128515 	-58.697030 	-59.364535 	-58.850404 	-62.106812 	-59.909809 	-59.958458 	
9.022993 	-3.568421 	-10.393952 	-22.832791 	-27.046413 	-39.314852 	-46.675275 	-47.582838 	-54.402267 	-58.235134 	-55.093986 	-56.568649 	-57.290802 	-58.195371 	-57.934713 	
8.653650 	5.857184 	5.682198 	2.772987 	4.348947 	4.031400 	2.687179 	0.537176 	-2.416022 	-1.435873 	-2.280445 	-3.938430 	-3.253282 	-5.551783 	-5.018388 	-5.004717 	-5.203783 	-3.657068 	-6.305162 	-5.464577 	-6.411601 	-11.222087 	-5.053199 	-7.763051 	-9.033875 	-7.980362 	-7.715117 	-7.954626 	-8.631917 	-9.098257 	
9.080254 	-9.140628 	-14.780580 	-31.692504 	-35.127321 	-40.947146 	-56.217507 	-59.544890 	-61.354924 	-60.278450 	-59.868984 	-58.809817 	-58.298784 	-58.852151 	-58.531836 	-59.471201 	
9.016342 	4.248225 	3.765004 	0.259211 	-1.113138 	-19.807081 	-23.325867 	-22.242405 	-24.790051 	-25.378694 	-24.705332 	-25.363936 	-27.782788 	-29.059520 	-29.681214 	-34.166538 	
8.992016 	-2.414154 	-20.067944 	-19.928123 	-39.444223 	-54.551205 	-58.275996 	-57.941346 	-58.216536 	-60.077574 	-57.663730 	-59.656723 	-61.300117 	-60.823489 	
8.974604 	-9.753865 	-11.467884 	-36.392085 	-49.004101 	-49.704071 	-62.499228 	-60.874999 	-58.913796 	-60.720936 	-58.866929 	-59.925016 	-62.250988 	-60.674488 	-60.393753 	-61.749880 	-61.077983 	-58.764766 	-59.731217 	-58.530107 	-59.352994 	-61.064578 	
8.752910 	-8.635838 	-22.561824 	-24.473509 	-32.924972 	-35.905746 	-40.412198 	-52.486175 	-56.760021 	-61.255943 	-59.633170 	-58.926495 	-59.521182 	-62.949799 	-59.978580 	-59.873682 	-59.093271 	-57.935391 	-59.693461 	-60.520083 	
9.204937 	-24.233149 	-43.105125 	-57.561536 	-59.709782 	-59.359343 	-61.520233 	-61.649622 	-62.148163 	-60.881569 	-58.986072 	-59.827273 	-58.906718 	-59.494870 	-61.414212 	-59.135703 	-59.005122 	-58.581309 	
9.616130 	2.598778 	-1.174645 	-9.088307 	-12.980242 	-15.726335 	-18.056364 	-24.304554 	-19.130748 	-20.180471 	-23.275662 	-28.263043 	-29.406368 	-33.671453 	-38.224765 	-36.769012 	-39.094099 	-39.586961 	-41.989486 	-44.853215 	-46.428187 	-46.368895 	-50.144022 	-53.224545 	-51.840643 	
9.167716 	1.770954 	-29.392164 	-27.577669 	-57.878561 	-58.418459 	-58.362161 	-58.906988 	-59.254397 	-58.408514 	-58.381857 	-58.086984 	-57.930714 	-59.718809 	-61.725698 	-57.364892 	-58.265654 	
