9.465750 	0.722573 	-9.536770 	-19.836039 	-18.911215 	-23.845111 	-30.614919 	-48.611292 	-56.331832 	-53.035115 	-55.505066 	-56.060858 	-53.872392 	-55.728583 	-56.364732 	-56.423394 	-58.162086 	-58.086872 	-57.104811 	-57.140625 	
9.102169 	-6.998398 	-15.465807 	-19.028746 	-58.551519 	-59.423037 	-60.274260 	-61.043677 	-60.477053 	-59.781208 	-59.453881 	-61.570277 	-57.727462 	-60.617730 	-57.776220 	-60.364805 	
9.488740 	-5.877536 	-10.809737 	-18.126243 	-30.734938 	-55.680298 	-58.132037 	-61.427832 	-59.115484 	-60.013466 	-59.277407 	-58.779388 	-58.881203 	-59.315425 	-58.151725 	-60.077551 	-59.294964 	-59.408970 	
9.414281 	0.324583 	-12.578966 	-24.864848 	-43.689521 	-61.276221 	-60.711104 	-60.505573 	-61.876482 	-57.990598 	-58.778221 	-58.729850 	-58.962890 	-58.864456 	-57.582458 	-58.872396 	-59.032845 	-60.145719 	-58.534884 	-58.612551 	-57.698759 	
8.777744 	3.943826 	1.475960 	0.186451 	-1.940597 	-0.958513 	-1.144738 	-1.929054 	-3.945441 	-3.509943 	-7.556662 	-13.904197 	-11.410872 	-12.253276 	-13.739198 	-14.855964 	-14.569201 	-16.730554 	-14.941591 	-20.530981 	-18.994995 	
9.385558 	1.420560 	-2.515081 	-6.280053 	-5.686860 	-11.034054 	-13.292033 	-15.718228 	-20.991060 	-23.374421 	-26.492699 	-25.235018 	-25.101610 	-24.930935 	-28.915808 	-29.662843 	-32.362229 	-32.420426 	
9.369875 	2.437390 	1.714021 	-0.986153 	-0.547500 	-1.198084 	-2.237615 	-5.435396 	-4.641505 	-4.609020 	-4.325037 	-4.971830 	-7.459247 	-5.483010 	-6.240465 	-8.415908 	-6.271646 	-6.912175 	-7.082778 	-9.302065 	-9.459061 	-9.805679 	-8.038486 	-13.038059 	-9.188329 	-8.397335 	-9.748386 	-10.428604 	
8.694589 	-0.815449 	-8.771179 	-24.071144 	-39.022262 	-38.083736 	-48.482536 	-51.161947 	-55.328025 	
9.288629 	-3.903139 	-2.803141 	-1.462130 	-2.187509 	-3.188784 	-2.980100 	-4.118338 	-9.772540 	-8.686815 	-5.988090 	-6.117894 	-6.509320 	-7.222667 	-7.055241 	-8.819183 	
9.194667 	-1.677853 	-3.229308 	-5.738538 	-9.276993 	-14.510790 	-18.335534 	-25.880073 	-31.098929 	-37.580922 	-36.489908 	-37.456506 	-39.545798 	-39.170059 	-43.683504 	-43.443809 	-43.091892 	-43.433463 	-44.304412 	
9.165663 	4.022045 	-0.891243 	-2.119321 	-3.841263 	-3.947953 	-2.798605 	-2.558875 	-3.830692 	-5.839038 	-4.266663 	-5.476343 	-3.812856 	-3.326562 	-2.571985 	-6.300447 	-5.077443 	-6.112621 	-4.913548 	-6.411183 	-4.432159 	-4.159405 	-5.901146 	-6.234935 	-6.079793 	-5.819480 	-4.839854 	-5.156927 	
9.043067 	-2.382118 	-4.002982 	-3.857041 	-4.437040 	-4.903257 	-4.362941 	-4.549101 	-5.660698 	-5.167719 	-6.366580 	-8.127385 	-9.314860 	-11.019814 	-6.420341 	-7.557644 	-7.660164 	-7.816259 	-9.453923 	-9.352248 	-8.600796 	-10.481359 	
8.940183 	4.112889 	3.220635 	3.404705 	2.183524 	1.051495 	0.987075 	2.198518 	0.812945 	0.178981 	1.269739 	2.539553 	0.837629 	1.178049 	1.839161 	1.688798 	0.328211 	1.443868 	-0.640157 	0.396550 	-0.964126 	1.253729 	-0.174927 	-0.475439 	0.288332 	0.300598 	-0.137371 	-1.000402 	0.270787 	-0.637492 	0.800802 	-0.876542 	-1.129164 	-2.203519 	-0.722183 	-4.114181 	-0.226202 	0.238030 	-2.149382 	-0.798874 	-3.740740 	-1.476305 	0.100828 	-2.772860 	-2.748694 	-1.092086 	-0.521174 	-1.079107 	-3.588752 	-0.069924 	-5.616825 	-0.450845 	-4.311647 	-3.782687 	-0.888835 	-2.415649 	-4.020222 	-1.556996 	-0.565830 	-4.994365 	-0.964125 	-3.879952 	-5.596643 	-3.942277 	-2.088468 	-2.488816 	-2.211629 	-3.630229 	-3.122745 	-2.029664 	-3.120251 	-3.035401 	-2.352841 	-2.948067 	-4.290564 	-2.982352 	-5.599447 	-3.985010 	-3.268679 	-2.335153 	-2.160445 	-1.982444 	-3.544603 	-1.970404 	-2.339739 	-2.787725 	-4.628453 	-3.658457 	-3.468393 	-2.480224 	-1.806854 	-3.820896 	-3.915311 	-5.192739 	-3.298386 	-3.515533 	-3.561408 	-1.403616 	-1.752145 	-3.099138 	-3.831823 	-4.246958 	-2.638294 	-2.754085 	-5.421115 	-6.748618 	-3.100890 	-3.518239 	-3.622819 	-5.771630 	-2.656666 	-3.724035 	-4.925214 	-5.327621 	-4.782921 	-4.139702 	-3.188604 	-3.336094 	-2.922306 	-4.896956 	-6.103042 	-2.344704 	-8.144978 	-3.258509 	-3.294803 	-3.354314 	-3.940293 	-2.345423 	-4.827464 	-5.361134 	-2.680430 	-2.565720 	-3.878888 	-3.341419 	-3.237113 	-4.747522 	-3.059318 	-3.770805 	-3.326859 	-3.653057 	-5.174099 	-4.670694 	-4.693755 	-4.833293 	-2.739954 	-5.100499 	-9.050721 	-3.944880 	-4.881526 	-6.199492 	-2.975997 	-5.291721 	-4.827820 	-5.896349 	-3.688013 	-3.426510 	-4.725401 	-3.911037 	-4.615024 	-3.398508 	-3.366322 	-6.259362 	-4.264652 	-6.589812 	-5.053916 	-4.033618 	-4.238721 	-3.071426 	-5.656388 	-4.690958 	-4.006599 	-4.173289 	-4.319698 	-4.943671 	-5.552072 	-3.098756 	-6.423064 	-3.806288 	-4.781738 	-3.563932 	-8.010479 	-3.425595 	-3.414766 	-2.826021 	-5.459054 	-4.087051 	-5.475877 	-4.568198 	-5.388028 	-3.345567 	-5.023970 	-3.955155 	-6.070821 	-7.368123 	-3.407092 	-6.565118 	-3.795269 	-4.425559 	-3.667927 	-4.246074 	-3.855236 	-5.335160 	-3.470911 	-6.214093 	-4.157392 	-7.436486 	-4.571803 	
