9.486102 	4.493280 	-13.963044 	-17.919196 	-45.241486 	-47.449172 	-52.643624 	-55.443432 	-55.553641 	-57.787747 	-58.000954 	-62.451437 	-57.320458 	
9.697616 	-11.045000 	-9.964428 	-10.426402 	-13.170283 	-26.888287 	-29.316550 	-36.209758 	-34.603519 	-41.965969 	-43.548874 	-46.216417 	-50.147027 	-52.353889 	-51.752813 	-51.714421 	
9.300257 	-14.435260 	-20.096787 	-43.180976 	-58.995709 	-59.754210 	-58.137265 	-60.274174 	-58.936874 	-58.597419 	-57.648724 	
8.903591 	-14.352834 	-18.911239 	-27.979102 	-51.900108 	-57.586180 	-59.524481 	-58.455949 	-61.079782 	-58.749468 	-58.696756 	-60.189912 	-59.925598 	-61.961778 	-61.547150 	-60.575973 	-60.288338 	-59.927484 	-58.719181 	
9.036532 	-19.710483 	-31.447390 	-56.228651 	-58.838138 	-61.513167 	-58.871959 	-61.438358 	-61.112492 	-60.882493 	-60.501667 	-58.788859 	-58.906231 	-58.861663 	-60.138514 	-60.976992 	
9.074880 	-0.949099 	-37.882473 	-56.539878 	-60.805796 	-58.541236 	-58.897365 	-58.752326 	-60.112435 	-57.870686 	-60.000294 	-58.195310 	-59.779381 	-60.120933 	-59.987745 	
9.141764 	-15.775553 	-22.646903 	-57.834071 	-59.338203 	-58.636505 	-59.372863 	-60.071709 	-61.869097 	-62.445655 	-58.035435 	-57.991944 	-58.956720 	-59.740411 	-60.370612 	-62.476242 	-59.270705 	-60.133330 	-59.972668 	-59.712491 	-59.849710 	-60.931986 	
9.354052 	6.828856 	-10.931541 	-24.382231 	-59.359120 	-60.110380 	-59.452328 	-59.266160 	-62.346868 	-59.586651 	-60.973486 	-59.983646 	-58.884297 	-60.237291 	-59.027741 	-59.469256 	-60.211971 	
9.453435 	-7.931921 	-8.193838 	-13.934753 	-20.023636 	-45.228190 	-57.676090 	-58.202394 	-58.752558 	-57.868277 	-58.715104 	
9.631102 	-21.327602 	-42.723020 	-45.784830 	-56.163604 	-53.250880 	-57.760234 	-59.987278 	-57.897389 	-60.346449 	-58.668382 	-57.152814 	-62.016950 	-63.576534 	-58.287811 	-58.988535 	-58.506078 	-60.493945 	-60.266224 	-58.289436 	-62.538781 	
8.982077 	-58.816649 	-58.081831 	-60.122278 	-58.607901 	-59.281662 	-60.247326 	-63.163949 	-58.492021 	-60.031630 	-59.482665 	-58.856628 	-59.396259 	-60.753347 	-58.588693 	-59.298751 	-58.134450 	-60.421915 	-60.491488 	
9.920094 	5.334876 	7.094926 	5.970186 	5.233812 	5.915579 	5.812800 	6.168506 	5.925739 	4.629617 	5.847207 	4.268574 	5.095977 	5.096110 	4.864878 	1.443426 	4.451029 	4.820125 	3.910033 	5.352265 	3.728429 	5.172718 	4.414009 	5.188043 	4.491816 	4.269175 	5.329716 	3.514000 	5.578459 	1.493665 	4.480905 	5.481362 	3.805768 	4.093459 	4.117971 	2.025092 	4.092214 	3.865481 	2.837629 	4.332928 	4.886210 	2.604764 	4.110643 	5.617996 	4.026793 	1.536004 	3.478404 	0.536142 	1.755461 	4.306480 	3.577846 	4.251662 	2.998348 	1.414154 	1.210011 	2.938260 	0.394593 	1.004497 	1.880515 	1.154309 	-1.703199 	0.184666 	-0.866132 	-0.416666 	-0.328431 	0.879762 	-2.945690 	0.079958 	-0.183769 	0.214396 	0.532281 	-2.302787 	0.035259 	-2.602784 	-1.755577 	-1.119768 	-1.832795 	-0.885184 	-2.483501 	-2.695838 	-4.212240 	-4.284470 	-5.343966 	-3.436962 	-3.388288 	-3.672182 	-2.708003 	-5.786602 	-3.852871 	-5.092959 	-5.130899 	-7.194971 	-4.338113 	-5.603440 	-5.335484 	-12.013423 	-6.341311 	-5.748889 	-6.099855 	-7.113703 	-6.657116 	-6.548191 	-7.013515 	
9.380849 	-18.578380 	-44.788085 	-51.951850 	-59.175811 	-61.512783 	-58.436696 	-58.240599 	-59.492482 	-60.401273 	-59.551920 	-58.561334 	-59.493270 	-58.549103 	
9.492393 	-46.898961 	-52.622736 	-56.966136 	-56.410631 	-58.190257 	-57.702714 	-58.645127 	-55.906331 	
9.174759 	-13.695278 	-23.028311 	-58.617172 	-58.878088 	-58.480797 	-59.064089 	-59.141348 	-60.749526 	-60.975404 	-60.445142 	-59.884856 	-58.008262 	-61.287806 	-59.429003 	-58.070748 	
9.608287 	-1.345257 	-14.179318 	-46.352299 	-59.513273 	-58.985315 	-61.358820 	-58.412271 	-59.177723 	-58.979861 	-57.432614 	-58.961203 	-58.387506 	-59.329845 	
9.682848 	-34.966456 	-34.927431 	-47.423174 	-57.555365 	-62.642922 	-59.562811 	-58.511326 	-62.513435 	-57.953406 	-60.097787 	-57.127704 	-58.419658 	-58.927161 	-59.653230 	-62.777755 	
9.493098 	-57.540722 	-57.373423 	-59.169703 	-57.834806 	-58.792901 	-60.092079 	-59.437974 	-57.283496 	-57.870148 	-58.669527 	-59.730639 	-57.397672 	
9.047590 	1.117393 	-1.676531 	-27.940893 	-57.449466 	-57.273838 	-61.281323 	-61.015944 	-58.796693 	-60.536647 	-59.281974 	-59.469922 	-58.949897 	-60.617466 	-58.457595 	-60.075505 	-61.342010 	
9.289253 	-37.211685 	-60.031184 	-59.086668 	-58.501221 	-58.545280 	-57.394640 	-60.706722 	-60.229268 	-58.321797 	-59.354873 	-59.470136 	-62.873647 	-60.739285 	-61.541623 	-60.022415 	-59.046417 	-59.442328 	-61.113371 	-58.056734 	-59.059904 	-60.584432 	-59.922227 	-58.574701 	
