9.414234 	-15.986907 	-17.221797 	-40.911787 	-48.563608 	-57.496840 	-57.568928 	-62.805320 	-59.178601 	-61.271880 	-58.945823 	-59.236526 	-61.479360 	-58.900509 	-59.031421 	-60.445816 	-62.923848 	-59.165120 	-60.277160 	-59.143906 	
8.849451 	-8.314722 	-16.316334 	-32.723301 	-45.054457 	-60.592669 	-59.504093 	-59.149397 	-59.747357 	-58.572477 	-60.155693 	-58.255197 	-59.057356 	-62.912464 	-59.608966 	
9.228601 	4.133304 	0.235994 	-31.185522 	-59.351947 	-58.950357 	-58.766502 	-58.575517 	-58.457426 	-58.113176 	-58.699092 	-58.079370 	-58.125297 	-57.477712 	-58.002432 	-62.993051 	-59.346191 	-59.591247 	-58.671098 	-61.257522 	-59.580265 	-62.391582 	-58.165574 	
9.168697 	-17.247438 	-17.847697 	-22.269327 	-32.323298 	-38.456498 	-58.219308 	-62.191735 	-59.091522 	-59.689641 	-58.300023 	-59.259810 	-58.739497 	-59.450847 	-58.566817 	
9.430887 	5.609771 	4.408778 	-0.180180 	-57.743140 	-59.566615 	-60.269109 	-59.443740 	-59.636899 	-59.243721 	-58.216699 	-58.856823 	-59.277686 	-59.326119 	-59.806093 	-60.313378 	-58.756856 	-57.356212 	
9.163790 	-9.171655 	-21.201918 	-56.578430 	-59.353827 	-59.098101 	-61.786252 	-58.283239 	-58.068550 	-59.638584 	-58.884440 	-57.873464 	-58.651822 	-59.627650 	-56.989658 	
9.698399 	7.094376 	4.313103 	-2.580742 	-5.268314 	-13.597735 	-19.603032 	-18.795766 	-23.860971 	-21.985274 	-22.378647 	-26.713021 	-26.551182 	-26.209990 	-27.242080 	-27.673565 	-28.863863 	
9.299567 	-10.259282 	-11.884554 	-37.661925 	-44.906006 	-47.113759 	-59.639557 	-57.818146 	-58.932967 	-62.396962 	-60.294411 	-57.227150 	-59.433461 	-58.715473 	-58.402437 	-58.734688 	
9.202640 	-7.710978 	-16.144668 	-60.007648 	-58.376743 	-58.805470 	-60.395060 	-59.804864 	-58.040164 	-62.138022 	-58.960401 	-62.100191 	-59.339025 	-62.038313 	-58.855428 	-59.878478 	-62.026794 	-59.747372 	-60.439523 	-59.256158 	-60.299531 	-58.840364 	-60.439794 	-61.089989 	
9.112355 	-1.467602 	-4.030580 	-58.720076 	-58.937639 	-59.174829 	-57.249601 	-61.075151 	
8.927259 	-6.061899 	-26.311217 	-58.539546 	-58.570661 	-58.270377 	-57.915097 	-58.087852 	-58.303804 	-60.230710 	-59.117683 	-59.009680 	-58.806974 	-58.378530 	-59.724878 	-61.600599 	-58.388789 	-57.822216 	-58.548901 	
8.849077 	5.978803 	-0.058865 	-6.247063 	-4.288723 	-17.764535 	-17.806675 	-19.547867 	-23.801746 	-23.902265 	-25.963920 	-26.896374 	-27.187968 	-27.294800 	-26.852863 	-28.131564 	-28.025934 	
9.172449 	-11.506754 	-18.196068 	-47.086244 	-51.886976 	-58.195962 	-58.577849 	-58.265229 	-59.664398 	-59.007487 	-57.900054 	-59.904693 	-59.294888 	-58.969843 	-57.532759 	-57.643617 	-59.210589 	-58.100132 	
9.346664 	-37.272903 	-39.654699 	-59.427898 	-59.362152 	-59.119107 	-57.279283 	-58.474957 	-57.899476 	-60.627569 	-58.592336 	-57.421697 	-65.378002 	-60.522225 	-58.657224 	-59.677107 	
8.603163 	-12.227605 	-17.982663 	-25.030736 	-31.842237 	-33.118240 	-40.385388 	-59.328672 	-59.719875 	-61.223715 	-61.046744 	-60.109994 	-59.038027 	-60.080301 	-60.729509 	-60.741995 	-64.504568 	-60.665695 	-59.551951 	-60.589793 	-60.953941 	-61.667282 	-61.224744 	-61.880018 	-59.335409 	-59.261276 	-60.639110 	
9.189621 	-32.145554 	-47.528882 	-58.214053 	-59.257718 	-59.132252 	-60.405658 	-59.411406 	-59.900980 	-58.242224 	-59.852332 	-59.899698 	-59.568954 	-59.074146 	-58.579759 	-60.292710 	-58.806008 	-60.576032 	-60.737329 	-58.988079 	-58.935890 	-59.638623 	-59.578242 	
8.617787 	4.823505 	-5.675132 	-24.142946 	-34.797108 	-34.380123 	-58.725063 	-60.958774 	-58.882383 	-59.498821 	-58.857987 	-59.781592 	-59.646480 	-59.260195 	-58.527948 	-59.842706 	-61.876693 	-58.948767 	
9.207406 	2.525826 	-26.361657 	-62.164102 	-59.933249 	-59.530609 	-59.283053 	-58.241658 	-63.099384 	-58.536604 	-63.925932 	-59.357952 	-60.174706 	-59.231509 	-59.226654 	-59.529705 	-61.905605 	-60.126361 	-60.319030 	-60.040710 	-61.038438 	
9.094562 	-7.925450 	-10.838942 	-60.325757 	-58.100295 	-64.641305 	-59.520590 	-58.925451 	-58.688709 	-59.531092 	-62.043329 	-59.992029 	-59.045155 	-59.376046 	-59.031490 	-60.093937 	
9.321595 	-46.796775 	-56.852533 	-59.181118 	-59.157862 	-60.199386 	-58.627668 	-57.645888 	-58.058463 	-59.022983 	-61.488019 	-59.263558 	-61.650870 	-58.890037 	-60.357779 	-60.014843 	-59.520541 	
