9.058485 	-0.948430 	-7.828732 	-8.257784 	-11.335780 	-21.335196 	-24.407174 	-33.420458 	-32.025409 	-33.403247 	-35.300012 	-40.337627 	-40.404640 	-44.719437 	-46.367513 	-49.158729 	-49.201793 	-50.254486 	-51.978362 	-53.868029 	-57.987665 	-56.482908 	-59.040763 	-56.996186 	-58.798368 	-56.222956 	-56.717694 	-57.903317 	
9.169492 	2.216802 	0.720488 	3.120872 	-2.763800 	1.206730 	-1.474451 	0.276183 	-2.124419 	-1.538496 	-5.204790 	-2.052238 	-2.271784 	-6.833672 	-3.425487 	-4.493609 	-4.161752 	-6.300161 	-4.656221 	-3.072488 	-3.391722 	-5.578424 	-5.481626 	-5.076979 	-5.549957 	-6.485479 	-5.351945 	-4.766231 	-5.904777 	-5.992490 	-6.024793 	-6.250632 	-8.375176 	
8.975396 	-1.587706 	-3.001258 	-7.253698 	-16.088291 	-17.402435 	-15.990360 	-17.167033 	-20.414087 	
9.727466 	-34.024682 	-39.701976 	-46.091665 	-50.090271 	-50.125196 	-52.909591 	-54.606025 	-57.749954 	-58.589171 	-58.636228 	-61.041381 	-59.801650 	-58.557025 	-60.764671 	-59.666647 	-58.642836 	-59.929251 	-58.798172 	-58.947913 	-57.397753 	-58.486069 	-60.073556 	-60.846610 	-58.183880 	-61.083076 	-61.825690 	
8.841489 	0.057663 	-14.842593 	-15.906401 	-18.541653 	-27.280640 	-28.193952 	-27.481428 	-31.676203 	-33.370158 	-35.551692 	-36.898021 	-38.932649 	-39.949320 	-37.886477 	
9.092134 	-21.003735 	-23.728605 	-24.052742 	-25.807937 	-33.744721 	-39.295088 	-55.572186 	-54.060649 	-56.361997 	-56.648049 	-59.870852 	-56.939478 	-59.087678 	-57.399936 	-58.138741 	
9.382205 	0.624851 	-3.016035 	-6.367187 	-15.453483 	-15.107175 	-32.135449 	-31.026751 	-30.768619 	-35.894640 	-38.540461 	-38.625059 	-36.861826 	-42.490184 	-50.594798 	-53.093983 	-54.396669 	-54.871353 	
9.066722 	1.738777 	4.602338 	0.604302 	2.689189 	0.623651 	0.986045 	0.160702 	-3.088762 	-3.143619 	-6.006627 	-2.616233 	-4.080224 	-9.564470 	-7.041773 	-8.076402 	-7.419066 	-8.079001 	-7.958674 	-9.339773 	-9.494900 	-8.249551 	-9.966471 	-8.579321 	-9.934560 	-10.543195 	-10.603661 	
9.687921 	1.858401 	-12.069255 	-11.224952 	-22.994578 	-28.729779 	-34.592528 	-33.564176 	-43.694583 	-58.720574 	-59.514930 	-61.104662 	-60.064964 	-62.054077 	-60.593969 	-58.358789 	-61.164164 	-60.386817 	-58.449841 	-58.531791 	-58.851200 	-59.121711 	-58.672127 	-59.264170 	
8.911534 	3.856898 	-7.539516 	-6.471567 	-9.259115 	-13.446097 	-44.389526 	-59.338790 	-58.659437 	-57.881650 	-58.208785 	-59.492681 	-58.773758 	-58.449725 	-59.105969 	-59.332007 	-58.835542 	-59.881115 	-59.270553 	-59.805132 	-58.382019 	-58.832686 	
