9.708928 	-3.143511 	-3.210665 	-12.738665 	-21.342817 	-22.918681 	-25.693449 	-26.286069 	-33.194845 	-33.904722 	
8.970182 	-9.416874 	-22.659957 	-24.041583 	-26.517042 	-30.028528 	-33.631174 	-33.886933 	-39.658446 	-51.343868 	-49.718420 	-53.398428 	-56.338798 	-56.672248 	-59.374787 	-58.118604 	-60.060565 	-60.303549 	-58.061830 	
9.075019 	5.131648 	-1.233805 	-3.480775 	-6.064163 	-8.901935 	-9.981014 	-13.123798 	-11.785782 	-12.427860 	-18.312984 	-20.974311 	-22.490601 	-24.335215 	-31.314164 	-30.360414 	-38.916045 	-39.974443 	-41.847315 	-43.821588 	-49.537321 	
9.433499 	-1.303083 	-5.657489 	-11.206250 	-14.842900 	-27.249769 	-34.422444 	-35.917621 	-52.915244 	-53.937850 	-57.580698 	-58.746520 	-65.076995 	-58.592523 	-57.468613 	-59.640222 	-58.585851 	-59.709959 	-56.840357 	
9.779918 	5.626305 	-5.363391 	-13.735937 	-26.862116 	-25.602182 	-42.128228 	-43.530530 	-43.781740 	-59.047417 	-59.045427 	-57.933647 	-61.467707 	-59.999213 	-57.497259 	-59.879146 	-61.379353 	-57.519910 	-60.072097 	-60.922217 	
9.035927 	-19.244743 	-19.556172 	-58.579486 	-61.110391 	-58.846352 	-59.299954 	-59.726518 	-58.756583 	-59.962962 	-58.625958 	-61.063429 	-62.834122 	-60.835344 	-59.466464 	-62.297436 	-58.055293 	-60.226755 	
9.211913 	4.171378 	-1.520739 	-15.924643 	-14.578808 	-19.576015 	-32.557631 	-32.516463 	-36.936268 	-52.056688 	-58.656248 	-58.234391 	-58.768763 	-58.741258 	-58.512848 	-59.151983 	-59.794730 	-60.043382 	-57.979259 	-58.069429 	-57.970947 	
9.084402 	-4.697610 	-6.744946 	-11.212784 	-30.328291 	-34.110232 	-35.405720 	-38.070038 	-41.902457 	-42.264635 	-42.441281 	-45.116255 	-46.847056 	-51.975857 	-51.784141 	-52.767015 	
8.697777 	-7.825827 	-7.506341 	-16.725565 	-26.317398 	-31.056090 	-32.372270 	-39.148967 	-56.059610 	-60.801230 	-59.876887 	-60.029951 	-60.457168 	-60.344243 	-61.435879 	-61.721631 	-63.369952 	-62.465416 	-59.691177 	-59.006897 	-59.927940 	-58.766535 	-59.060569 	-60.580257 	-59.449102 	
10.184908 	-1.468508 	-4.891499 	-9.048764 	-9.272161 	-12.985751 	-21.262573 	-32.409946 	-33.128211 	-33.407572 	-34.737915 	-36.078367 	-39.206353 	-39.617183 	-41.755748 	-41.354923 	-41.750674 	-43.962238 	-46.374729 	-49.000858 	-52.525044 	-53.277884 	-55.212775 	
9.966801 	-2.877848 	-4.447370 	-9.021680 	-14.596371 	-15.572215 	-26.152068 	-35.095047 	-52.418472 	-54.026799 	-60.188079 	-59.026551 	-60.034565 	-57.775337 	-58.318037 	-58.848983 	-59.717586 	-57.825343 	-58.543376 	-57.565086 	-59.106037 	
9.279981 	-6.181862 	-9.110984 	-19.780587 	-18.641373 	-17.447757 	-21.712720 	-22.932199 	-27.529194 	-58.830943 	-59.390769 	-58.608839 	-59.461460 	-58.437344 	-59.997901 	-60.341386 	-58.894701 	-57.900404 	-58.007604 	
9.366203 	-31.605385 	-34.505207 	-53.754638 	-58.737688 	-57.508862 	-60.358702 	-57.772835 	-58.593524 	-59.494553 	-58.442503 	-58.589822 	-59.740648 	-58.442417 	-59.201674 	-59.538973 	-58.834325 	
9.325251 	5.742572 	4.574297 	-15.765183 	-24.469560 	-27.451017 	-39.900536 	-42.709218 	-45.997142 	-50.808517 	-61.022670 	-59.837780 	-57.984236 	-59.176135 	-57.805767 	-58.723095 	-58.416765 	-58.789069 	-59.555821 	-60.643074 	-57.563805 	
9.617423 	-4.473227 	-31.383522 	-57.956204 	-58.979253 	-59.062022 	-59.429227 	-59.054011 	-61.613942 	-59.590157 	-60.260183 	-61.197474 	-61.806469 	-60.119249 	-59.587447 	-58.330149 	-59.578850 	-59.810152 	-57.819621 	
9.111953 	-1.587363 	-11.393064 	-17.111188 	-17.833684 	-20.131134 	-23.299492 	-42.033576 	-47.221808 	-56.070307 	-61.765841 	-57.564149 	-58.203499 	-59.932428 	-59.494049 	-60.483845 	-58.520881 	-60.481342 	-57.769912 	-58.402918 	
9.492877 	-62.946209 	-59.142906 	-59.840254 	-57.312010 	-59.007148 	-57.452833 	-57.364754 	
9.131509 	0.395320 	-6.805747 	-7.762487 	-14.030188 	-13.903194 	-14.553850 	-22.926140 	-21.049797 	-22.228291 	-25.518674 	-24.652487 	-29.636245 	-36.117602 	-33.286032 	-32.186430 	-33.842875 	-35.514763 	-35.483099 	
9.361680 	2.987234 	-8.218951 	-57.527758 	-58.264606 	-59.287059 	-58.235680 	-58.707563 	-58.004279 	-58.813828 	-59.321297 	-58.301364 	-58.330202 	-59.106760 	-58.748752 	-60.956620 	-59.766977 	-59.758782 	-59.119764 	-59.285803 	
9.176718 	1.239899 	-7.590321 	-55.237545 	-55.630222 	-56.539424 	-57.024292 	-57.471854 	-56.972260 	
