8.633971 	-1.307360 	1.061757 	0.934292 	-4.376319 	-6.280204 	-6.585895 	-8.095662 	-7.085366 	-10.230340 	-11.022717 	-10.989217 	-10.447848 	-9.302821 	-10.150647 	-8.776949 	-10.271033 	
10.199620 	3.777556 	5.709448 	4.274466 	-1.236946 	-11.063250 	-20.875990 	-22.847407 	-26.893805 	-37.192292 	-39.412527 	-53.755837 	-60.550665 	-58.093503 	-59.911508 	-57.827886 	-57.904743 	-57.224057 	-58.064137 	-57.041396 	-56.927536 	-59.043327 	-58.425554 	-57.848601 	-58.093585 	-60.845665 	-57.723459 	
8.865518 	-12.677930 	-14.108506 	-25.642044 	-29.194179 	-29.888259 	-30.778030 	-35.418230 	-37.809859 	-40.232093 	-54.713185 	-57.480463 	-57.208377 	-57.466004 	-57.554599 	-59.022400 	
8.665710 	2.249137 	3.354691 	1.565888 	1.941235 	0.950867 	0.794272 	0.872702 	-2.004352 	-1.893090 	-0.173225 	-2.431493 	-2.775504 	-2.280712 	-0.588719 	-2.372057 	-3.061425 	-2.181006 	-1.308963 	-2.837469 	-3.121811 	-2.399022 	-3.022086 	-2.784855 	-1.734586 	-1.992943 	-2.519001 	-1.675435 	-3.326402 	-4.057177 	-6.935343 	-3.910086 	-3.825611 	
9.624485 	-2.028083 	-4.386650 	-15.278741 	-15.737269 	-16.493618 	-17.691592 	-24.609289 	-34.674493 	-35.247082 	-35.135020 	-34.219429 	-37.564545 	-37.511059 	-42.271751 	-38.604749 	-40.878440 	-41.881139 	-51.362735 	-49.246767 	-49.917852 	-50.993532 	
9.190049 	-4.880846 	-7.195241 	-9.139288 	-10.816409 	-18.912906 	-21.168337 	-23.510011 	-50.882850 	-57.579673 	-60.012139 	-59.385293 	-58.518106 	-61.408464 	-58.149028 	-60.157371 	-58.985839 	-59.622392 	-57.815034 	-57.340441 	-59.232768 	-60.635037 	-60.436234 	
8.512086 	-8.912912 	-12.882507 	-18.701331 	-24.669364 	-28.240564 	-30.482339 	-35.354638 	-38.099711 	-39.634338 	-42.867716 	-40.923335 	-43.411869 	-44.714436 	-46.700675 	-51.285500 	-51.628023 	-49.705242 	-53.932343 	-52.821314 	-56.808060 	-55.968142 	-60.030774 	-58.408693 	
9.150106 	4.639825 	4.776152 	3.982545 	3.253349 	2.093153 	-0.217135 	-0.893277 	-2.124252 	-4.603386 	-2.220801 	-1.456212 	-1.906408 	-3.083501 	-0.913474 	-0.578717 	-1.603279 	-6.694189 	-4.660738 	-2.611332 	-2.585502 	-2.286071 	-4.165705 	-1.572592 	-2.295365 	-3.510852 	-2.468831 	-2.168317 	-2.034131 	-5.316693 	-2.361471 	-2.994121 	-4.666661 	-3.981106 	-2.220673 	-4.445884 	-4.318023 	-5.423344 	-3.377720 	-3.444422 	-2.092789 	-3.190014 	-3.005326 	-2.541325 	-2.514383 	-3.330310 	-5.363974 	-3.455518 	-4.510134 	-3.541377 	-2.494854 	-2.012880 	-2.263081 	-4.466643 	-2.503692 	-3.419391 	-2.761092 	-4.713087 	-2.212847 	-7.507811 	-5.024935 	-2.520761 	-5.608307 	-8.773342 	-4.294250 	-4.936807 	-4.776623 	-6.477609 	-4.253571 	-5.310750 	-2.424347 	-3.453585 	-2.907270 	-5.009762 	-3.795775 	-3.275539 	-3.122444 	-4.800609 	-8.498013 	-8.845553 	-3.589467 	-3.652954 	-3.984068 	-3.859868 	-3.483909 	-3.678154 	-3.990216 	-4.675357 	-2.821018 	-4.681368 	-6.125754 	-3.555811 	-4.670935 	-3.388086 	-3.738599 	-3.768645 	-4.365658 	-5.542181 	-3.327990 	-4.619495 	-3.465863 	-2.912184 	-6.028472 	-3.727354 	-3.693717 	-4.402196 	-3.140710 	-3.649076 	-4.983123 	-6.376370 	-5.404355 	-3.213764 	-2.801189 	-3.548232 	-4.544620 	
9.492006 	-16.817679 	-19.121589 	-19.858896 	-22.062953 	-26.548237 	-49.094345 	-58.054646 	-57.953189 	-58.473856 	-57.984446 	-57.270838 	-58.802533 	-58.012853 	-60.736450 	-60.660716 	
9.211636 	5.938391 	-4.757257 	-7.985256 	-11.701114 	-12.768822 	-15.629738 	-18.120408 	-20.142483 	-24.110467 	-25.471591 	-27.718827 	-32.653243 	-33.212787 	-39.903567 	-42.590400 	-46.477765 	-46.584970 	-49.531163 	-51.687930 	-56.424102 	-57.455088 	-58.199898 	-56.828545 	-56.465324 	
9.511670 	-1.504966 	-29.708712 	-34.590329 	-34.001367 	-43.227841 	-49.229937 	-57.229340 	-57.450578 	-58.003843 	-57.977862 	-60.138856 	-58.335998 	-59.377970 	-58.818862 	-59.534688 	-59.286537 	-58.278867 	-59.016471 	
9.300342 	4.719410 	3.377105 	1.521308 	1.894835 	-1.223163 	-1.422894 	-8.758756 	-7.889302 	-6.318081 	-10.346615 	-8.489364 	-10.922898 	-11.972008 	-11.953290 	-13.262245 	-12.207620 	
9.200090 	2.430879 	-3.172904 	-16.580418 	-19.458909 	-31.421383 	-35.070823 	-35.264237 	-43.704203 	-53.742107 	-55.993011 	-55.786632 	-60.148708 	-58.360320 	-57.873186 	-57.521928 	-59.086823 	-58.914786 	-58.855374 	-58.811011 	-58.774487 	-59.806581 	-59.462479 	
9.803796 	4.236092 	4.122001 	3.417755 	1.779144 	0.716078 	1.891852 	0.573911 	-1.821260 	-2.643108 	-1.511707 	-1.099228 	-2.860238 	-4.680795 	-4.613062 	-3.472414 	-7.423025 	-6.427963 	-5.088342 	-5.375919 	-5.411833 	-6.622992 	-5.315279 	-5.319003 	-6.104544 	
8.726837 	-3.125669 	-1.967302 	-6.979685 	-8.792181 	-11.910409 	-24.830025 	-28.271429 	-29.641884 	-31.502405 	-33.032685 	-36.940491 	-36.032804 	
8.891243 	-3.875337 	-8.669239 	-14.037420 	-16.689301 	-18.131827 	-24.318110 	-30.202150 	-32.852738 	-50.881238 	-51.355762 	-53.222515 	-59.311308 	-61.680064 	-57.921071 	-60.410470 	-58.961890 	-58.231773 	-59.329613 	-58.558856 	-58.481392 	-60.093421 	-59.300093 	-59.062873 	
9.167179 	7.995447 	3.898534 	2.387481 	-2.390908 	-4.815012 	-11.070607 	-14.897584 	-16.194971 	-17.387300 	-19.745747 	-20.020852 	-23.961232 	-31.230417 	-36.598874 	-39.928496 	-42.835814 	-43.875266 	-48.991789 	
9.107099 	0.994611 	-3.715586 	-6.523585 	-10.433935 	-20.550998 	-18.752197 	-28.325676 	-23.902075 	-27.215246 	-27.093085 	-31.795320 	-35.157376 	-37.187163 	-39.509596 	-36.078571 	-37.889427 	-42.159946 	-41.557462 	
9.410827 	-0.539200 	-3.179971 	-11.807696 	-14.825051 	-23.542395 	-24.971628 	-42.603232 	-49.580823 	-51.796061 	-51.854291 	-53.459271 	-58.408768 	-56.209319 	-61.389561 	-57.327857 	-57.795837 	-57.693889 	
9.399009 	0.551715 	2.712703 	3.408768 	-3.840379 	-4.227940 	-5.154473 	-5.516797 	-6.841172 	-9.422110 	-9.534232 	-8.465184 	-9.739654 	-13.668547 	-15.812134 	-14.731326 	-18.907598 	-19.321447 	-18.796003 	-18.041839 	-21.252096 	-21.527720 	-22.504466 	-21.991755 	-21.613086 	-26.500117 	-28.567157 	
9.247967 	5.735765 	1.537553 	2.171719 	0.587837 	-8.903295 	-12.444717 	-15.708294 	-24.395925 	-21.609582 	-21.128648 	-22.920388 	-28.859366 	-31.450321 	-30.516345 	-32.670966 	-32.587178 	-36.774469 	-36.856644 	-37.864140 	-40.017962 	-41.010559 	-39.779051 	-44.228740 	
8.641973 	2.471640 	-10.128379 	-12.831910 	-30.535718 	-31.306369 	-31.503552 	-30.915862 	-57.501200 	-56.194340 	-58.987417 	-59.835697 	-60.380387 	-59.476150 	-61.107221 	-59.932803 	-59.713584 	-58.331681 	-57.065120 	-61.753477 	-61.094390 	
