9.286959 	-14.387469 	-17.150108 	-23.870521 	-25.285493 	-38.350152 	-60.243425 	-58.741052 	-60.508515 	-60.236931 	-59.175596 	-60.236396 	-59.120852 	-59.412617 	-58.723693 	-58.848827 	-59.564924 	-59.142064 	-58.937350 	-62.337550 	-59.710742 	
9.518079 	5.502939 	-13.914786 	-13.911558 	-25.494017 	-31.245128 	-36.344670 	-38.407791 	-57.391932 	-57.823785 	-58.055582 	-60.196747 	-58.472358 	-59.426621 	-61.177286 	-59.946632 	-59.738967 	-59.503129 	-59.089702 	-59.399249 	-61.809501 	-59.260512 	-64.470039 	-58.890180 	-58.215850 	-57.334016 	
8.672528 	-3.253390 	-28.221415 	-46.391700 	-53.949607 	-60.819471 	-59.188354 	-63.293695 	-61.252299 	-61.568652 	-58.789454 	-60.999847 	-59.321172 	-60.464825 	-58.194002 	-58.905552 	-59.203226 	-60.575548 	-58.484693 	-58.792340 	-58.944292 	
9.107013 	-15.218690 	-26.726723 	-42.057543 	-58.746361 	-61.452287 	-60.546841 	-61.444272 	-58.783861 	-61.903048 	-59.963278 	-59.761371 	-58.120491 	-59.340984 	-58.728643 	-59.058859 	-59.156239 	-59.530916 	-59.496364 	-59.751044 	
8.287013 	7.407924 	-7.962695 	-9.276446 	-8.680349 	-16.637206 	-17.330546 	-18.385788 	-18.030670 	-24.074109 	-29.611091 	-39.165567 	-46.003263 	-58.241076 	-61.820662 	-61.841640 	-58.280879 	-58.037921 	-60.906385 	-57.674029 	-58.777477 	-58.904917 	
9.003708 	-40.164183 	-45.070176 	-48.346268 	-47.103492 	-53.721291 	-57.658972 	-58.839991 	-59.652764 	-58.525413 	-58.300120 	-59.151496 	-57.755453 	-62.335747 	-58.508999 	-58.933100 	-59.110588 	-59.445761 	
9.386311 	-7.077637 	-11.283143 	-12.164788 	-12.112096 	-14.374535 	-20.123130 	-23.197286 	-26.554186 	-33.270292 	-35.832629 	-38.853940 	-39.951593 	-45.150029 	-41.755813 	-47.702152 	-53.078823 	-52.694835 	-53.345438 	-55.131081 	-57.245864 	-57.328215 	-56.655797 	-57.327123 	-59.404339 	-58.704665 	-58.192411 	-58.281298 	-56.678396 	
9.000021 	-27.224328 	-57.542466 	-60.125226 	-59.745518 	-60.255373 	-59.860977 	-57.963816 	-58.080032 	-58.869815 	-57.978749 	
9.229270 	-18.453387 	-59.913999 	-58.467557 	-60.245736 	-58.444260 	-58.569769 	-58.348467 	-60.561216 	-58.686343 	-58.304353 	-59.269010 	-63.563535 	
8.961309 	-1.930995 	-2.288564 	-3.421747 	-11.072176 	-11.283309 	-17.593849 	-23.085654 	-23.902714 	-25.016370 	-28.003835 	-52.109782 	-58.637148 	-57.884098 	-59.306792 	-57.539313 	-57.754383 	-57.430096 	-59.986453 	
9.005506 	-19.750374 	-59.878635 	-59.341532 	-58.812737 	-58.734136 	-58.226005 	-59.114225 	-59.985992 	-61.641202 	-60.838939 	
8.845892 	0.965848 	-3.854460 	-7.684446 	-9.787567 	-8.843973 	-14.741676 	-28.888723 	-45.362107 	-48.590588 	-48.070260 	-52.145521 	-58.698951 	-58.137383 	-57.011578 	-58.510812 	-64.244243 	-56.894754 	-58.535149 	
9.483748 	2.226281 	3.368905 	-0.587108 	-3.822383 	-17.924827 	-17.941838 	-17.972368 	-24.754021 	-27.284983 	-27.973768 	-28.163931 	-30.283844 	-29.599889 	-30.338805 	-30.832785 	-32.551115 	-32.256117 	-34.621441 	-34.642449 	-37.717718 	-34.946889 	-35.151090 	-37.403707 	-37.524636 	-38.213708 	-40.326021 	
9.329461 	5.297074 	-3.399401 	-8.785570 	-19.357566 	-22.525959 	-28.708871 	-30.856927 	-40.387149 	-43.165752 	-51.709884 	-54.026485 	-58.923204 	-58.147125 	-58.376392 	-60.083161 	-58.086198 	-61.115400 	-59.059463 	-59.520227 	-59.606478 	-59.212610 	-58.241694 	-60.765711 	-58.857243 	-59.073737 	
8.462931 	-1.104880 	-5.282428 	-7.226610 	-9.248137 	-19.962871 	-21.791899 	-36.439971 	-35.743047 	-36.900935 	-43.096060 	-46.458677 	-47.996634 	-52.626510 	-54.972670 	-54.115629 	-56.942924 	-57.695730 	-57.754337 	-57.475749 	
9.548291 	6.427900 	1.331610 	5.428809 	1.617776 	0.963750 	0.751996 	-0.765697 	-1.404953 	-0.072717 	-2.856052 	-1.879747 	-6.338202 	-3.404263 	-3.762399 	-7.064417 	-6.431939 	-5.403870 	-6.880049 	-6.890037 	-7.279524 	-5.707283 	-8.671103 	-6.168218 	-8.428371 	-10.269757 	-9.505325 	-8.724535 	-8.210417 	-9.714671 	-11.026831 	-9.374022 	-9.934862 	-11.937330 	
9.637938 	4.608573 	5.045615 	1.354601 	0.962980 	-4.117301 	-2.590854 	-8.550635 	-9.323485 	-9.419855 	-10.335627 	-10.887351 	-11.954048 	-14.947903 	-12.269021 	-17.557294 	
9.446294 	-7.005908 	-34.101885 	-36.826440 	-41.469017 	-49.917093 	-57.628057 	-60.379822 	-59.219449 	-58.948496 	-61.005872 	-61.960516 	-59.913600 	-58.467070 	-57.220523 	-58.343303 	
9.080018 	-52.486124 	-57.650822 	-58.252017 	-57.972954 	-58.735556 	-57.180513 	-60.392562 	-59.686522 	-61.106636 	-57.817688 	
9.147046 	0.218860 	-0.474170 	-3.910172 	-16.913036 	-20.562110 	-19.881125 	-21.007821 	-21.938273 	-22.684494 	-27.992395 	-29.975460 	-29.376390 	-30.174823 	-31.817752 	-32.391668 	-37.607784 	-41.680485 	-40.237603 	-41.368705 	-41.070394 	-43.844525 	
