9.771211 	6.613803 	6.935211 	5.985475 	5.489518 	6.385098 	1.072165 	0.561200 	0.526704 	2.449528 	2.748713 	0.944832 	-1.312672 	1.257412 	0.184350 	0.682251 	-0.852344 	-0.971884 	0.606630 	-0.647235 	0.598469 	-0.851142 	0.240336 	-0.429187 	-0.270670 	-1.313462 	-0.310309 	-2.894387 	-0.073650 	-0.450330 	-0.506425 	-1.564758 	-1.168569 	-2.199128 	-0.517295 	-2.106097 	-1.010203 	-3.243384 	-3.810788 	-3.040327 	-4.527072 	-3.903233 	-2.463180 	-5.034088 	-3.190768 	-2.789559 	-3.120806 	-1.766097 	-4.855334 	-3.828748 	-2.249936 	-3.267621 	-3.727668 	-4.530552 	-1.793916 	-3.213386 	-6.718992 	-4.762796 	-3.295659 	-3.357268 	-4.459715 	-6.131856 	-3.921342 	-4.558781 	-3.115869 	-4.329241 	-5.823315 	-2.383165 	-3.115826 	-4.222927 	-5.602192 	-3.995114 	-5.416137 	-5.086389 	-4.142633 	-3.227290 	-5.535764 	-2.596600 	-4.498991 	-5.377396 	-3.780937 	-3.637646 	-3.723362 	-4.631789 	-4.938512 	-4.902150 	
8.700553 	-2.471877 	-7.207944 	-15.018869 	-19.365781 	-22.619230 	-34.768003 	-33.987188 	-33.752071 	-40.171614 	-47.059143 	-48.401232 	-51.857234 	-51.165021 	
9.131837 	6.867755 	4.711840 	2.979754 	-0.234849 	-3.856445 	-6.941592 	-10.669074 	-11.116855 	-13.132853 	-12.646777 	-13.731108 	-14.406456 	-23.492974 	-26.576417 	-30.311762 	-28.174022 	-30.130197 	-31.783130 	
9.690771 	-3.542157 	-4.729892 	-23.078627 	-24.547282 	-24.676924 	-31.522426 	-36.954895 	-44.448727 	-44.348729 	-52.104983 	-52.571934 	
9.196011 	-2.110639 	-6.695484 	-38.151421 	-41.584841 	-40.771170 	-59.775033 	-58.463492 	-62.464637 	-58.093296 	-58.685845 	-57.495940 	-59.673089 	-59.201695 	-58.778299 	-58.697227 	-57.674433 	-61.203507 	-60.054167 	-59.134939 	
9.577688 	1.808323 	-2.297648 	-1.307639 	-2.615989 	-3.789289 	-3.667013 	-6.360949 	-6.868353 	-8.786470 	-9.539610 	-9.319020 	-9.180739 	-9.913121 	-14.205240 	-10.474664 	-10.264438 	-11.602252 	-10.957009 	-11.642460 	
9.033878 	-3.975192 	-5.154873 	-6.526945 	-15.120111 	-17.092793 	-24.367105 	-57.691437 	-57.767704 	-57.478422 	-59.517997 	-59.067093 	-57.159633 	-59.740738 	
8.974623 	3.433630 	0.403631 	-3.959542 	-5.874636 	-6.501960 	-8.603572 	-11.800909 	-9.565173 	-14.611639 	-17.127663 	-20.744749 	-23.584140 	-22.836094 	-27.341147 	-27.060180 	-28.751211 	-28.637990 	
8.992144 	4.237446 	4.410414 	0.987424 	-5.742519 	-6.645502 	-7.489385 	-8.748165 	-19.595683 	-22.451053 	-24.509017 	-28.148484 	-28.539772 	-33.684457 	-29.273953 	-34.216440 	-31.943393 	-31.734427 	-33.447663 	-36.216491 	-38.494539 	
9.105449 	-9.696997 	-11.800885 	-12.665255 	-10.882744 	-10.979511 	-13.832005 	-14.811309 	-18.500758 	-17.667796 	-17.716851 	-18.662045 	-20.340028 	-21.964180 	-22.823900 	-25.872552 	-31.629854 	-28.706397 	-31.121758 	-37.431839 	-38.134036 	-40.154198 	-42.309617 	-40.863567 	-45.319307 	
9.506623 	4.584491 	5.189647 	1.149287 	1.545788 	1.046835 	-3.086824 	-10.537587 	-8.622637 	-10.428535 	-11.849991 	-12.574714 	-12.105469 	-14.785641 	-15.492604 	-13.702534 	-15.695400 	-15.611863 	-17.082828 	-17.373142 	
