9.385899 	-2.583592 	-1.568525 	-6.324315 	-21.938897 	-21.140032 	-48.933405 	-59.816753 	-59.630222 	-58.403351 	-59.780327 	-59.080512 	-59.248887 	-57.862465 	-58.085288 	-58.949149 	-62.017373 	-59.568213 	-58.327674 	-60.627518 	-58.324884 	
9.763227 	3.780727 	-1.520695 	-2.054219 	-4.519047 	-11.924925 	-20.887745 	-20.987972 	-24.305598 	-21.337420 	-23.319274 	-22.834535 	-25.187639 	-32.845923 	-27.448703 	-25.826752 	-27.533275 	-27.927323 	-29.508934 	-31.754264 	
9.445771 	-2.259747 	-7.252362 	-7.182448 	-7.881447 	-9.380533 	-12.225983 	-13.078225 	-17.683792 	-19.384616 	-21.444902 	-19.342909 	-21.134086 	-21.435008 	-20.531380 	-25.154276 	-24.068103 	-23.911414 	-24.987659 	-25.891168 	-28.779858 	-27.605102 	
9.756959 	8.296924 	-2.166316 	-10.077309 	-13.709210 	-19.198929 	-16.337422 	-18.874911 	-19.164515 	-22.856077 	-31.434354 	-35.448157 	-40.845199 	-43.149365 	-41.679256 	-46.882693 	-50.734271 	
9.220843 	2.329211 	-12.172973 	-21.002179 	-21.318420 	-21.864453 	-23.844341 	-27.009503 	-32.875398 	-38.000659 	-40.733038 	-47.130523 	-48.841813 	-46.338380 	-47.675445 	-50.516632 	-54.187843 	-54.992579 	-51.485528 	
9.416555 	-8.220712 	-17.139471 	-24.388993 	-41.464101 	-51.303260 	-53.280015 	-61.077592 	-58.873951 	-58.057005 	-58.698630 	-60.550646 	-58.915470 	-59.330342 	-58.503054 	-61.443115 	-58.748513 	-58.212097 	-58.174994 	
9.434346 	-15.177542 	-37.980348 	-47.078601 	-57.715842 	-57.794405 	-61.144014 	-60.030832 	-60.249063 	-60.091759 	-58.942269 	-59.888628 	-58.647208 	-61.167374 	-59.560982 	-61.395991 	-58.444686 	-59.648200 	-59.859739 	-58.656952 	-59.671329 	-60.019442 	-58.725161 	-61.020985 	-59.770307 	
9.746570 	-5.632769 	-8.166179 	-54.938341 	-60.112542 	-58.230532 	-59.230537 	-58.888578 	-59.532833 	-62.496204 	-60.668560 	-58.669333 	-56.791818 	-58.463450 	-62.639526 	
9.763132 	-8.111617 	-26.130468 	-30.349857 	-30.915162 	-30.585519 	-42.662938 	-45.561741 	-50.107834 	-57.911739 	-56.879353 	-58.227870 	-58.495905 	-57.588068 	-56.992059 	-56.749345 	-56.838617 	-59.377816 	-57.551261 	-59.021716 	-58.090954 	-59.440443 	
9.189813 	-11.281135 	-12.970314 	-26.245772 	-36.500810 	-39.098893 	-41.958805 	-47.576272 	-56.288883 	-58.588550 	-58.343659 	-62.763498 	-59.464052 	-62.191193 	-60.778856 	-62.081900 	-58.482118 	-58.832830 	-60.667821 	-60.079038 	-59.504621 	-57.202727 	-58.159298 	
9.121189 	0.218996 	-5.027904 	-12.082440 	-17.965692 	-15.722320 	-46.443414 	-57.581023 	-57.788863 	-59.413432 	-58.208172 	-59.357067 	-58.434666 	-59.098979 	-58.586938 	-59.206373 	
9.737149 	-32.262858 	-41.720639 	-58.745014 	-57.578133 	-58.687641 	-59.239901 	-60.881802 	-59.418838 	-59.062568 	-57.062505 	
9.696186 	-3.569348 	-10.106323 	-11.175067 	-19.332255 	-27.248263 	-34.330264 	-35.176129 	-48.594350 	-53.789929 	-50.377299 	-55.970540 	-57.776197 	-57.208325 	-59.871467 	
9.399476 	1.017845 	-12.358565 	-18.966829 	-33.723746 	-32.938071 	-34.490402 	-43.164963 	-49.776964 	-50.914886 	-58.114444 	-59.851763 	-61.089617 	-59.396382 	-56.976432 	-59.521258 	-57.432391 	-58.945834 	-58.067103 	
9.418228 	-16.530138 	-35.372162 	-41.816545 	-45.104408 	-57.298425 	-57.697318 	-60.150890 	-59.976785 	-59.679357 	-57.963812 	-59.811662 	-58.550206 	-58.364659 	-59.368595 	-59.689275 	-58.627937 	-59.071102 	
9.612144 	7.204321 	-10.735360 	-18.404913 	-18.236166 	-29.795078 	-31.531481 	-45.259335 	-54.354775 	-57.686223 	-56.839813 	-57.371441 	-57.878056 	-62.074785 	-58.600634 	-59.723069 	-59.651377 	-58.906388 	-58.198397 	-58.168190 	-57.077682 	-59.790078 	-58.972169 	-59.523056 	-56.869402 	-58.163333 	-59.093059 	
9.352169 	3.035247 	-4.592832 	-8.193343 	-8.383621 	-27.882517 	-52.816336 	-53.413903 	-57.993348 	-58.617606 	-59.324279 	-58.557479 	-60.302287 	-59.258076 	-61.758803 	-57.339540 	-58.464887 	
8.875353 	0.089573 	-3.102686 	-4.760211 	-24.334022 	-30.531414 	-37.626885 	-56.758049 	-57.345234 	-56.293295 	-55.746135 	-56.365634 	-60.137223 	
9.473588 	4.956240 	-3.484272 	-11.721831 	-14.399401 	-19.313937 	-20.802348 	-24.527300 	-26.787426 	-29.019057 	-30.894625 	-35.657845 	-46.530258 	-49.500188 	-51.256253 	-53.739865 	-53.498157 	-53.610740 	-56.151020 	-56.418061 	-58.407290 	
9.417079 	6.396154 	2.638535 	-8.533436 	-12.270755 	-15.342533 	-30.801995 	-57.393356 	-56.397026 	-57.327304 	-59.794184 	-55.860543 	-57.802209 	-58.795399 	
