9.399366 	-25.868219 	-44.165256 	-48.634041 	-52.724782 	-57.032074 	-59.549567 	-57.839799 	-58.519194 	-57.360676 	-61.202133 	-60.897818 	-57.843912 	
9.141840 	-44.945523 	-59.105368 	-58.407911 	-58.149975 	-60.223247 	-58.325847 	-57.417302 	-59.663365 	-59.088957 	-59.935214 	-60.904430 	
8.833263 	5.284828 	-57.151330 	-60.253211 	-59.059472 	-58.318367 	-61.771114 	-59.241649 	-58.724143 	-60.475876 	-59.986328 	-60.251653 	-58.292578 	-59.189818 	-59.073300 	-57.995765 	-58.702873 	-62.231120 	
9.774186 	-15.353365 	-27.905917 	-57.928188 	-58.436357 	-60.284580 	-59.025807 	-58.195045 	-58.886722 	-59.945425 	-58.728886 	-61.102107 	-57.883769 	-61.483845 	-58.715127 	-57.629807 	-58.302154 	-61.779521 	-58.802542 	-61.382906 	-59.052906 	
9.670116 	-5.616678 	-54.284991 	-62.423855 	-59.181520 	-60.156084 	-61.998481 	-58.479774 	-59.817061 	-58.339953 	-59.008747 	-61.316146 	-59.473030 	-59.555248 	-58.862426 	-58.771784 	
9.658481 	-3.799716 	-3.449422 	-58.628474 	-58.863434 	-59.743948 	-57.839149 	-59.047472 	-58.302898 	-59.783723 	-58.401758 	-58.264895 	-61.049453 	-60.957054 	-58.301056 	-57.519972 	-58.734002 	-59.736203 	-58.378220 	-61.654296 	
9.484519 	4.386193 	-33.658257 	-44.362573 	-43.637165 	-58.137350 	-59.948519 	-58.256563 	-59.718103 	-59.027084 	-58.935867 	-58.372091 	-60.184240 	-62.232248 	-58.764567 	-58.287254 	-59.900247 	-58.614612 	-57.682005 	-59.019241 	
9.561720 	-25.750741 	-41.806596 	-58.355164 	-58.288988 	-58.426053 	-56.792866 	-58.377132 	-61.125773 	-59.567772 	-57.268030 	
9.839118 	7.196091 	-18.474945 	-56.539087 	-59.192908 	-59.232140 	-57.479863 	-60.073635 	-58.430695 	-58.173234 	-58.228709 	-60.132256 	-58.628997 	-58.696964 	-59.815396 	-58.230968 	-58.440291 	-57.942927 	-64.412573 	-57.318492 	-60.030078 	
9.567516 	-5.879256 	-22.787340 	-56.790762 	-58.563550 	-59.818768 	-59.329075 	-57.988156 	-60.327638 	-62.444600 	-59.028944 	-58.365310 	-58.365973 	
8.779425 	-1.319137 	-6.518905 	-6.390112 	-10.962057 	-14.129839 	-28.112172 	-41.885799 	-41.470211 	-43.528569 	-48.091517 	-58.839098 	-59.232716 	-58.343874 	-59.260861 	-58.728831 	-58.054329 	-58.982225 	-59.706691 	-60.397115 	-59.093591 	-59.889287 	-58.948110 	-58.820322 	
8.150760 	-19.711846 	-60.576372 	-58.489011 	-59.579820 	-58.999759 	-62.790812 	-59.579189 	-60.700086 	-61.269836 	-60.347815 	-59.055833 	-59.603003 	-59.205473 	-60.480468 	-59.455122 	
8.963114 	-14.194688 	-26.701820 	-48.992882 	-60.159795 	-58.838692 	-58.983364 	-58.896372 	-59.043018 	-62.434956 	-60.682868 	-59.359148 	-59.064344 	-58.736632 	-61.883916 	-59.365516 	-58.500236 	-58.469460 	
9.241112 	-12.148574 	-13.701256 	-18.016015 	-40.713352 	-58.580221 	-57.997680 	-60.265405 	-59.092361 	-58.020098 	-59.445320 	-62.020797 	-60.335439 	-59.948380 	-60.177952 	-60.163519 	-60.668912 	-56.990425 	
9.190614 	-16.281899 	-13.959640 	-45.988128 	-57.926519 	-58.200921 	-59.102865 	-60.412402 	-58.816269 	-58.604015 	-60.062665 	-58.270075 	-59.038389 	-58.756220 	-57.978020 	-58.178016 	-58.680150 	-60.855612 	-60.014983 	
9.235067 	-8.227603 	-23.513845 	-29.517197 	-35.222020 	-38.565809 	-50.228997 	-57.912037 	-58.005083 	-59.330497 	-59.584399 	-61.121279 	-59.490320 	-57.193570 	-60.457147 	
9.226827 	-29.687638 	-33.395595 	-58.173985 	-59.450913 	-58.222634 	-61.019275 	-60.430946 	-58.933621 	-61.523841 	-58.682973 	-58.512257 	-62.414160 	-59.771633 	-58.876140 	-60.374899 	-59.209267 	-59.965881 	-58.954656 	-59.335444 	-59.126833 	-60.544584 	-59.288412 	
9.134118 	0.974779 	-31.464317 	-59.711666 	-60.196492 	-61.867317 	-60.155399 	-58.717208 	-57.098837 	-58.891242 	-59.173612 	-61.116276 	
9.242005 	5.331891 	-13.385582 	-48.973654 	-58.072046 	-59.218143 	-58.374326 	-64.154855 	-59.434668 	-59.798027 	-59.921235 	-58.970226 	-57.947473 	-59.542723 	-60.504296 	-58.102001 	-60.916393 	-59.341820 	-60.026649 	-60.245106 	
9.496348 	-57.682700 	-59.981346 	-57.422845 	-58.927505 	-58.415095 	-57.148008 	-58.991156 	-58.582180 	-61.380321 	-58.267972 	
