8.712322 	5.979493 	-7.208481 	-16.258457 	-22.009925 	-20.409330 	-38.684328 	-59.888936 	-62.882054 	-59.128856 	-59.973731 	-59.264072 	-58.717190 	-59.571699 	-59.094145 	-59.144902 	-60.652285 	-58.295838 	-60.797063 	-60.446235 	-59.309006 	-61.938552 	-60.688372 	
9.352978 	5.988959 	-38.467494 	-56.930569 	-57.436539 	-57.417947 	-59.116783 	-59.150526 	-58.871272 	-59.666324 	-59.096087 	-58.148007 	-61.016023 	-58.217271 	-56.994767 	-59.968711 	-60.034005 	-58.421734 	-60.373958 	-58.484542 	-58.389083 	-58.060319 	-58.255410 	-58.665209 	-57.051309 	-61.237271 	
9.274090 	-7.296294 	-21.170243 	-24.373438 	-37.203317 	-37.197284 	-39.932691 	-59.499443 	-57.401031 	-59.483311 	-58.144735 	-62.484789 	-58.707735 	-60.063176 	-58.454911 	-58.065607 	-59.401005 	-60.008627 	-56.912296 	-58.273387 	-59.060666 	-59.115217 	-58.144789 	-58.949267 	-57.738453 	-61.756071 	
9.028102 	3.698460 	-11.846021 	-28.679498 	-58.350527 	-57.415505 	-60.259802 	-59.201612 	-60.508910 	-61.123142 	-58.301740 	-59.835753 	-58.688472 	-59.770537 	-59.986613 	-58.028665 	-58.498959 	-60.628647 	-58.810462 	-59.089933 	-59.336585 	-60.298029 	-58.432254 	
9.281050 	-58.129560 	-60.051868 	-59.394790 	-57.422053 	-59.157405 	-59.530286 	-61.556144 	-57.764009 	-57.862101 	-57.796373 	
9.394236 	2.266779 	-60.155316 	-59.450000 	-58.825350 	-58.649512 	-63.195383 	-60.721858 	-57.347573 	-58.167210 	-59.350618 	-58.214871 	-58.440981 	-59.767859 	-58.657185 	-60.678634 	
9.479924 	2.454895 	-15.452496 	-24.250217 	-33.531818 	-36.009390 	-38.005890 	-46.564974 	-54.670789 	-60.132633 	-57.325924 	-57.594060 	-60.618341 	-59.335963 	-61.441129 	-59.480522 	-58.962197 	-59.430526 	
9.258300 	-0.422710 	-16.091301 	-58.540303 	-59.123989 	-60.122239 	-59.127040 	-59.062050 	-58.934723 	-59.058844 	-60.656186 	-59.355105 	-57.899117 	-58.872319 	-58.173887 	-59.172461 	
9.505825 	-9.602084 	-11.834679 	-12.563145 	-61.062435 	-58.219390 	-60.460401 	-61.430871 	-59.419389 	-57.814359 	-59.000317 	-58.600608 	-61.974491 	-59.554927 	-58.607235 	-58.110288 	-58.851014 	-58.680225 	-57.798099 	-59.135184 	-57.767003 	-59.058213 	-58.497181 	
9.721769 	-11.530925 	-27.661397 	-29.163173 	-48.049003 	-57.128845 	-59.228112 	-58.675838 	-58.813631 	-58.228397 	-58.513749 	-57.760357 	-58.390520 	
9.195342 	2.521820 	-9.337937 	-33.187936 	-39.760207 	-57.341421 	-60.264649 	-57.675613 	-59.324920 	-57.997992 	-58.796946 	-60.057533 	-57.934509 	-58.504697 	-61.071600 	-57.980594 	
8.971346 	-12.313117 	-15.828046 	-21.351273 	-22.965348 	-28.401973 	-50.277095 	-57.444723 	-58.541483 	-59.012113 	-59.517348 	-62.361034 	-59.130608 	-57.612021 	-58.545138 	-58.643103 	-59.068452 	-57.329144 	
8.804134 	7.219881 	-40.866212 	-61.122623 	-61.660949 	-58.556708 	-58.564042 	-58.420580 	-60.358792 	-59.205868 	-59.776220 	-57.918795 	-59.072878 	
9.458629 	-4.753644 	-40.462580 	-60.664347 	-56.948923 	-60.558252 	-58.453897 	-60.829299 	-60.175424 	-59.045990 	-59.978401 	-60.602498 	-60.847779 	-58.569747 	-56.697760 	-58.207364 	-58.337058 	-60.918591 	
9.288894 	-10.587729 	-10.912599 	-20.287355 	-41.752540 	-50.835594 	-57.571971 	-58.469232 	-59.617731 	-57.448696 	-59.664445 	-58.635040 	-59.576485 	-60.011771 	-57.649961 	
9.594050 	-3.948442 	-8.899428 	-37.143849 	-47.410468 	-53.943158 	-58.167742 	-60.130693 	-59.571391 	-57.289775 	-59.294154 	-58.108153 	-58.527274 	-59.205887 	-58.885757 	-59.137724 	
9.308761 	-16.541099 	-32.256675 	-60.079333 	-58.882356 	-58.106359 	-61.142553 	-59.067853 	-60.418976 	-60.291077 	-59.952995 	-59.173518 	-61.179781 	-58.227348 	-59.292235 	-61.199785 	-58.749277 	-58.815176 	-60.877406 	-61.022751 	
9.008375 	-25.821480 	-42.124458 	-50.364311 	-52.039378 	-54.353291 	-58.532297 	-58.332776 	-58.227761 	-61.404678 	-60.063709 	-58.747318 	-57.329476 	-61.995288 	
9.196446 	-0.676811 	-21.298815 	-30.415484 	-30.387348 	-34.151096 	-34.567234 	-41.222094 	-46.840681 	-47.807340 	-57.201682 	-58.969114 	-62.172978 	-60.240002 	-57.944671 	-60.449759 	-60.423606 	-59.721575 	-60.855694 	-62.778389 	-59.048742 	-62.155669 	-60.066826 	-57.748714 	-59.743831 	-60.083330 	-61.089650 	-59.134130 	-58.678420 	
9.246799 	-22.071873 	-34.011144 	-37.694656 	-46.128604 	-55.086343 	-59.284684 	-60.139333 	-60.932605 	-59.903740 	-58.874531 	-60.366651 	-59.262839 	-60.409200 	-59.243307 	-58.793900 	-58.799960 	-60.849613 	-61.937523 	-60.458642 	-59.968336 	
