8.671019 	6.850002 	0.214985 	-8.516706 	-13.138490 	-21.109663 	-27.415538 	-31.880606 	-30.882945 	-35.483717 	-33.630914 	-35.410561 	-37.778997 	-43.637055 	-44.207518 	-46.421826 	-45.108214 	-51.350693 	
9.374089 	-12.714269 	-18.338874 	-24.292454 	-25.673189 	-28.857714 	-38.458253 	-49.005321 	-51.190259 	-56.367507 	-56.035078 	-58.727272 	-57.526142 	-57.122598 	-57.636586 	
9.602604 	5.100459 	6.159105 	6.916781 	3.492631 	1.363672 	-0.881930 	-0.156383 	-3.103720 	-1.881588 	-6.894019 	-7.028723 	-12.357534 	-11.463767 	-10.969860 	
9.221181 	4.120105 	3.064905 	2.582533 	4.352570 	2.987701 	0.579130 	-1.601127 	-2.842344 	-1.807773 	-6.788415 	-2.696845 	-2.033399 	-2.364448 	-2.832835 	-2.627370 	-4.770565 	-3.873605 	-2.797737 	-2.863942 	-2.801757 	-3.801825 	-4.634773 	-3.723420 	-3.780838 	-5.670642 	-5.233899 	-3.710252 	
8.915862 	-2.714407 	-4.763685 	-12.399046 	-18.491564 	-24.864796 	-24.998397 	-22.861895 	-24.759530 	-24.839855 	-25.867533 	-34.000670 	-43.356200 	-44.370862 	-46.260347 	-45.996223 	-46.552282 	-47.908047 	-47.674186 	
9.014196 	-5.771623 	-33.828684 	-38.813020 	-42.349477 	-58.638657 	-58.972035 	-58.531074 	-58.268555 	-57.217645 	-60.133719 	-59.551546 	-58.799980 	
9.835454 	-27.309334 	-43.144516 	-46.971320 	-49.103037 	-56.493968 	-60.645542 	-60.432439 	-59.401509 	-59.557284 	-59.783493 	-58.800383 	-59.149680 	-59.018286 	-59.199089 	-57.392520 	-58.026670 	-58.226267 	-58.591994 	-60.387727 	-61.520867 	
8.965686 	-7.768033 	-8.654116 	-13.054697 	-13.545131 	-22.137432 	-21.544549 	-29.463242 	-33.370684 	-36.574829 	-44.417679 	-42.587860 	-48.363483 	-57.132402 	-57.960968 	-61.695209 	-57.984226 	-60.129970 	-57.910906 	-58.194433 	-58.420058 	-57.236182 	
9.255363 	-3.920235 	-9.396196 	-10.291879 	-18.047440 	-21.459867 	-50.450936 	-54.906678 	-59.589155 	-58.741243 	-57.640878 	-57.961586 	-57.614628 	-58.494912 	
9.285276 	-2.608675 	-5.892720 	-32.022595 	-34.730220 	-52.445060 	-55.081624 	-58.270478 	-58.758276 	-58.262481 	-59.463410 	-58.088685 	-59.313313 	-58.711370 	-57.912683 	-61.393521 	
8.871755 	-4.071377 	-9.076881 	-9.331639 	-18.785881 	-20.861716 	-26.463316 	-30.313760 	-30.284973 	-35.692372 	-37.007148 	-35.598916 	-36.677410 	-46.782082 	-46.202168 	-46.852059 	
9.644013 	3.443737 	-0.223147 	-3.005288 	-8.668246 	-13.302432 	-13.177354 	-12.720714 	-15.659820 	-16.576926 	-16.285441 	-16.254329 	-17.681993 	-18.394632 	-17.511732 	-19.091068 	-21.168781 	
8.954701 	5.833693 	-1.231254 	-18.910635 	-20.235923 	-20.043520 	-26.911054 	-27.699327 	-30.438641 	-37.694821 	-43.400578 	-58.100370 	-58.537101 	-56.867058 	-57.192611 	-56.698522 	-58.085785 	-56.793020 	-57.639212 	-57.260022 	
9.293597 	2.358027 	2.586170 	-4.026185 	-3.743830 	-4.380568 	-5.140502 	-4.810216 	-10.104402 	-8.920961 	-13.364808 	-13.529870 	-14.875588 	
9.103551 	6.405982 	-8.559257 	-10.185016 	-13.692617 	-47.066472 	-46.094997 	-45.447146 	-54.249965 	-56.166483 	-60.873057 	-57.066274 	
9.123367 	-21.978541 	-24.537657 	-28.587604 	-47.962687 	-59.151824 	-58.175463 	-59.895651 	-58.750864 	-57.454491 	-60.726216 	-59.889401 	
9.417378 	-2.901635 	-13.993678 	-13.248255 	-16.894638 	-29.378286 	-30.441220 	-39.240361 	-45.833503 	-49.290452 	-48.443620 	-53.467251 	-52.732838 	-53.839045 	-55.699001 	-60.017925 	-55.802697 	-56.179808 	
9.443358 	-9.474719 	-40.045481 	-59.740256 	-57.854383 	-58.821563 	-58.991562 	-59.800212 	
8.701009 	-4.719692 	-0.546960 	-4.358804 	-2.046545 	-2.860835 	-7.712612 	-9.455035 	-8.786145 	-7.269204 	-8.526700 	-9.552613 	-9.801547 	-12.057882 	-10.836666 	-11.660970 	-10.384997 	-11.579266 	-11.781154 	
9.740179 	1.935768 	4.637354 	1.211670 	-1.052601 	-6.832764 	-11.536268 	-13.237466 	-13.492246 	-15.971291 	-19.495620 	-18.854424 	-28.685308 	-30.631277 	-40.468428 	-44.487763 	-45.764684 	-48.237309 	-52.744843 	-59.331212 	-56.387676 	-57.739192 	-56.668219 	-57.694218 	-58.364353 	-61.281952 	
