8.679050 	-20.747049 	-33.257493 	-35.825395 	-47.340724 	-50.155887 	-52.823558 	-59.496599 	-60.461769 	-60.403238 	-61.433548 	-59.096677 	-59.927907 	-62.842203 	-62.223626 	-58.605299 	-61.016061 	-59.396665 	-59.148473 	-59.180736 	-58.544582 	-60.360059 	-59.161154 	
9.252955 	-1.807612 	-14.883522 	-13.013342 	-20.340098 	-18.568888 	-20.320823 	-20.839788 	-24.600525 	-24.612272 	-29.516027 	-29.814657 	-30.822281 	-31.210493 	-35.089647 	-39.505280 	-51.795732 	-54.752676 	-55.114221 	-56.584692 	-56.761091 	-58.491812 	-56.691469 	-59.202187 	-58.770791 	-58.942223 	-61.776356 	-58.510834 	-58.714357 	-57.707456 	-60.380335 	
9.333006 	-5.898343 	-14.364100 	-39.876484 	-39.896174 	-47.438310 	-59.965350 	-59.765763 	-59.974948 	-57.809876 	-60.250141 	-58.786532 	-58.553917 	-58.930280 	-58.379154 	-62.746048 	-59.257544 	-61.412304 	-60.272136 	-59.768410 	-60.767170 	-59.296639 	-62.512736 	
9.192768 	-8.971284 	-8.484589 	-11.905815 	-11.176464 	-10.503068 	-12.614002 	-15.895677 	-14.605380 	-20.044211 	-22.880059 	-27.404627 	-41.706729 	-35.894509 	-39.078222 	-42.904021 	-49.677625 	-50.767164 	-51.349376 	
8.642675 	-11.750022 	-28.604112 	-35.069194 	-40.324245 	-48.621685 	-57.098299 	-58.625316 	-59.812101 	-60.359909 	-57.450512 	-60.612074 	-58.721813 	-58.641322 	-60.988417 	-58.868805 	-62.099866 	-59.439443 	
8.702491 	2.776086 	-3.967971 	-12.443146 	-13.783575 	-25.126862 	-26.870351 	-38.110568 	-37.606606 	-39.615620 	-50.062467 	-55.890790 	-58.426677 	-57.273200 	-58.690561 	-59.014258 	-57.145190 	-57.685926 	-59.152652 	-59.001381 	
9.256510 	2.907663 	-9.295970 	-8.706514 	-10.356406 	-10.901948 	-12.601326 	-14.040238 	-13.738924 	-14.556245 	-18.928409 	-18.031012 	-18.745925 	-19.792554 	-21.794336 	-21.372139 	-22.207626 	-23.516066 	-25.416004 	-26.461466 	
9.415777 	5.037982 	-6.783441 	-10.213881 	-10.567324 	-18.522040 	-16.057824 	-21.222736 	-25.586731 	-48.302853 	-58.506460 	-59.193202 	-59.189748 	-57.662325 	-59.431267 	-58.260847 	-58.038576 	-63.373232 	-60.193303 	-58.447100 	
8.452609 	7.925097 	4.697046 	-8.494320 	-34.194812 	-44.633362 	-51.092034 	-52.977104 	-59.114415 	-59.980443 	-57.015104 	-59.365501 	-60.326161 	-60.748410 	-58.848262 	-57.307146 	
9.570279 	5.831342 	-9.465799 	-9.081904 	-20.405569 	-45.092431 	-45.347590 	-55.852949 	-55.936575 	-58.356399 	-56.135808 	-58.419474 	-57.475851 	-58.198546 	-58.131352 	-58.906764 	-57.888918 	
8.721924 	-1.075361 	-5.940840 	-6.763006 	-12.465902 	-13.363200 	-13.884851 	-14.730944 	-16.249255 	-18.098400 	-18.832209 	-19.235883 	-18.808372 	-21.058736 	
8.683887 	-1.324189 	-7.038951 	-18.265868 	-25.957669 	-40.659634 	-39.642269 	-41.777605 	-55.281573 	-56.821229 	-57.685290 	-59.744229 	-57.556501 	-62.032276 	-58.123104 	
8.900599 	-1.435549 	-5.750530 	-7.119041 	-15.004156 	-17.871654 	-15.806241 	-20.820937 	-25.466592 	-27.922340 	-43.058219 	-43.977041 	-56.847374 	-57.635934 	-58.154844 	-59.507376 	-57.640065 	-57.301942 	-59.083823 	-57.245710 	-58.856773 	-58.881946 	-57.555079 	-59.033442 	
8.862551 	-1.743388 	-5.842872 	-28.293490 	-32.271277 	-59.254889 	-59.704825 	-58.768788 	-58.498959 	-63.611769 	-61.427486 	-56.889561 	-59.220597 	
8.894630 	2.432474 	1.952563 	1.580721 	-3.662934 	-6.556057 	-6.175386 	-11.477305 	-16.588713 	-25.298611 	-25.421501 	-32.406628 	-31.900870 	-32.922902 	-34.559135 	-48.971301 	-55.707090 	-57.407924 	-56.297488 	-57.259436 	-58.379734 	-56.306922 	-56.579864 	
9.205417 	6.391315 	1.759844 	-0.975388 	-18.166780 	-29.265450 	-45.300651 	-46.367179 	-59.759569 	-57.708130 	-58.403689 	-57.500353 	-59.211070 	-59.319595 	-59.134185 	-61.047189 	-58.079803 	-59.170262 	-60.819486 	-58.608481 	-58.686082 	-61.436160 	-58.935508 	
9.340915 	5.033199 	-0.162680 	-20.418632 	-27.383467 	-39.810780 	-55.731134 	-58.234780 	-58.113848 	-58.635632 	-58.964096 	-58.386542 	-58.397712 	-56.773091 	-58.920527 	-59.146796 	-59.330475 	-58.417722 	
9.264167 	-1.222632 	-12.305010 	-18.501559 	-20.003614 	-27.398525 	-36.137929 	-48.595202 	-59.276610 	-60.832530 	-59.165796 	-59.196181 	-60.352224 	-58.486273 	-58.995418 	-58.634779 	-57.838127 	-61.164912 	
9.254838 	0.936693 	-9.963451 	-14.950989 	-17.074028 	-35.967149 	-41.442995 	-58.332705 	-59.372150 	-60.046448 	-60.715032 	-64.099358 	-58.522622 	-60.087015 	-58.795741 	-57.968512 	-59.848312 	-60.063846 	-60.481681 	-59.363842 	
9.431685 	5.139415 	5.963509 	6.513657 	2.037040 	5.883432 	7.616236 	6.279065 	4.207324 	5.025714 	2.579974 	6.627845 	5.357520 	1.807832 	5.598971 	5.515041 	6.489247 	5.189641 	4.649642 	3.661492 	1.686139 	0.929005 	-0.613706 	-0.329011 	-1.314650 	-2.930110 	-2.683293 	-1.200778 	-2.389253 	-1.806328 	-7.123012 	-4.675561 	-6.155595 	-6.574838 	-5.956505 	-7.427428 	-8.365860 	-9.713131 	-6.628339 	-7.879529 	-9.831796 	
