9.084687 	-19.719792 	-29.207641 	-54.036812 	-58.902023 	-59.804846 	-60.213054 	-60.135002 	-60.241425 	-61.547170 	-59.178075 	-59.335005 	-59.788695 	-60.914101 	-58.362906 	-59.400822 	-59.747125 	
9.260975 	4.660103 	-14.114355 	-23.490362 	-31.921929 	-36.527889 	-47.169289 	-51.283074 	-50.701634 	-51.091594 	-55.975738 	-54.016504 	-54.696172 	-57.225862 	-56.387931 	
8.928612 	3.274293 	-8.864432 	-11.042881 	-12.989320 	-21.143470 	-29.574146 	-33.276692 	-30.339442 	-31.055006 	-34.868148 	-59.833296 	-58.695138 	-58.131573 	-59.113979 	-56.761836 	-58.935054 	-57.898124 	-59.666268 	-58.160354 	-61.524119 	
9.321055 	4.444231 	-6.143974 	-12.596191 	-17.842452 	-22.057626 	-29.744452 	-28.100210 	-28.347546 	-30.467787 	-35.826280 	-38.375825 	-39.962741 	-47.531651 	-50.782956 	-53.099318 	-56.858477 	-57.150116 	-58.397859 	-56.030323 	
8.865235 	-7.294439 	-21.643068 	-38.701014 	-50.380322 	-59.208198 	-59.830740 	-58.238485 	-60.749154 	-58.107411 	-62.199796 	-57.930004 	-59.987769 	
8.898701 	1.526685 	-1.548990 	-2.836992 	-8.614907 	-20.620737 	-24.632186 	-34.659708 	-40.066126 	-43.574041 	-48.071053 	-49.642703 	-60.408846 	-58.753567 	-60.637345 	-58.176070 	-60.986231 	-57.786336 	-61.277603 	-61.325915 	-59.370555 	-59.494974 	-59.066414 	-61.999747 	-61.207944 	
8.911164 	-6.652015 	-7.332078 	-18.741415 	-24.118104 	-25.219487 	-35.310611 	-54.810270 	-56.471905 	-57.334374 	-59.603958 	-59.062211 	-60.069595 	-58.464565 	-61.013306 	-58.881498 	-59.207912 	-59.962276 	-58.363014 	-59.586314 	-61.001367 	
9.096195 	9.061876 	3.565812 	1.053586 	3.119643 	3.368695 	1.660477 	-2.116502 	-5.744421 	-5.697383 	-6.155332 	-7.063690 	-7.096522 	-7.746087 	-10.525545 	-11.121424 	
9.505604 	4.287172 	-2.753895 	-3.468244 	-4.829413 	-8.014597 	-19.425486 	-24.450544 	-32.458466 	-49.855779 	-49.333990 	-52.459393 	-55.503421 	-58.259281 	-56.518050 	-58.916051 	-57.357420 	-57.252455 	-58.050888 	-57.464813 	
9.176722 	1.155026 	1.269636 	-1.966452 	-2.759924 	-5.446763 	-7.891052 	-4.156239 	-6.129385 	-8.293281 	
8.981451 	-8.480042 	-9.769814 	-16.410088 	-17.898140 	-23.226451 	-28.167547 	-34.272444 	-34.819095 	-36.139399 	-37.957251 	-40.804925 	-44.659671 	-44.280488 	
8.833820 	5.049451 	2.034056 	2.148251 	-3.916936 	-2.974414 	-3.448992 	-7.561493 	-14.910783 	-12.731694 	-15.153786 	-13.868613 	-14.961794 	-14.133069 	-16.918444 	-17.236259 	-18.978008 	-15.676271 	-16.227379 	-23.235776 	-22.998275 	
9.679143 	-19.972619 	-20.443173 	-28.256120 	-33.117049 	-33.914585 	-34.193687 	-46.220654 	-50.225334 	-51.498026 	-57.131622 	-60.634840 	-58.408492 	-59.346026 	-58.290753 	-59.590622 	-58.883219 	-58.695803 	-59.265627 	-59.256636 	-58.741631 	-63.164882 	-61.251404 	
8.888222 	4.885874 	4.399312 	0.180303 	-1.839531 	1.482516 	1.555207 	-2.475497 	-0.061579 	-1.559420 	-1.571467 	-0.489865 	-1.396318 	-1.311027 	-2.279598 	-0.877903 	-1.194075 	-2.625345 	-3.512896 	-3.103255 	-2.378842 	-3.421825 	-1.268675 	-2.943438 	-4.219448 	-2.108265 	-4.135612 	-3.961588 	-4.007611 	-2.923328 	-1.664121 	-1.755942 	-1.562188 	-2.737641 	-2.524256 	-2.687980 	-3.881340 	-2.902604 	-2.754169 	-3.882548 	-4.912431 	-5.602209 	-1.683043 	-3.184405 	-3.536254 	-2.612180 	-2.605399 	-2.797681 	-4.138286 	-2.122257 	-5.028710 	-2.495986 	-3.183704 	-3.613085 	-2.545702 	-2.680990 	-3.397439 	-4.533542 	-3.434733 	-4.111036 	-3.536490 	-6.614284 	-2.968095 	-3.478329 	-2.958893 	-3.763200 	-5.051486 	-6.427494 	-4.327110 	-4.468241 	-4.917199 	-2.735499 	-1.933070 	-3.975569 	-1.517379 	-5.173234 	-2.710846 	-5.182113 	-3.603210 	-8.233344 	-4.497936 	-3.190510 	-4.313417 	-8.142496 	-4.096108 	-3.084487 	-4.622277 	-4.331691 	-2.980157 	-4.179125 	-4.238497 	-4.499914 	-2.229035 	-5.640189 	-6.054438 	-6.129667 	-5.874408 	-3.203889 	-4.795560 	-3.385147 	-5.149184 	-5.918008 	-4.061428 	-6.139307 	-3.931635 	-5.081303 	-3.469773 	-3.926961 	-3.358719 	-3.556701 	-4.500931 	-3.377955 	-4.427455 	-4.772483 	-5.464209 	-3.364025 	-3.922266 	-3.668116 	-4.299962 	-3.965119 	-2.910936 	-3.888075 	-2.773003 	-2.742596 	-4.062145 	-4.730673 	-4.592318 	-4.155117 	-4.649198 	-3.905944 	-4.102893 	-6.301428 	-4.011753 	-4.185430 	-7.589740 	-3.765679 	-3.908513 	-9.339015 	-4.109122 	-2.479873 	-3.385334 	-4.882731 	-5.697310 	-3.416417 	-7.228364 	-3.791532 	-4.733639 	-3.154318 	-4.626956 	-5.329739 	-4.920706 	-6.664897 	-3.730652 	-3.513544 	-6.299440 	-6.233771 	
9.188290 	3.409917 	3.206070 	3.037438 	2.988199 	4.085123 	1.408311 	-2.320412 	-3.043233 	-4.892606 	-2.646046 	-2.898049 	-4.448291 	-4.562372 	-5.671102 	-6.119984 	-6.609556 	-6.242319 	-6.047288 	-5.609980 	-7.150654 	-6.971101 	-8.216662 	-7.202093 	-8.291972 	
9.025003 	-4.005021 	-3.138632 	-1.463582 	-5.314706 	-4.775990 	-10.666048 	-7.619504 	-7.739414 	-17.000721 	-22.249136 	-31.632772 	-35.326341 	-38.486558 	-38.807007 	-40.699247 	-44.937819 	-47.224388 	-49.176101 	
