9.494965 	-19.177248 	-20.660155 	-27.650337 	-43.348476 	-46.361177 	-49.051440 	-52.492388 	-57.807522 	-59.020744 	-60.807023 	-60.643793 	-57.325634 	-56.826169 	-61.168330 	-58.234452 	-59.622733 	-57.604263 	-58.039308 	-58.350834 	
9.316282 	-2.261336 	-33.287116 	-39.390037 	-42.574741 	-58.685153 	-59.624606 	-59.649530 	-61.644319 	-59.765941 	-59.572143 	-58.120566 	-62.157080 	-58.526215 	-57.388331 	-58.665226 	
10.023422 	-9.506161 	-23.002382 	-30.100099 	-37.728234 	-41.176211 	-41.924189 	-57.738280 	-59.154364 	-58.703153 	-58.803304 	-61.476227 	-58.888950 	-58.261019 	-57.561837 	-58.104388 	-57.237946 	-60.391408 	-61.966613 	-58.951517 	-60.031782 	
9.276178 	-7.134026 	-13.532234 	-15.622661 	-17.318263 	-20.680086 	-25.857555 	-38.330953 	-45.342553 	-51.053889 	-52.879878 	-51.656730 	-55.974176 	-56.974163 	-58.551820 	-61.698288 	-56.557584 	-60.296215 	
9.196001 	0.324769 	-8.181196 	-6.752673 	-10.507655 	-16.373574 	-22.218121 	-25.394124 	-28.357811 	-38.141846 	-49.629557 	-57.730792 	-59.791876 	-61.720526 	-59.212595 	-58.925146 	-57.811173 	-57.578611 	-57.839684 	-58.285788 	-59.638731 	-57.997582 	-58.184485 	
9.490274 	6.100082 	0.349387 	-0.784081 	-11.524620 	-13.156778 	-17.246071 	-24.484480 	-24.812716 	-37.363537 	-41.069689 	-45.947732 	-43.957230 	-47.436049 	-50.821442 	-54.186431 	
9.319246 	-30.999580 	-40.529316 	-43.204800 	-58.550515 	-58.669323 	-58.968780 	-59.517534 	-59.313813 	-59.071510 	-61.153058 	-57.908077 	-58.207522 	-59.051904 	-58.523154 	-59.460754 	-59.507763 	-60.405968 	
9.622020 	0.176740 	-16.998053 	-21.797791 	-27.237806 	-38.494465 	-41.758573 	-56.797198 	-57.273283 	-57.880050 	
8.604748 	-6.971895 	-16.913723 	-21.477057 	-23.986298 	-30.568935 	-44.141709 	-57.930848 	-58.355179 	-58.679073 	-59.892983 	-58.090762 	-58.331990 	-60.014571 	-57.351961 	-58.697471 	
9.654121 	-28.072959 	-30.493514 	-56.224038 	-59.782077 	-57.428381 	-58.967410 	-59.136983 	-58.664815 	-56.478478 	-59.402590 	-58.049379 	-58.505936 	-57.500335 	
9.180413 	4.544034 	-5.027881 	-5.003240 	-11.882468 	-15.787290 	-31.000126 	-38.009053 	-43.647395 	-43.090034 	-59.828281 	-57.824638 	-58.581162 	-59.374722 	-58.393631 	-61.249610 	-58.495714 	-59.419873 	
8.680858 	-30.289599 	-30.190490 	-36.765801 	-60.607132 	-60.975217 	-57.624201 	-61.035017 	-60.556706 	-61.803330 	-57.571638 	-60.200570 	-59.399285 	-57.737145 	
9.518137 	-14.960643 	-23.171559 	-43.518197 	-58.376223 	-59.627996 	-59.550566 	-60.599481 	-60.303574 	-59.482193 	-60.323589 	-60.171705 	-62.328224 	-60.307169 	-58.090475 	-59.363498 	-59.004427 	-59.825813 	-59.580152 	-59.573280 	-60.270804 	-59.058282 	-58.587243 	-60.644253 	-59.969373 	
9.387118 	-58.025418 	-58.676931 	-59.140668 	-59.349853 	-58.941033 	-60.677578 	-58.709748 	-58.857985 	-59.009616 	-58.652759 	
9.584855 	1.380607 	-11.626526 	-11.213123 	-13.586020 	-19.855532 	-24.418575 	-41.596372 	-48.572980 	-52.584691 	-50.413699 	-53.601267 	-53.273952 	-54.252224 	-59.915282 	-55.939670 	-55.016553 	
9.299089 	-4.545016 	-11.438963 	-19.087631 	-36.905734 	-54.974682 	-60.686199 	-59.471843 	-58.138762 	-59.550569 	-61.604996 	-57.304527 	-60.263886 	-59.128351 	-59.241774 	-59.026753 	
9.165705 	-11.009669 	-15.225581 	-20.922297 	-33.587883 	-41.410793 	-41.752708 	-48.991477 	-56.215699 	-57.939602 	-58.606410 	-57.167064 	-58.626164 	-58.059386 	-60.196685 	-57.216385 	-59.725316 	-62.906189 	
9.594838 	-45.293885 	-56.599255 	-57.895905 	-58.670860 	-57.063590 	-56.556999 	-57.455239 	-58.283374 	-57.874684 	-57.793718 	-57.268209 	-57.350244 	-58.629086 	-57.868597 	-57.978808 	-59.004674 	-58.274738 	-59.143506 	
9.590372 	4.357518 	-26.779804 	-46.503523 	-57.386744 	-60.014641 	-58.264329 	-61.581555 	-58.544034 	-57.694808 	-59.952312 	-58.004781 	-59.963692 	-57.292598 	-58.376889 	-58.654918 	-57.977214 	-58.751447 	-58.643295 	-59.319844 	-57.921229 	
9.013889 	-4.368002 	-17.491978 	-18.191849 	-26.591869 	-28.059127 	-31.679420 	-41.652282 	-59.589345 	-58.857629 	-60.281956 	-59.588000 	-58.747689 	-58.921941 	-61.008176 	-58.737555 	-57.426861 	-56.957044 	-61.291755 	-61.039443 	
