8.714881 	4.539163 	-1.204200 	-1.802803 	-3.106857 	-6.495608 	-8.806622 	-27.097035 	-29.502085 	-28.475426 	-29.855242 	-30.325854 	-37.591072 	-34.483429 	-38.002334 	-40.074378 	-42.304260 	
9.886341 	-33.649918 	-38.255144 	-45.841297 	-47.587052 	-51.852013 	-53.026749 	-57.080808 	-56.974489 	-55.457981 	
9.372840 	1.252036 	-4.231906 	-5.186183 	-7.093694 	-26.767758 	-29.800240 	-34.853595 	-35.684477 	-36.594110 	-35.979065 	-37.444699 	-37.592552 	-38.437224 	-40.311922 	-39.733483 	-45.433314 	-43.273326 	
8.881096 	1.300847 	0.727352 	-2.429983 	0.833283 	-1.270561 	-1.777924 	-2.837743 	-2.940164 	-3.810944 	-7.193236 	-4.770021 	-4.303450 	-5.842575 	-6.756172 	-6.575822 	-8.277180 	-6.644677 	
8.858332 	4.512338 	4.102771 	2.846144 	1.775153 	0.057503 	1.770951 	0.885430 	1.799122 	0.901100 	-1.780670 	-2.342493 	-2.073742 	0.446487 	-0.835963 	-1.242899 	-1.777165 	-1.313694 	-3.662052 	-2.062513 	-1.724399 	-1.758093 	-0.914693 	-3.503095 	-2.367630 	-3.890960 	-2.813104 	-5.108350 	-4.141763 	-3.352713 	-3.368879 	-2.945752 	-4.113645 	-5.898366 	-3.355957 	-3.390124 	-10.958498 	-4.959047 	-4.647363 	-5.267316 	-7.847660 	-3.982356 	-7.220292 	-4.264887 	-5.189589 	-4.551629 	-5.842630 	-3.505897 	
8.907837 	-0.469188 	-2.938419 	-5.780809 	-18.824871 	-24.040908 	-21.580848 	-23.323743 	-23.146307 	-25.176463 	-28.530177 	-28.484913 	
8.261572 	0.895872 	-2.766133 	-26.970013 	-55.693467 	-56.546962 	-60.425326 	-60.050629 	-59.181963 	-58.751763 	-58.561826 	-60.327215 	-60.864982 	-59.293293 	-59.979224 	-59.567615 	-59.894316 	-59.412975 	
9.402028 	-3.133708 	-6.311605 	-13.780467 	-28.193761 	-27.515774 	-32.127715 	-32.949849 	-32.999562 	-36.636092 	-51.888475 	-51.289931 	-53.291001 	-55.954653 	-57.602978 	-57.749433 	-57.370332 	-58.570492 	-57.088816 	-58.618312 	-56.940197 	-56.876849 	-56.816535 	-57.031291 	
8.714480 	0.306779 	-8.020490 	-8.680564 	-23.164300 	-29.861828 	-44.509683 	-52.383932 	-62.318037 	-59.479697 	-60.056445 	-60.244387 	-58.586786 	-58.104154 	-57.071564 	-57.072035 	-57.278601 	
9.283658 	4.910385 	3.504551 	-3.523926 	-0.020296 	-6.853092 	-7.703367 	-19.858359 	-23.708127 	-37.152837 	-47.501864 	-48.325570 	-58.299765 	-56.561756 	-57.138461 	-57.494817 	-57.199516 	-59.084833 	-59.329814 	-56.961507 	-57.517476 	-56.987673 	
