9.011640 	-26.785706 	-29.482096 	-47.355788 	-58.993701 	-59.826893 	-58.631969 	-59.161906 	-59.418132 	-60.695050 	-58.876155 	-62.005495 	-60.951197 	-60.539275 	-59.937898 	-57.981195 	-59.510619 	-60.941724 	-59.906684 	-58.380079 	-60.434991 	-58.541213 	-58.509535 	
9.699796 	2.945045 	-19.636782 	-29.066046 	-58.089668 	-59.135382 	-58.410087 	-59.679552 	-58.129675 	-58.576730 	-60.111066 	-58.535864 	-58.580190 	-59.271522 	-60.397160 	-60.165539 	-58.062938 	-57.974509 	-58.398498 	
9.270963 	-0.242639 	-17.301934 	-46.807871 	-53.677042 	-57.896943 	-57.875562 	-59.524161 	-59.003871 	-59.564164 	-60.992978 	-58.370734 	-57.844279 	-58.205445 	-59.371487 	-61.258045 	
8.982505 	-21.814955 	-34.380826 	-46.206737 	-58.384367 	-59.367947 	-59.235460 	-60.318733 	-59.471940 	-59.003554 	-60.520893 	-58.582244 	-59.722321 	-59.326361 	-60.541955 	-60.471592 	-58.870629 	-60.262155 	
9.397185 	1.643084 	3.780800 	-0.078553 	-6.297327 	-8.428004 	-11.343267 	-12.459672 	-14.359769 	-21.343981 	-40.212049 	-49.030968 	-50.097576 	-50.082159 	-50.446926 	-57.662384 	-54.920875 	-57.074070 	-56.847765 	-58.036221 	-56.838316 	-57.252878 	
9.099057 	-7.143198 	-56.509048 	-60.047022 	-58.495958 	-58.627624 	-57.311940 	-58.320882 	-58.237051 	-59.864360 	-58.212330 	-59.029783 	-59.834960 	-59.401968 	-59.412231 	-59.780500 	-58.951040 	
9.270062 	-17.666113 	-19.602116 	-28.822944 	-31.868412 	-34.129454 	-38.616326 	-54.755395 	-54.205691 	-58.653963 	-58.602818 	-58.009212 	-60.331490 	-58.900541 	-61.991166 	-59.736291 	-58.383447 	-59.709560 	-59.801345 	-58.915987 	
9.093846 	7.413459 	6.156166 	3.420069 	-6.308729 	-10.157212 	-16.192588 	-31.338608 	-42.364111 	-57.379791 	-57.387354 	-61.679022 	-58.584984 	-59.611848 	-61.036607 	-59.283524 	-57.432462 	-60.572104 	-58.320832 	-57.594501 	-57.701369 	-59.275449 	-58.892250 	-59.722883 	
9.110197 	4.825933 	2.827847 	1.958808 	-4.668082 	-2.629053 	-4.130731 	-8.461888 	-8.748014 	-11.842036 	-14.896766 	-15.811917 	-14.884974 	
8.366335 	7.458468 	-5.851415 	-13.935329 	-18.632876 	-27.054554 	-29.758819 	-60.719402 	-60.260217 	-62.536093 	-59.569396 	-60.705709 	-61.935939 	-59.115176 	-62.031654 	-59.284890 	-61.622223 	-60.502082 	-59.647626 	
8.959330 	6.760774 	2.004557 	-41.947302 	-58.777525 	-60.084311 	-57.411166 	
8.865811 	3.385119 	-15.416594 	-58.140445 	-58.894750 	-58.878527 	-59.915842 	-59.237788 	-64.773420 	-60.529737 	-58.182712 	-60.002350 	-59.282348 	-59.067918 	-58.204118 	-62.023424 	
8.819303 	-0.376788 	-7.493705 	-20.340930 	-24.942317 	-30.491135 	-35.190691 	-39.671019 	-55.754446 	-56.466733 	-59.965908 	-59.473293 	-60.913334 	-58.817160 	-61.286813 	-59.782763 	-59.782699 	-61.759551 	-58.370323 	-59.504346 	-60.475755 	-60.222461 	-60.127690 	
8.944411 	3.019851 	5.623149 	4.941272 	2.106046 	-0.724558 	-3.053847 	-2.499706 	-2.783145 	-2.435816 	-12.371911 	-12.340658 	-12.713957 	-12.873557 	-15.726223 	-14.749463 	-13.908288 	-14.832475 	-15.583936 	-15.225722 	-18.630155 	-18.686963 	
9.048393 	5.398860 	3.242469 	0.916106 	-0.389365 	1.792982 	0.915929 	1.325381 	-0.317223 	-1.843789 	-1.779277 	-1.694347 	-1.229948 	-2.570611 	-3.087128 	-1.204569 	-4.456214 	-1.920198 	-3.193044 	-4.593643 	-6.228218 	-5.308602 	-3.398411 	-5.997198 	-3.518452 	-3.970516 	-4.099045 	-6.581039 	-4.757392 	-6.005907 	-6.369566 	-4.099200 	-5.449890 	-9.651345 	-5.139225 	-4.005881 	-4.966135 	-5.273814 	-5.210543 	-4.636550 	-5.101767 	
8.677431 	3.268626 	-5.988995 	-10.745880 	-12.769058 	-38.864344 	-58.080135 	-60.738605 	-58.922805 	-57.925200 	-58.443230 	-60.391735 	-58.956049 	-58.377353 	-61.593176 	
8.568342 	4.093091 	1.855573 	-0.172980 	-0.973192 	-0.859262 	-1.582664 	0.358740 	-4.405155 	-3.872785 	-1.110597 	-1.394137 	-1.747825 	-1.599236 	-2.520669 	-1.006756 	-2.780550 	-1.863347 	-3.249257 	-4.579988 	-3.488842 	-4.791547 	-2.036299 	-4.722337 	-2.514640 	-2.897461 	-3.351024 	-3.811070 	-4.245532 	-4.920022 	-3.437566 	-3.783215 	-5.898181 	-5.744250 	-6.544698 	-5.708361 	
9.385479 	-14.952359 	-57.563885 	-58.624427 	-60.495376 	-58.348384 	-59.222741 	-59.753095 	-58.083891 	-59.469298 	-60.664005 	-61.376691 	-58.337164 	-58.333432 	-59.167412 	-60.043771 	-59.489840 	-58.550748 	-58.927281 	-58.077499 	
9.260699 	4.097642 	-0.758540 	-6.858048 	-7.460537 	-14.988447 	-26.360690 	-31.660351 	-29.457772 	-32.004557 	-33.490979 	-34.668114 	-37.605782 	-41.053573 	-44.481482 	-54.141665 	
9.037284 	0.315472 	-15.961096 	-20.715460 	-22.563200 	-48.240030 	-48.636393 	-59.962034 	-59.425634 	-58.297524 	-60.307365 	-59.346909 	-58.821623 	-60.264618 	-58.024844 	
