9.964615 	-4.503813 	-7.430472 	-7.584132 	-21.510440 	-23.150893 	-30.734817 	-32.353469 	-41.354162 	-45.878495 	-46.950609 	-53.293781 	-57.933444 	-56.108683 	-58.689514 	-58.366854 	-57.967467 	-60.860505 	
9.684215 	-38.701284 	-42.156164 	-48.397755 	-58.848876 	-59.765815 	-57.624003 	-60.822284 	-59.709833 	-59.034792 	-59.380559 	-59.163106 	-58.821161 	-57.582304 	-60.298182 	-61.558028 	-58.230874 	-58.808454 	
9.393187 	-30.029001 	-43.088803 	-48.460092 	-59.107634 	-57.947428 	-57.238115 	-57.791718 	-57.773119 	-56.411987 	-60.071669 	-57.645605 	-57.993842 	-58.348812 	-57.303823 	-57.399284 	
8.799479 	-10.373635 	-25.894265 	-57.170927 	-59.199987 	-58.500452 	-57.730825 	-59.134929 	-62.135684 	-59.080450 	-58.974678 	-59.370063 	-58.028754 	-58.006108 	
9.115596 	-0.626258 	-1.596522 	-12.794634 	-40.543740 	-42.248280 	-48.558162 	-51.828420 	-61.345512 	-59.672670 	-58.301134 	-59.122639 	-58.228261 	-59.734055 	-58.838989 	-58.555273 	-57.477231 	-59.370730 	-58.355364 	
8.914072 	-1.019728 	-1.096766 	-4.482464 	-39.766283 	-55.260112 	-58.948628 	-58.456525 	-62.420365 	-58.647460 	-60.903762 	-58.957813 	-57.710144 	-59.208852 	-63.834063 	-58.142421 	
9.460220 	6.680628 	0.288540 	-29.312705 	-47.962013 	-52.497375 	-62.009698 	-57.999057 	-60.322126 	-58.185331 	-58.994975 	-59.171714 	-60.557278 	-57.074127 	-60.130496 	-59.606572 	-58.743742 	-61.922032 	-64.187782 	-60.533333 	
9.256615 	6.727921 	-6.363371 	-14.786622 	-20.144748 	-23.735039 	-24.437960 	-28.238014 	-35.619833 	-50.170942 	-59.972587 	-58.644745 	-60.048222 	-59.798087 	-58.747352 	-60.563979 	-57.818135 	-60.106803 	-59.248271 	-60.154196 	-58.962460 	
9.575174 	-6.556893 	-22.844695 	-34.930383 	-60.435303 	-59.139143 	-59.446238 	-58.351454 	-59.494631 	-58.968874 	-61.066726 	-58.865511 	-57.840677 	-59.574125 	-61.960866 	-58.644402 	-57.950454 	
9.176998 	-15.737057 	-21.783596 	-60.542917 	-57.456726 	-59.223951 	-59.250812 	-58.596320 	-62.131535 	-58.756209 	-61.409830 	-61.285362 	-59.152766 	-60.732721 	-58.936375 	-58.362456 	
9.558346 	-20.345490 	-26.995805 	-56.918703 	-58.076889 	-56.883065 	-61.129159 	-58.667622 	-57.590218 	-57.681757 	-64.792929 	-57.679532 	-57.780143 	-57.506031 	
9.647445 	0.575521 	-5.631824 	-12.109239 	-23.237001 	-53.857972 	-58.965154 	-58.044174 	-59.515485 	-63.938283 	-58.367450 	-59.414689 	-63.807356 	-59.253175 	-59.878560 	-58.323231 	-59.435692 	-59.488020 	-58.123992 	-59.099276 	
9.426678 	-31.168428 	-52.105170 	-48.846153 	-55.468219 	-57.684230 	-59.804850 	-58.577841 	-57.748174 	-58.496903 	-58.606858 	-58.562629 	-57.676091 	-58.635709 	-59.301291 	-67.235277 	-59.873167 	-57.817800 	-58.041846 	
9.367315 	6.795395 	-52.650265 	-58.129075 	-57.875745 	-60.008770 	-58.012487 	-59.151595 	-57.670762 	-58.462610 	-58.343920 	-57.891950 	-58.812662 	-57.575905 	-60.538385 	-57.989324 	-58.071284 	-59.319017 	
8.902099 	-15.404077 	-16.444153 	-27.567866 	-31.606476 	-39.315311 	-55.659750 	-54.658188 	-58.957330 	-56.844590 	-58.079816 	-59.699297 	-58.164431 	-58.737936 	-58.086848 	-58.188452 	-58.063953 	-59.892272 	
9.653879 	1.096895 	-5.593211 	-12.561243 	-11.248681 	-22.649720 	-38.778988 	-45.529906 	-57.702328 	-59.484985 	-57.854461 	-57.524302 	-57.820185 	-60.486437 	-60.593679 	-57.389024 	
9.191293 	4.387564 	-23.491389 	-58.474814 	-57.690872 	-61.026938 	-58.825348 	-57.748040 	-58.519935 	-59.709350 	-58.413308 	-56.483198 	-57.188433 	
9.011627 	3.171292 	2.157565 	2.406474 	-16.386957 	-23.479643 	-22.929927 	-33.342335 	-43.261728 	-47.445054 	-52.412240 	-51.533703 	-58.059411 	-59.088412 	-58.489109 	-59.062561 	-58.614678 	-58.309675 	-60.430415 	-58.555190 	-58.103479 	-60.344165 	
9.607188 	0.257911 	0.042730 	-1.782716 	-2.657631 	-3.692091 	-5.619837 	-3.429019 	-5.612299 	-9.127618 	-8.262817 	-5.865268 	-9.909029 	-9.991108 	-10.537976 	-13.687156 	-14.331264 	
9.481515 	-10.975198 	-44.112034 	-48.018840 	-58.726768 	-58.944690 	-59.823432 	-59.248993 	-59.742025 	-57.918134 	-60.161122 	-58.708117 	
