8.829727 	-2.807121 	-6.400022 	-7.883855 	-22.511135 	-29.358267 	-37.669126 	-40.541564 	-39.624282 	-40.713094 	-43.688217 	-48.637714 	-50.738654 	-53.536892 	-56.656066 	
9.560989 	4.000109 	1.107432 	1.469027 	2.468905 	0.231106 	0.299899 	-0.296932 	-4.266978 	-2.087705 	-4.529000 	-7.477102 	-10.589179 	-9.316141 	-12.263418 	-10.188217 	-12.131412 	-11.355185 	-11.587741 	-14.905310 	-19.585338 	-15.806178 	-15.815234 	-16.548826 	-18.317914 	-18.319285 	-17.478197 	
8.979508 	8.439764 	2.249724 	-4.512450 	-5.546994 	-6.149630 	-31.913161 	-35.375713 	-38.093715 	-46.608795 	-46.417261 	-49.425171 	-53.760012 	-58.869423 	-57.988166 	-56.325134 	-57.951951 	-57.896296 	
9.013503 	-2.461464 	-19.139186 	-28.521009 	-39.160803 	-46.085043 	-59.406641 	-58.326629 	-61.887758 	-62.904614 	-59.350188 	-57.972489 	-61.336975 	-60.295829 	-58.774405 	-61.896842 	-57.858376 	-58.989621 	-58.550117 	-59.326150 	
9.187072 	7.099316 	4.000980 	-0.605096 	-10.789860 	-54.183231 	-56.620917 	-57.989828 	-58.602425 	-59.581201 	-57.589133 	-57.736856 	
8.907776 	-0.045591 	-0.552120 	-3.109042 	-6.076838 	-6.473936 	-7.012389 	-8.679416 	-11.268556 	-20.213628 	-22.364150 	-34.314487 	-33.620639 	-36.588734 	-39.722706 	-38.425922 	-39.249606 	-44.750837 	-43.977448 	-44.626558 	-47.395792 	-45.969531 	-49.905554 	-52.236406 	-51.589138 	
8.945130 	-18.420282 	-49.235515 	-55.546013 	-57.052342 	-57.573953 	-58.902640 	-57.137654 	-57.017692 	-59.056509 	
9.190477 	4.439878 	3.395894 	2.825011 	1.238690 	-0.036752 	-1.316238 	-2.658744 	-1.133854 	-2.837468 	-2.993171 	-4.792746 	-4.284828 	-3.953595 	-4.915972 	-7.118657 	-7.409274 	-9.372416 	-7.383593 	-6.586071 	-7.521885 	-8.782344 	-9.327174 	-11.055175 	
8.998557 	6.424725 	1.038905 	-0.643869 	-13.875080 	-13.673828 	-28.895781 	-27.265977 	-56.478710 	-55.902914 	-56.751443 	-59.577482 	-57.522025 	-57.272299 	-57.573521 	-57.619757 	-57.949517 	-60.333976 	-60.097951 	
9.245734 	4.199249 	4.547883 	5.007362 	5.329312 	0.402273 	-0.032855 	-3.163927 	-3.277981 	-0.712835 	-3.766546 	-3.986209 	-7.305803 	-6.836741 	-8.383298 	-5.925130 	-9.683256 	-8.037928 	-10.262283 	
9.532236 	-31.379752 	-56.856710 	-59.362044 	-57.907061 	-59.168064 	-59.237751 	-58.007308 	-58.696492 	-59.439363 	-60.502756 	-58.649963 	
