9.158242 	0.492610 	-12.056088 	-17.054707 	-19.706633 	-24.449481 	-45.319116 	-58.160356 	-57.882068 	-59.343300 	-60.627861 	-57.828764 	-59.697300 	-57.662700 	-58.390659 	-58.823423 	-58.296908 	-60.244571 	-59.141073 	-60.892564 	
8.995654 	-16.408388 	-60.821177 	-58.722064 	-60.619810 	-58.749996 	-58.639367 	-60.029940 	-59.978498 	-59.119767 	-61.087430 	-60.152872 	-59.874323 	-58.940709 	-59.276665 	-58.661927 	-60.719925 	-62.180338 	-60.545243 	-59.445980 	-58.943889 	-59.349530 	-61.022968 	-63.101361 	-58.382691 	-63.224115 	
8.952049 	-3.479180 	-11.145298 	-59.017072 	-58.480335 	-59.027562 	-58.403832 	-58.692546 	-58.185691 	-60.902983 	-60.099732 	-61.077251 	-59.460751 	-59.563206 	-58.763984 	-61.197685 	-59.476292 	-59.960329 	-57.478204 	-58.510651 	-58.498511 	-58.180419 	-59.261655 	-61.845919 	-59.930948 	-60.794489 	
9.367037 	2.019059 	-3.711975 	-30.494244 	-34.200795 	-37.536803 	-57.397581 	-60.220890 	-61.819767 	-60.158842 	-59.636076 	-60.990423 	-60.824145 	-57.836539 	-58.811737 	-60.167923 	-59.204354 	-59.014065 	-58.676185 	-59.577065 	-59.301313 	
9.453766 	-21.781997 	-42.427440 	-42.399127 	-58.033461 	-59.259085 	-60.632871 	-57.018067 	-60.793681 	-59.934472 	-59.318962 	-58.859181 	-58.030923 	-59.595507 	-59.459714 	-58.404996 	-58.406006 	-59.015512 	-60.244535 	-57.599866 	-60.970933 	-57.201366 	
8.974887 	-33.267927 	-59.081890 	-61.934540 	-57.621695 	-59.405073 	-58.759576 	-60.097813 	-58.974697 	-60.088040 	-57.766522 	-58.323511 	
9.816381 	5.331941 	0.678366 	-29.628262 	-58.291950 	-58.953567 	-60.372125 	-58.915065 	-59.099888 	-57.965558 	-58.924311 	-57.702640 	-59.949985 	-59.829094 	-58.352172 	
8.735475 	-60.614085 	-58.207000 	-60.054997 	-59.293995 	-60.150811 	-59.467005 	-59.187004 	-58.331433 	-59.603867 	-59.759000 	-59.178775 	
9.675107 	3.892936 	-6.333823 	-16.839496 	-31.241692 	-37.704976 	-57.134424 	-63.115509 	-59.172505 	-62.317322 	-60.821696 	-58.178758 	-59.371152 	-58.784120 	-58.371515 	-58.363986 	-58.936834 	-59.308147 	-60.626069 	-60.237848 	-59.564751 	-58.497303 	
9.335918 	-8.019017 	-13.699498 	-36.080687 	-56.536257 	-61.579449 	-59.742506 	-59.201299 	-62.241382 	-60.902379 	-59.723752 	-62.353363 	-59.956516 	-58.763431 	-58.499841 	-57.650056 	-57.047372 	-58.333335 	
9.215272 	-5.201065 	-15.781835 	-17.483791 	-26.508740 	-29.276396 	-32.877647 	-44.170685 	-55.641768 	-58.143193 	-61.741564 	-60.284192 	-59.748618 	-58.637467 	-61.918105 	-58.994041 	-60.869860 	-62.097320 	-61.796068 	-58.380856 	-60.440889 	-58.465847 	-58.992029 	
9.052292 	-8.022741 	-6.756641 	-17.077014 	-17.228310 	-21.967201 	-28.133767 	-28.110933 	-36.487392 	-37.641370 	-48.617447 	-56.341321 	-59.816654 	-61.006914 	-59.127521 	-57.672630 	-59.265110 	-57.971768 	
9.443328 	2.467764 	-58.269792 	-59.122530 	-58.807645 	-61.565421 	-62.688663 	-61.705460 	-59.996810 	-60.309036 	-59.387501 	-58.414228 	-57.677651 	
8.942060 	3.348157 	6.198608 	4.455255 	4.392088 	2.971227 	2.190446 	3.945731 	1.765871 	0.251552 	2.138127 	2.326825 	1.819757 	0.774984 	2.967857 	2.035809 	0.256529 	0.680051 	0.641027 	0.303936 	-0.915173 	-0.132453 	-0.597233 	-0.609403 	0.365092 	-2.149258 	1.107972 	0.677358 	-2.550693 	-0.352325 	0.083563 	0.557454 	0.066746 	-1.082752 	0.526094 	-1.641060 	-1.828473 	-1.287727 	-1.608285 	-6.520458 	-1.048527 	-0.965706 	-0.962012 	-2.081689 	-1.208881 	-4.159374 	-2.703131 	-2.174200 	-1.145650 	-1.066738 	-2.430888 	-1.361324 	-2.264387 	-2.766376 	-1.282065 	-2.272155 	-2.703048 	-2.898944 	-3.957922 	-2.168370 	-3.382509 	-5.554230 	-5.135623 	-4.198443 	-2.534465 	-3.899709 	-1.924821 	-2.869133 	-3.420734 	-5.988732 	-1.652514 	-2.966043 	-2.871813 	-3.870060 	-3.313303 	-3.528796 	-4.305431 	-3.229517 	-6.090006 	-3.918352 	-3.704492 	-3.401551 	-3.602512 	-3.752330 	-3.731133 	-4.399924 	-3.593524 	-3.856629 	-4.452466 	-7.885107 	-4.542790 	-4.685691 	-3.359181 	-4.520059 	-4.340419 	-3.433901 	-5.834308 	-4.126026 	-4.901591 	-3.273713 	-5.765069 	-5.416158 	-5.218258 	-3.583995 	-4.385570 	-2.801395 	-2.847681 	-3.520222 	-4.894951 	-4.822831 	-4.559350 	-3.311007 	-6.261784 	-8.251868 	-3.584618 	-5.619634 	-4.266100 	-3.132099 	-3.748648 	-4.004893 	-2.297098 	-4.511340 	
9.206691 	-12.649666 	-17.269964 	-23.633257 	-36.920485 	-41.523535 	-43.729494 	-48.102972 	-59.301496 	-61.019812 	-58.434243 	-59.855090 	-61.658048 	-59.520120 	-60.872605 	-59.676007 	-59.226714 	-59.287022 	-59.345726 	-60.918285 	-59.014459 	-61.094155 	-61.269551 	-61.356983 	-59.421041 	-58.385213 	
9.568844 	-8.441478 	-60.299549 	-59.011580 	-58.199095 	-57.737517 	-58.386563 	-58.318854 	-56.932653 	-58.592258 	-59.536679 	-59.231736 	
9.206706 	-11.059184 	-19.146537 	-25.220029 	-26.260305 	-58.097386 	-58.497953 	-59.395987 	-60.129421 	-62.508719 	-59.099103 	-58.622192 	-60.255446 	-57.826341 	-59.641833 	-61.712504 	-60.372206 	-59.166245 	-61.058581 	-57.770753 	-60.133321 	-59.356716 	-58.028912 	
9.218642 	-5.038177 	-28.392693 	-41.842355 	-41.400997 	-43.404191 	-57.684394 	-58.300286 	-58.785688 	-58.808672 	-60.225474 	-58.959926 	
9.366271 	2.976589 	0.140534 	-4.708668 	-17.770592 	-23.326890 	-26.291958 	-33.318291 	-45.948064 	-48.622844 	-46.708240 	-49.990992 	-56.535096 	-57.148199 	-58.760545 	-56.950554 	-61.741894 	
9.593598 	-15.222665 	-15.941068 	-36.591244 	-44.947862 	-58.776837 	-58.366070 	-59.976621 	-58.543277 	-58.789437 	-60.381112 	-60.845843 	-57.817576 	-59.962831 	-59.734766 	-59.482359 	-61.930185 	-59.231133 	-59.133261 	
