8.465426 	-1.173564 	-4.636829 	-8.176132 	-8.090099 	-12.603798 	-18.313537 	-57.363852 	-60.623977 	-58.158823 	-61.857289 	-60.574421 	-59.236474 	-59.831586 	-58.005662 	-59.872520 	-61.645000 	-60.151335 	
9.724445 	-7.653569 	-8.477265 	-10.038568 	-15.122080 	-17.433504 	-34.383895 	-40.633491 	-38.695457 	-47.294632 	-48.496314 	-48.993088 	-49.349790 	-55.729779 	-53.028227 	-56.199994 	
9.454791 	1.604737 	-14.151213 	-20.046510 	-21.209013 	-35.275395 	-36.112502 	-41.694282 	-51.750439 	-58.448542 	-57.548466 	-57.220119 	-60.262978 	-59.651567 	-56.961222 	-57.914966 	-58.570034 	-58.426983 	-57.711504 	-59.196922 	-59.555599 	-58.556147 	-58.346299 	
8.875886 	-1.936300 	-5.811437 	-9.039876 	-12.607036 	-15.752748 	-20.630894 	-21.587055 	-21.347693 	-23.003188 	-33.667527 	-35.945377 	-34.586158 	-41.296680 	-41.630339 	-42.666480 	-48.608050 	-47.659045 	-51.648284 	
8.528046 	-0.534188 	-7.921332 	-9.703039 	-10.955874 	-43.810731 	-51.778334 	-62.927931 	-60.929948 	-59.329168 	-59.845094 	-57.509737 	
9.229621 	-8.559173 	-7.837551 	-11.256873 	-15.211615 	-23.609128 	-23.599676 	-28.559092 	-42.874341 	-46.446417 	-51.580693 	-57.096215 	-60.763317 	-56.776871 	-58.608404 	-57.787065 	-57.206116 	
9.095152 	0.592227 	-5.014459 	-13.090273 	-18.795192 	-31.356023 	-37.957609 	-42.752559 	-45.304263 	-44.982023 	-48.938465 	-47.366007 	-53.090225 	-50.343653 	-56.658972 	-56.656844 	-56.455917 	-56.045622 	-56.840471 	
9.554835 	5.014451 	3.930507 	-5.044240 	-13.492725 	-30.157849 	-31.191239 	-33.307564 	-37.736088 	-41.743563 	-44.416041 	-43.336954 	-47.137693 	-48.968012 	
8.947076 	6.694388 	-1.994833 	-8.665024 	-12.454909 	-14.940784 	-26.937239 	-30.290067 	-33.825736 	-43.986467 	-48.538232 	-52.931574 	-54.804705 	-58.001717 	-57.293715 	-57.142171 	-56.754551 	-63.268233 	-57.821905 	
9.432164 	4.261355 	3.374490 	-5.732782 	-6.157757 	-14.653170 	-14.379216 	-13.355834 	-18.287458 	-18.232915 	-19.415212 	-19.270900 	-31.404858 	-31.942864 	-33.089092 	-38.068799 	-41.132189 	-50.524849 	-50.309092 	
9.036816 	4.080896 	2.053415 	-12.179221 	-18.451023 	-22.089187 	-22.549108 	-27.729173 	-30.637212 	-42.894520 	-44.674991 	-45.698593 	-49.658778 	-54.045264 	-57.542323 	-57.098842 	-57.875158 	
9.315951 	1.460009 	2.245354 	1.215801 	-0.177297 	-11.254499 	-27.267652 	-28.097426 	-26.950238 	-28.470763 	-40.385458 	-41.190082 	-42.374216 	
9.005099 	3.770520 	5.482488 	0.872741 	0.643938 	-0.087371 	-9.345906 	-9.601927 	-12.613763 	-12.205733 	-22.264268 	-25.321128 	-24.824511 	-28.138073 	-30.273943 	-31.875547 	-33.196099 	-34.876209 	
