9.298657 	-14.100789 	-16.106405 	-47.279942 	-56.685780 	-58.445578 	-59.276174 	-59.598978 	-59.041798 	-57.995299 	-59.672245 	-60.808523 	-58.092283 	-58.009584 	-59.896025 	-58.551379 	
9.274798 	7.306801 	-3.584603 	-5.199555 	-17.571035 	-19.031155 	-17.115772 	-24.347018 	-26.468263 	-27.468445 	-42.306668 	-39.726059 	-42.332832 	-51.278108 	-52.117716 	-59.239441 	-58.611519 	-61.864918 	-60.276557 	-58.647523 	-58.635756 	-59.583040 	-61.795165 	-58.243253 	-62.054028 	-58.881444 	-60.735916 	-59.495460 	
9.401755 	-12.058302 	-17.309629 	-23.488024 	-49.447102 	-58.734074 	-58.709498 	-58.896953 	-60.773174 	-58.480084 	-58.378431 	-58.627833 	-59.588523 	-60.311187 	-57.672146 	-58.762124 	-58.613875 	-57.161244 	-60.193132 	-61.465882 	
9.011186 	6.955701 	-2.230400 	-8.745415 	-22.021807 	-25.569811 	-49.013369 	-58.047450 	-58.028394 	-63.211740 	-59.338603 	-57.458330 	-60.839940 	-58.836571 	-58.873588 	-59.003429 	-60.847891 	
9.042100 	-4.872119 	-18.117908 	-58.711184 	-59.423244 	-58.521644 	-59.646453 	-61.483050 	-57.666171 	-57.631896 	-58.547177 	-58.583989 	
9.229119 	-6.601654 	-33.843257 	-52.194395 	-62.888704 	-61.081112 	-60.161689 	-58.018243 	-59.399315 	-59.997275 	-58.972475 	-59.163540 	-61.039528 	-60.691506 	-58.535188 	-58.802580 	-59.365774 	-58.963589 	-60.780427 	-58.800763 	
9.192680 	-1.580157 	-2.542412 	-3.264174 	-26.029155 	-50.847349 	-52.688805 	-58.283919 	-60.407349 	-59.546679 	-60.099768 	-57.523154 	-58.011834 	-61.467163 	-61.558289 	-59.849702 	-57.977637 	
9.425791 	-1.612211 	-6.723511 	-5.647584 	-16.217607 	-29.048291 	-34.271545 	-46.445753 	-56.868225 	-56.727253 	-59.264105 	-60.941330 	-58.415510 	-59.503719 	-60.261668 	-59.547909 	-60.410671 	-61.328994 	-57.760901 	-59.158019 	-59.643341 	-59.439726 	-58.453205 	
9.688134 	-3.976534 	-24.361072 	-25.268742 	-40.077372 	-58.621942 	-59.787736 	-59.885808 	-61.125907 	-59.267657 	-59.101260 	-61.047277 	-59.756533 	-59.579189 	-59.327084 	-59.060248 	-59.898724 	-60.043343 	-59.889127 	-58.871346 	-59.299248 	-61.771784 	-58.593978 	
8.997106 	2.153508 	-7.655286 	-16.693644 	-17.414085 	-18.761214 	-59.825872 	-58.303061 	-59.545368 	-60.406567 	-58.478681 	-60.665431 	-59.542825 	-59.634565 	-59.395874 	-59.008841 	
9.296248 	-15.350846 	-23.548449 	-36.291247 	-53.141521 	-58.249017 	-59.463555 	-61.565293 	-61.174780 	-60.442079 	-60.086793 	-58.370286 	-60.844148 	-60.023946 	-60.310757 	-59.625183 	-59.383362 	-60.380959 	-59.783887 	
9.049172 	-12.122977 	-17.729809 	-58.651949 	-59.430041 	-60.271185 	-58.210116 	-61.129324 	-59.215724 	-61.570737 	-58.851383 	-60.866523 	-59.763942 	-58.425784 	-60.005640 	-61.825262 	-60.393192 	-58.112143 	-59.157398 	-61.161887 	
8.545916 	8.431143 	3.407424 	-58.495999 	-59.259482 	-57.506678 	-59.476970 	-58.653881 	-59.184543 	-60.556453 	-57.959989 	-58.829931 	-60.995191 	-58.988114 	-60.004026 	-58.506235 	-59.715666 	-61.492549 	-59.338480 	
9.529045 	-2.223148 	-22.340614 	-31.020989 	-35.798796 	-36.166207 	-38.123697 	-38.948758 	-53.453419 	-57.275471 	-59.068245 	-62.066125 	-57.853965 	-58.306679 	-58.112279 	-57.894250 	-58.915533 	-58.260081 	-57.662455 	-58.673756 	
9.039299 	-0.215872 	-0.663469 	-12.371688 	-14.406831 	-19.340132 	-23.376200 	-44.382325 	-46.225167 	-58.196414 	-60.027996 	-57.689580 	-63.540167 	-60.214505 	-58.552366 	-63.523230 	-58.623368 	-58.931073 	-59.143603 	-59.230531 	-59.213753 	-59.975333 	-59.553129 	-58.253352 	-59.669151 	-59.630913 	-59.610004 	
9.456732 	-21.942439 	-37.913164 	-52.083601 	-56.120783 	-59.083586 	-60.599955 	-58.857060 	-57.944699 	-59.292750 	-58.770870 	-59.825863 	-57.633938 	-60.235662 	-59.844621 	-57.769515 	-58.234777 	
9.267212 	-19.121710 	-27.642211 	-55.027500 	-57.721979 	-58.258739 	-57.493151 	-57.390197 	-59.737699 	-59.029882 	
9.094050 	-2.560274 	-18.094917 	-30.792829 	-63.280883 	-58.229545 	-58.733289 	-59.592573 	-59.526998 	-62.375343 	-58.786969 	-57.955659 	-60.790064 	-60.621586 	-59.721073 	-59.730272 	-58.771182 	-60.650081 	-58.700142 	-58.355741 	-58.707783 	
9.539643 	3.641809 	0.885590 	-1.422075 	-3.786550 	-6.311763 	-8.979917 	-10.507475 	-12.606880 	-13.467962 	-17.102405 	-19.845646 	-19.636535 	-22.191270 	-23.576304 	-24.594414 	
9.578846 	-5.062662 	-31.674501 	-35.910358 	-45.488084 	-47.842944 	-60.101261 	-61.280254 	-60.047510 	-60.394612 	-57.333454 	-58.799222 	-60.762748 	-58.064123 	-58.001007 	-58.361607 	-57.833125 	-59.790181 	-57.358644 	-57.724932 	-60.288110 	
