9.296123 	-0.210928 	-7.309318 	-12.693910 	-11.490343 	-21.063698 	-22.343773 	-32.539406 	-38.394134 	-38.887486 	-43.279039 	-43.402636 	-47.806051 	-47.301421 	-47.123835 	-46.035462 	-46.799403 	-53.750179 	-53.681169 	
9.246074 	3.205270 	-1.091854 	-6.500640 	-10.596779 	-10.116403 	-14.251050 	-18.857263 	-21.312860 	-23.476409 	-27.109514 	-29.701659 	-32.767884 	-40.334036 	-49.818079 	-51.347693 	-56.717943 	-56.193753 	
9.578893 	2.438331 	-1.981932 	-5.595892 	-21.679450 	-29.588062 	-33.351091 	-37.732159 	-44.700647 	-49.098844 	-51.242277 	-55.712070 	-56.607520 	-59.356306 	-57.954043 	-57.410343 	
9.248651 	0.267967 	-0.690127 	-6.956276 	-9.293318 	-9.680231 	-15.213431 	-26.314883 	-26.685928 	-36.472962 	-38.854037 	-50.940195 	-55.375288 	-52.334942 	-57.490972 	-56.645071 	-58.085144 	-56.660976 	-59.457709 	
9.716823 	1.699515 	4.423141 	2.402714 	3.004729 	0.649567 	-0.388090 	0.490243 	-2.434814 	0.268679 	-1.527814 	-0.389300 	-4.334262 	-1.408288 	-3.564640 	-3.628893 	-2.058979 	-3.338685 	-4.744659 	-3.924331 	-4.484923 	-5.897538 	-4.519189 	-4.739825 	-5.366159 	-5.408942 	-5.257762 	-5.512563 	-6.993333 	
9.224747 	-3.762277 	-5.857445 	-10.504606 	-9.643313 	-10.743382 	-16.240670 	-17.961569 	-17.547894 	-19.203099 	-19.071274 	-20.964091 	-21.313957 	-20.662947 	-23.266608 	-22.260487 	-22.022502 	-27.383760 	-24.145466 	-24.975158 	
9.100885 	7.275996 	1.647407 	-8.649987 	-20.370572 	-22.642391 	-22.134197 	-28.191733 	-29.370023 	-35.575691 	-35.714248 	-36.356907 	-36.966550 	-42.356615 	-42.084023 	-43.644828 	-50.404101 	-51.336109 	
9.282145 	2.188110 	-1.822951 	2.047520 	-2.452628 	-16.391558 	-15.371861 	-22.942633 	-34.819294 	-39.333155 	-39.955487 	-42.975692 	-50.055591 	-43.512864 	-48.837244 	-50.662338 	
9.158698 	-1.210475 	-4.875918 	-7.424218 	-18.557209 	-24.018086 	-30.349016 	-34.516402 	-43.657330 	-48.163135 	-51.479256 	-52.706176 	-55.064785 	-56.024158 	-57.289763 	-57.044339 	-56.859626 	-57.779421 	-56.681861 	-56.564968 	-57.401652 	-56.883654 	
8.638947 	-1.417581 	-49.885287 	-59.957459 	-59.634067 	-58.938048 	-60.233692 	-61.139330 	-58.529675 	-59.497963 	-59.597660 	-59.055995 	-60.558831 	-60.679267 	-60.843273 	
8.603411 	4.833650 	1.261474 	2.062193 	-0.313493 	-0.310135 	0.808691 	-9.574387 	-15.947811 	-16.861853 	-15.216010 	-16.419018 	-20.193714 	-21.453454 	-23.650763 	-22.874121 	-25.171439 	-27.655223 	
9.596035 	0.268930 	-14.737825 	-16.836689 	-17.077039 	-28.866015 	-37.015053 	-48.630813 	-54.452550 	-52.871607 	-54.069993 	-53.206094 	-56.837349 	-55.370847 	-56.386816 	-55.910107 	-57.455926 	-61.021997 	-56.512897 	-56.610971 	
9.101130 	4.900961 	0.722933 	-3.941045 	-10.384475 	-12.262518 	-10.551463 	-12.321403 	-15.504979 	-13.726265 	-14.801499 	-16.674143 	-16.251089 	-16.692166 	-18.065439 	-20.772793 	-19.564733 	
9.020746 	-2.173949 	-5.285936 	-5.082992 	-5.040318 	-10.005963 	-12.221451 	-14.612474 	-19.174552 	-33.817078 	-45.439687 	-58.036751 	-58.558568 	-57.708495 	-59.377431 	-57.460931 	-56.811700 	-57.746834 	-59.573444 	-57.408165 	
9.758564 	-26.687390 	-38.473248 	-40.233725 	-41.636480 	-48.517350 	-56.889222 	-59.689146 	-61.571848 	-58.616299 	-61.238722 	-58.636976 	-57.480812 	-58.578029 	-59.030624 	-57.541115 	
9.647104 	4.163663 	1.199731 	3.296394 	0.683289 	0.367082 	-2.544104 	-2.684878 	-2.685706 	-5.001776 	-3.095173 	-3.810670 	-3.878100 	-5.105320 	-4.799005 	-5.958589 	-6.244020 	-6.741023 	-9.452585 	-12.631846 	-15.448642 	-15.512704 	-16.074504 	-13.610459 	-14.826603 	-18.403203 	-19.822786 	-17.171362 	-17.505284 	-18.799287 	-20.607954 	-20.353302 	-21.276294 	
8.759378 	7.947194 	-14.912086 	-21.049973 	-23.861500 	-36.950234 	-51.132895 	-51.960345 	-57.119386 	-61.101500 	-57.439477 	-59.902000 	-58.740753 	-57.539313 	-57.535021 	-58.732489 	-60.239077 	-58.394639 	-58.794690 	-58.655432 	-60.552907 	-59.277005 	-62.342302 	-61.343662 	
9.180130 	1.496085 	-60.582572 	-59.256651 	-59.188312 	-58.889167 	-60.520969 	-60.425805 	-59.530007 	-58.193008 	-59.189921 	-58.247260 	
9.586935 	-1.037752 	-7.941743 	-14.449591 	-19.155369 	-21.441370 	-20.584292 	-28.287024 	-32.520511 	-32.451635 	-32.300373 	-32.125087 	-33.123783 	-37.827087 	-37.111792 	-40.004655 	-45.599867 	
