9.772247 	2.167803 	-11.771859 	-27.229695 	-27.717400 	-58.660291 	-58.945582 	-57.526967 	-58.594214 	-56.983948 	-56.688502 	-59.510591 	-56.827375 	-58.385461 	-58.186711 	-59.255356 	
9.901229 	-20.491221 	-58.269245 	-58.444699 	-58.686670 	-60.129790 	-57.648382 	-58.884440 	-58.214672 	-58.574141 	-57.087532 	-56.967045 	-60.601647 	-56.945857 	-62.072803 	-58.373713 	-59.583133 	-59.189592 	-58.861292 	
9.381638 	-15.217087 	-39.181451 	-58.990605 	-59.305691 	-59.730222 	-58.695131 	-58.997997 	-58.774037 	-58.505747 	-59.311675 	-57.892303 	-58.044764 	-57.696120 	-58.994455 	-61.133487 	-59.236425 	
9.389718 	8.210613 	-16.692000 	-60.588767 	-59.274445 	-58.773470 	-57.640789 	-57.795463 	-59.088867 	-60.752932 	-59.477486 	-57.974886 	-59.755225 	-58.795937 	-60.559637 	-59.483412 	-58.603752 	-61.305815 	-59.629823 	-58.348832 	-59.570753 	
9.417812 	-9.542261 	-18.799057 	-52.201769 	-56.684842 	-58.984482 	-58.486870 	-57.232916 	-58.482248 	-58.001278 	-59.250175 	-58.692969 	-58.034349 	-58.561388 	-59.524995 	
9.447105 	-15.867612 	-32.535015 	-57.036937 	-58.075172 	-59.281085 	-59.001717 	-58.125326 	-58.158266 	-60.987434 	
9.461475 	-11.796068 	-27.330707 	-56.696618 	-60.329003 	-61.422406 	-59.219659 	-59.058041 	-57.585441 	-57.570997 	-57.140037 	-58.398525 	-60.341745 	-59.032731 	-58.060131 	-58.850690 	-60.525703 	-59.912125 	-58.512742 	-59.625352 	
9.254703 	-53.647855 	-56.978145 	-56.705801 	-57.207026 	-59.915971 	-57.839823 	-58.049587 	-58.628687 	-58.798528 	-56.679369 	-60.168410 	-58.765319 	-57.175626 	
9.487093 	-12.172916 	-60.276061 	-60.212384 	-60.187287 	-58.986967 	-60.891814 	-60.698480 	-58.452753 	-57.920748 	-59.195522 	-59.887880 	
9.500062 	-8.195795 	-57.402914 	-58.399862 	-57.510159 	-57.923122 	-59.593864 	-60.272597 	-59.055938 	-60.433507 	-57.065922 	
9.956484 	-45.924500 	-57.288609 	-57.988998 	-59.429166 	-61.865402 	-62.745675 	-57.800389 	-58.832593 	-59.774144 	-58.344975 	-58.796664 	-57.939784 	-58.134394 	-58.700584 	
9.584337 	6.004485 	2.095208 	-1.177258 	-41.911167 	-56.388161 	-56.821456 	-58.671509 	-57.982152 	-59.154962 	-58.636055 	-57.745485 	-57.867200 	-59.461320 	-58.957977 	
9.522747 	-2.801172 	-7.656209 	-49.731418 	-57.616949 	-57.491077 	-59.799258 	-60.455637 	-57.722035 	-58.721981 	-59.453896 	-59.492153 	-57.276200 	-56.768673 	-60.286360 	
9.118493 	-4.142899 	-6.571875 	-59.431845 	-58.067836 	-57.759535 	-58.217396 	-57.126583 	-58.718378 	-58.182013 	-59.080919 	-61.611116 	-60.802263 	-58.633896 	-60.023676 	-59.870775 	-61.830567 	-59.656097 	
9.770267 	-14.774875 	-33.022587 	-45.722566 	-57.890075 	-51.588219 	-59.078528 	-59.791534 	-60.813591 	-59.466554 	-60.732027 	-58.558087 	-58.749628 	-59.746453 	-59.592225 	-60.041436 	-58.217603 	-57.965822 	-60.627296 	-57.721170 	-59.655361 	-57.649228 	
9.626423 	-29.925695 	-32.037798 	-57.439171 	-58.619992 	-58.211445 	-59.467322 	-58.753152 	-60.004754 	-60.316462 	-59.993558 	-58.975713 	-59.173298 	-60.364745 	-57.969765 	-59.388183 	-58.423876 	-59.049281 	-58.787680 	-59.049031 	
9.317952 	0.542796 	-8.126105 	-17.846464 	-54.579917 	-58.086135 	-59.025781 	-59.459879 	-58.793674 	-62.293989 	-58.699049 	-58.570090 	-58.843147 	-60.549250 	-59.397549 	-59.254559 	-58.214728 	-58.983082 	-63.786778 	-59.126287 	-59.149428 	
9.751605 	-3.954940 	-23.721627 	-24.978721 	-40.551182 	-61.303363 	-58.309807 	-58.758424 	-58.835472 	-59.957049 	-58.977959 	-59.059355 	-61.100155 	-59.345316 	-60.316639 	-58.697292 	-59.678044 	-58.529208 	-60.284406 	-60.599071 	-57.798079 	-58.408514 	-60.465220 	
9.506891 	-58.321990 	-55.681219 	-58.218623 	-56.528371 	-58.720001 	-62.872178 	-58.058112 	-56.844063 	-57.902314 	-56.870459 	
9.291407 	-10.222499 	-20.341834 	-26.554022 	-60.320379 	-60.683677 	-60.295556 	-58.967414 	-60.320505 	-59.502699 	-59.487566 	-59.983560 	-58.401020 	-63.129104 	-60.883515 	-60.256078 	-60.226472 	-58.494332 	-59.870494 	-61.465869 	-60.309234 	-59.258262 	-59.679368 	-59.801289 	-62.185370 	
