9.024993 	-12.661568 	-36.750520 	-57.987766 	-58.713806 	-57.036390 	-58.186719 	-58.302627 	-59.313397 	-59.660644 	-58.196915 	-57.411511 	-58.338435 	-61.142959 	-58.363569 	-58.670760 	-58.737322 	
9.563711 	-4.819869 	-21.269820 	-24.916439 	-25.371727 	-25.644939 	-36.203249 	-46.331635 	-55.754888 	-58.527692 	-63.961676 	-59.476175 	-59.758989 	-57.952185 	-59.260074 	-58.702257 	-57.082437 	
9.676169 	3.817375 	-12.122093 	-27.734014 	-37.551722 	-58.723417 	-58.085161 	-57.523995 	-61.736445 	-57.793406 	-57.770580 	-58.113968 	
9.402540 	-15.407505 	-17.458124 	-39.026395 	-43.376156 	-57.553336 	-58.792154 	-58.445141 	-59.552506 	-56.910803 	-57.928113 	-58.031321 	-59.576341 	-58.284152 	-62.371596 	-57.474608 	-56.639577 	-58.271052 	-56.656769 	-56.814262 	
9.536833 	-14.582880 	-19.490582 	-23.457824 	-25.808629 	-37.939385 	-44.384507 	-45.015401 	-44.802545 	-51.608917 	-49.345378 	-55.572703 	-60.034502 	-58.481043 	-57.510684 	-59.895151 	
9.580818 	-18.848615 	-23.941931 	-37.368295 	-58.141106 	-56.947599 	-58.867048 	-57.000827 	-61.093827 	-58.485523 	-59.483965 	-58.554979 	-58.245727 	-59.609279 	-58.802029 	
8.744945 	3.602993 	-15.105192 	-26.089064 	-32.534350 	-42.396050 	-43.582538 	-41.083323 	-43.364802 	-44.859153 	-45.055592 	-47.830133 	-51.539700 	-49.191037 	-49.739223 	-50.169806 	-50.612926 	-54.553697 	-55.946724 	-59.605412 	-60.100076 	
8.961571 	-9.858920 	-11.441045 	-48.911332 	-53.326809 	-59.660802 	-58.482340 	-58.624564 	-57.375531 	-59.997819 	-59.955675 	-59.053610 	-59.280337 	-58.165752 	-57.458310 	-60.768839 	-60.001483 	-58.400377 	
9.381721 	1.213868 	-15.312666 	-18.690721 	-54.639015 	-59.344431 	-58.347063 	-59.989042 	-61.111962 	-58.098741 	-59.161101 	-59.184997 	
8.980320 	-5.542427 	-40.268758 	-45.867251 	-54.208912 	-58.799443 	-58.060307 	-61.604093 	-60.255184 	-60.255233 	-60.317994 	-59.192886 	-60.510294 	-58.885374 	-62.695228 	-59.820058 	-59.228002 	-58.423016 	-58.934693 	-58.672775 	-60.201183 	-59.659984 	-60.953327 	-59.970151 	-61.102290 	
9.341143 	4.094719 	2.004004 	-2.448257 	-22.404158 	-22.275035 	-24.179398 	-26.244271 	-30.977296 	-36.897331 	-52.497469 	-58.111803 	-60.825789 	-61.096162 	-59.755344 	-62.070937 	-61.812014 	-58.339932 	-58.219400 	-58.774821 	-58.242607 	
8.892977 	-15.273063 	-18.564661 	-58.423562 	-57.792006 	-58.146479 	-58.943973 	-60.295017 	-58.120539 	-60.824125 	-58.066259 	-60.015885 	-59.158834 	
9.262168 	-0.785840 	-7.050242 	-49.235091 	-58.567155 	-61.292969 	-60.015283 	-59.748704 	-62.232209 	-62.438433 	-58.140021 	-58.285064 	-60.230410 	-59.809058 	-60.097549 	-58.037872 	-59.524218 	-58.783248 	-60.245992 	-58.611434 	-61.239967 	-59.536469 	-58.056090 	-60.058679 	-60.751270 	
9.988305 	-25.491972 	-45.741817 	-55.666889 	-57.746470 	-55.472256 	-58.027599 	-57.081168 	-57.233979 	-57.797519 	-56.394151 	-58.450732 	-56.246241 	-56.440591 	-58.969263 	-57.787763 	-56.527746 	
9.568485 	-8.590350 	-21.889827 	-54.399248 	-58.075727 	-57.879574 	-58.466455 	-61.084033 	-59.136102 	-60.067719 	-57.598673 	-59.397553 	-60.184839 	-57.686377 	-58.501532 	-57.907725 	
9.780159 	-38.944750 	-59.443945 	-60.584540 	-58.059154 	-61.282916 	-60.572363 	-57.438799 	-62.492789 	-59.961710 	-61.267299 	-58.860568 	-58.644895 	-59.101470 	-57.325041 	
9.093670 	0.840252 	-13.716168 	-13.116521 	-46.600145 	-60.480143 	-60.756166 	-61.437770 	-60.043235 	-59.732064 	-59.729092 	-60.003525 	-60.258491 	-61.001380 	-60.525448 	-59.322455 	-60.044660 	-59.954519 	-59.098630 	-58.177049 	-60.228737 	-61.878340 	-59.535283 	
8.569288 	-36.927765 	-36.274419 	-59.621080 	-58.921611 	-59.041503 	-60.084673 	-58.994395 	-60.320235 	-58.742557 	-58.443411 	-58.464639 	-60.198881 	-57.682791 	-59.086335 	-58.671272 	-59.171103 	-59.471531 	
9.348751 	-12.478869 	-34.996512 	-53.596173 	-57.940662 	-57.791937 	-60.772043 	-57.773886 	-59.844899 	-59.609855 	-59.035313 	
9.927130 	-9.715509 	-28.044707 	-50.253388 	-59.215069 	-57.606113 	-59.166825 	-57.089651 	-58.514179 	-58.067251 	-59.604944 	-59.794157 	-59.938775 	-58.166498 	-57.972421 	-58.388136 	-57.587844 	-57.755024 	-61.706887 	-59.433837 	-60.075146 	-58.169917 	-59.492075 	
