9.698917 	0.762440 	2.108174 	1.576282 	2.041383 	0.236034 	-0.681968 	-0.256379 	-0.501683 	-2.290052 	-1.607271 	-3.238392 	-2.584212 	-3.545474 	-8.207522 	-3.441411 	-6.247175 	-4.693814 	-8.710042 	-5.997731 	-5.966820 	-5.551825 	-6.728192 	-4.017581 	-7.381581 	
9.604011 	-16.062303 	-32.688646 	-35.057966 	-44.187369 	-49.197077 	-59.774032 	-57.870311 	-58.953511 	-60.354524 	-58.673588 	-58.193867 	-60.411652 	-59.110796 	
9.388696 	0.069759 	-2.645337 	-7.910626 	-9.426193 	-12.859086 	-28.855222 	-34.679186 	-42.800935 	-47.359181 	-46.513288 	-47.170842 	-56.490627 	-54.159769 	-55.379022 	-56.407875 	-57.009364 	
9.623003 	5.632869 	4.591491 	4.900005 	3.155717 	1.373043 	2.859508 	3.022337 	1.910651 	-0.420376 	0.334150 	0.264562 	1.249665 	-0.679057 	1.964059 	1.314483 	2.130758 	0.153837 	-0.918680 	-0.182173 	1.841826 	-0.804098 	-1.180725 	-0.497209 	-2.516423 	0.148343 	0.179209 	0.036858 	-1.406378 	-1.046809 	-2.694158 	0.588803 	-2.225058 	-0.096020 	-0.249552 	-0.886860 	-1.173103 	-0.495794 	-1.838083 	-1.318367 	-1.016225 	-3.262703 	0.102550 	0.102888 	-0.141879 	0.632608 	0.601879 	0.166291 	-0.094948 	-1.182034 	-2.877167 	-2.834730 	-0.504615 	-0.791680 	-1.084118 	-1.737857 	-3.466002 	-2.596715 	-0.881016 	-3.725145 	-0.928383 	-0.937576 	-2.535057 	-4.128417 	-2.045601 	-0.976579 	-1.917399 	-0.888247 	-0.712985 	-1.963866 	-1.430974 	-3.974517 	-3.411359 	-3.640243 	-2.051117 	-4.078987 	-1.772241 	-2.763662 	-2.648629 	-2.444277 	-0.986368 	-1.577170 	-1.896519 	-2.573752 	-1.842156 	-3.651287 	-4.125703 	-6.348323 	-2.940962 	-2.731048 	-2.242202 	-4.675291 	-4.036211 	-1.623872 	-5.653023 	-2.651082 	-3.200478 	-1.852191 	-1.312080 	-4.316717 	-2.716562 	-4.252908 	-3.553769 	-4.483219 	-3.523157 	-2.908952 	-2.165829 	-2.098196 	-2.421194 	-5.300519 	-3.482436 	-2.431304 	-3.136875 	-5.243066 	-2.876696 	-4.088877 	-3.442500 	-3.644753 	-5.237462 	-1.604734 	-5.187274 	-5.815224 	-2.294768 	-3.511779 	-3.154725 	-3.448406 	-3.655527 	-3.231287 	-2.403523 	-3.293561 	-2.894152 	-1.784967 	-4.996794 	-2.861359 	-5.406974 	-5.364552 	-4.127446 	-4.402888 	-2.995802 	-3.397726 	-2.561926 	-4.509318 	-3.399958 	-4.954318 	-3.519897 	-4.130419 	-6.601818 	-5.196887 	-4.401955 	-5.002713 	-4.032731 	-4.647301 	-6.213056 	-2.145303 	-5.433087 	-3.890823 	-6.487727 	-3.306064 	-3.774259 	-3.909338 	-6.071657 	-4.738438 	-5.185421 	-4.520396 	-2.278303 	-5.691884 	-2.870753 	-5.023960 	-3.949092 	-4.680301 	-4.607359 	-5.795606 	-3.499877 	-4.250823 	-4.937266 	-3.374435 	-4.621716 	-4.395829 	-4.180641 	-3.258766 	-3.110027 	-5.377939 	-5.009479 	-5.257678 	-4.312142 	-6.405787 	-5.722442 	-5.331778 	-6.038466 	-7.011556 	-5.823390 	-4.151763 	-6.944756 	-5.469928 	-4.201919 	-4.615592 	-5.034585 	-4.636572 	
8.922202 	5.369675 	3.924600 	4.383364 	1.483645 	0.078610 	1.359998 	-1.351398 	-1.607738 	-4.877959 	-4.340243 	-5.034027 	-5.700944 	-4.035558 	
9.153917 	4.345830 	-3.867619 	-9.735625 	-14.089240 	-17.035178 	-18.328732 	-18.802166 	-30.105842 	-41.439029 	-46.588390 	-45.492402 	-48.324725 	-51.017578 	-52.454892 	
9.455073 	1.187993 	-0.696153 	-28.721558 	-33.753392 	-39.617515 	-60.399404 	-58.991029 	-59.030516 	-59.077963 	-58.690085 	-62.089112 	-58.553636 	-60.149977 	-59.827261 	-63.894252 	-58.428104 	
8.849696 	0.740981 	-2.836911 	-14.879678 	-27.847268 	-34.763911 	-43.395116 	-43.480381 	-50.035229 	-49.372398 	-61.286578 	-57.956034 	-57.929448 	-59.330599 	-59.945123 	-58.680664 	-58.431552 	-58.300244 	-58.406511 	-57.998947 	-58.288260 	
9.455340 	-0.353191 	-5.394811 	-12.370673 	-10.660028 	-29.300943 	-35.049676 	-43.370710 	-58.107831 	-60.957396 	-56.965175 	-58.608977 	-58.337367 	
9.264725 	-0.140923 	-1.239022 	-17.065852 	-23.721970 	-27.880642 	-39.070348 	-42.728513 	-42.641623 	-44.463736 	-44.443617 	-46.143280 	-60.267168 	-59.539738 	-58.578277 	-59.855348 	-59.366121 	-60.045340 	-57.240110 	-61.612113 	-59.692236 	-58.311192 	-59.377313 	-58.935902 	
9.155814 	-1.861773 	-3.758380 	-7.298251 	-16.494854 	-18.489987 	-19.681416 	-20.962409 	-21.777739 	-20.147774 	-26.116330 	-25.547692 	-27.202225 	-31.622282 	
9.354918 	-3.043424 	-5.613233 	-8.001512 	-5.739085 	-7.012638 	-8.728971 	-15.978021 	-21.669872 	-21.581386 	-29.018285 	-29.451153 	-34.003299 	-35.088475 	-36.324789 	-40.070496 	-40.843357 	-42.759123 	-46.606033 	-46.921595 	-47.961981 	-50.611370 	
9.462333 	-0.170860 	-3.022362 	-8.458750 	-9.142154 	-10.800779 	-12.682214 	-13.683331 	-16.940457 	-14.422444 	-16.666737 	-15.051761 	-14.987357 	
9.506128 	-42.295662 	-60.314236 	-58.487863 	-58.215432 	-62.071996 	-57.366395 	-60.678002 	-59.213120 	-58.990842 	-58.936445 	-59.895698 	-59.720522 	-62.360571 	-61.057790 	
9.125792 	-1.157782 	-1.778296 	-12.327065 	-10.219516 	-15.842365 	-15.220439 	-18.017935 	-17.600938 	-21.786363 	
9.281438 	5.262129 	5.442981 	1.498271 	0.121640 	1.938504 	0.481639 	-1.926923 	-1.867447 	-1.595267 	-2.617313 	-3.659934 	-8.057354 	-7.915508 	-8.046239 	-11.183797 	-10.179107 	-10.678158 	-11.306185 	-13.236922 	-12.332744 	
9.434345 	-1.867153 	0.129804 	-2.061748 	-7.569821 	-15.506505 	-19.121965 	-23.030445 	-32.153402 	-35.167594 	-44.994929 	-46.314658 	-51.746185 	-57.191210 	-58.676131 	-57.934341 	-57.295408 	-58.387882 	-56.813989 	-58.725671 	-58.381233 	
9.801917 	-5.431995 	-42.001501 	-42.942144 	-59.529943 	-58.971341 	-60.318629 	-63.801289 	-58.428709 	-58.288869 	-58.786499 	-59.804249 	-60.227840 	-58.785798 	-62.060319 	-58.931969 	-57.644745 	-59.404494 	-59.879860 	-60.790884 	-62.926157 	-57.909656 	-57.415500 	
