9.161442 	-20.205435 	-58.137896 	-58.532445 	-60.011565 	-58.320044 	-59.205813 	-63.443129 	-59.521177 	-57.677772 	-57.986180 	-57.685598 	
8.826225 	-0.721350 	-6.672518 	-7.268502 	-10.077463 	-10.820351 	-23.395990 	-24.420210 	-24.794503 	-26.741640 	-31.160322 	-32.956816 	
8.844094 	4.525060 	0.996327 	-0.151068 	-0.959474 	-4.127677 	-2.974934 	-3.712601 	-7.326031 	-6.421523 	-8.492405 	-12.583340 	-13.852092 	-19.937734 	-20.238620 	-22.017358 	-21.309713 	-21.219257 	
9.221324 	-11.946802 	-12.622178 	-16.997096 	-22.930451 	-39.012025 	-45.461825 	-58.243225 	-59.147615 	-58.741874 	-59.184270 	-57.183414 	-57.831704 	-57.257823 	-58.437861 	-59.630347 	-59.225000 	
9.361362 	-10.522556 	-11.779963 	-15.513713 	-18.620819 	-17.355516 	-29.571738 	-48.804637 	-58.231325 	-59.149691 	-58.724988 	-58.677606 	-58.217121 	-58.569448 	-59.131933 	-58.718393 	-58.585709 	-59.269972 	-60.119491 	-57.579945 	-57.974667 	-57.086947 	
9.688183 	6.364234 	6.130563 	4.961098 	0.544375 	-2.004881 	-7.727606 	-21.818195 	-27.757840 	-32.155618 	-57.978984 	-60.388207 	-59.378614 	-58.463602 	-58.640361 	-57.959750 	-61.371845 	-57.532529 	-59.329653 	
8.753518 	9.039596 	-40.273247 	-41.844499 	-57.361070 	-61.624125 	-59.700688 	-58.675944 	-57.993905 	-61.547624 	-57.083175 	-58.590912 	
8.544319 	1.790097 	-2.642742 	-6.469390 	-3.492246 	-3.029585 	-3.241032 	-4.287242 	-4.262037 	-5.702463 	-6.161971 	-4.874027 	-4.656801 	
9.354898 	2.386841 	-0.534862 	-1.991092 	-8.853064 	-11.768216 	-12.855881 	-11.804884 	-15.572783 	-13.827275 	-16.592675 	-16.230060 	-18.365165 	-19.459559 	-19.330551 	-26.901529 	-27.605682 	-26.915988 	-27.768842 	-28.884006 	-31.585546 	-40.711181 	-41.694260 	-52.937192 	-52.820135 	-54.611440 	-61.504771 	
9.425034 	-2.742446 	-2.774591 	-6.391272 	-8.438122 	-12.820136 	-22.527530 	-23.427631 	-32.291873 	-33.097835 	-32.984297 	-34.457414 	-35.847727 	-39.081079 	-46.384444 	-46.798464 	-46.809326 	-48.705091 	-47.447742 	-50.101764 	-54.996329 	-55.814652 	-55.546105 	-55.859650 	-62.524340 	-58.515299 	-58.346771 	-55.405091 	
9.849528 	-0.622053 	-0.775280 	-11.777326 	-22.365695 	-22.669647 	-29.164893 	-29.706452 	-55.835940 	-58.058377 	-57.744456 	-56.681697 	-55.577174 	-57.448701 	
8.592239 	-8.751139 	-13.261544 	-51.119952 	-61.116501 	-60.468848 	-59.550336 	-61.517221 	-62.139740 	-63.393182 	-61.369486 	-59.660243 	-59.489486 	-58.659197 	-60.640425 	-62.752335 	-57.871861 	-62.514931 	-60.726357 	
9.622098 	-28.391476 	-39.146547 	-58.540268 	-58.434033 	-57.343395 	-57.526451 	-57.991423 	-58.031547 	-59.253798 	-58.565002 	-58.436025 	-57.262157 	-59.557619 	-58.567307 	
9.273716 	5.489292 	-8.355566 	-28.273753 	-33.582166 	-40.845481 	-41.578409 	-44.244856 	-51.682524 	-52.957154 	-52.512829 	-55.474051 	-53.329599 	-53.219531 	-55.821884 	-56.804947 	-57.261272 	-56.830689 	-60.368921 	-58.245264 	-60.639379 	-57.655856 	-59.326756 	
9.159124 	-24.741101 	-35.963012 	-39.270310 	-59.424657 	-63.330782 	-57.354899 	-57.754241 	-57.846793 	-58.498513 	-59.615955 	-56.834390 	
9.555592 	-6.183767 	-11.047702 	-13.720160 	-28.757164 	-42.143425 	-47.543280 	-48.413280 	-49.506239 	-55.691966 	-55.882578 	
8.686138 	2.589832 	-9.506444 	-10.297855 	-58.409650 	-59.836138 	-58.398859 	-58.891531 	-59.209716 	-58.847303 	-60.778041 	-61.382294 	-59.087476 	-59.586118 	-59.940947 	-60.303132 	-59.273615 	-57.894765 	-58.882818 	
9.202103 	-3.013059 	-9.710819 	-7.906466 	-11.562859 	-13.928486 	-21.373031 	-26.342065 	-43.836692 	-45.039507 	-55.155915 	-58.287048 	-59.929932 	-56.797698 	-56.660883 	-57.995731 	-58.444280 	-56.429741 	
9.401005 	-4.278694 	-9.397618 	-9.578511 	-22.309238 	-23.704230 	-37.427216 	-37.931376 	-45.214165 	-50.429433 	-58.727334 	-58.365344 	-57.929553 	-59.822691 	-58.573930 	-59.142301 	-60.468436 	-59.813206 	-60.081493 	
8.847354 	5.158742 	3.970144 	2.306807 	2.892419 	3.670347 	0.559724 	1.508374 	1.639198 	1.954605 	-1.404708 	2.822124 	1.629225 	1.659760 	1.616041 	1.240686 	1.291350 	0.513668 	-0.720439 	1.135234 	0.042611 	-0.855788 	0.191189 	-3.145618 	0.018777 	-1.128313 	0.043761 	-0.779017 	-1.920761 	-3.797790 	-1.123526 	-1.697195 	-1.948163 	-0.803235 	-1.109699 	-2.470876 	-1.980656 	-2.724129 	-2.404760 	-1.287031 	-1.495820 	-2.657826 	-2.267957 	-1.515892 	-0.993723 	-2.732628 	-2.148797 	-2.361734 	-1.536715 	-2.280382 	-3.643488 	-5.292060 	-1.257746 	-6.199414 	-3.152353 	-5.563931 	-3.005636 	-2.904738 	-2.829806 	-1.795841 	-6.006280 	-2.911108 	-4.989169 	-3.259655 	-3.703187 	-2.310084 	-3.161897 	-2.407853 	-2.825309 	-3.831117 	-3.853040 	-2.876069 	-4.655239 	-6.050509 	-2.672755 	-3.190769 	-3.488710 	-7.744837 	-2.804957 	-3.869812 	-7.967866 	-5.420891 	-6.995608 	-2.763842 	-1.993791 	-3.656217 	-4.150562 	-5.575608 	-3.299862 	-7.347216 	-4.279570 	-6.903782 	-4.070009 	-2.811797 	-5.604301 	-4.722395 	-5.865750 	-4.617118 	-3.535011 	-4.865054 	
8.518255 	-7.670270 	-25.238607 	-28.145088 	-37.856234 	-45.148026 	-60.061058 	-58.512396 	-59.785480 	-58.779605 	-60.343724 	-59.951772 	-59.042400 	-60.991523 	-59.293400 	-58.252959 	-60.557721 	-60.546696 	-60.854628 	-60.291312 	
8.740363 	5.064600 	4.319267 	3.548554 	3.088754 	1.337457 	-3.017174 	-0.968027 	-7.028872 	-8.488789 	-8.638190 	-12.041012 	-11.641197 	-14.748805 	-13.328560 	-12.664728 	
