8.423620 	-3.259338 	-5.789569 	-13.553599 	-47.615297 	-59.352224 	-60.458772 	-58.911407 	-62.186692 	-59.818021 	-59.005656 	-59.725537 	-61.587617 	-62.451564 	-59.772788 	
9.197129 	-8.717942 	-34.240504 	-48.572015 	-57.896131 	-58.891515 	-59.523964 	-60.646014 	-58.087205 	-59.171876 	-58.726039 	-61.176701 	-59.487885 	-59.589685 	-60.168524 	-60.440172 	-59.316892 	-60.895851 	-61.638042 	-59.390259 	-59.232877 	-59.814147 	-61.820001 	-57.309193 	-60.450378 	-59.543599 	-58.433636 	-60.700809 	
8.890261 	-60.605791 	-59.300050 	-58.983138 	-60.025329 	-59.218579 	-61.542694 	-60.368472 	-58.287382 	-59.358634 	-59.818373 	-59.413274 	-58.635061 	-60.820698 	-60.165345 	
9.963927 	-6.274845 	-2.815918 	-21.042743 	-24.454845 	-33.540548 	-44.829351 	-49.906574 	-55.277151 	-58.150714 	-57.707786 	-59.251549 	-58.174215 	-58.099904 	-59.871620 	-58.792370 	-57.318572 	-58.378025 	-61.195710 	-61.490322 	
9.465424 	-7.238171 	-20.243912 	-27.064346 	-40.236439 	-43.615100 	-47.806857 	-56.911896 	-58.002821 	-60.013056 	-58.588358 	-58.320183 	-59.638533 	-61.165640 	-61.438198 	-59.781873 	-58.017407 	-60.024516 	-61.372417 	-57.926690 	-58.705916 	-60.960526 	-58.836419 	-58.668900 	-58.803705 	-59.063052 	-60.359413 	-57.975146 	
9.717524 	0.178687 	-9.773677 	-23.195273 	-52.602457 	-58.184484 	-57.474027 	-57.898698 	-58.672336 	-58.789384 	-59.182300 	-63.027557 	-57.886613 	-59.861853 	-58.602956 	-60.251837 	-58.933866 	-60.789169 	-59.486817 	-58.501828 	-59.286370 	-57.595675 	-58.937644 	-58.588291 	-61.335426 	-59.537135 	-57.974149 	-58.600964 	-61.662224 	-58.531618 	-58.641011 	
9.078536 	3.229339 	1.565594 	-0.377203 	0.701881 	-1.791291 	-1.855117 	-4.967722 	-5.455811 	-5.836519 	-6.526069 	-9.985437 	-9.098679 	-10.002892 	-11.040355 	-12.615896 	-15.104651 	-21.955344 	-22.069762 	-20.867789 	-25.060584 	-24.012122 	-30.060199 	-27.091001 	-28.586709 	-32.930692 	-34.458597 	
9.407137 	-13.276833 	-23.270557 	-44.271245 	-62.928365 	-58.640185 	-62.057341 	-60.249036 	-60.072802 	-60.172551 	-61.566953 	-59.178026 	-59.592678 	-58.447235 	-59.233302 	-58.343430 	-59.096197 	-59.856784 	-61.952469 	-59.263655 	-59.026828 	-59.854897 	-60.480684 	-61.299731 	-57.754022 	-59.833860 	-59.780441 	
9.200024 	-1.155032 	-0.974370 	-5.756244 	-15.292140 	-27.828960 	-40.706900 	-49.502988 	-58.295085 	-59.710996 	-58.903421 	-59.989166 	-60.888339 	-60.944467 	-60.919466 	-61.534105 	-61.728715 	-59.673191 	-58.861351 	-60.952877 	-61.655731 	-59.173203 	-59.922489 	-58.149823 	-60.211186 	
8.348427 	-26.394470 	-42.587728 	-59.484126 	-60.353490 	-59.735831 	-57.888945 	-58.722662 	-58.723009 	-61.768750 	-57.999065 	-60.919508 	-58.299591 	-59.585653 	-58.379901 	
9.106497 	-38.364214 	-39.428238 	-46.393837 	-48.240382 	-52.816073 	-57.885011 	-59.118962 	-59.382921 	-61.150591 	-59.354757 	-59.670078 	-59.884205 	-60.449551 	-57.711290 	-58.445153 	-58.367973 	
9.194060 	4.748461 	3.029369 	-2.845951 	-4.760355 	-8.736640 	-18.549481 	-17.604073 	-28.599255 	-30.867544 	-34.006733 	-39.396935 	-44.275696 	
9.714820 	7.939057 	-2.238990 	-24.098219 	-37.308670 	-54.354538 	-54.914309 	-55.799798 	-57.609993 	-57.390825 	-59.389593 	-58.866260 	-58.071219 	-60.298881 	-59.299051 	-59.106302 	-59.648662 	-61.168154 	-58.057819 	-59.461580 	-59.855917 	-58.347936 	-59.647679 	
8.961181 	-37.419801 	-59.032208 	-59.767558 	-60.512240 	-58.557805 	-58.769709 	-59.836043 	-60.202172 	-57.664440 	-59.736088 	-58.952309 	-57.487850 	
8.563467 	-26.183391 	-27.742206 	-37.005186 	-42.021412 	-58.542936 	-59.699969 	-58.704561 	-58.990006 	-63.682834 	-59.196209 	-60.170985 	-61.385986 	-59.295958 	-61.008994 	-59.000489 	-64.510185 	-61.356643 	-60.011927 	-58.797837 	-60.076538 	-61.512566 	-58.868351 	-61.351134 	
9.346707 	0.128835 	-0.722640 	-4.094922 	-17.542115 	-23.996238 	-26.371423 	-30.589483 	-35.853948 	-35.512704 	-43.611377 	-42.848294 	-43.717048 	-45.452460 	-43.824053 	-50.504008 	-50.131359 	-52.599041 	-54.541966 	
9.201224 	0.183459 	-41.214690 	-59.372555 	-59.076815 	-60.191775 	-60.509959 	-58.642792 	-60.718965 	-58.094788 	-63.002190 	-59.959121 	-58.741522 	-59.106739 	-61.540683 	-60.583442 	-60.510449 	-60.152287 	-59.987548 	-60.422766 	
9.160345 	8.043375 	-0.610277 	-19.003735 	-32.390811 	-60.057729 	-58.555894 	-57.764539 	-60.885769 	-59.073076 	-59.715650 	-58.848859 	-57.608352 	-59.680501 	-58.451427 	-59.453208 	-57.454089 	-57.957659 	-57.376172 	
8.728894 	5.235132 	2.145677 	6.020382 	-5.791300 	-5.885938 	-15.149271 	-14.153754 	-17.296168 	-24.783164 	-20.989942 	-23.927212 	-22.359582 	-22.805757 	-24.944236 	-27.894586 	-32.746417 	
9.202574 	1.023737 	-43.866426 	-58.519492 	-62.147017 	-62.035572 	-59.330811 	-58.189680 	-60.561128 	-61.921109 	-59.394740 	-57.612001 	-60.311834 	-59.333269 	-62.444000 	-58.804064 	-62.713191 	-60.897424 	
