9.459088 	6.026335 	-4.022828 	-5.823500 	-7.259196 	-9.706036 	-24.497385 	-34.494420 	-39.423944 	-40.604056 	-47.056750 	-50.122064 	-52.349496 	-51.625338 	-55.845539 	-56.212892 	-56.102303 	-57.081289 	-55.610436 	-57.984884 	
9.035490 	-5.670644 	-6.882025 	-14.352600 	-25.977544 	-41.053116 	-59.678502 	-59.025243 	-58.751393 	-60.575468 	-59.295286 	-60.672523 	-60.343505 	-57.196337 	-57.778194 	
8.361608 	-16.060687 	-30.132561 	-34.481489 	-34.229979 	-40.034223 	-39.579503 	-52.872524 	-54.075968 	-55.616879 	-58.009561 	-58.719331 	-57.910514 	-57.127224 	
9.796518 	2.496072 	-6.765607 	-13.314783 	-22.079334 	-26.879417 	-28.076017 	-26.135138 	-31.870846 	-32.786054 	-39.162952 	-37.779179 	-41.826075 	-52.927492 	-63.500961 	-58.842481 	-57.799980 	-58.091900 	-58.057122 	-59.221213 	-60.386108 	-60.886851 	-59.097908 	
9.192487 	4.948843 	2.871787 	0.876282 	-7.550314 	-12.415381 	-17.507762 	-21.479114 	-29.914520 	-29.884802 	-39.873824 	-36.753821 	-41.360680 	-44.428083 	-44.572545 	-44.758700 	-51.792656 	-53.859866 	
9.186709 	7.254667 	2.927821 	2.056507 	-1.361402 	-0.519613 	-0.334611 	0.800710 	-4.621291 	-3.345198 	-2.209252 	-4.816153 	-2.368035 	-3.684957 	-3.402634 	-3.419582 	-5.392381 	-3.649033 	-4.674524 	-5.118920 	-6.440383 	-4.654510 	-5.832273 	-7.673442 	
9.198292 	1.011939 	-2.483697 	-4.126582 	-8.637673 	-7.509480 	-7.858565 	-8.430128 	-9.732964 	-10.800410 	-13.312219 	-13.564308 	-15.677768 	-14.975592 	-15.009741 	-15.301973 	-16.327936 	-18.008319 	-19.138116 	
9.467897 	6.466080 	-26.170802 	-57.942857 	-61.840247 	-59.817409 	-57.658371 	-56.624838 	-58.582067 	
9.136326 	3.713969 	1.454440 	-10.580670 	-21.587287 	-37.544243 	-46.235709 	-49.165304 	-53.470740 	-58.508066 	-61.177698 	-61.522971 	-60.984170 	-58.151391 	-59.078228 	-59.274549 	-59.727579 	-59.518627 	-59.363163 	-59.912126 	-59.153194 	-59.467854 	-61.322057 	-59.629812 	-60.608946 	-59.667251 	
8.927281 	7.253770 	2.489285 	-4.842828 	-17.210232 	-17.191310 	-22.797581 	-25.865475 	-30.823924 	-37.008966 	-39.644138 	-43.705038 	-43.765176 	-46.940930 	-47.725479 	-48.131979 	-56.652713 	-60.610504 	-59.790862 	-59.341487 	-59.499471 	-59.433874 	-59.109967 	-60.755819 	-59.558048 	-59.369496 	-59.441866 	-60.184611 	-58.603307 	-58.768436 	-60.457579 	
9.002148 	6.089152 	2.853209 	-3.331570 	-6.608966 	-17.021309 	-23.916267 	-22.444348 	-20.733876 	-22.533568 	-24.666794 	-28.927177 	-27.267255 	-29.933167 	-29.376740 	-31.624460 	-31.543912 	-33.295325 	-36.883992 	-34.872084 	
8.921716 	0.063746 	-0.150364 	-3.542264 	-5.199434 	-11.412361 	-53.610610 	-54.841621 	-56.865325 	-56.199738 	-57.122088 	-55.600807 	-57.828420 	-59.779900 	-58.628189 	-58.284785 	-57.555558 	-59.475975 	-58.390381 	-58.109754 	-60.423159 	-57.933433 	
8.904429 	7.219179 	4.661918 	2.943988 	1.502199 	2.371070 	3.185724 	0.603934 	0.375146 	-2.492452 	-1.633263 	-0.735109 	-1.455336 	-1.663613 	0.346896 	-1.425234 	-0.236803 	-2.330071 	-4.656648 	-4.036603 	-3.469496 	-2.372651 	-1.879212 	-2.255044 	-4.087223 	-5.877156 	-2.572732 	-4.086526 	-2.877452 	-4.177976 	-4.586683 	-3.585573 	-5.726835 	-3.907102 	-3.522980 	-4.947743 	-6.858177 	-3.897305 	-5.999977 	-5.573088 	-5.716972 	-3.623900 	-4.191853 	-5.466827 	-4.674981 	-6.454461 	-4.906274 	-8.225043 	-6.594962 	
9.100806 	1.951367 	1.664788 	0.678956 	-3.255646 	0.191874 	-0.598810 	-0.234463 	-0.163613 	-2.276667 	-1.853707 	-3.490456 	-4.688608 	-4.124845 	-3.977386 	-3.649400 	-2.945730 	-5.604651 	-8.046050 	-6.304145 	-5.150502 	-5.391709 	-8.777494 	-6.835402 	-7.625632 	-6.567274 	-6.598069 	-6.808303 	-6.766069 	-7.994808 	-7.188188 	-8.510545 	-11.065784 	-7.129309 	-10.422241 	-9.083814 	-8.748308 	
9.056853 	0.843705 	-16.945407 	-17.519973 	-19.838040 	-21.104214 	-23.689521 	-25.909258 	-27.402006 	-32.381722 	-36.263301 	-43.781880 	-47.566833 	-47.169536 	-49.046498 	
