10.043522 	-1.830829 	-1.229116 	-27.804887 	-51.776985 	-56.162990 	-56.997678 	-57.082421 	-56.438982 	-60.182826 	-58.084098 	-57.432982 	-58.723010 	-57.738175 	
9.431344 	-26.807281 	-32.391159 	-41.337318 	-57.304987 	-59.225413 	-59.315788 	-61.997464 	-61.956347 	-61.138840 	-59.554960 	-60.160667 	-58.218706 	
9.986991 	-4.674592 	-10.023503 	-14.872309 	-35.449289 	-38.123039 	-38.409247 	-57.276781 	-59.079672 	-58.922453 	-59.017911 	-57.913006 	-57.361758 	-57.691748 	-57.128467 	
9.965070 	-3.273266 	-43.250947 	-58.174817 	-58.984188 	-59.181024 	-60.125514 	-57.609456 	-59.492769 	-59.033400 	
9.515408 	0.160695 	-1.918858 	-15.404579 	-17.345908 	-20.579327 	-19.267439 	-25.745235 	-24.415153 	-26.737825 	-32.742987 	-32.163388 	-34.696669 	-39.792430 	-36.734376 	-41.081850 	-43.805307 	-43.303675 	-44.407423 	
9.542574 	3.466296 	-19.977753 	-45.852530 	-61.455323 	-60.271776 	-59.472653 	-60.260865 	-59.201579 	-58.770260 	-61.405939 	-57.855805 	-60.625010 	-58.460627 	-60.493303 	-58.614205 	-59.522667 	-58.201341 	
9.966843 	0.115176 	-10.795924 	-15.384303 	-35.919563 	-59.372224 	-60.472662 	-58.085354 	-61.296473 	-57.522643 	-57.868169 	-57.997326 	
9.663918 	-5.758080 	-9.341501 	-14.011787 	-25.361706 	-29.697741 	-56.681801 	-57.398470 	-57.879483 	-59.254625 	-60.600283 	-58.523647 	-57.701872 	-56.665332 	-58.200641 	
9.911903 	-3.042440 	-6.463453 	-28.811336 	-42.735359 	-56.588543 	-57.827632 	-58.912568 	-62.668505 	-59.711626 	-59.429514 	-59.758915 	-59.615537 	-57.524821 	-59.710052 	-58.669881 	-60.399656 	-59.038274 	-59.535094 	-59.400023 	
9.642314 	-2.295835 	-6.363311 	-14.372333 	-18.460286 	-22.475590 	-26.391037 	-30.389485 	-32.597960 	-34.776252 	-35.582384 	-40.493258 	-41.591993 	-42.248847 	
9.509172 	-4.038926 	-8.707461 	-17.500698 	-55.245610 	-60.590338 	-57.822449 	-56.955445 	-59.362562 	-57.112129 	-60.234305 	
9.665184 	1.720495 	-0.155698 	-4.318163 	-10.426235 	-15.132492 	-17.310756 	-27.938051 	-35.666012 	-31.904423 	-31.946549 	-36.378677 	-38.560511 	-41.153318 	-38.048155 	-40.091040 	-44.463508 	-45.983076 	
9.683786 	2.145780 	-10.710996 	-14.864812 	-18.541854 	-59.472212 	-56.464219 	-57.249379 	-57.811258 	-58.239315 	-58.264972 	-56.302023 	
9.566185 	5.048628 	-13.880295 	-18.528861 	-26.404027 	-45.949123 	-55.495996 	-57.947293 	-60.959886 	-58.899463 	-57.867749 	-58.148603 	-57.882615 	
9.441306 	-7.347091 	-9.838924 	-11.103018 	-16.552930 	-25.132826 	-40.678676 	-51.874644 	-59.129181 	-58.536049 	-60.341161 	-60.874965 	-59.275906 	-59.547381 	-59.774228 	-59.031188 	-59.250949 	-60.050072 	-58.618955 	-60.359029 	-60.205714 	-58.460019 	-59.300594 	-59.549076 	
9.838872 	-10.811665 	-20.720885 	-31.835113 	-33.429314 	-34.903806 	-41.312700 	-48.411215 	-50.521694 	-57.742049 	-58.832692 	-59.282267 	-60.489030 	-57.222332 	-58.807617 	-59.090083 	-58.008731 	-60.076237 	-57.244686 	
9.375683 	-20.671140 	-60.483517 	-60.609428 	-57.440072 	-59.848012 	-60.086507 	-58.351482 	-58.127433 	-58.338548 	-58.023518 	-58.188870 	-59.540698 	-59.478917 	-59.583669 	-58.924059 	-59.068927 	-58.920502 	-60.042977 	
9.864718 	-0.595687 	-1.676280 	-23.539069 	-54.406152 	-63.227233 	-59.602161 	-58.819653 	-60.295998 	-58.646628 	-58.639295 	-62.106904 	-59.041898 	-60.900163 	-58.894842 	-61.186806 	-59.004741 	-61.329915 	-60.668159 	-58.347083 	-59.252797 	-60.196597 	
9.586959 	2.888875 	0.435962 	-3.646001 	-6.247478 	-17.892035 	-20.690838 	-53.213443 	-54.749790 	-57.906187 	-58.691203 	-58.876040 	-58.868195 	-59.366633 	-61.127523 	-59.776952 	-58.139208 	-59.291953 	-59.148087 	-62.936796 	-58.127478 	-59.785448 	
9.536789 	-8.036660 	-10.811659 	-12.123521 	-17.217432 	-27.703368 	-36.693803 	-40.433191 	-46.269748 	-51.153881 	-53.295157 	-57.802050 	-59.472345 	-60.630788 	-58.711917 	-58.569478 	-60.257027 	-61.640084 	-59.523256 	-59.241440 	-58.492404 	-58.885572 	-57.825949 	
