9.083483 	6.445523 	5.366438 	5.279310 	2.306689 	1.660147 	4.319942 	-0.913708 	0.816701 	2.583545 	1.849106 	0.302980 	0.981138 	-2.306658 	-2.274530 	0.350484 	-0.413639 	0.107950 	-1.624070 	0.267393 	-0.659081 	-0.101218 	-1.654058 	0.332033 	-1.295611 	-0.652405 	-1.302429 	-2.202014 	-1.216295 	-1.951245 	-4.015321 	-1.918090 	-1.964197 	-2.993611 	-1.778357 	-6.239149 	-2.064834 	-1.920306 	-4.205012 	-4.030869 	-2.691392 	-1.160455 	-4.386971 	-4.294996 	-8.161893 	-3.786140 	-2.220049 	-3.937398 	-4.215042 	-2.491508 	-2.105973 	-3.695247 	-3.237985 	-3.090825 	-4.155907 	-4.528480 	-4.358908 	-4.688598 	-5.243981 	-2.772825 	-3.437889 	-3.910011 	-4.523855 	-7.147866 	-3.636098 	-7.057533 	-5.577059 	-4.074330 	-6.080616 	-4.239274 	-3.224728 	-7.027896 	-3.782247 	-10.390852 	-4.118103 	-6.876350 	-9.526601 	-9.569364 	-9.044654 	-13.814326 	-15.031488 	-19.048112 	-22.745237 	-24.774920 	-30.611700 	-29.886890 	-33.188506 	-32.605882 	-32.018628 	-31.880052 	-35.276854 	-34.437129 	-39.564892 	-38.844045 	-40.491646 	
8.684295 	-34.836403 	-42.881960 	-59.197791 	-58.100256 	-59.855216 	-57.861609 	-56.942129 	-56.970286 	-59.787871 	-57.699165 	
9.624009 	-2.933240 	-5.401325 	-18.929525 	-26.734902 	-36.034928 	-57.041289 	-57.001712 	-57.993889 	-59.156126 	-59.423854 	-57.723307 	-58.908618 	-57.472558 	-58.473326 	-57.104811 	-58.426381 	-59.258637 	-61.142695 	-59.727378 	-58.069660 	
9.083814 	-4.161882 	-13.295963 	-10.155309 	-25.816533 	-28.200593 	-33.992092 	-58.051903 	-58.814090 	-59.564903 	-57.949365 	-58.958990 	-60.324586 	-57.430965 	-58.836994 	-58.040854 	-59.201847 	-61.238319 	
9.723973 	-11.033409 	-12.223374 	-11.922202 	-15.544211 	-20.593675 	-28.255799 	-31.236974 	-35.508877 	-41.293870 	-42.706854 	-47.818305 	-49.635729 	-55.111691 	-49.420885 	-49.051677 	-52.086103 	-51.004197 	-54.041751 	-57.841476 	-57.198831 	-56.644821 	-57.525798 	
9.296200 	-5.008694 	-12.694160 	-27.480277 	-40.311885 	-54.633789 	-59.294590 	-58.722385 	-58.769580 	-58.557211 	-58.067945 	-57.554327 	
9.755726 	2.847768 	-8.769778 	-10.940041 	-56.912967 	-57.582976 	-56.792361 	-56.688356 	-58.525090 	-57.201343 	-57.713383 	-56.313535 	-58.310915 	-57.307434 	-57.032712 	-56.769080 	-56.938842 	-63.264985 	-59.112794 	-57.247913 	
8.676900 	-23.204396 	-36.639817 	-39.965972 	-45.897997 	-53.317717 	-60.589885 	-60.191206 	-60.329727 	-59.041913 	-60.357246 	-58.699506 	-63.915849 	-59.633247 	-59.202628 	-58.690830 	-60.475088 	-60.470188 	-58.638353 	-58.387161 	
9.109006 	-36.398558 	-60.276500 	-57.696999 	-59.502648 	-58.948667 	-62.383399 	-60.751863 	-57.893173 	-58.214817 	-58.938261 	-60.516876 	
8.925834 	4.458799 	0.904028 	-9.033692 	-42.196405 	-41.437518 	-58.741784 	-58.704766 	-59.971721 	-59.199239 	-60.255989 	-61.260647 	-60.436425 	-58.733458 	-58.618460 	-60.185983 	-57.814338 	-60.112296 	
9.183100 	-24.787667 	-42.548518 	-58.594385 	-58.350914 	-60.501335 	-58.624865 	-58.460892 	-59.080520 	-57.165529 	-59.892166 	-58.071910 	-58.598428 	-57.405149 	-57.301938 	-58.097737 	-58.173460 	
9.038325 	4.120837 	-10.336554 	-17.201083 	-27.479282 	-25.630418 	-38.465314 	-38.215171 	-39.089004 	-41.375794 	-48.557873 	-55.400931 	-59.000577 	-56.916213 	-59.133469 	-59.084102 	-58.291301 	-57.395945 	-58.705368 	
9.315383 	3.863039 	-1.007757 	-45.516467 	-48.734401 	-49.348156 	-56.306334 	-54.418449 	-57.905573 	-55.393885 	-57.966730 	-57.400364 	-62.739294 	-56.925127 	-56.784605 	-57.340563 	
9.400848 	-7.283376 	-22.402610 	-27.578820 	-31.865239 	-33.698109 	-48.543581 	-52.549982 	-59.012661 	-58.456229 	-59.765452 	-58.902027 	-58.878779 	-62.849540 	-58.035704 	-58.250048 	-57.551669 	-60.448347 	-59.179141 	
8.974154 	-8.268789 	-7.882901 	-9.693948 	-12.193797 	-17.120935 	-26.072193 	-30.524671 	-44.608172 	-41.424662 	-46.685049 	-43.776933 	-46.215238 	-51.761231 	-59.540258 	-60.063710 	-56.801453 	-58.494440 	-57.698336 	-57.426589 	-57.754400 	-57.639495 	-57.136345 	-58.974079 	-58.283019 	
8.898804 	-6.683638 	-15.598970 	-45.641085 	-46.724821 	-59.017075 	-59.398161 	-58.073101 	-60.483667 	-57.683996 	-59.693299 	-60.000296 	-59.790693 	-61.221471 	-57.848086 	-60.174294 	
9.510574 	-2.818162 	-53.210912 	-56.815100 	-58.226940 	-58.556144 	-58.728820 	-57.001178 	
8.511973 	0.945996 	-15.303115 	-17.909576 	-50.945234 	-58.143203 	-57.974057 	-58.850540 	-60.245472 	-62.606310 	-60.076720 	-59.569711 	-60.208553 	-59.093247 	-59.326740 	-61.190577 	-58.269112 	-59.621008 	-59.484179 	-60.057756 	-59.844306 	-60.716503 	
9.015018 	5.889232 	2.273859 	-1.707975 	-6.095180 	-15.825969 	-14.644395 	-17.323285 	-24.178316 	-28.689888 	-33.690481 	-34.866927 	-33.633338 	-33.819903 	-37.378511 	-37.883333 	-40.461829 	-41.610928 	-45.473776 	
9.052238 	2.438497 	2.555080 	-1.742170 	-39.220469 	-58.529855 	-60.526725 	-60.102573 	-59.002319 	-59.315381 	-58.042570 	-57.137289 	-57.809561 	-59.811584 	-58.213647 	
