9.382718 	1.422982 	-2.153921 	-3.280591 	-3.546991 	-15.753717 	-24.189520 	-24.062843 	-22.873609 	-23.993438 	-24.761228 	-25.953717 	-27.896394 	-28.605298 	-32.529179 	-29.739091 	-33.916108 	
9.677896 	-0.963625 	-5.796152 	-11.678631 	-13.530055 	-20.943462 	-29.481279 	-31.723191 	-36.681292 	-52.948009 	-51.251518 	-54.805828 	-58.540259 	-58.658387 	-57.454094 	-59.698421 	-61.837883 	-58.765477 	-57.630950 	-59.410131 	-59.483621 	-60.176151 	
9.311153 	-13.269627 	-30.889312 	-40.681082 	-40.538195 	-54.033606 	-58.211777 	-56.147514 	-59.921196 	-59.629203 	
9.373671 	-17.756239 	-28.930888 	-30.266894 	-37.155677 	-48.085194 	-58.366341 	-59.556304 	-60.193743 	-58.529692 	-59.827728 	-58.409600 	-59.816712 	-61.057140 	-59.717318 	-59.018396 	
9.505727 	-1.556868 	0.675890 	-4.325961 	-3.506214 	-8.859069 	-8.911958 	-10.903404 	-12.245611 	-18.541132 	-20.247950 	-20.677951 	-21.312813 	-21.420930 	-21.712508 	-24.898699 	-26.295917 	-28.299929 	
9.463305 	6.569171 	4.526663 	-0.634884 	-4.005761 	-3.926538 	-9.144911 	-9.460176 	-8.924422 	-11.334964 	-9.761591 	-13.935634 	-13.008385 	-13.447797 	-14.076753 	-15.759027 	-15.643263 	
9.295835 	-2.715013 	-3.778666 	-8.088318 	-12.832958 	-13.410100 	-16.806242 	-24.226919 	-24.051932 	-24.236968 	-26.732045 	-27.924221 	-35.952065 	-36.701083 	
8.883769 	0.065373 	-4.427062 	-8.970538 	-19.305700 	-34.893061 	-58.693550 	-59.286166 	-58.230213 	-60.885899 	-58.170193 	-60.494536 	-58.802119 	-60.175477 	-59.479230 	
9.233873 	3.284400 	-10.630721 	-31.570916 	-34.567943 	-56.320403 	-59.680001 	-57.321228 	-57.944698 	-58.892926 	-59.814416 	-60.040073 	-59.282726 	-57.330109 	-57.945269 	-58.212235 	
8.933541 	7.967104 	4.933782 	3.036255 	3.394484 	2.448340 	-1.089072 	-0.949774 	-1.675610 	-0.739816 	-2.186478 	-4.751427 	-4.050227 	-8.613719 	-5.216419 	-5.641815 	-9.399949 	-8.558463 	-11.545192 	-8.036519 	-9.218340 	-10.647720 	-10.525171 	-11.749420 	-12.174434 	-15.573668 	
9.557263 	4.345437 	2.090085 	-1.914067 	-3.875561 	-1.634044 	-17.754288 	-21.824643 	-23.681465 	-21.613481 	-26.966676 	-32.587062 	-31.300396 	
9.418315 	0.290431 	-2.189917 	-5.970001 	-14.292556 	-26.107151 	-25.640524 	-32.551399 	-34.011816 	-47.061905 	-45.683414 	-56.300346 	-58.657504 	-56.270834 	-56.954078 	-56.414869 	-57.290322 	-56.738625 	
9.037643 	-1.420499 	-4.368364 	-11.914535 	-13.099205 	-34.114923 	-37.224113 	-37.696453 	-39.657335 	-39.342350 	-44.359538 	-39.991996 	-42.340782 	-46.966831 	-44.077627 	
9.416712 	4.284869 	-7.516269 	-11.014078 	-12.212372 	-13.949165 	-11.763417 	-14.428285 	-16.258636 	-17.244489 	-16.145605 	-16.356056 	-15.602532 	
9.684559 	5.904502 	-35.715853 	-44.857415 	-49.721163 	-58.585089 	-60.889363 	-58.302019 	-57.734673 	-58.501802 	-61.400460 	
9.500617 	0.518926 	-15.516844 	-19.157088 	-24.422490 	-33.385357 	-56.305326 	-58.086651 	-58.250112 	-57.781900 	-59.718301 	-59.197733 	-62.096518 	-58.810793 	-60.202605 	-57.927134 	-60.970804 	-60.871801 	-59.659830 	-60.329311 	
9.302458 	2.326676 	3.298424 	1.570717 	2.120718 	0.606938 	-1.136722 	-4.977070 	-3.985530 	-3.036760 	-5.190141 	-11.581098 	-8.385459 	-9.349786 	-9.020072 	-10.857890 	-11.860911 	-10.021826 	-10.773344 	-11.057642 	-12.385883 	-11.140809 	-11.906219 	-12.517303 	-15.204091 	
9.276623 	4.476959 	3.465935 	3.896432 	-3.777370 	-4.921486 	-8.665686 	-10.282373 	-17.664048 	-18.362754 	-19.008676 	-21.886215 	-20.677187 	-21.090274 	-21.616491 	-25.913064 	
8.930208 	-14.903830 	-19.226977 	-19.908683 	-23.276517 	-26.584105 	-28.976450 	-28.791156 	-30.730323 	-32.502833 	-38.738629 	-47.294147 	-48.059101 	-48.826578 	-51.702147 	-53.648440 	-55.423337 	-55.377160 	
