0.564322 	1.170134 	-1.196232 	0.668524 	-0.503908 	1.633756 	1.441057 	-0.940611 	0.077358 	0.000000 	0.000000 	0.000000 	0.000000 	0.721733 	-1.613901 	-0.500182 	-0.827353 	-1.580829 	-0.619877 	-1.020493 	-1.749753 	-2.084833 	-0.558620 	1.416551 	0.319319 	0.914010 	1.685673 	-1.103988 	0.000000 	1.685613 	0.859036 	0.000000 	0.000000 	1.276910 	1.697726 	1.538516 	0.000000 	0.731034 	0.554852 	-1.960553 	-1.176993 	
0.585134 	-1.383428 	0.940482 	1.589494 	1.268453 	0.000000 	-0.470523 	0.418057 	0.000000 	1.284741 	-1.268365 	2.550844 	-0.154858 	0.000000 	-0.785282 	0.744097 	-1.155172 	-0.556124 	-0.624768 	-1.188459 	-1.216918 	-1.505171 	0.770620 	1.644755 	0.218742 	0.976413 	-0.885645 	2.258774 	0.838920 	-0.951234 	-1.066531 	0.440476 	-0.743064 	0.441526 	-1.757896 	1.307472 	-2.475080 	0.699049 	0.127548 	1.207821 	-1.082585 	
0.000000 	-0.932330 	-0.359968 	0.000000 	0.474979 	-0.968901 	1.265623 	0.270049 	0.817677 	0.549941 	0.000000 	0.000000 	-0.827319 	0.000000 	1.671995 	1.836862 	1.036152 	1.576377 	0.000000 	0.841708 	-1.060067 	-0.727055 	-1.160988 	-0.569847 	0.000000 	-0.325714 	-0.982535 	0.586464 	-0.776795 	0.000000 	-0.543318 	-0.379874 	-1.618462 	-0.674488 	1.333567 	0.000000 	-2.148088 	-1.217156 	1.160311 	0.601268 	1.179198 	
-0.453144 	-0.058579 	0.000000 	0.000000 	0.495096 	0.387949 	0.000000 	-1.067850 	-0.836750 	-1.108955 	0.000000 	-1.301308 	1.710972 	0.000000 	0.505387 	-1.623883 	0.053569 	0.448064 	1.937199 	0.141854 	0.741634 	1.660094 	0.994540 	-1.161076 	-1.811084 	-0.503708 	0.477664 	-1.006497 	0.377775 	0.957618 	0.000000 	1.077930 	0.709737 	-1.236805 	0.000000 	2.205772 	0.557910 	-0.410610 	-0.837352 	-0.771474 	-0.436090 	
1.821207 	-1.669337 	-0.439633 	0.000000 	0.555838 	0.000000 	0.424249 	-0.972656 	0.000000 	1.728557 	0.755475 	0.144691 	0.000000 	0.208204 	-0.081603 	0.063297 	-0.393948 	-1.004404 	0.872060 	0.547039 	0.000000 	0.566844 	-1.220695 	0.788724 	1.771123 	-0.744572 	0.863716 	0.397836 	-0.514145 	-1.370359 	-2.096710 	0.305414 	0.000000 	0.000000 	1.059642 	-1.360360 	-0.933780 	0.000000 	1.602041 	-0.395804 	-0.720182 	
-0.560855 	0.648152 	0.427431 	1.058901 	-1.440134 	0.824239 	0.999869 	-0.916721 	-0.581877 	2.152033 	-0.751561 	-0.078224 	0.391639 	1.978391 	-1.206136 	-0.936680 	0.252210 	-0.736621 	0.000000 	-0.995053 	0.000000 	0.873832 	-0.506276 	0.000000 	0.133169 	1.433716 	-0.343324 	-1.808197 	1.497535 	0.000000 	0.285674 	0.410367 	-1.249175 	0.000000 	1.648754 	0.000000 	0.614087 	0.713514 	1.578598 	-1.631037 	-1.573837 	
0.965989 	1.024035 	1.287361 	0.000000 	-0.588899 	-0.301628 	-0.849197 	0.838065 	-1.529933 	0.681557 	-0.790378 	-0.436255 	0.000000 	0.000000 	2.200876 	-1.847572 	0.000000 	1.038361 	-0.774273 	0.380036 	1.591157 	-0.447352 	1.381115 	0.207563 	1.009470 	0.000000 	-1.311679 	0.431653 	-1.308088 	0.598514 	0.000000 	0.244354 	-0.559246 	-1.259342 	-0.197194 	0.000000 	1.430024 	0.000000 	0.000000 	-1.275904 	-1.332117 	
1.191125 	0.976277 	-1.337110 	0.808084 	0.000000 	-0.085879 	1.716464 	-1.331945 	1.524858 	-1.552901 	1.454526 	0.000000 	-0.430133 	0.000000 	-0.909035 	0.000000 	0.888524 	-0.907922 	0.000000 	0.219007 	-0.525234 	-2.720142 	-0.401637 	1.771106 	0.000000 	-0.718484 	0.000000 	0.376212 	0.385851 	-1.051742 	0.672164 	-1.907246 	1.067095 	0.803403 	1.035588 	0.000000 	-1.238319 	-1.162384 	2.404581 	0.000000 	-0.574169 	
2.254904 	0.000000 	2.124709 	1.811501 	0.523597 	0.000000 	-0.369535 	0.000000 	-0.587601 	0.577262 	1.085057 	-0.710600 	0.559357 	1.579177 	1.062067 	-1.916485 	0.000000 	-0.606095 	-1.008440 	0.000000 	0.339132 	-0.635336 	0.333202 	0.184294 	2.125011 	0.000000 	-2.512598 	-0.634015 	-0.677551 	0.000000 	1.013208 	-0.871200 	-1.558202 	-2.782168 	-0.234445 	-0.191474 	0.793799 	1.231620 	1.678753 	-1.636106 	-0.513916 	
0.000000 	0.000000 	0.880179 	1.571005 	-0.704127 	2.092717 	0.265257 	0.000000 	-1.197479 	0.416927 	0.000000 	0.000000 	1.839125 	0.672911 	0.000000 	-0.375812 	-0.592490 	-1.120312 	-2.386156 	-1.142122 	-0.701598 	1.077449 	-0.493993 	1.535243 	0.000000 	-1.164881 	-0.314314 	-0.855320 	1.077411 	0.000000 	0.000000 	-0.226719 	-0.529314 	-0.433410 	1.102612 	1.262153 	1.013677 	0.470103 	-0.538543 	-1.048146 	1.073701 	
0.974496 	-1.622400 	0.946156 	2.344694 	0.000000 	0.486141 	1.405882 	-2.825435 	0.753849 	-0.948525 	0.149174 	0.000000 	0.304461 	-0.205420 	-0.805116 	0.574380 	-1.441967 	0.762305 	-0.359096 	0.343310 	-1.764322 	1.278512 	0.000000 	-0.537394 	-0.867135 	-0.265629 	0.000000 	-0.701457 	-1.303314 	1.518760 	-0.645899 	0.000000 	0.334284 	-0.566441 	1.091362 	0.113863 	-1.222559 	0.626450 	2.062925 	-0.346284 	1.239332 	
-2.337011 	0.000000 	0.000000 	0.000000 	-1.577672 	-0.764564 	0.346400 	0.894791 	0.000000 	-1.345435 	-1.059727 	0.405645 	-1.259752 	0.124856 	0.102286 	0.000000 	1.479721 	2.902177 	0.000000 	0.643510 	0.000000 	-0.506700 	0.243948 	0.000000 	-1.058888 	-0.776371 	0.411127 	1.781433 	3.255366 	-0.918355 	-0.247042 	-1.111364 	0.000000 	1.599849 	2.875643 	0.516433 	-0.325546 	-2.407183 	-0.235236 	0.000000 	0.000000 	
-0.654157 	-1.357802 	0.000000 	1.280584 	0.359382 	-0.530048 	0.384565 	-1.944276 	-0.916070 	-0.374837 	0.000000 	1.647228 	0.000000 	-1.359136 	-0.633662 	-0.704462 	0.000000 	1.189056 	0.924287 	0.000000 	0.810749 	2.054734 	-1.544115 	0.582957 	-1.428090 	-2.231802 	0.000000 	1.109710 	2.063468 	-1.515599 	-0.929279 	1.630101 	0.000000 	0.390568 	2.541366 	0.000000 	0.483336 	-1.616561 	0.135369 	-0.215045 	1.536739 	
-2.191273 	1.102966 	0.000000 	0.000000 	-0.462822 	-0.419850 	0.000000 	-0.357395 	0.763976 	-1.285080 	-1.396652 	-2.309814 	2.324647 	0.000000 	-1.031756 	0.869117 	0.000000 	-1.257755 	0.000000 	1.116357 	0.736754 	1.566438 	1.693794 	-0.169786 	-2.239923 	0.000000 	0.000000 	0.000000 	0.585402 	0.000000 	1.828324 	-0.660244 	1.654333 	0.000000 	2.353729 	0.000000 	-0.506016 	0.000000 	0.000000 	-2.405172 	1.157723 	
2.561969 	-2.175881 	-1.798202 	1.913799 	2.242973 	0.000000 	0.176104 	0.000000 	0.000000 	0.000000 	4.152848 	2.301032 	-2.354592 	0.000000 	0.000000 	0.000000 	-0.571107 	0.422903 	1.915403 	-1.613551 	-0.418423 	0.000000 	-1.555533 	0.000000 	1.488393 	-1.438424 	0.000000 	0.000000 	0.000000 	-2.143503 	-2.513093 	-0.435188 	0.000000 	0.000000 	0.000000 	0.000000 	-2.338179 	0.000000 	0.000000 	2.085764 	0.000000 	
1.719827 	0.000000 	0.193024 	1.454161 	0.000000 	0.000000 	-1.571598 	-1.046946 	-0.359263 	0.000000 	1.080140 	1.550226 	-2.136760 	-1.534684 	1.535163 	0.760800 	0.914653 	0.000000 	-1.305928 	0.000000 	-0.537654 	-0.718742 	0.000000 	0.219613 	-1.083799 	-0.878354 	1.546522 	0.484192 	-0.841472 	-1.101501 	-1.368277 	-1.099795 	0.000000 	0.000000 	-1.510283 	0.611578 	1.880946 	0.000000 	0.000000 	2.135341 	0.000000 	
0.813513 	-1.244619 	0.901417 	1.673167 	0.258781 	0.996849 	-1.380411 	-1.877319 	0.686536 	-2.028861 	1.468667 	-2.421538 	0.965396 	1.494494 	1.206604 	-0.793139 	-2.332012 	0.000000 	0.000000 	1.008417 	-0.981414 	-0.330595 	0.541881 	1.284169 	0.000000 	0.558646 	0.463181 	-1.331491 	0.278425 	0.682615 	0.459508 	0.000000 	-1.117834 	-0.994560 	0.000000 	2.301799 	0.000000 	1.133709 	-0.858883 	0.252156 	0.476684 	
0.207171 	2.032860 	-0.596595 	0.599165 	-1.383977 	-0.474080 	0.000000 	-0.629221 	1.018539 	1.181247 	-0.564607 	-1.165731 	-0.450503 	1.032490 	0.687528 	2.058678 	1.492910 	-1.195652 	-0.888770 	0.602316 	-1.021866 	-0.937910 	0.433580 	0.000000 	-0.626246 	0.861362 	0.875158 	-0.760101 	-1.152329 	-0.091654 	-0.339744 	-2.200040 	0.287194 	0.000000 	1.827418 	-0.923826 	0.000000 	0.226678 	1.889923 	-0.482142 	-0.966111 	
-0.086083 	0.000000 	1.605298 	1.155442 	-1.910133 	1.036467 	0.000000 	0.000000 	0.000000 	-0.712653 	-1.523734 	-0.953111 	1.258523 	1.920753 	0.370043 	0.000000 	-0.166054 	1.480984 	-1.215694 	0.000000 	-2.622619 	-0.962408 	1.247441 	1.308807 	0.631412 	0.000000 	1.032756 	0.356453 	1.721765 	0.986936 	-2.031204 	-1.385710 	0.000000 	0.000000 	1.627138 	1.284107 	-0.615203 	0.000000 	0.000000 	0.000000 	-1.530347 	
