1.235681 	0.225782 	-1.082702 	0.000000 	0.000000 	0.917834 	0.220654 	0.519924 	-0.924135 	-0.905703 	0.000000 	-0.783297 	0.726764 	0.587656 	1.158771 	-0.284916 	0.897706 	0.000000 	0.000000 	0.000000 	-1.211224 	1.184963 	-0.882590 	0.000000 	0.298146 	0.520157 	0.000000 	-0.234515 	0.488116 	0.000000 	-0.194938 	0.000000 	0.833805 	-0.704247 	1.073691 	-0.647586 	-1.443506 	-0.516810 	-0.288971 	0.000000 	0.000000 	0.000000 	0.821217 	-0.878519 	0.000000 	-0.777956 	-0.474475 	-0.681802 	0.234090 	0.000000 	-0.167606 	1.903300 	
-0.992143 	0.487460 	-0.876669 	-0.835367 	0.000000 	0.336006 	0.126048 	0.573806 	-0.488331 	0.000000 	0.856208 	0.841682 	-0.985895 	0.676234 	-0.265513 	-0.696053 	0.000000 	0.444078 	0.000000 	-1.412294 	-1.686428 	0.605728 	-0.388603 	0.698659 	0.628137 	0.000000 	0.706443 	-1.325622 	-0.373948 	0.000000 	0.634291 	-0.159002 	1.053869 	-0.128835 	-0.521169 	0.000000 	1.170255 	0.485216 	0.000000 	-0.077162 	2.269309 	0.000000 	-0.478114 	-0.941591 	0.274700 	-0.188329 	-0.287580 	0.000000 	-1.185557 	0.964392 	0.371243 	1.369329 	
0.000000 	0.000000 	0.000000 	0.698044 	0.986180 	0.645223 	0.000000 	0.141832 	0.559512 	0.663715 	0.000000 	0.000000 	-0.216309 	-0.149560 	0.716946 	0.000000 	0.000000 	0.000000 	-0.573046 	0.689764 	0.000000 	-0.288598 	-1.034328 	1.260463 	0.000000 	-1.971519 	1.131503 	-0.226193 	-1.098958 	0.557244 	0.117122 	0.882054 	0.875405 	-1.245691 	1.088259 	0.000000 	1.283056 	-0.837216 	-0.454707 	-0.876163 	0.625584 	0.000000 	-0.787952 	0.899801 	0.778051 	-0.771939 	1.061817 	-1.252923 	-1.645429 	0.000000 	0.000000 	-1.245784 	
0.000000 	0.000000 	0.905457 	0.000000 	0.926838 	0.304278 	1.653060 	0.000000 	-0.894117 	-0.278144 	-0.349767 	0.000000 	0.653128 	0.320372 	-1.319955 	0.376458 	-0.822907 	0.474759 	-0.708362 	0.173553 	0.220032 	-1.091055 	0.815291 	-0.246065 	-0.258799 	-0.484898 	1.118667 	0.000000 	1.222098 	-0.468717 	0.423639 	0.321858 	0.568605 	-0.140830 	0.000000 	0.000000 	-0.555050 	-0.707641 	0.701205 	0.000000 	0.792721 	0.000000 	-0.766285 	1.095798 	-1.092287 	-0.166488 	-0.204129 	0.000000 	-1.060011 	-1.260775 	1.251507 	-1.164698 	
-1.247722 	0.693300 	0.000000 	-0.251653 	0.489714 	0.180994 	-1.032953 	0.000000 	0.639486 	0.836216 	0.000000 	1.389164 	-0.088016 	1.304324 	-0.797460 	0.000000 	0.000000 	-0.935488 	-0.308425 	-1.236571 	0.000000 	-0.288431 	-0.856809 	0.644890 	0.000000 	-0.845415 	-0.505998 	0.000000 	-0.524270 	-1.767257 	0.000000 	0.958689 	0.000000 	0.294940 	0.809810 	0.000000 	0.822254 	0.793256 	-0.942897 	0.000000 	1.991097 	0.424912 	-0.739129 	1.309796 	0.126005 	1.058516 	-0.546712 	0.604330 	-0.479660 	-1.301181 	0.483631 	0.000000 	
0.000000 	0.338285 	0.000000 	-1.205643 	1.496177 	1.319494 	1.375607 	-0.619035 	0.000000 	0.000000 	0.704473 	0.000000 	-0.569159 	-0.898475 	0.000000 	0.000000 	-1.188053 	0.481568 	-0.871315 	0.775432 	-0.076944 	0.000000 	1.172224 	0.000000 	0.202689 	0.000000 	0.000000 	-0.861440 	0.000000 	-0.863521 	1.499677 	0.000000 	0.000000 	0.000000 	0.000000 	0.000000 	0.000000 	-0.137066 	-1.992606 	-0.163596 	1.111183 	0.484183 	-1.389162 	1.219893 	-0.819362 	1.237427 	-0.656482 	-0.341118 	0.000000 	-1.163358 	0.000000 	1.890917 	
0.000000 	-0.760341 	-1.136203 	0.052523 	0.379921 	0.987773 	0.000000 	0.324121 	-0.357513 	0.375436 	0.000000 	-0.238527 	1.006637 	-1.271915 	-0.702810 	0.000000 	-0.468314 	0.321422 	-0.365636 	1.209276 	0.000000 	0.000000 	0.540976 	0.583217 	-0.575274 	1.479017 	-0.732254 	0.384367 	1.643494 	-1.610905 	-0.258372 	0.217402 	-0.465728 	0.000000 	0.000000 	0.000000 	-0.526039 	-0.925280 	0.000000 	0.202385 	0.413684 	0.000000 	0.768980 	-0.618159 	0.084930 	-0.425278 	-0.672831 	-0.857099 	0.822720 	-0.199657 	0.000000 	1.016235 	
-0.483876 	0.922692 	0.000000 	0.110339 	1.703679 	1.174946 	-0.698827 	0.465316 	-0.438176 	-1.226559 	0.505528 	0.000000 	-0.486706 	0.180147 	-0.710745 	0.522737 	-0.059532 	0.326968 	0.923510 	-0.407318 	1.097627 	0.000000 	0.000000 	-1.071169 	-0.888104 	0.000000 	0.000000 	-0.156288 	-0.644417 	0.000000 	-0.370389 	-0.940725 	0.436250 	-0.100226 	1.728508 	-0.649128 	-0.578997 	-1.168570 	1.461499 	0.000000 	0.421881 	-1.825740 	0.000000 	0.000000 	-0.715658 	0.000000 	0.611043 	0.000000 	0.000000 	0.173406 	0.920512 	-0.543640 	
0.000000 	1.311943 	-1.300826 	-0.193149 	-0.584851 	-1.290164 	-0.705596 	0.000000 	-1.861263 	0.000000 	-0.578693 	0.000000 	-0.493081 	0.567954 	-0.511868 	0.000000 	0.000000 	1.432385 	0.732881 	0.149783 	-1.009195 	1.657355 	0.000000 	0.000000 	-0.682455 	0.705760 	-1.295635 	-0.277490 	0.635548 	0.328811 	0.354226 	-1.015754 	-0.632929 	-0.555667 	0.000000 	0.545829 	0.127110 	0.739151 	0.377933 	-1.641073 	1.291542 	1.099601 	0.000000 	-0.494707 	0.000000 	-0.880825 	0.876812 	0.698159 	0.218774 	1.958324 	0.000000 	0.210513 	
0.456347 	0.648627 	-2.079012 	1.391766 	0.000000 	0.000000 	0.000000 	0.000000 	-1.755008 	0.477366 	0.930714 	1.054847 	-0.075985 	1.254155 	0.000000 	0.746846 	0.000000 	0.875963 	0.000000 	-0.559978 	1.122226 	0.000000 	0.000000 	0.187994 	-0.962575 	-1.108615 	0.000000 	0.000000 	0.000000 	0.000000 	-1.476287 	0.000000 	0.000000 	1.163324 	0.000000 	-0.514300 	0.502083 	0.776722 	0.000000 	-1.199373 	1.093645 	-0.828648 	-0.903362 	0.910139 	-0.564329 	0.690039 	-0.295643 	-0.807964 	-0.685905 	0.387284 	-0.252146 	0.612776 	
0.000000 	0.000000 	-0.041374 	-0.757875 	-1.089610 	-2.079687 	0.000000 	0.621825 	0.000000 	1.022756 	-0.506742 	-1.587878 	0.000000 	0.000000 	0.000000 	1.143140 	0.859113 	0.000000 	0.617015 	0.000000 	0.000000 	0.184158 	0.636038 	-0.145836 	-0.245243 	-0.769604 	0.000000 	0.000000 	0.583532 	1.690139 	0.000000 	2.047929 	0.800812 	-0.498902 	0.000000 	0.000000 	0.000000 	2.034221 	-0.561425 	-1.242433 	-0.231569 	1.209966 	-0.776214 	0.000000 	0.000000 	-0.641938 	-0.036088 	0.000000 	-0.520233 	-0.845136 	0.678556 	0.000000 	
0.076319 	0.000000 	0.382320 	-0.936231 	0.079288 	1.194810 	0.000000 	0.597552 	0.272589 	-0.837363 	0.303942 	1.419605 	-0.353602 	0.000000 	-0.673902 	0.820955 	0.000000 	1.581682 	0.000000 	0.187266 	-0.812128 	0.711367 	0.000000 	0.000000 	1.129873 	0.000000 	1.414707 	0.000000 	0.000000 	0.000000 	0.914103 	-1.311910 	0.951928 	-1.753873 	0.318163 	-0.552831 	0.000000 	-1.461854 	-1.955920 	-0.903597 	0.812650 	0.000000 	0.000000 	0.000000 	0.000000 	0.000000 	1.248268 	0.000000 	-1.417757 	0.000000 	-0.439180 	0.000000 	
-0.887881 	0.000000 	0.888494 	0.000000 	-0.615950 	0.711221 	0.000000 	1.300993 	-0.199802 	-0.622031 	0.000000 	0.000000 	0.000000 	0.111125 	0.506388 	1.714287 	0.000000 	0.000000 	-1.250059 	-0.067931 	0.305108 	1.764776 	0.888736 	-1.096045 	0.000000 	-0.140890 	-0.380796 	1.061723 	0.704735 	0.073314 	0.000000 	-1.781990 	-0.095612 	1.219746 	-0.122057 	-0.417980 	-1.239873 	0.000000 	-0.145379 	0.000000 	1.111352 	0.950044 	0.000000 	-0.106120 	-0.827008 	0.000000 	-0.350161 	0.562837 	0.000000 	-1.707666 	-1.211907 	0.000000 	
-0.594495 	0.992313 	0.964523 	-0.412222 	-0.757417 	1.289699 	0.000000 	1.452849 	1.005645 	0.000000 	-0.941041 	0.466689 	-1.567823 	-1.225393 	0.000000 	-1.498063 	-1.057686 	-0.600498 	-1.246420 	0.000000 	0.000000 	0.538796 	1.293183 	0.000000 	0.000000 	0.838419 	0.612414 	-1.109651 	0.773357 	0.000000 	0.442227 	-0.595195 	1.183153 	0.167378 	1.669439 	0.474502 	-0.781565 	-1.574087 	0.317723 	-1.096708 	0.945903 	-0.458846 	-0.896149 	0.000000 	0.645837 	0.594253 	0.406303 	0.352959 	-2.138937 	-0.232481 	1.213741 	0.628261 	
0.000000 	0.622724 	0.465770 	-1.183754 	-0.589547 	0.664964 	-0.236810 	-1.559426 	-1.288187 	0.898176 	-0.876200 	0.920789 	-1.032379 	0.000000 	0.277723 	-0.235958 	0.302159 	0.000000 	-0.871088 	1.477953 	0.686141 	0.000000 	1.479519 	-0.455145 	-0.727171 	-0.095508 	-0.270364 	-0.823292 	-1.595268 	-0.405703 	0.783902 	0.929345 	2.038020 	0.000000 	1.790447 	0.000000 	0.192203 	0.674769 	0.276055 	-1.065182 	0.000000 	0.000000 	-0.887614 	-0.609034 	0.650036 	-0.391074 	0.307087 	0.497648 	-0.997875 	0.000000 	0.695706 	0.000000 	
0.000000 	0.718748 	0.000000 	0.000000 	0.582526 	-1.142408 	0.647285 	-0.482031 	1.043060 	1.796398 	-1.066868 	1.022218 	-0.585704 	0.000000 	-1.335972 	0.000000 	0.000000 	-0.816146 	0.349470 	-0.156944 	0.754510 	-0.094109 	0.925710 	0.000000 	0.000000 	0.826448 	0.000000 	-0.368537 	0.000000 	-1.599637 	0.000000 	1.883317 	0.152093 	-0.505118 	1.543004 	0.000000 	0.160012 	-0.934047 	0.441569 	-0.999594 	0.000000 	0.000000 	-1.078404 	0.483810 	-0.465496 	0.000000 	-1.171574 	1.141209 	-1.624739 	-0.445005 	1.075627 	0.000000 	
0.000000 	-0.836315 	1.119786 	-0.365632 	0.000000 	-1.535078 	0.000000 	1.919585 	1.881630 	2.310616 	1.539397 	-1.140390 	0.000000 	-1.306342 	-0.805815 	0.806508 	0.000000 	0.840210 	0.792207 	0.148913 	0.000000 	-1.086522 	1.127588 	0.288315 	-0.444274 	-1.471652 	1.528218 	0.000000 	0.968786 	0.330794 	-1.230332 	0.535491 	0.000000 	-1.279837 	0.000000 	0.000000 	-1.217319 	0.000000 	-2.282487 	0.000000 	0.000000 	0.000000 	-0.184953 	1.046490 	1.201861 	0.000000 	-0.487850 	-1.187645 	0.000000 	-2.396069 	1.124622 	0.481259 	
-0.506811 	0.000000 	-1.012733 	0.000000 	-2.479702 	0.180649 	-1.091997 	0.000000 	-1.651971 	-0.170680 	-0.720791 	0.000000 	0.349123 	0.000000 	-0.910899 	0.827599 	-0.258284 	-1.730934 	0.000000 	0.000000 	1.132810 	0.849168 	-1.562779 	0.000000 	0.323465 	0.492464 	-0.964585 	0.325987 	-0.315597 	0.492534 	0.195802 	1.367872 	0.000000 	1.969332 	0.000000 	0.067106 	0.000000 	0.604017 	1.730630 	0.257094 	0.999868 	0.576176 	0.920812 	-0.657551 	0.000000 	0.286357 	0.000000 	0.000000 	0.737636 	0.722280 	-0.610750 	-0.245408 	
0.263829 	-0.610350 	0.000000 	0.000000 	-0.199377 	0.397147 	0.000000 	-0.550108 	0.980047 	0.396711 	0.000000 	1.493057 	-0.599307 	0.428241 	-0.606118 	-1.237128 	-1.148381 	-0.724465 	0.166617 	-0.449074 	-0.050163 	-1.425453 	0.428536 	1.811808 	0.827610 	0.000000 	-0.449949 	-1.045109 	-1.155523 	-0.421726 	0.000000 	1.118954 	-0.757926 	-0.384121 	0.696875 	1.326277 	0.809191 	-0.528093 	0.000000 	-0.181401 	-0.830817 	-0.324259 	1.674187 	-0.862559 	0.000000 	0.911866 	-0.586017 	0.393494 	-0.693586 	2.120409 	0.000000 	-0.434715 	
0.555787 	0.287831 	-0.759196 	-0.856539 	-0.655307 	0.596000 	-0.132586 	1.265134 	0.119476 	0.000000 	-0.548058 	0.570710 	-0.990383 	-1.228143 	-0.878473 	-2.206720 	-1.873653 	0.000000 	0.000000 	0.000000 	0.000000 	-0.797882 	0.830955 	0.626315 	-0.555873 	1.313332 	0.000000 	0.667293 	0.784745 	0.767782 	-0.927524 	0.000000 	0.583748 	0.612558 	-1.151050 	0.860299 	0.000000 	0.642247 	-0.975221 	-0.692481 	0.817757 	0.000000 	0.000000 	1.071080 	0.489315 	0.822590 	1.125832 	-0.811079 	-0.599173 	0.692881 	0.323683 	0.000000 	
