0.000000 	-0.407407 	-0.529611 	-1.097002 	0.000000 	0.000000 	1.224961 	-0.310772 	2.226153 	-0.475345 	-0.580861 	-1.902672 	0.172856 	0.000000 	-1.335389 	-1.050205 	1.625484 	-2.026030 	-0.930461 	1.499298 	0.204341 	-1.034462 	-0.832203 	-1.037216 	0.287266 	0.000000 	0.742705 	0.197975 	1.095659 	0.630792 	0.000000 	0.321643 	1.698000 	0.000000 	-0.551136 	0.000000 	0.527289 	0.000000 	0.918921 	0.808500 	1.799135 	-0.712196 	-0.904326 	0.177672 	0.000000 	1.089434 	0.630127 	0.059544 	0.000000 	-1.757504 	
1.065690 	1.084910 	-0.364087 	-1.898705 	2.572525 	0.000000 	0.799653 	-1.393345 	-0.114864 	-1.955922 	-0.387701 	0.000000 	-0.916698 	1.245728 	0.000000 	1.323066 	0.226220 	0.772218 	0.000000 	-0.193436 	1.664736 	-0.516013 	-0.560993 	0.908888 	0.000000 	-0.293524 	0.114614 	0.000000 	-0.873180 	1.108641 	-0.326861 	0.000000 	0.161020 	0.377293 	-1.149115 	-0.943453 	-1.001359 	-0.963939 	1.226097 	1.114255 	0.000000 	0.000000 	-0.117368 	0.360899 	0.000000 	0.605147 	0.342277 	0.510810 	-0.940997 	-1.374216 	
1.717774 	0.000000 	-0.308975 	0.000000 	1.537402 	-0.343529 	-0.232746 	-1.406733 	0.639312 	-0.450417 	-3.438572 	0.856847 	0.000000 	0.000000 	1.005356 	0.000000 	0.428966 	0.951086 	0.521064 	0.418547 	-0.342264 	0.562807 	0.000000 	-0.094143 	0.000000 	0.145650 	0.367174 	-0.508689 	-0.208319 	0.839158 	0.486160 	1.101944 	-1.785108 	0.000000 	0.000000 	1.093128 	1.305954 	-0.643878 	0.825832 	0.000000 	-1.534606 	-0.674451 	-2.264083 	-0.418950 	0.000000 	0.810938 	0.000000 	-0.401653 	0.000000 	0.458591 	
0.000000 	0.000000 	0.377043 	-2.442960 	-0.800687 	0.196436 	-1.003584 	1.257591 	0.558077 	0.638505 	-1.125013 	0.000000 	2.808110 	-0.142011 	1.989815 	0.000000 	0.440253 	0.842960 	1.598710 	0.419308 	0.534023 	0.488150 	0.261046 	0.000000 	0.000000 	1.598399 	0.722803 	0.000000 	1.957759 	-2.554975 	1.351089 	-0.501115 	-0.254001 	0.000000 	0.952476 	-1.206743 	-0.265992 	0.000000 	-1.179403 	0.000000 	0.204282 	-1.790687 	-1.922692 	0.740288 	-0.586972 	0.749663 	1.186953 	-0.748215 	-2.089075 	-1.647545 	
1.107090 	0.376592 	0.440486 	2.045442 	-0.410949 	0.241209 	-0.556612 	-0.979492 	0.603159 	-0.595414 	-0.561331 	1.872013 	0.152858 	-0.872639 	1.152370 	-0.564488 	0.000000 	-0.147532 	0.000000 	1.379524 	-0.325376 	-1.617382 	0.554820 	-0.775015 	-0.513287 	0.772350 	-0.525468 	0.922910 	0.000000 	-0.640166 	0.000000 	1.194534 	-2.018136 	2.041876 	-0.927634 	-0.583286 	0.604635 	-1.068573 	0.930932 	0.000000 	-0.746947 	0.315541 	-0.851276 	1.785004 	-0.190310 	-0.394223 	-1.240153 	0.887898 	0.000000 	-1.233358 	
0.505273 	1.848399 	0.720645 	0.000000 	1.927301 	0.582259 	0.000000 	0.099749 	0.000000 	0.000000 	1.254519 	1.285665 	1.193300 	0.000000 	0.411402 	-1.499335 	0.160996 	0.000000 	0.169163 	-1.052164 	0.843419 	-0.275187 	-0.725197 	1.944090 	0.000000 	-0.690818 	-0.127878 	-0.448223 	-2.396012 	0.000000 	0.879076 	0.227833 	0.000000 	0.000000 	-1.172109 	-0.691044 	0.421111 	0.000000 	-0.950934 	-0.762670 	0.912551 	0.249462 	-0.850657 	-1.507607 	-1.024334 	-2.090304 	0.632820 	0.447300 	-0.145472 	0.000000 	
0.530433 	1.588069 	0.543024 	-0.814265 	0.739894 	-0.624595 	-1.476622 	-1.600106 	0.000000 	-0.932120 	0.000000 	-0.860188 	-1.492592 	2.643156 	-1.303506 	-1.278520 	0.000000 	1.026498 	0.000000 	0.648798 	0.984371 	-0.379611 	1.410319 	0.000000 	0.711536 	0.000000 	0.000000 	-1.152881 	0.000000 	-1.465074 	-0.176480 	0.382665 	1.134066 	0.000000 	1.403842 	0.000000 	-0.581359 	-1.080803 	0.000000 	0.250394 	0.854276 	0.158361 	1.284462 	0.000000 	-0.698010 	1.018492 	0.000000 	0.000000 	-1.361392 	0.444172 	
0.492182 	-1.299326 	0.000000 	-0.905555 	0.213710 	1.926293 	0.000000 	0.000000 	1.121826 	-0.664453 	0.000000 	1.288493 	0.214264 	-0.274371 	0.000000 	0.777992 	1.417863 	0.479800 	-0.423487 	0.160472 	0.635027 	0.000000 	-0.187450 	-2.058526 	0.622542 	1.178245 	0.000000 	0.000000 	-0.889315 	-1.046994 	0.000000 	-0.620382 	-0.154981 	0.381923 	0.531473 	-1.384996 	-1.136792 	-1.193665 	0.271908 	0.000000 	1.943612 	-0.293886 	-0.767182 	-0.107120 	1.384524 	0.000000 	0.933213 	-0.321382 	-1.616654 	0.000000 	
-0.293946 	-1.481980 	1.485330 	0.765703 	-2.626001 	1.038096 	1.726058 	1.317207 	1.163294 	-0.887752 	0.000000 	2.165411 	0.616482 	-0.736049 	0.615260 	0.000000 	-1.464783 	0.171268 	0.759959 	0.297257 	-0.230760 	-1.570989 	0.000000 	0.000000 	-0.940744 	0.881027 	-0.865898 	0.837927 	0.473234 	0.000000 	1.287941 	0.079430 	-1.152759 	-0.701301 	0.000000 	-0.894436 	0.332302 	-0.592358 	0.000000 	-0.390406 	-0.887147 	0.323903 	-0.541028 	0.000000 	0.716361 	0.000000 	0.000000 	-0.187296 	0.598630 	-0.460703 	
1.893485 	-1.883073 	0.000000 	-0.397942 	0.000000 	0.983581 	0.000000 	-1.666170 	0.000000 	0.711549 	-0.311255 	0.995041 	-0.449237 	-0.831293 	-0.405519 	1.040375 	1.003398 	0.195986 	0.000000 	0.000000 	1.893810 	-0.570434 	0.456469 	-1.488031 	1.097100 	0.677286 	-1.959788 	0.000000 	0.962401 	-1.202589 	-1.231550 	0.529449 	0.000000 	1.480712 	0.000000 	1.281945 	-1.179095 	-1.742166 	1.011863 	-0.660025 	-0.982226 	0.746447 	0.197779 	-0.158233 	0.428295 	0.948801 	0.000000 	0.349353 	0.000000 	-1.166048 	
-0.447874 	-0.793415 	1.273248 	0.953922 	-1.662472 	0.000000 	0.417821 	-1.760781 	0.000000 	-1.089437 	0.000000 	0.000000 	-2.002849 	0.623350 	0.000000 	0.000000 	-0.963348 	0.084624 	1.842893 	0.904798 	-0.993594 	1.711469 	1.899642 	-0.263202 	-1.176924 	0.000000 	-0.910468 	-1.519662 	1.232642 	-1.683954 	0.000000 	1.405746 	0.000000 	1.669269 	0.858716 	0.212697 	-0.950710 	-0.878799 	2.123450 	0.492430 	-0.901194 	0.835892 	0.395342 	-0.128466 	0.000000 	1.056808 	-0.445310 	-0.950412 	0.000000 	0.000000 	
-0.201249 	-1.138761 	-0.630872 	-0.684645 	0.502421 	-1.330575 	-1.105839 	0.000000 	-0.476315 	-1.604175 	-0.815256 	2.294158 	-2.794920 	-1.982159 	2.296177 	-0.399778 	0.000000 	0.000000 	0.056583 	0.000000 	1.092208 	-1.448460 	0.776301 	-0.340362 	0.000000 	1.447963 	0.752399 	1.449178 	-1.409251 	0.617264 	0.400719 	1.467076 	-0.806234 	-0.643497 	-0.818293 	-0.460836 	-1.319461 	1.684166 	2.673392 	0.304044 	0.000000 	0.761446 	0.000000 	0.365256 	1.487131 	0.000000 	-1.493387 	2.572514 	0.000000 	-0.658165 	
1.975310 	-0.413635 	0.000000 	-1.431896 	0.000000 	0.000000 	0.104184 	-0.917605 	1.132636 	1.050027 	0.000000 	-1.540255 	0.207004 	0.565541 	-0.890924 	0.000000 	0.890880 	0.188912 	0.000000 	-1.249314 	1.796794 	-0.778929 	1.351394 	0.000000 	0.000000 	-0.961944 	0.000000 	0.758044 	0.338999 	0.521689 	-1.347388 	0.000000 	-2.024830 	-0.753985 	0.745303 	1.651896 	0.273826 	-1.087971 	-0.376913 	0.396849 	0.000000 	1.715034 	0.522796 	-0.500276 	0.373083 	1.655398 	-1.843571 	0.000000 	-1.432678 	0.000000 	
0.000000 	-1.800384 	0.942476 	-0.794096 	-0.158167 	0.000000 	-0.711797 	-0.168534 	0.000000 	1.187314 	-0.449539 	1.213617 	0.095573 	-0.984224 	0.569375 	0.717702 	2.377478 	-0.651614 	-0.690031 	0.851498 	-1.905779 	0.915688 	1.865021 	0.000000 	0.727478 	0.722841 	-1.000648 	-0.325136 	0.619016 	-0.988357 	1.051505 	0.000000 	-0.719299 	0.580850 	-1.197814 	1.494055 	-2.334992 	0.198021 	0.000000 	0.000000 	-0.108582 	0.403760 	-0.262306 	0.193887 	1.732160 	0.000000 	0.692115 	0.093804 	-1.500959 	-1.836044 	
-0.821371 	2.214197 	0.000000 	0.000000 	0.000000 	-2.082256 	1.262036 	0.000000 	1.752965 	0.569510 	0.313227 	0.000000 	0.000000 	2.888305 	-0.863810 	0.000000 	1.113671 	0.000000 	-0.224431 	1.547386 	0.000000 	0.000000 	0.000000 	1.406594 	0.000000 	-2.065364 	-0.105683 	0.000000 	-1.340154 	0.681996 	-0.701895 	-0.570541 	-1.322156 	0.000000 	1.829144 	-0.796578 	-1.631836 	0.000000 	-1.035033 	-1.888057 	0.000000 	-0.764752 	1.254371 	0.000000 	0.673784 	0.000000 	-0.941070 	0.000000 	-1.227326 	1.193028 	
0.000000 	-1.268496 	-1.107079 	0.973413 	1.074756 	0.000000 	-0.208509 	0.111729 	-0.848755 	1.024290 	-0.972918 	0.876346 	0.694677 	0.131504 	-2.396795 	0.759946 	1.680284 	-1.162352 	0.555653 	1.075954 	-0.391727 	1.424249 	0.000000 	-0.235885 	0.211659 	-0.293068 	-0.633111 	-1.900949 	0.621219 	1.196152 	-1.274417 	0.667380 	-0.185636 	0.000000 	-2.376367 	1.794072 	0.000000 	-1.601954 	-0.902119 	0.000000 	0.000000 	1.698554 	1.556998 	-0.336533 	0.000000 	1.298069 	0.905533 	-0.770316 	-0.127298 	-0.979051 	
0.000000 	0.372869 	1.308426 	-0.339476 	-0.482058 	0.985324 	0.699049 	-0.661289 	-0.196020 	0.432278 	0.424461 	0.220481 	1.988222 	0.457259 	-0.388992 	0.557004 	-1.908312 	-1.937059 	-1.219876 	0.508479 	-0.459682 	0.000000 	1.261277 	-0.294177 	-0.292837 	1.284687 	-0.051318 	0.821032 	-1.162436 	1.346463 	-0.110669 	-0.521246 	0.694222 	-0.474369 	-0.322191 	0.000000 	1.205662 	-0.640620 	1.268230 	-1.175070 	0.000000 	1.017316 	0.000000 	0.558857 	-1.678584 	-0.755845 	0.805017 	-1.081118 	-0.668188 	-1.529516 	
-1.193734 	-0.941495 	1.007086 	-2.074686 	0.648358 	-1.104755 	0.640918 	0.767093 	-2.052551 	0.000000 	-1.082824 	1.568904 	-1.098270 	-0.317094 	1.532400 	1.265893 	0.000000 	0.000000 	0.445515 	0.000000 	0.000000 	0.938236 	0.000000 	1.138571 	0.000000 	2.262901 	0.000000 	-0.421389 	1.786020 	0.000000 	-2.261639 	0.802833 	1.499452 	0.000000 	-1.675196 	1.543805 	-0.767529 	-1.249004 	0.000000 	-0.943381 	-1.439538 	0.269750 	-0.794567 	0.699950 	-0.612989 	0.144303 	2.652740 	-0.200959 	0.885750 	-1.854798 	
-0.443894 	0.453398 	0.480114 	-0.095571 	0.000000 	0.598743 	-0.483800 	0.390821 	0.837807 	-0.990168 	0.986739 	0.000000 	0.779974 	1.047053 	0.000000 	1.483907 	-1.287713 	1.306552 	-0.245741 	-1.116561 	0.866851 	-1.255821 	0.000000 	0.000000 	1.323711 	0.000000 	0.504866 	-0.404564 	0.000000 	-0.281290 	-0.384749 	-1.248202 	1.080468 	0.000000 	-1.009602 	-0.817308 	0.251094 	-1.595733 	-0.497917 	0.501352 	0.000000 	0.269615 	-1.916464 	0.136020 	0.000000 	1.327104 	-0.645435 	-1.016690 	0.630589 	0.657056 	
-1.139322 	-0.377222 	0.000000 	0.968161 	0.000000 	0.995639 	0.138293 	0.000000 	0.000000 	0.437331 	1.530863 	1.925216 	-0.492240 	-0.447001 	0.406604 	-1.674852 	2.142792 	-0.523024 	-2.110836 	0.507107 	0.559143 	-0.247455 	0.000000 	-1.392215 	-1.098923 	1.333556 	1.080624 	1.985870 	0.000000 	0.278133 	-0.240079 	-1.338273 	-2.589997 	-1.368601 	0.000000 	-0.815591 	1.624168 	0.473955 	-0.584229 	0.000000 	0.996347 	1.069278 	1.347122 	0.314667 	1.029349 	-0.730982 	-1.157259 	1.957701 	-2.971046 	-1.445377 	
