0.464179 	-1.105565 	0.812758 	2.093444 	-1.888120 	1.414019 	-0.300716 	0.000000 	-0.854674 	-0.789861 	0.705386 	-1.184285 	1.329348 	0.000000 	-2.185033 	0.000000 	-0.287202 	-0.799397 	-0.248997 	0.676190 	-2.296310 	0.703638 	0.674860 	0.571098 	-2.467416 	1.088184 	0.000000 	-0.777504 	0.170864 	0.188486 	0.000000 	-0.841931 	0.540819 	0.000000 	-2.137103 	0.731422 	0.000000 	2.141520 	2.707605 	0.493274 	1.524790 	0.614244 	
0.663932 	1.142664 	0.731518 	0.000000 	0.000000 	0.219323 	0.000000 	1.061073 	-1.770706 	-0.638607 	-0.242148 	-1.344987 	0.000000 	0.000000 	1.587135 	-0.594596 	0.706052 	0.000000 	0.000000 	-0.723052 	-1.299471 	-0.461176 	1.716088 	1.170809 	0.515795 	-0.433584 	0.000000 	-2.122363 	-1.555282 	1.258280 	1.453892 	0.000000 	1.388287 	1.817158 	0.000000 	0.000000 	-1.080523 	0.000000 	0.000000 	0.000000 	-2.567844 	0.000000 	
0.000000 	-0.446950 	-1.305046 	-1.077146 	0.653009 	0.000000 	1.736752 	1.516675 	-2.028025 	0.902458 	0.000000 	0.163711 	0.550983 	0.870956 	-0.662489 	0.000000 	-1.362090 	-0.968693 	-0.503254 	0.000000 	0.000000 	1.534548 	0.000000 	0.511227 	0.576136 	1.474243 	-0.909206 	0.000000 	1.677760 	-1.318154 	0.395654 	0.130111 	0.588796 	-1.883671 	1.222526 	0.000000 	-2.227544 	1.835263 	1.426169 	-1.064221 	-1.378149 	0.275564 	
0.841573 	0.000000 	-0.500737 	0.000000 	0.000000 	0.000000 	0.471948 	0.147756 	-0.353684 	0.848261 	-0.476653 	0.771732 	-0.238808 	-0.501660 	-0.524003 	0.000000 	-1.250743 	-0.255270 	-0.848910 	-0.295405 	-0.945851 	0.268145 	-0.589407 	1.845848 	1.082978 	-1.010774 	0.456262 	-0.488335 	0.000000 	0.140679 	1.778316 	-0.978599 	1.630627 	-0.216090 	-0.597287 	0.000000 	-3.051656 	1.764352 	1.077834 	0.556580 	0.000000 	-0.625486 	
-1.184798 	-1.145726 	-1.850208 	0.562888 	0.962987 	0.000000 	0.333012 	-1.098350 	1.380500 	1.750940 	1.260853 	0.776183 	-0.291210 	0.668179 	0.000000 	-1.081774 	2.460301 	-0.346687 	-0.955752 	-1.184323 	0.000000 	0.968483 	-0.808728 	0.000000 	-0.955480 	0.875564 	0.000000 	0.000000 	1.868577 	0.000000 	0.086107 	0.686099 	-0.571509 	-0.610591 	0.000000 	-0.572117 	-0.822678 	0.621435 	-2.607159 	0.891150 	0.000000 	-0.293565 	
-0.492378 	-2.133403 	0.758412 	-0.190576 	-0.365864 	-1.110203 	0.775098 	0.000000 	0.536713 	0.563690 	0.000000 	-0.226053 	-0.232688 	-0.537597 	-1.254512 	0.000000 	1.120403 	0.842342 	0.466898 	0.000000 	-0.279090 	0.963358 	-1.171338 	-2.080216 	-0.603482 	0.808732 	-0.689359 	-0.351868 	1.170663 	0.613643 	-1.023212 	0.775409 	-0.723491 	0.000000 	0.591195 	1.388405 	1.237761 	0.592118 	1.570107 	-0.452565 	-0.396282 	1.196797 	
-0.174509 	0.000000 	1.692353 	-0.278309 	-0.842627 	1.894153 	0.000000 	-1.452949 	0.000000 	-1.687471 	0.628054 	0.461848 	0.897413 	0.903391 	-0.542296 	0.000000 	1.391541 	1.363551 	0.573329 	-0.135820 	-0.212286 	0.000000 	1.074711 	-0.573393 	0.000000 	0.256161 	-2.135297 	-0.484148 	0.722876 	1.440573 	-1.386477 	-0.453192 	-1.662101 	0.357627 	0.000000 	-2.049756 	0.000000 	0.000000 	0.000000 	-0.389083 	1.182899 	0.163172 	
-0.590312 	1.395444 	1.069823 	0.000000 	1.404479 	0.837319 	-0.233817 	1.658020 	0.860537 	0.000000 	0.707527 	0.000000 	-0.766711 	-2.229746 	-0.885094 	0.000000 	-2.782551 	0.000000 	-1.226913 	-0.972667 	0.836180 	-0.639349 	0.000000 	0.264257 	0.257909 	0.276190 	1.528049 	1.552191 	0.000000 	0.000000 	-0.880124 	-0.265326 	0.000000 	0.000000 	0.000000 	0.915750 	-0.083099 	0.305570 	0.000000 	0.183476 	-1.399288 	-1.240435 	
0.431458 	-0.782646 	-0.465078 	-0.761068 	-0.560153 	0.513528 	0.216839 	0.728656 	-0.828197 	1.207471 	0.588582 	0.873880 	1.147752 	0.000000 	1.003300 	0.723256 	-0.724974 	0.121807 	0.324734 	0.557930 	1.206211 	-1.584539 	-1.573790 	-1.414070 	2.035108 	0.000000 	0.000000 	0.234566 	-0.540665 	-0.153636 	-1.186405 	0.624522 	-1.420483 	0.606770 	-0.582910 	0.118640 	1.466958 	-0.298183 	-1.469276 	0.000000 	-1.037641 	0.803666 	
0.000000 	1.578018 	2.059951 	0.322541 	1.042311 	0.697236 	0.883657 	-0.910758 	-2.704083 	-0.428774 	0.000000 	-0.651365 	2.155843 	-1.184318 	-1.101728 	0.000000 	-1.040924 	0.000000 	-0.779967 	-2.856937 	0.000000 	-0.621563 	0.153813 	1.321725 	0.000000 	-0.378911 	0.000000 	-0.779657 	0.770324 	1.620517 	-3.022428 	1.454838 	-1.141678 	0.000000 	3.003851 	0.258673 	1.396464 	-0.208587 	1.168208 	0.000000 	-1.158585 	1.015989 	
1.118578 	0.846098 	0.553769 	0.000000 	1.580185 	0.000000 	1.077658 	-1.148050 	-1.233582 	1.000382 	0.000000 	-1.621249 	-0.919803 	-2.699844 	-0.654467 	0.000000 	1.504842 	1.103851 	1.486577 	-1.067740 	0.943921 	-0.220132 	1.123265 	-1.381325 	1.199742 	1.832768 	-0.657067 	0.773050 	0.000000 	-0.728748 	-1.605284 	0.879872 	-2.468768 	1.249494 	1.677906 	-2.169366 	0.000000 	0.000000 	-0.791046 	1.336525 	-0.863371 	0.707577 	
1.823374 	0.000000 	2.235094 	1.270735 	1.778077 	1.016986 	1.600029 	0.520463 	0.000000 	0.000000 	-0.649726 	-0.765585 	0.148152 	-1.590718 	-3.272271 	0.644860 	-0.309010 	-1.365509 	0.776103 	0.390553 	-2.709777 	0.829086 	0.204827 	0.000000 	1.398731 	1.290114 	-1.907040 	1.407672 	-0.247703 	-1.198499 	0.000000 	0.550022 	-1.625389 	-1.071773 	0.000000 	-0.603820 	0.486184 	1.401811 	0.862667 	-0.515796 	-0.921175 	-0.673757 	
0.783043 	-0.593250 	-1.005601 	-0.233061 	-1.654464 	-1.414029 	2.424008 	0.989063 	-0.606285 	0.520199 	-0.909512 	-0.436059 	0.000000 	-1.911827 	0.629237 	0.679640 	1.357218 	-1.041636 	1.000641 	-0.279126 	0.289945 	0.000000 	1.355462 	-1.038421 	0.522298 	1.716728 	0.000000 	0.000000 	0.679597 	-1.183523 	0.000000 	0.444624 	-1.084177 	-0.787220 	-0.591971 	-0.701867 	0.539791 	1.658443 	1.603219 	0.633721 	0.824695 	-1.271475 	
0.128569 	-0.337742 	0.742911 	0.000000 	0.000000 	1.526178 	1.547141 	1.069748 	-0.794134 	-0.650705 	1.152257 	-1.484922 	0.000000 	-0.659410 	0.000000 	-1.805436 	0.769574 	0.627224 	0.000000 	1.100044 	1.027648 	-1.165371 	1.914976 	0.000000 	0.000000 	1.161656 	0.044529 	-0.864358 	-0.477260 	1.381974 	-0.999755 	-2.180673 	0.000000 	1.112248 	-1.617660 	0.000000 	0.000000 	0.000000 	0.332665 	-0.392986 	-1.214760 	0.000000 	
0.000000 	-1.218051 	0.811722 	1.352649 	-1.336984 	-0.758629 	0.766062 	-0.211394 	0.646338 	1.702977 	-0.378934 	1.038253 	2.570097 	0.967580 	-0.674416 	0.515009 	0.662600 	1.027782 	-0.590983 	1.128940 	-1.624559 	-0.739984 	-2.731031 	-1.920227 	1.166717 	-1.886834 	-2.298446 	-1.896929 	-0.709795 	-1.138205 	0.503989 	0.343275 	-1.105271 	0.364646 	-0.575869 	0.808354 	1.994415 	1.803831 	0.590416 	-0.701753 	1.055941 	1.386308 	
2.126958 	-2.519557 	0.021201 	0.000000 	-2.690354 	0.364523 	-0.231665 	-2.773316 	-2.791113 	-0.550698 	1.461426 	-0.799341 	0.350854 	1.025008 	0.000000 	0.943162 	0.427317 	0.732814 	0.886286 	2.249096 	0.941576 	-0.300320 	2.099083 	-0.407040 	-1.416588 	1.705922 	0.000000 	-1.640772 	-1.289403 	0.000000 	-2.745198 	-1.568422 	-0.384195 	1.368674 	0.884780 	0.000000 	1.880901 	-1.493104 	1.141983 	1.521183 	0.545980 	2.058084 	
-0.728751 	0.090146 	-1.349787 	-0.524624 	-0.603627 	-0.342159 	1.837594 	1.139303 	0.756936 	0.580124 	-0.274171 	-1.266071 	0.000000 	-2.434132 	0.000000 	0.000000 	0.000000 	0.000000 	0.000000 	-1.682070 	0.000000 	0.000000 	0.000000 	-2.187330 	-0.712081 	1.620601 	-0.044856 	-0.120049 	0.861528 	-0.514143 	0.000000 	2.108070 	0.000000 	-1.295933 	2.029895 	0.404124 	1.231143 	0.810991 	2.668493 	0.377671 	0.000000 	0.000000 	
1.523560 	-1.234401 	-1.218697 	0.675792 	0.483627 	0.000000 	1.483588 	-1.751492 	0.526973 	1.182891 	0.669069 	-0.541414 	0.640245 	-0.578618 	-1.418773 	0.059098 	0.372560 	-0.564757 	0.327599 	-1.019877 	0.000000 	-1.322450 	0.145167 	0.000000 	0.668343 	-0.255725 	0.000000 	-0.654978 	-0.068111 	1.037213 	-1.461587 	-0.840865 	0.000000 	0.000000 	1.105648 	0.714910 	2.325256 	0.274975 	-0.195900 	0.239015 	0.000000 	-0.658277 	
1.233505 	0.000000 	-1.159996 	0.000000 	-1.077648 	0.000000 	0.000000 	0.386084 	1.185340 	0.000000 	0.000000 	-1.625673 	0.000000 	0.000000 	0.000000 	0.000000 	0.000000 	1.652617 	1.369846 	-2.420449 	-1.833828 	-0.782217 	0.399437 	-1.392006 	-0.299911 	-0.931189 	0.000000 	-0.801578 	0.000000 	1.372129 	0.907460 	0.904633 	-0.354059 	1.033487 	0.896062 	0.826378 	0.811439 	0.953836 	1.333475 	-1.058364 	0.000000 	-0.502649 	
