0.322338 	0.601174 	0.356886 	1.375684 	-0.177935 	-1.312928 	0.000000 	0.754067 	0.553606 	1.150741 	0.409007 	1.294018 	0.987832 	0.000000 	0.000000 	0.432635 	2.197718 	1.465074 	2.075797 	0.000000 	0.000000 	1.079782 	0.686825 	1.601446 	0.332330 	-3.624977 	0.098020 	-2.630931 	-1.567137 	-1.244556 	-1.366140 	-1.454794 	0.000000 	0.000000 	-1.867325 	-2.014793 	0.000000 	1.884390 	0.000000 	-0.122693 	0.000000 	-1.272139 	0.000000 	0.641179 	
1.654932 	0.559707 	0.528420 	-0.619509 	-0.526609 	0.000000 	-1.181726 	0.000000 	-0.549716 	1.613993 	0.727329 	0.000000 	0.657003 	1.206891 	-1.165220 	0.498962 	-0.928191 	0.000000 	0.726354 	0.761852 	-1.213818 	1.891945 	-2.636696 	1.737454 	1.225330 	-1.266604 	1.412188 	0.407774 	-1.179005 	-1.299262 	-2.427685 	-1.115839 	1.037744 	0.000000 	0.000000 	0.000000 	1.009037 	0.000000 	0.000000 	0.075935 	-0.431766 	-0.735197 	0.102014 	0.000000 	
-0.877651 	0.799212 	0.933397 	-2.404850 	1.014091 	-0.766886 	-0.852343 	0.822193 	1.341508 	0.000000 	0.000000 	-2.040566 	-0.990589 	0.801120 	-2.424477 	-0.538550 	-1.693995 	-3.493789 	0.000000 	1.388393 	1.653214 	0.000000 	0.000000 	2.431350 	2.130955 	3.313180 	0.000000 	-2.983713 	0.000000 	0.000000 	-3.365978 	-0.341430 	0.179729 	0.000000 	0.000000 	-0.388274 	-0.789175 	0.674397 	1.914616 	1.848496 	-0.203611 	1.266370 	0.683103 	1.754432 	
-1.939558 	1.008775 	-1.214782 	0.403289 	-0.217292 	-1.172044 	0.080027 	0.974737 	0.749404 	0.625229 	1.125083 	0.000000 	-0.416276 	-2.241043 	1.633291 	0.197242 	0.000000 	0.986684 	1.658747 	-0.195852 	1.359070 	-1.147956 	-0.081732 	-0.336424 	0.000000 	-1.495609 	0.000000 	-0.236806 	1.399562 	0.428380 	0.644544 	0.602087 	0.467548 	-1.242809 	0.000000 	-2.104290 	-1.049486 	0.740076 	0.000000 	-0.273784 	1.244494 	0.000000 	0.000000 	0.303912 	
0.000000 	-1.194626 	0.000000 	0.723009 	-0.328587 	-1.313347 	-0.668268 	1.092637 	-1.639991 	0.838072 	0.889014 	-0.455778 	-1.056509 	-1.040841 	0.653807 	1.762774 	-0.708371 	0.772418 	0.456559 	0.897092 	0.000000 	3.075046 	-1.930087 	0.000000 	-1.636495 	-0.873564 	0.000000 	0.801513 	0.000000 	-0.947505 	0.637808 	0.167166 	0.000000 	1.175310 	0.243482 	0.361315 	0.000000 	-1.091108 	-0.357737 	0.888861 	1.380436 	0.000000 	0.000000 	-1.027030 	
-0.275183 	0.664173 	0.095781 	-1.178094 	-0.402781 	0.233102 	1.092517 	0.497742 	-0.802004 	-0.620424 	1.155732 	-1.425055 	-0.553242 	-0.769934 	-0.521789 	-0.706443 	0.743918 	0.000000 	-0.899408 	1.222604 	-0.531279 	0.000000 	0.000000 	0.000000 	1.243242 	1.329037 	-0.399100 	0.000000 	0.000000 	0.385586 	0.000000 	2.351423 	-0.619472 	0.605524 	-0.651425 	0.000000 	-0.123041 	-1.117432 	-0.514774 	-0.759927 	1.011107 	1.587513 	0.000000 	-0.824670 	
-0.060035 	-0.227601 	-1.528810 	-1.444973 	3.533401 	0.000000 	-1.057826 	0.000000 	0.904143 	-2.856697 	0.000000 	-0.386260 	0.000000 	-1.026345 	0.669959 	-1.005750 	-0.429832 	-0.335364 	0.000000 	0.841728 	0.000000 	-0.456702 	0.054497 	-0.606622 	0.000000 	0.961765 	1.489664 	-0.765701 	0.775724 	0.000000 	1.431088 	0.526184 	0.724146 	-0.670469 	-0.536391 	0.928594 	-0.952215 	1.064618 	0.000000 	0.282030 	0.000000 	0.000000 	0.829119 	0.000000 	
-1.295305 	0.578917 	-0.687169 	0.670271 	0.479211 	-1.231640 	-0.660898 	0.000000 	1.602426 	1.460368 	2.256165 	1.536894 	0.000000 	-0.223593 	-0.256561 	1.018043 	1.753267 	1.028207 	2.337197 	1.593303 	0.597550 	0.000000 	-1.105557 	0.000000 	0.000000 	-1.424455 	-0.448090 	-1.841857 	0.000000 	0.000000 	-1.214215 	-1.339867 	0.000000 	1.123517 	-0.208020 	-1.080145 	-0.540647 	0.492236 	0.000000 	0.000000 	-1.154829 	0.000000 	-1.026108 	-0.841591 	
-1.546897 	0.000000 	1.846476 	0.000000 	0.000000 	0.000000 	0.000000 	1.906949 	0.000000 	0.000000 	-0.073270 	-1.609834 	-0.857247 	-0.369699 	0.000000 	-1.143308 	0.000000 	-1.643964 	0.000000 	-0.651102 	0.767439 	-0.814681 	1.087793 	1.353654 	0.540036 	0.000000 	-1.777993 	-0.938233 	-0.696575 	0.000000 	-1.862235 	0.692575 	0.243124 	0.220059 	0.000000 	-1.143332 	1.630224 	-0.986051 	2.511047 	0.783572 	0.437568 	0.665173 	0.104100 	1.893530 	
-0.198654 	1.165904 	-0.580691 	-0.489532 	0.000000 	-0.974514 	-1.010180 	-2.077798 	0.712807 	-1.243019 	-0.921708 	-0.949889 	1.460414 	0.000000 	-1.493315 	2.151753 	0.000000 	1.286401 	2.385082 	1.188614 	0.000000 	-1.272175 	0.000000 	0.000000 	0.241223 	0.094297 	0.970135 	-1.616605 	-1.397357 	-0.364850 	0.330241 	-0.535353 	0.365676 	0.000000 	1.412469 	-1.159667 	-0.334219 	1.222665 	0.000000 	1.785724 	0.790538 	0.000000 	-2.395806 	1.173460 	
-0.441910 	0.000000 	0.875545 	0.718462 	-1.335805 	0.000000 	-1.919260 	0.706486 	0.000000 	1.979144 	-1.397671 	0.561547 	1.475503 	-0.802388 	0.000000 	1.041832 	-0.727285 	-0.463876 	1.082367 	-1.218519 	0.000000 	2.504678 	0.984938 	0.531117 	-2.724201 	-1.900762 	0.000000 	0.273072 	-2.456005 	0.000000 	1.874681 	-1.480854 	-1.160766 	-2.217866 	-0.553401 	0.206771 	1.638691 	-0.707584 	2.221752 	-0.563858 	0.000000 	1.090701 	0.606190 	0.912088 	
0.611286 	0.000000 	-0.542814 	0.985897 	-0.582898 	0.000000 	-0.537666 	-0.724716 	1.714806 	0.000000 	0.000000 	2.063062 	-0.855518 	0.046125 	0.000000 	0.000000 	0.381362 	0.000000 	-0.124154 	-1.899905 	0.000000 	-2.087807 	0.514426 	0.000000 	0.263969 	0.000000 	0.000000 	0.000000 	0.000000 	0.918285 	0.000000 	0.770456 	0.000000 	-2.452184 	-0.773781 	2.244486 	1.429965 	0.545468 	0.774193 	-0.224060 	-2.739828 	0.743523 	1.367896 	-2.692604 	
-1.092506 	0.000000 	-2.044074 	1.207565 	-0.217844 	-2.229237 	2.080850 	-1.676989 	-1.838228 	0.000000 	0.470070 	-0.658615 	1.296304 	0.000000 	0.000000 	-0.540107 	0.573194 	-2.007440 	-0.815195 	-0.403032 	0.000000 	1.156601 	2.826692 	0.710696 	-1.743988 	-0.265877 	-1.882612 	0.597769 	2.765983 	0.000000 	0.540994 	1.661275 	1.001905 	1.802845 	1.161329 	-1.215692 	-0.993525 	0.367583 	-0.059743 	-0.425335 	2.364400 	-1.227185 	0.000000 	-1.545341 	
0.425469 	-0.313320 	2.637341 	-1.384168 	-1.448345 	-0.540476 	1.150372 	1.294355 	-2.150025 	-1.656076 	-1.997254 	-1.464763 	-1.922711 	0.610833 	-0.203897 	-0.156839 	-0.692361 	1.459441 	-1.085251 	0.750946 	1.243261 	-1.269432 	0.380059 	0.251357 	0.351893 	-0.204036 	-0.460822 	-0.770372 	1.210426 	0.342269 	0.033223 	1.767644 	0.000000 	-0.273286 	0.434077 	0.139775 	0.230862 	0.000000 	-0.951907 	1.331637 	0.429452 	0.742565 	0.903299 	0.080864 	
-2.023643 	-0.396337 	0.092272 	1.502027 	0.957116 	0.000000 	2.885163 	0.945960 	0.000000 	1.254136 	1.270630 	0.576858 	1.604849 	-0.856007 	-0.050610 	0.541175 	0.533046 	2.350640 	-1.725952 	-1.511788 	-0.945843 	-1.585547 	0.504631 	-0.973016 	0.779045 	-2.188338 	0.832344 	0.000000 	0.000000 	0.000000 	0.000000 	0.237382 	0.682101 	0.094867 	-1.332390 	-0.810978 	-0.718837 	0.000000 	0.982870 	-0.811412 	-0.817843 	-0.659525 	-1.095003 	0.928181 	
-0.536118 	-0.588917 	0.451988 	0.598618 	-0.413722 	0.477468 	1.076446 	1.183737 	-0.217993 	-0.750816 	-0.692626 	0.831512 	-1.956356 	0.000000 	2.572521 	-0.797101 	0.793043 	1.066182 	-0.872445 	-0.962870 	0.718037 	-1.066851 	1.080246 	-0.953228 	-0.692642 	0.355120 	-0.795849 	0.778212 	1.102744 	1.696908 	1.366361 	1.359295 	-1.206635 	-1.094126 	-1.023000 	0.566944 	-0.389581 	-0.131455 	-1.617628 	-1.793602 	-0.608583 	0.973858 	0.851532 	-1.180021 	
-1.139962 	0.217378 	-1.596851 	1.033708 	-0.611154 	-1.078973 	-1.230956 	1.740823 	0.000000 	0.593745 	0.256327 	0.000000 	0.942401 	-1.350368 	0.827503 	1.691943 	0.028435 	0.111333 	0.000000 	1.235097 	1.098549 	0.028241 	-0.436589 	-2.039224 	0.000000 	0.681972 	-1.179667 	0.520359 	0.913520 	0.325907 	0.734045 	-0.626130 	-1.873099 	-0.676353 	0.986636 	0.000000 	-0.101644 	0.676508 	0.000000 	-1.022110 	0.867783 	1.294886 	-1.444148 	0.194729 	
0.981369 	0.545789 	-1.577785 	-0.118239 	0.000000 	-1.205979 	0.000000 	-1.915448 	0.149615 	-0.642087 	-0.489539 	2.193334 	2.344531 	-0.764775 	-0.498817 	0.381693 	-0.162542 	-0.181801 	1.118588 	0.000000 	0.000000 	-0.233395 	0.000000 	-1.041518 	-1.399012 	1.018752 	0.393628 	0.158474 	-0.373398 	1.029776 	1.135543 	-0.391704 	-1.598529 	0.000000 	0.000000 	2.643001 	-1.063881 	0.000000 	0.921113 	-0.967248 	-1.027379 	1.066287 	-0.321534 	-0.874971 	
0.000000 	0.075457 	0.000000 	-1.661501 	0.568808 	-1.691588 	0.000000 	-0.693649 	-1.894511 	0.315619 	-1.786240 	1.768625 	1.509771 	1.050544 	-0.453416 	-0.550686 	-0.287514 	-1.024943 	-0.701485 	0.000000 	0.591796 	2.169265 	0.655158 	0.956573 	-1.256939 	0.971012 	0.425767 	0.445706 	0.412969 	-0.806294 	0.000000 	-0.802664 	-0.782452 	0.816018 	1.562731 	0.000000 	-0.568344 	0.114092 	0.319020 	-0.425875 	0.000000 	0.174072 	0.000000 	0.000000 	
-0.568180 	1.648453 	0.605119 	-0.531033 	-0.652631 	-0.696149 	-1.917227 	2.424000 	0.000000 	2.020853 	-3.282008 	0.958713 	1.308274 	-0.305545 	-0.404964 	0.000000 	-0.772600 	-0.321253 	0.664924 	-1.440492 	1.946230 	2.815143 	0.303016 	1.847496 	-0.756437 	-1.366421 	-1.533681 	0.000000 	-0.876139 	-1.223083 	0.000000 	0.181001 	0.706262 	-1.827700 	0.439624 	-1.975889 	0.625945 	0.000000 	1.071178 	0.000000 	0.349777 	0.458529 	0.575014 	0.000000 	
