0.000000 	-0.794163 	-0.805612 	1.825962 	0.000000 	-0.256802 	0.508029 	0.000000 	0.000000 	0.131336 	0.000000 	0.000000 	0.000000 	1.617040 	0.662829 	-2.041024 	0.000000 	0.000000 	3.696408 	-2.632481 	0.000000 	0.000000 	-0.327234 	0.000000 	0.389682 	-1.750260 	-0.162531 	-1.543213 	0.000000 	1.378804 	1.163136 	2.659341 	1.469346 	0.088703 	0.215063 	-1.302192 	-2.746160 	
-0.863692 	0.000000 	1.944032 	-0.479440 	1.134704 	-0.589797 	1.816139 	-0.886866 	-1.135187 	0.357846 	0.000000 	-0.238692 	0.590937 	0.267959 	-0.057326 	0.651905 	2.029849 	-1.532395 	-0.238652 	-1.239453 	-1.123094 	-0.892825 	0.000000 	-1.176041 	-1.032172 	0.925785 	1.115368 	0.478161 	-0.290636 	-1.038214 	2.187326 	-0.773276 	2.335563 	-0.487609 	0.182163 	-0.121449 	-0.483951 	
0.000000 	0.412022 	-1.677531 	0.000000 	0.000000 	-1.657022 	1.726132 	0.000000 	0.000000 	0.000000 	1.631153 	0.686243 	-1.162043 	0.000000 	-0.972531 	1.062173 	-2.337920 	-1.801946 	0.000000 	-0.965856 	1.834476 	-1.439844 	0.000000 	2.898425 	0.000000 	0.000000 	-2.160436 	-0.198433 	0.000000 	0.000000 	1.441630 	0.000000 	1.326170 	1.672625 	-0.387939 	0.000000 	1.291364 	
1.242783 	0.798478 	0.000000 	-1.060438 	-0.873781 	0.000000 	0.718640 	-1.916060 	0.000000 	-1.750407 	0.673156 	-0.392733 	2.786063 	1.459657 	0.093390 	-1.076508 	0.193725 	0.000000 	0.867494 	0.000000 	1.826954 	-1.057258 	0.880517 	0.275483 	0.000000 	1.035689 	0.656575 	-1.285490 	-0.853453 	0.000000 	1.547058 	-0.873416 	0.000000 	-0.438009 	-0.925891 	1.145585 	-1.345796 	
0.000000 	0.000000 	0.748259 	1.424963 	-0.090715 	0.406363 	1.115460 	0.222701 	0.000000 	-1.531221 	1.105643 	1.668963 	-0.404523 	0.861007 	0.000000 	-0.607230 	-0.548594 	0.862867 	0.000000 	0.485201 	0.000000 	-0.523671 	-0.256591 	1.055506 	1.349840 	1.670857 	-2.119599 	0.722006 	1.024309 	-1.603412 	1.192490 	0.000000 	-2.672544 	-1.132378 	-2.146935 	-0.729531 	-0.235894 	
1.392971 	1.051496 	2.327965 	2.376757 	-0.928009 	0.267177 	-0.658450 	0.000000 	2.555338 	0.368835 	0.140829 	-1.755874 	0.218853 	0.000000 	-0.686337 	0.080220 	0.654767 	-0.631491 	0.990504 	-0.227608 	-0.778697 	-0.360954 	1.208799 	-1.791238 	-0.324517 	0.507102 	0.000000 	0.000000 	-0.990494 	-1.091754 	0.000000 	0.434554 	-2.161201 	-0.799464 	-2.307347 	1.699809 	0.829620 	
-0.629847 	0.827446 	1.939054 	1.133523 	1.624129 	-3.106529 	1.469709 	-0.611653 	0.000000 	1.207247 	-0.104174 	-0.950699 	-0.697655 	-0.513934 	0.000000 	-1.489602 	1.370877 	-2.106685 	2.777718 	-3.475030 	-1.948975 	-2.192399 	0.293574 	0.000000 	-1.668567 	0.000000 	1.377203 	0.691635 	-2.775723 	0.551738 	2.742982 	1.091101 	2.456103 	-0.604204 	2.150754 	1.095988 	0.000000 	
-0.445692 	0.000000 	-1.258148 	1.324339 	0.717385 	0.520037 	-0.428136 	0.000000 	0.557148 	1.033057 	0.000000 	-0.564092 	0.599379 	0.000000 	-0.691469 	0.000000 	-1.590194 	0.000000 	-0.715526 	-0.911834 	1.332771 	-0.567620 	0.000000 	0.848454 	0.000000 	0.000000 	0.433774 	0.615856 	0.845844 	0.000000 	1.386193 	-2.688165 	-1.303201 	-1.042686 	-1.338610 	1.663953 	1.381029 	
2.013191 	-0.723498 	0.799135 	1.392531 	-1.434641 	-1.028745 	-0.532386 	1.945877 	-0.052434 	-0.601589 	1.677991 	0.874851 	-0.895469 	-0.481590 	0.704820 	-1.521138 	-1.049235 	-0.379573 	2.130008 	-0.801907 	-0.806028 	-1.558772 	-0.419755 	0.725385 	2.078899 	1.076017 	-1.186935 	0.846107 	-1.069074 	-1.106352 	0.000000 	1.433414 	-1.290513 	0.000000 	0.106903 	-0.900116 	1.283431 	
1.148539 	0.000000 	0.780670 	2.572589 	-1.519191 	0.000000 	0.000000 	0.000000 	0.000000 	0.000000 	0.659711 	-0.917226 	-1.209739 	2.080874 	-0.231313 	-2.326780 	0.000000 	0.925373 	4.889601 	-0.907133 	0.389320 	0.000000 	0.000000 	-1.203362 	-0.933696 	0.000000 	-0.873761 	1.127569 	0.286136 	-1.057970 	1.189851 	1.140140 	-0.837438 	-1.417457 	-1.849561 	0.000000 	0.000000 	
0.000000 	-0.988567 	0.000000 	0.000000 	0.000000 	0.000000 	1.374736 	0.041015 	0.000000 	-0.050100 	0.000000 	-1.023247 	-0.284880 	1.050342 	0.000000 	1.651268 	1.309066 	0.000000 	0.550599 	-0.025526 	-0.794156 	0.752500 	2.376920 	0.000000 	0.000000 	-1.801238 	-0.535939 	-0.833006 	-0.270896 	0.000000 	-0.015946 	0.000000 	0.000000 	1.342184 	-2.166466 	-1.054033 	-0.257240 	
-0.141589 	0.000000 	1.239642 	2.778071 	0.618199 	0.000000 	1.232974 	-0.723449 	0.753530 	-0.657024 	0.000000 	-0.318632 	-0.311079 	0.471284 	0.000000 	-0.775234 	0.000000 	1.073191 	0.000000 	-2.255725 	-2.825611 	1.450476 	0.000000 	-0.579829 	1.137260 	0.536189 	-0.906182 	0.000000 	1.378442 	0.808865 	0.000000 	0.000000 	0.675844 	0.000000 	-0.727027 	-1.566206 	-1.730761 	
-1.344347 	2.465227 	-0.824408 	2.576768 	0.000000 	-0.728753 	1.173556 	-0.376654 	-0.189921 	-0.437303 	-0.428150 	1.710097 	-1.606397 	-1.239169 	0.294545 	-0.238125 	-1.961337 	0.000000 	0.000000 	0.972000 	0.409863 	-0.485760 	-3.001389 	-0.572926 	1.254589 	0.927758 	-1.567708 	0.784266 	1.556141 	-1.475346 	1.570151 	2.148260 	-0.631229 	0.502436 	0.985328 	-0.910787 	-0.295585 	
0.777152 	1.205243 	0.000000 	0.000000 	0.000000 	-1.836557 	0.954023 	0.417837 	0.638047 	-0.531673 	0.000000 	-0.933859 	-0.941000 	-1.484039 	0.070943 	1.440842 	1.092966 	-3.158039 	-0.287629 	1.363999 	-1.048594 	0.000000 	0.855012 	-0.947545 	0.000000 	0.740503 	0.191741 	0.000000 	-1.667086 	-1.962603 	-1.537208 	3.024227 	1.498213 	1.588111 	0.895673 	-0.336586 	0.761910 	
0.451360 	0.000000 	-1.244661 	1.994296 	-0.354521 	0.191627 	0.759074 	1.108238 	0.000000 	-0.320760 	-1.266890 	-1.916834 	0.000000 	-0.341158 	-0.653716 	1.005823 	-0.677907 	0.000000 	-0.874522 	-0.951814 	-0.960834 	0.000000 	0.411616 	0.114836 	0.720927 	-0.076623 	0.000000 	0.479058 	1.086187 	-0.743886 	-0.253264 	-0.921373 	0.000000 	1.778934 	-0.191328 	1.680875 	0.235500 	
2.347528 	0.601755 	-1.340207 	0.602132 	-1.086394 	-1.267457 	-0.400171 	0.823658 	0.956616 	-1.740805 	1.299291 	-1.105853 	0.358394 	0.238814 	-0.490484 	-1.078018 	-1.340630 	-1.584160 	0.997036 	0.000000 	0.840251 	0.000000 	0.000000 	0.980366 	0.401163 	1.586377 	-0.319132 	0.229555 	-0.357728 	-1.148094 	-1.457247 	1.265092 	0.000000 	0.000000 	0.000000 	1.389786 	0.962682 	
0.735008 	-1.328907 	2.797720 	-0.722605 	0.200097 	-0.282497 	0.166172 	0.505706 	0.000000 	-0.756069 	2.016556 	-0.171805 	0.170522 	1.993515 	0.878634 	1.104881 	1.646519 	-0.805033 	0.478252 	0.000000 	-2.108824 	1.393391 	0.665685 	-0.994249 	0.253001 	0.000000 	-0.741248 	0.000000 	-0.180936 	-0.331628 	-0.903336 	0.966655 	0.267558 	-1.080462 	-2.066599 	-2.245331 	-0.689226 	
-0.603143 	0.000000 	2.260344 	0.435535 	1.041209 	0.000000 	-0.242731 	-0.057710 	1.316488 	1.196197 	1.494477 	1.321248 	-1.138915 	0.840058 	0.296251 	0.950761 	-0.360491 	-1.282733 	0.000000 	0.000000 	0.000000 	-1.112101 	0.616774 	0.861927 	-0.308316 	0.000000 	-2.050757 	0.000000 	-1.390741 	0.610425 	0.734176 	1.305672 	-1.148288 	-1.427038 	-1.675616 	-0.855722 	-0.534451 	
1.239868 	0.610085 	1.604981 	-1.137187 	-1.635391 	0.000000 	0.000000 	0.294739 	0.000000 	-1.438747 	0.613394 	-0.924309 	0.621618 	1.759550 	0.000000 	1.624592 	0.000000 	-0.452819 	0.000000 	0.481637 	-0.252457 	0.295299 	-0.807875 	-0.670328 	-0.549112 	0.000000 	-1.279828 	-0.773148 	0.259122 	0.223474 	-1.005642 	1.687605 	1.077608 	1.217734 	0.000000 	0.827889 	-1.759550 	
0.000000 	0.118586 	1.230354 	-1.407372 	0.000000 	-0.757968 	-0.387388 	-0.537651 	1.113956 	-1.152998 	1.987021 	1.060665 	-0.571887 	1.260812 	-0.693341 	-0.800798 	0.000000 	0.757221 	0.508091 	0.000000 	0.000000 	2.137536 	-1.077927 	0.807080 	-1.228041 	0.000000 	-1.470049 	-0.616701 	0.920673 	1.278410 	-1.333526 	1.055535 	0.000000 	-1.348683 	-0.536072 	-0.964474 	0.000000 	
