0.000000 	0.000000 	0.194424 	0.083401 	-0.705233 	-1.341204 	0.000000 	0.000000 	0.000000 	-0.289612 	0.600009 	-0.607164 	0.000000 	-0.584334 	-0.132434 	0.000000 	0.379473 	-0.489405 	0.000000 	-0.075670 	-0.951398 	0.793158 	-1.316227 	0.451431 	-0.505181 	0.000000 	1.190852 	0.000000 	0.000000 	1.164764 	-0.268494 	1.348383 	0.605945 	0.000000 	0.000000 	0.967187 	-0.907965 	0.000000 	0.000000 	-0.541293 	0.107902 	-0.782712 	0.996660 	1.821293 	0.108112 	0.585904 	1.043369 	-0.917255 	-0.514715 	0.848971 	-0.491577 	-0.999771 	
0.289641 	-0.309745 	-1.514060 	-0.856138 	-1.027028 	0.863570 	-0.379826 	-0.427823 	-0.721030 	1.451339 	0.925588 	0.326342 	0.667569 	-0.304194 	-0.241177 	-1.760290 	-0.956499 	0.721556 	0.368189 	-0.991413 	-0.964791 	0.000000 	0.362137 	0.180494 	-0.303297 	0.494531 	-1.371625 	0.000000 	-0.242229 	0.620611 	0.721489 	0.000000 	-0.717739 	-0.599695 	-0.663698 	-1.008747 	0.077566 	0.873650 	0.615849 	0.000000 	0.000000 	-1.105611 	0.607917 	0.912676 	-1.095207 	1.551126 	0.918109 	0.929393 	0.593035 	1.321661 	-0.557943 	1.211876 	
-0.073265 	0.865020 	-0.407683 	0.000000 	0.487183 	1.378635 	0.000000 	-0.987288 	1.082013 	0.000000 	-1.505648 	-1.231735 	0.000000 	0.000000 	0.816516 	1.556403 	-1.617920 	0.000000 	1.153964 	0.000000 	0.000000 	0.000000 	0.000000 	0.000000 	0.303966 	-1.336298 	0.608348 	-0.288615 	-0.309208 	0.000000 	0.000000 	-0.673540 	-1.544285 	0.000000 	0.393801 	0.000000 	0.000000 	-0.695834 	0.000000 	0.358771 	2.053223 	-0.832948 	0.000000 	-0.602921 	0.701229 	0.251148 	-0.120534 	0.000000 	1.739792 	-0.612320 	-0.288642 	0.000000 	
0.493080 	1.011733 	-0.967321 	0.000000 	0.000000 	-0.329234 	-0.568550 	-0.075321 	1.608998 	1.729479 	-0.869952 	-0.537520 	0.000000 	0.000000 	0.000000 	0.000000 	0.000000 	-0.291433 	0.000000 	0.000000 	-1.243909 	-0.209039 	0.000000 	1.132735 	-0.594053 	0.287101 	0.000000 	-0.845128 	0.000000 	0.461631 	0.000000 	0.428951 	0.490183 	0.000000 	-1.054154 	0.795780 	0.000000 	0.000000 	-0.842251 	-0.394382 	0.357777 	-0.758330 	0.000000 	-0.207022 	0.000000 	0.591725 	-0.665098 	1.275304 	0.969916 	-0.339556 	0.000000 	0.442924 	
1.092472 	-0.812431 	0.000000 	0.000000 	0.000000 	-0.374831 	0.371879 	-0.648865 	0.327905 	0.000000 	-0.102311 	0.652748 	0.000000 	1.375278 	-1.485794 	-1.501548 	-2.124712 	0.000000 	-0.559156 	-0.194733 	1.757992 	0.725557 	-0.445509 	0.513150 	0.000000 	1.343892 	0.000000 	0.000000 	-1.124600 	0.984094 	-0.452782 	-0.426269 	0.088722 	0.808421 	1.742304 	1.419136 	0.405317 	1.018588 	0.000000 	0.056535 	0.000000 	-0.727627 	0.000000 	0.075642 	0.000000 	-0.692269 	1.035921 	0.000000 	0.000000 	0.000000 	-1.356016 	-1.777426 	
0.000000 	0.732550 	0.528377 	0.753639 	0.000000 	0.000000 	0.000000 	0.000000 	-0.149936 	0.578830 	0.092216 	-1.150067 	-0.272934 	0.000000 	0.822418 	-0.827526 	-1.804657 	0.000000 	0.000000 	0.000000 	-1.416678 	0.000000 	-1.355545 	1.109512 	-1.559968 	-0.698586 	1.041600 	-0.137879 	0.942889 	0.000000 	-0.763233 	0.000000 	0.000000 	-0.934463 	-0.276982 	1.326245 	1.341062 	1.603672 	0.424495 	0.531177 	0.659185 	-1.694726 	0.000000 	1.483138 	-1.313805 	0.403591 	0.726664 	-0.772985 	0.666544 	0.000000 	0.000000 	0.000000 	
0.000000 	0.489836 	1.430373 	-0.406256 	0.000000 	-1.291166 	0.732390 	1.957542 	1.133481 	-0.926643 	0.689839 	-1.399332 	-2.162744 	-0.494567 	0.000000 	0.000000 	0.000000 	0.000000 	0.416026 	0.822978 	2.080747 	0.461541 	-0.719792 	0.000000 	0.000000 	0.000000 	0.000000 	0.487849 	0.000000 	-0.546487 	-0.470994 	0.000000 	0.000000 	0.000000 	-1.769721 	-0.415757 	0.000000 	0.000000 	0.918565 	1.060097 	-0.467414 	0.247165 	0.000000 	0.000000 	0.000000 	-1.224851 	0.734484 	-0.578538 	0.752909 	-0.234357 	0.000000 	-0.393965 	
1.482546 	0.854504 	0.000000 	0.657128 	0.000000 	0.000000 	0.000000 	-0.843417 	-0.336130 	0.000000 	-0.718078 	0.000000 	0.000000 	-0.296003 	-0.616848 	0.000000 	-1.009317 	0.599416 	0.000000 	1.411979 	-1.007872 	-1.313528 	0.000000 	1.170048 	-0.841653 	2.404565 	0.000000 	0.000000 	2.528800 	-1.217715 	0.260351 	0.000000 	0.983942 	0.000000 	-0.160731 	0.000000 	0.406550 	-0.805346 	0.000000 	0.000000 	-0.801829 	0.000000 	-0.928824 	-0.570082 	0.473116 	0.000000 	-1.776847 	1.166379 	2.291759 	-1.626408 	-1.097368 	0.753913 	
0.000000 	0.000000 	0.761001 	0.751993 	0.715428 	-1.728369 	0.000000 	0.000000 	0.000000 	0.000000 	0.000000 	0.322295 	-0.503752 	0.894283 	-1.360545 	-0.946458 	0.815784 	0.903523 	-1.378051 	0.000000 	0.238871 	0.000000 	0.158222 	1.769889 	0.000000 	1.447197 	1.497673 	0.000000 	1.199703 	1.714858 	0.000000 	0.000000 	0.622177 	-0.583720 	-0.606252 	0.000000 	-0.347677 	0.000000 	-0.435245 	-0.601371 	0.000000 	0.725470 	-0.857698 	0.000000 	0.000000 	1.063626 	-1.610899 	-0.500540 	-0.952001 	-1.310544 	0.000000 	0.000000 	
-0.569371 	0.000000 	0.237768 	-0.481568 	-0.044207 	0.527013 	-0.851611 	0.000000 	0.659545 	-0.200373 	-0.135257 	0.000000 	0.000000 	0.000000 	0.000000 	0.000000 	-0.292857 	1.296147 	-1.088094 	-0.291790 	-0.924778 	0.000000 	-0.397214 	2.022690 	1.070560 	0.237306 	-0.181201 	0.000000 	0.913859 	0.764535 	1.581345 	0.000000 	0.156626 	-0.527918 	-0.771241 	-1.787482 	0.257242 	0.170252 	0.000000 	1.181487 	-1.503738 	-1.790800 	0.265649 	0.000000 	1.063983 	0.561594 	-0.892436 	0.552353 	1.311195 	-1.007994 	0.000000 	0.000000 	
0.000000 	0.210091 	-0.912250 	-0.718511 	-0.671321 	0.000000 	0.000000 	1.310291 	-0.104196 	1.459269 	0.000000 	-0.665005 	-0.309519 	0.973193 	0.269233 	0.819156 	0.000000 	0.000000 	-0.463124 	-0.177624 	1.366334 	0.515326 	0.000000 	0.000000 	-1.229452 	1.016185 	0.826855 	0.000000 	-0.549960 	-0.512846 	-0.367756 	0.222855 	0.191071 	1.058703 	-0.585178 	0.474847 	-0.496854 	-1.059470 	0.000000 	-0.410967 	0.113407 	0.000000 	-0.529578 	0.248639 	0.817108 	0.000000 	0.000000 	0.000000 	0.000000 	-1.289839 	0.588258 	-0.514350 	
0.144985 	0.735681 	0.000000 	-0.118520 	0.996113 	0.000000 	0.128241 	0.806644 	1.057467 	1.906926 	0.000000 	-1.949244 	-0.911010 	0.000000 	1.213559 	0.000000 	0.000000 	0.000000 	0.000000 	0.000000 	0.891775 	0.000000 	0.000000 	0.000000 	0.656782 	-0.581597 	0.609251 	0.000000 	-0.404795 	1.185233 	0.478347 	0.621066 	0.000000 	-0.305565 	-1.689429 	1.021489 	0.813007 	0.200252 	-1.226731 	-0.345738 	0.000000 	-1.443374 	0.000000 	0.142300 	0.000000 	0.000000 	0.000000 	0.000000 	0.000000 	-1.870343 	0.000000 	-1.171388 	
0.000000 	0.000000 	-1.486407 	-0.977109 	0.000000 	0.816100 	-2.229951 	0.000000 	0.000000 	0.585668 	0.835481 	0.000000 	0.520593 	0.713674 	-0.031165 	0.000000 	-1.251803 	0.000000 	-1.030656 	-1.025644 	0.283970 	-1.118189 	0.446377 	1.201733 	0.000000 	-0.985593 	0.906211 	1.043831 	0.373036 	0.326621 	-1.079574 	-0.562408 	0.802071 	-0.908664 	0.345333 	0.000000 	-0.154901 	0.382714 	-1.315088 	1.335844 	0.688784 	1.443674 	-1.806655 	0.527899 	0.000000 	0.000000 	1.940040 	0.000000 	0.539811 	0.541357 	0.000000 	-0.855062 	
-0.474270 	0.000000 	1.129498 	-0.487391 	1.048911 	0.000000 	0.000000 	0.000000 	0.000000 	-0.473371 	0.623169 	0.118244 	-0.356454 	0.000000 	0.000000 	0.852940 	-1.392872 	1.129854 	0.000000 	0.000000 	0.000000 	0.759704 	-0.164436 	1.108489 	1.546771 	-1.785343 	0.000000 	0.000000 	0.108565 	1.912516 	-0.686178 	-0.661982 	0.141268 	-0.345219 	0.000000 	-0.520283 	0.000000 	-0.314535 	-0.535114 	0.757754 	0.000000 	0.000000 	0.000000 	-1.307995 	1.588450 	-0.928695 	-0.075133 	0.000000 	0.000000 	-1.630996 	0.552988 	-0.604625 	
1.045131 	0.670035 	0.805801 	-0.615655 	-0.656254 	0.000000 	1.686842 	-0.453266 	0.130974 	-0.968072 	0.000000 	-0.245792 	-0.855451 	0.158742 	0.000000 	0.791659 	-0.526553 	0.782905 	0.766989 	1.335916 	0.731499 	0.589849 	-0.427335 	-0.643914 	-0.785041 	-0.945564 	0.131093 	0.442459 	0.212044 	-0.284347 	0.000000 	-0.651552 	1.533531 	0.055791 	-0.490500 	0.000000 	0.594712 	-1.223481 	1.297492 	-0.267251 	-0.529908 	-0.483703 	-0.450790 	-0.589577 	0.700644 	-0.305665 	-0.554202 	-0.348675 	0.631531 	0.243977 	-1.296936 	0.000000 	
-0.762975 	0.000000 	0.000000 	-1.445685 	0.000000 	0.000000 	-0.147644 	0.000000 	0.000000 	0.000000 	0.000000 	-0.255808 	-0.393727 	0.616115 	0.000000 	-1.267000 	-1.726710 	0.064856 	0.000000 	0.000000 	0.000000 	0.841478 	0.000000 	0.703722 	1.162907 	0.251551 	0.000000 	-0.681700 	0.276283 	-0.636551 	-0.592676 	1.296934 	-1.303676 	-1.522258 	0.372273 	0.610229 	0.000000 	1.214870 	-2.209253 	1.480059 	0.000000 	1.116319 	0.000000 	0.000000 	0.559887 	-0.687118 	0.244768 	0.546717 	1.266941 	0.000000 	1.057345 	0.000000 	
-0.274578 	-0.364396 	-0.239885 	-1.106110 	0.000000 	-1.076757 	0.549590 	0.518277 	1.639090 	1.315269 	-0.218178 	0.332420 	0.194603 	0.000000 	0.000000 	0.627710 	-1.552727 	0.000000 	0.000000 	0.066434 	0.000000 	1.553806 	0.000000 	-0.246093 	0.000000 	0.628352 	0.374855 	0.000000 	0.101839 	0.000000 	-1.205350 	-0.632537 	-0.811359 	0.000000 	-1.225608 	0.950671 	0.000000 	0.628390 	0.000000 	1.159570 	0.461160 	-0.970452 	0.000000 	0.796899 	0.000000 	0.706457 	0.000000 	0.000000 	1.256051 	-0.879159 	-0.697047 	-0.975907 	
0.394235 	2.064314 	0.979939 	-1.624661 	-1.184587 	-1.164265 	0.000000 	0.000000 	0.000000 	0.000000 	0.000000 	1.068327 	0.000000 	0.857740 	-1.331493 	0.000000 	0.000000 	-1.012892 	0.000000 	0.691189 	0.000000 	1.572335 	0.000000 	-0.916197 	-0.541792 	0.000000 	0.000000 	0.000000 	-2.231412 	0.000000 	0.000000 	0.000000 	0.000000 	-0.931368 	0.000000 	0.000000 	-0.761046 	-1.417062 	0.000000 	0.916197 	0.685700 	0.401153 	0.000000 	0.000000 	1.321056 	-0.677046 	1.328417 	0.000000 	-0.393917 	1.005943 	0.713075 	0.374213 	
-1.396878 	0.000000 	0.326577 	0.000000 	0.000000 	-1.817791 	-0.345160 	-0.479404 	-1.360364 	0.334288 	1.626563 	0.000000 	0.000000 	-0.356351 	0.000000 	0.000000 	0.103825 	0.688990 	0.000000 	0.000000 	1.321151 	0.000000 	0.436804 	0.000000 	2.136574 	0.000000 	-0.584982 	0.524015 	0.705119 	0.000000 	-1.732113 	0.000000 	0.000000 	0.614194 	0.477612 	0.949490 	0.000000 	0.668580 	0.000000 	-1.094580 	0.000000 	1.016403 	-1.207657 	0.000000 	-1.449989 	-0.165546 	-0.404072 	1.028138 	0.804249 	-1.792581 	0.000000 	0.000000 	
-0.556041 	-0.977018 	0.197883 	0.000000 	-0.309656 	0.000000 	0.645965 	0.255492 	-0.230066 	-0.443217 	-1.005711 	-0.696177 	1.955825 	0.000000 	2.165037 	0.374679 	0.000000 	0.000000 	0.518904 	-1.178423 	0.000000 	0.000000 	-2.207306 	0.000000 	0.000000 	1.815082 	1.973172 	-0.391661 	1.797710 	-0.651555 	0.000000 	0.669179 	-1.783427 	-0.430751 	-0.329992 	0.000000 	0.387158 	0.734002 	-0.802103 	0.000000 	0.000000 	0.000000 	0.136725 	0.641151 	0.000000 	0.541543 	0.158352 	0.000000 	-0.198530 	0.000000 	-0.846012 	-0.936269 	
