-0.246561 	0.225091 	-0.511669 	-0.588529 	0.887025 	0.770926 	1.202843 	1.145690 	0.000000 	0.901889 	-0.712219 	-0.940625 	-0.839698 	0.000000 	0.000000 	-0.806058 	-0.580579 	-0.411464 	1.562336 	0.000000 	-1.573140 	0.858180 	-0.216083 	2.228390 	1.141761 	0.000000 	0.851420 	-0.593514 	-1.253987 	0.518847 	0.000000 	-0.697707 	0.798315 	1.046870 	0.204059 	-0.852749 	-0.657997 	1.140623 	-1.366657 	0.953613 	0.000000 	-1.422524 	-1.661894 	1.290501 	-1.151644 	-0.724196 	0.670457 	0.000000 	0.176591 	0.942641 	
-0.964118 	-0.883348 	-0.578600 	0.000000 	0.345388 	-0.663027 	0.000000 	0.000000 	-0.339931 	1.926561 	-0.349299 	0.000000 	1.323967 	0.000000 	1.369667 	1.177070 	0.000000 	0.000000 	0.000000 	1.678542 	-1.421050 	-0.192825 	0.067582 	-0.864587 	-1.104513 	-0.714219 	0.825096 	1.574538 	1.456993 	-0.980547 	-0.944957 	1.200515 	0.000000 	0.648139 	0.454389 	0.000000 	-1.201943 	1.593080 	0.000000 	1.126104 	-1.344904 	-0.742080 	-0.707885 	-0.608398 	0.564172 	-0.782957 	-1.200964 	-0.161987 	0.000000 	1.004441 	
0.000000 	-0.984579 	-1.653534 	-2.055128 	-1.192398 	0.116100 	0.000000 	0.109241 	-0.554565 	0.763403 	0.000000 	0.715456 	0.000000 	0.000000 	-0.508468 	1.156329 	1.155240 	1.937967 	-0.245586 	-2.316784 	-2.648734 	0.759706 	0.000000 	0.000000 	-1.159755 	0.000000 	0.184981 	0.000000 	0.000000 	0.000000 	1.090504 	2.072587 	1.757132 	0.339327 	-2.610618 	1.226424 	-0.946775 	1.095615 	0.000000 	-1.832495 	0.963019 	1.596277 	-0.577265 	0.000000 	1.196500 	0.000000 	0.879861 	0.613991 	0.000000 	0.000000 	
-0.777560 	1.455143 	-1.058277 	1.026152 	0.000000 	2.191662 	1.999158 	-2.211232 	-0.839069 	1.027669 	0.000000 	-2.495137 	-0.543641 	0.000000 	-0.955422 	-0.392244 	-1.888823 	0.308810 	0.247314 	0.550073 	0.000000 	-1.084046 	-2.316593 	0.113637 	-0.111313 	-1.783733 	0.825416 	1.930842 	0.424073 	1.895596 	0.674911 	-0.429048 	-1.148135 	1.781863 	-0.704067 	0.471291 	0.795450 	0.000000 	0.000000 	0.343562 	-0.060875 	1.106239 	0.000000 	0.000000 	0.000000 	-0.631245 	1.308629 	0.838976 	0.495735 	-2.331443 	
-0.309172 	-0.436515 	0.000000 	1.236813 	0.000000 	0.000000 	1.820928 	-1.658158 	-1.341849 	0.000000 	0.000000 	1.713048 	1.616967 	-0.843653 	1.946959 	-1.511415 	0.686023 	0.583536 	1.127834 	1.090325 	0.000000 	0.806950 	0.000000 	0.552234 	-1.339832 	0.000000 	-0.634373 	0.000000 	1.064624 	0.467260 	0.562430 	-0.610212 	-0.069733 	-0.326311 	0.185243 	-0.720931 	-1.982865 	0.312602 	0.000000 	0.000000 	0.000000 	0.000000 	-0.807074 	-0.710282 	0.000000 	-1.816047 	-0.637742 	0.867911 	1.612755 	-1.419640 	
0.968131 	1.043968 	-0.147347 	-0.475575 	0.350337 	-0.584716 	0.000000 	2.117896 	-0.600219 	1.160923 	-0.422708 	-1.466913 	0.000000 	0.295067 	1.007164 	0.000000 	0.717216 	-2.125740 	0.981784 	-0.892603 	-0.503353 	1.240538 	-0.114821 	1.686351 	0.499937 	0.585245 	0.000000 	0.000000 	-1.740812 	-0.654137 	-0.359969 	-0.142362 	-1.238847 	0.000000 	0.000000 	0.000000 	-0.622264 	0.000000 	0.000000 	0.578162 	0.369933 	0.527763 	-2.320599 	-0.492687 	0.000000 	0.000000 	1.974594 	-1.062874 	1.199840 	0.000000 	
-0.337222 	0.000000 	0.000000 	0.000000 	0.000000 	0.000000 	0.000000 	-0.325739 	0.000000 	2.111141 	0.000000 	0.000000 	-0.230104 	0.380883 	1.119937 	0.642907 	1.678761 	1.025679 	0.900267 	0.000000 	-1.197970 	-0.486182 	-0.712101 	-1.636195 	-1.036664 	0.735220 	-0.806914 	-0.860157 	0.288563 	1.463293 	-1.236002 	0.000000 	-0.984930 	0.935591 	-1.465958 	0.061140 	0.390464 	0.427991 	0.264940 	0.000000 	1.682805 	1.877495 	-2.272256 	-1.711919 	-0.145457 	-0.960506 	0.970384 	-0.423858 	0.996775 	0.668062 	
0.000000 	0.442904 	0.869709 	-0.440280 	-0.471388 	0.597447 	0.653127 	0.269115 	0.911345 	-0.548104 	-0.896647 	1.189616 	0.286670 	0.213576 	0.476185 	-1.284370 	1.740568 	0.949617 	2.319015 	-1.551562 	-0.857546 	1.332250 	0.000000 	-1.276690 	-0.949181 	1.532631 	0.000000 	-1.359798 	-1.403924 	1.455400 	-0.740555 	1.259751 	0.000000 	-1.131466 	-0.708122 	0.636704 	0.000000 	-0.236742 	-1.333878 	-1.415156 	1.654998 	-0.143852 	-1.608811 	-1.318774 	1.234569 	0.000000 	1.356116 	0.000000 	0.000000 	-1.648293 	
0.796056 	-1.428530 	2.341734 	2.490416 	-1.993455 	0.000000 	1.250803 	-1.727187 	1.367912 	-1.290012 	-1.852378 	-0.298692 	0.000000 	-1.254866 	-0.719761 	-0.278686 	0.000000 	-1.559285 	-1.017930 	1.581654 	0.000000 	-1.715671 	-0.844612 	0.895794 	0.806235 	0.999996 	0.725649 	1.942107 	-0.439477 	0.335803 	1.745767 	0.000000 	-0.427034 	0.000000 	-1.362976 	0.000000 	-0.900771 	0.431358 	0.266655 	0.000000 	1.401157 	-1.532709 	2.231115 	0.447387 	0.000000 	-1.456622 	0.000000 	0.000000 	0.000000 	0.648149 	
-0.938037 	1.297929 	-0.399091 	-1.063975 	0.880997 	-0.617815 	1.279522 	1.244174 	1.286746 	-0.333837 	-1.436442 	0.158150 	-0.335208 	1.388905 	-3.175438 	-0.560049 	-1.797140 	0.829187 	0.539938 	0.199607 	-1.774074 	-1.451141 	0.000000 	-1.480950 	0.000000 	1.169595 	0.215143 	1.106501 	-0.903971 	0.207242 	-0.105915 	-0.170084 	0.450961 	0.778832 	1.967175 	-0.676220 	-0.523884 	1.062899 	-2.120420 	-0.391169 	0.495591 	-2.744967 	0.718782 	-0.138175 	0.833544 	0.647616 	1.375672 	0.996040 	0.277885 	1.436998 	
-0.251362 	1.454834 	0.669924 	0.000000 	-0.487077 	-0.707813 	0.436017 	-0.169765 	0.000000 	-0.581777 	0.570360 	0.994390 	0.000000 	0.602740 	0.774192 	1.736210 	0.387402 	0.000000 	0.000000 	1.180699 	0.000000 	-1.441413 	-0.594879 	-1.006399 	-1.928328 	-0.623667 	-0.941760 	1.217587 	1.390727 	-1.389724 	-0.784545 	0.450093 	-0.788034 	0.000000 	0.281150 	0.421127 	0.000000 	0.000000 	0.000000 	0.000000 	-0.607488 	0.000000 	0.840988 	0.300406 	1.559370 	-1.487774 	-1.519167 	0.000000 	0.825579 	-1.145649 	
-0.743939 	-0.866574 	0.000000 	0.814300 	0.703629 	-1.544871 	-0.398753 	0.530431 	-0.786462 	1.264740 	0.000000 	0.000000 	0.000000 	1.075913 	-0.624990 	0.491290 	0.435374 	-1.145828 	0.660548 	-0.770556 	0.067699 	0.000000 	-0.716393 	-1.603814 	-1.331508 	-0.746697 	-1.668433 	0.178996 	0.000000 	-0.645852 	0.000000 	0.000000 	0.000000 	0.000000 	0.543896 	-0.204064 	1.600743 	-0.547099 	0.380934 	-0.776048 	0.427655 	0.510678 	-0.982729 	-1.539908 	2.946512 	0.610957 	0.287402 	1.525149 	1.808644 	1.307474 	
1.276789 	0.000000 	0.000000 	1.078425 	-1.711883 	0.841255 	0.000000 	0.063687 	-0.555461 	-0.916004 	1.055750 	0.295176 	1.086000 	0.431499 	0.333931 	-0.698538 	0.364704 	-1.544199 	0.000000 	0.449938 	0.000000 	-1.121842 	-1.136830 	0.229780 	0.442472 	0.161426 	-1.878650 	0.000000 	-1.722381 	-0.745529 	1.587008 	1.903206 	1.156901 	-1.055732 	0.588067 	-0.442007 	0.932037 	1.252372 	-1.064760 	-0.686644 	-1.344718 	0.000000 	0.218581 	0.000000 	0.951453 	1.030274 	0.241619 	0.253950 	-1.630431 	0.466386 	
-1.347194 	0.000000 	-1.023437 	0.091250 	0.486452 	-1.380456 	-1.107532 	0.622894 	-2.097987 	-0.738564 	0.298479 	1.942394 	1.662356 	-0.376478 	1.000004 	1.366148 	2.890998 	1.671266 	1.783868 	0.723225 	0.000000 	0.624661 	2.547780 	-0.426614 	-1.344935 	-0.796697 	-1.526859 	-1.356389 	-0.265648 	0.528326 	0.442561 	1.150295 	1.115261 	-1.031686 	0.836167 	0.000000 	-1.793614 	1.224390 	0.000000 	-1.694093 	-0.774653 	-1.760984 	-0.815091 	-1.446072 	0.825280 	0.000000 	-1.333137 	0.655877 	0.271344 	-1.095818 	
-0.341457 	-1.219812 	-0.294346 	0.651004 	0.000000 	0.842969 	-1.866790 	0.000000 	0.000000 	0.531209 	0.000000 	-0.477423 	-1.741501 	1.043342 	-0.260552 	0.772001 	1.328093 	-0.692188 	0.108522 	0.000000 	-1.175587 	0.000000 	-2.424630 	-0.405720 	-1.639662 	-1.187934 	0.000000 	0.000000 	1.923893 	0.000000 	0.205098 	0.782064 	-0.912530 	1.828819 	-0.800396 	1.264850 	1.793460 	-0.859691 	0.253168 	-0.882209 	1.406156 	1.329186 	0.000000 	1.042537 	2.025363 	-0.532677 	-0.434812 	0.000000 	0.647060 	-0.805082 	
-1.528761 	-0.526314 	1.576683 	0.356057 	-0.253962 	0.457044 	-0.508734 	1.602385 	1.532798 	1.974686 	-0.458850 	1.859355 	-1.040117 	0.000000 	0.000000 	-2.015136 	-0.026523 	0.415866 	0.000000 	1.181516 	-2.142278 	0.549243 	0.395547 	-1.346943 	-1.965824 	2.180978 	0.000000 	-0.507972 	0.000000 	-0.781657 	-0.562827 	0.000000 	0.000000 	-0.151258 	2.055568 	0.000000 	-1.253699 	0.430512 	-1.293495 	0.506843 	0.937139 	-0.568303 	1.621098 	-0.979092 	1.235161 	-0.593217 	0.000000 	-1.352389 	0.000000 	0.420301 	
-1.214271 	0.000000 	0.806628 	-0.565570 	-1.408231 	-1.072991 	0.000000 	1.239090 	1.120097 	0.666797 	-0.272482 	1.250017 	0.397807 	-1.089126 	1.444470 	0.000000 	1.390821 	-0.484546 	-0.111026 	-1.560713 	-1.567426 	0.000000 	1.081772 	-0.417757 	-1.313015 	1.297281 	0.393521 	-0.147413 	-1.346910 	-1.140855 	-0.811160 	1.284742 	0.000000 	-1.167626 	1.331741 	0.000000 	-0.909096 	1.591590 	-0.652307 	1.989888 	1.335238 	0.355517 	-1.167434 	0.404876 	2.113000 	-0.627206 	0.000000 	-0.964591 	0.245561 	0.357849 	
0.548322 	1.148187 	1.891273 	0.408002 	-1.314670 	-0.544831 	-1.208067 	-0.632851 	0.245780 	0.214851 	-0.051501 	0.645799 	0.000000 	0.176307 	-1.404416 	-0.421303 	-0.772685 	0.000000 	0.804694 	-2.118783 	0.645647 	0.669765 	1.180901 	-1.436029 	1.068136 	0.664154 	0.869402 	-0.861223 	-0.511669 	0.791570 	0.675475 	-1.128685 	-0.642351 	-0.812550 	-2.800921 	-0.472957 	0.078881 	1.200879 	-0.529697 	0.149484 	0.695310 	0.922001 	0.084866 	-0.703120 	0.327704 	1.599804 	1.271084 	0.000000 	-0.980327 	0.000000 	
2.384562 	-1.263422 	-2.130172 	0.000000 	-0.639954 	0.687614 	0.629473 	-1.584036 	0.886317 	0.000000 	0.000000 	0.521678 	-0.427522 	0.573397 	0.000000 	-0.632716 	0.381021 	-1.220354 	-1.209506 	-0.758829 	-0.909500 	0.000000 	-2.275112 	0.979935 	0.687759 	-1.795167 	-1.224866 	0.627587 	4.080136 	-0.308659 	0.000000 	0.949552 	-0.490511 	1.366207 	0.963084 	-1.170607 	-0.586635 	0.000000 	0.000000 	0.000000 	0.000000 	1.740794 	0.000000 	1.119725 	0.000000 	-1.824804 	0.403562 	1.590435 	1.403772 	0.250250 	
2.051243 	-2.688260 	-0.365787 	-0.514809 	-0.636704 	-0.640335 	-1.112817 	0.481506 	-0.427644 	0.571937 	1.042924 	0.731800 	0.000000 	-0.771648 	-0.707092 	0.000000 	0.368145 	-1.065914 	0.784097 	-0.898576 	0.000000 	1.970420 	-0.478402 	0.560049 	0.000000 	-0.648751 	1.401407 	0.301218 	0.629542 	-0.489121 	0.794772 	2.195080 	0.204050 	-0.746509 	-0.707894 	0.000000 	0.641031 	-1.370700 	-0.308129 	-2.249863 	0.865778 	-0.267403 	0.000000 	0.000000 	0.985946 	0.000000 	-0.846045 	1.297836 	-0.686346 	1.654645 	
