-0.906475 	-1.532513 	-1.013111 	0.000000 	0.340566 	0.504098 	-1.326562 	0.000000 	-0.893036 	-1.459828 	-0.356380 	0.000000 	0.000000 	0.000000 	1.008756 	0.592366 	0.520257 	-0.341191 	1.517318 	0.525837 	0.544387 	-0.438838 	0.000000 	-1.300229 	0.786776 	1.289128 	-1.228432 	-0.862743 	-0.800354 	1.071220 	1.165280 	-0.496047 	-0.887640 	0.000000 	0.816316 	1.207536 	-0.578405 	-0.676145 	1.265044 	1.345024 	1.126983 	0.621823 	-1.095737 	0.486323 	
1.295291 	0.000000 	0.000000 	-0.644564 	-1.056350 	-2.200317 	0.225450 	1.198783 	0.807504 	-0.831800 	0.000000 	0.000000 	-0.185738 	0.554209 	0.276799 	0.000000 	1.485665 	0.000000 	-1.212601 	1.256451 	0.782707 	-0.166362 	-0.817813 	0.546122 	0.561055 	-0.859660 	1.095862 	-1.715157 	0.767471 	0.000000 	0.715651 	0.382444 	0.776610 	-2.262574 	0.906288 	0.662456 	-0.708397 	-0.136779 	-1.659939 	-0.869196 	2.343538 	-0.140047 	0.251712 	-0.746148 	
0.000000 	-1.909482 	1.476130 	2.177992 	-1.931152 	-1.349980 	1.183087 	-1.254285 	-1.017337 	0.000000 	0.870594 	0.498183 	-0.593931 	0.000000 	0.705922 	-0.476158 	0.000000 	-1.358130 	1.189670 	-1.238651 	-0.196363 	-0.910777 	2.133520 	1.144938 	-0.608061 	-0.090793 	0.000000 	-0.884098 	0.770902 	1.563214 	0.500214 	1.432636 	-1.343615 	-0.708586 	0.000000 	0.000000 	0.000000 	-1.643407 	1.223959 	-1.098280 	0.445459 	1.171357 	0.744167 	0.673216 	
0.268570 	1.117540 	-1.302951 	-0.171832 	1.319303 	-0.509441 	-1.216609 	-1.248767 	-1.186789 	0.000000 	0.000000 	1.855130 	0.832424 	0.620880 	1.758200 	0.216628 	-0.339734 	-0.590435 	0.600244 	0.434660 	-0.216897 	-0.173994 	0.000000 	-1.352529 	-0.596328 	0.423227 	0.486057 	0.526582 	-1.088227 	-1.002984 	0.929938 	0.598543 	-1.421954 	-0.556733 	1.056098 	-1.109098 	-0.442056 	0.995822 	1.645657 	1.266584 	-1.000122 	-0.815924 	-1.390024 	0.689002 	
0.000000 	-0.861682 	-0.819446 	1.331724 	-0.228277 	0.919597 	1.729909 	2.095846 	-1.800380 	0.000000 	0.000000 	-0.264716 	0.767732 	-0.378958 	-1.445335 	-1.386783 	-0.289030 	-0.307960 	1.115818 	-1.154412 	0.816471 	0.000000 	-0.213780 	-0.909412 	0.000000 	-0.324387 	0.904095 	-0.841718 	1.485509 	0.403022 	-0.844391 	-1.280272 	1.354231 	0.743857 	1.366131 	0.336510 	0.000000 	-1.275250 	0.303737 	-0.951040 	1.406531 	0.000000 	-1.131253 	0.069279 	
2.399221 	0.790187 	1.095422 	-0.626149 	-1.657795 	0.000000 	-0.818106 	-0.484221 	1.005139 	-0.484042 	-0.721024 	-1.129454 	-0.388196 	-0.728274 	-1.285099 	1.891402 	0.165098 	-0.936899 	-1.195317 	-1.109349 	-1.817618 	0.234447 	-0.495000 	0.843188 	-0.440593 	1.363109 	0.000000 	0.000000 	1.686989 	0.759776 	1.100903 	1.062205 	-0.917919 	0.000000 	1.186533 	2.689809 	-1.944291 	-0.507681 	-1.167696 	0.000000 	0.634801 	1.635023 	0.000000 	-1.832027 	
0.000000 	-1.045629 	-1.592982 	1.357672 	-0.867799 	1.396675 	1.127421 	-1.037402 	0.948986 	1.720622 	0.075933 	0.611677 	0.000000 	-1.868661 	-0.657540 	0.000000 	0.736212 	-1.673708 	0.602868 	-1.127038 	-0.568286 	0.183309 	-0.933145 	0.376535 	3.056691 	0.110635 	1.640676 	0.000000 	-1.649600 	-0.267068 	0.000000 	1.068433 	0.000000 	0.000000 	0.337253 	1.232502 	0.000000 	-1.808558 	1.329157 	-2.879379 	0.356929 	1.666248 	0.000000 	0.000000 	
1.663851 	-1.097969 	0.000000 	-0.949935 	1.684479 	0.719240 	1.286765 	0.000000 	0.347417 	0.961640 	-0.828751 	-1.065748 	0.000000 	0.644307 	0.398458 	-0.906678 	-2.117193 	1.344900 	0.000000 	-0.091839 	0.547928 	-0.370143 	0.000000 	-1.943970 	0.000000 	0.241767 	0.069018 	0.000000 	-1.039522 	0.913398 	-1.362460 	0.000000 	0.000000 	1.515713 	-0.858807 	0.000000 	0.144794 	0.000000 	2.180958 	-1.755919 	0.384884 	-0.573020 	1.489886 	-0.764902 	
2.600275 	0.000000 	-0.877195 	1.137403 	1.772892 	-1.172482 	-0.976155 	-3.234684 	-0.509102 	0.871695 	1.106538 	1.066825 	-1.117919 	-0.848621 	1.090350 	0.579151 	0.000000 	-0.278350 	0.154247 	1.087823 	0.661280 	-2.465351 	-1.122943 	0.896743 	-0.776752 	1.108117 	0.716362 	0.140832 	0.000000 	0.248590 	1.254307 	0.517241 	0.000000 	-0.501807 	-0.601262 	-0.306091 	-0.114012 	-1.077741 	-1.817519 	-1.202011 	1.254267 	0.000000 	1.177388 	0.000000 	
0.000000 	2.877005 	0.000000 	-0.954400 	-1.683861 	0.990503 	0.000000 	1.501185 	0.000000 	-0.422306 	0.000000 	0.000000 	0.000000 	-0.412806 	-2.822399 	0.362996 	-0.118097 	-1.036655 	-1.367703 	-0.870598 	-1.346736 	2.006422 	-0.395261 	0.000000 	0.000000 	1.026199 	0.628360 	0.244054 	0.908457 	-1.578299 	0.000000 	-0.756085 	-0.231318 	0.000000 	2.299964 	0.000000 	0.000000 	1.335417 	-0.827491 	1.682196 	0.063299 	-1.084853 	-2.458387 	1.733670 	
-0.975793 	-0.878666 	-0.336478 	-0.388637 	-1.253578 	0.506726 	0.000000 	0.508043 	-1.279854 	0.000000 	1.321096 	0.000000 	0.000000 	-0.085452 	0.000000 	-0.583633 	0.478478 	-0.870479 	-0.682455 	1.780866 	0.740745 	0.000000 	-0.544363 	0.000000 	0.000000 	-0.624288 	-1.768590 	0.000000 	-1.664641 	1.869220 	1.815846 	2.086052 	-1.058445 	0.000000 	0.000000 	0.352522 	0.352740 	-0.941474 	0.616925 	1.378256 	-1.032262 	1.289182 	-0.233096 	1.570141 	
0.830576 	-0.783945 	0.000000 	-0.680977 	-0.798603 	-0.425621 	-0.574742 	0.329200 	0.000000 	-0.926538 	1.730983 	0.000000 	-0.331009 	-1.337869 	-0.675782 	1.510118 	0.432743 	0.000000 	-0.492138 	0.216895 	1.273564 	1.071441 	-0.646372 	1.532105 	0.916762 	-1.692221 	0.000000 	-0.067107 	-1.247926 	0.000000 	-0.578648 	1.998559 	1.713912 	0.000000 	0.000000 	0.000000 	-0.929588 	-0.525479 	-1.562704 	0.000000 	-0.700485 	0.857158 	1.239128 	0.000000 	
0.615570 	0.089820 	-1.328388 	0.697860 	-0.731231 	0.290433 	-0.445355 	0.000000 	-0.546953 	0.121485 	1.549542 	-0.222004 	0.216265 	0.393685 	1.075744 	0.520272 	1.064260 	-1.218795 	-1.487845 	0.371838 	0.361538 	0.000000 	0.676853 	-0.968916 	0.897920 	-0.635753 	1.124080 	-1.057212 	-0.294877 	1.549580 	0.429653 	0.000000 	-0.552936 	0.000000 	-0.571261 	-0.513359 	0.403997 	-0.433552 	1.840251 	-1.246949 	-1.377163 	-0.527690 	-0.512653 	1.528641 	
2.607473 	1.064932 	1.542593 	2.077902 	0.000000 	0.757967 	-0.634924 	-0.585480 	-1.190802 	1.786606 	0.000000 	0.563600 	-1.355826 	-1.911930 	-1.089251 	-0.646297 	0.000000 	-0.836531 	0.000000 	-0.500610 	-0.425302 	-1.206411 	-2.061339 	0.823297 	-1.782403 	0.000000 	0.334170 	0.000000 	0.327777 	0.354620 	-0.858957 	1.576620 	-1.244591 	-0.910771 	0.559391 	1.897720 	1.001981 	-1.375808 	1.165920 	0.000000 	-1.697104 	0.527674 	1.148955 	1.827961 	
0.000000 	-0.745373 	0.000000 	0.000000 	-1.819492 	-0.380327 	2.253419 	0.213611 	1.121805 	0.578982 	0.000000 	0.000000 	-2.271880 	0.806016 	0.000000 	0.390062 	0.000000 	-2.328285 	0.000000 	2.032241 	-0.378816 	0.701694 	1.280397 	-0.360237 	0.000000 	0.000000 	0.806900 	-0.815568 	-1.566948 	1.954784 	-0.631852 	0.000000 	-0.593494 	-0.554191 	0.000000 	0.477913 	0.397529 	-1.882205 	-0.629749 	1.234459 	0.242294 	1.901653 	-0.272946 	0.524198 	
0.768203 	-1.939929 	0.603424 	0.980136 	-0.747323 	0.000000 	-1.015056 	2.126051 	0.950570 	-0.796201 	0.000000 	-1.813457 	0.000000 	0.220338 	0.000000 	1.209905 	-2.052500 	1.118115 	-0.570245 	-0.590539 	0.000000 	2.171177 	0.908992 	0.053390 	1.269699 	0.000000 	0.000000 	-1.023546 	0.216037 	-0.907160 	-1.515741 	0.972209 	0.492662 	0.000000 	0.000000 	0.278747 	-1.056506 	0.000000 	2.766728 	-1.583327 	-0.691027 	-1.593189 	2.154170 	0.000000 	
0.605078 	-1.252161 	-2.161636 	-0.443631 	-1.342090 	-0.234624 	0.507854 	-0.312600 	-0.930832 	0.000000 	0.618835 	1.119053 	0.000000 	-0.727646 	0.342756 	-0.800603 	0.000000 	-2.514267 	-1.075438 	1.150634 	1.234693 	0.000000 	0.459002 	-0.523491 	0.000000 	1.069930 	0.276394 	-0.937202 	-0.320513 	1.620403 	1.304497 	0.482547 	0.000000 	0.442190 	0.000000 	0.071878 	0.730004 	-0.543432 	-0.708870 	0.623139 	0.982254 	0.907546 	-0.857190 	2.814099 	
0.577985 	1.004265 	1.856512 	-0.301851 	-0.962931 	0.000000 	1.427404 	0.762000 	0.532877 	0.667682 	0.511648 	0.948929 	0.000000 	0.000000 	-0.723102 	-0.595976 	-1.117924 	0.000000 	0.000000 	-1.230705 	0.000000 	1.127745 	0.640836 	0.698422 	-1.692962 	-1.311578 	0.644284 	-0.829859 	-1.120400 	-1.329788 	0.185560 	2.538287 	-0.685106 	0.000000 	2.466788 	-1.196363 	-1.794127 	-0.538168 	0.293997 	-0.106275 	0.000000 	0.000000 	-1.118354 	0.629444 	
1.250198 	-0.834282 	-0.519525 	0.158539 	0.951293 	-0.907372 	1.056675 	-0.580421 	0.000000 	0.000000 	-0.851851 	-0.329085 	0.726147 	0.566770 	2.413740 	-1.482730 	0.612840 	-1.530081 	0.718218 	1.208299 	0.000000 	1.038416 	0.498827 	0.000000 	0.400401 	-0.373115 	-0.694448 	0.000000 	-0.874775 	1.524389 	-1.337033 	1.648007 	0.000000 	-0.831278 	-0.551653 	-1.372121 	0.000000 	-1.131276 	-0.784728 	-1.384347 	1.962565 	1.425355 	0.000000 	-0.446035 	
-1.519998 	0.694820 	0.936429 	0.000000 	-1.110556 	0.466490 	0.225965 	-0.277553 	1.795483 	2.140189 	-0.564881 	0.914943 	-1.338964 	0.066831 	0.287567 	-0.960818 	1.233539 	0.823251 	-0.765488 	0.092458 	0.000000 	-0.982097 	-0.891628 	1.377088 	0.773187 	0.000000 	0.661076 	-1.975377 	0.000000 	-0.458360 	1.344470 	0.514064 	-1.214147 	-2.127197 	0.815975 	0.860461 	0.000000 	-0.177722 	0.242773 	-1.122241 	0.485158 	-1.167364 	0.000000 	0.879993 	
