-1.152406 	-1.728652 	-1.870245 	0.069984 	0.000000 	0.000000 	0.000000 	-0.209112 	0.251413 	-0.784397 	-0.958113 	2.449996 	-0.681702 	-2.016140 	-0.725594 	1.284830 	-0.595316 	1.346954 	0.000000 	-0.666455 	0.606735 	0.000000 	0.236751 	1.658077 	0.000000 	-1.610649 	0.000000 	0.000000 	1.797571 	1.387907 	-1.528263 	2.002612 	0.549214 	0.000000 	0.000000 	0.000000 	1.278694 	0.236394 	0.953379 	-2.795293 	-1.217575 	1.316341 	2.561340 	
1.146197 	0.655088 	0.000000 	1.036139 	0.277900 	-1.881630 	0.000000 	-0.342666 	-0.811775 	1.171553 	1.206368 	0.858772 	-1.807255 	0.000000 	0.187697 	-0.560514 	0.000000 	-0.175828 	0.000000 	-1.537214 	2.641836 	-0.581547 	0.000000 	-1.050605 	0.984397 	-0.498515 	0.690348 	1.515969 	-0.998264 	0.000000 	-1.271858 	-0.469416 	-0.187630 	-1.362813 	-0.719899 	2.088973 	0.000000 	0.947371 	-0.078405 	0.000000 	0.000000 	0.000000 	-0.552677 	
0.000000 	0.654291 	0.979063 	-0.859281 	0.873794 	-1.867264 	0.000000 	0.784620 	0.000000 	0.000000 	0.616944 	-0.619867 	-0.777688 	0.000000 	0.000000 	0.000000 	0.000000 	-1.300275 	1.665327 	1.920704 	-0.484619 	0.719836 	0.385476 	-0.279588 	0.327083 	1.698718 	-0.754598 	1.104878 	-0.411413 	-0.786082 	-0.577840 	-1.016687 	0.731093 	1.280505 	-0.971792 	0.129048 	0.000000 	-0.550422 	-2.176885 	-0.430141 	0.000000 	-0.316036 	0.955539 	
0.879249 	-0.428372 	1.702986 	0.000000 	-3.662300 	0.554956 	-1.854281 	-0.202105 	1.383798 	1.274282 	-0.524896 	0.000000 	0.000000 	-0.887976 	2.287909 	0.000000 	0.000000 	0.624521 	-1.959135 	-0.969875 	0.000000 	-0.344061 	2.099102 	1.585670 	-0.572638 	0.949748 	-0.452201 	0.267996 	1.463754 	-0.939636 	0.000000 	0.502382 	0.092176 	0.000000 	0.000000 	-0.831156 	-0.796794 	0.711294 	1.050161 	-2.174140 	-1.211385 	0.000000 	2.060742 	
-0.671543 	-1.076916 	1.496743 	-0.516828 	0.442797 	-0.609518 	-1.453954 	0.031524 	-0.962496 	0.598068 	0.871063 	-1.307032 	0.000000 	0.587296 	-1.597449 	1.931995 	0.000000 	0.000000 	1.245871 	0.651920 	0.700632 	-2.865119 	-0.249269 	-0.602288 	1.086802 	-0.323992 	1.163943 	2.962808 	-2.316271 	-1.624084 	0.000000 	-0.675337 	-0.368670 	1.378086 	-1.138760 	1.026914 	1.147979 	0.000000 	-0.611692 	-0.120956 	0.291615 	0.885054 	0.702749 	
-0.325560 	-1.202375 	1.961070 	1.296544 	1.474751 	-1.423031 	0.000000 	1.083032 	-0.808237 	-1.191004 	0.000000 	0.452198 	0.000000 	0.000000 	-1.355070 	1.284979 	0.000000 	1.953843 	1.165941 	2.345363 	-0.843526 	-1.512694 	-0.107686 	-0.540556 	0.000000 	0.000000 	0.591069 	0.935925 	-1.799702 	0.000000 	-1.683236 	-1.000495 	-0.584103 	-0.289935 	-1.475877 	1.189624 	0.536192 	0.000000 	1.153561 	-0.931217 	0.000000 	-0.094532 	0.000000 	
1.612510 	0.000000 	0.000000 	1.057457 	0.000000 	0.717960 	0.913931 	0.573571 	0.169459 	-0.247396 	0.000000 	1.078073 	-2.242124 	-2.046046 	0.000000 	-0.500644 	1.091575 	0.000000 	0.000000 	-0.801430 	-1.164870 	1.094575 	-1.705707 	1.016458 	-1.424072 	0.384618 	0.000000 	0.637916 	2.082038 	-2.585157 	-0.601698 	-0.446769 	0.000000 	-1.591084 	-0.920472 	1.597318 	0.170897 	2.866848 	0.261277 	-0.944340 	0.000000 	0.954181 	1.042128 	
-1.267626 	1.518061 	0.243192 	0.000000 	0.000000 	-1.357819 	1.318429 	2.095203 	0.159379 	1.343687 	-1.513069 	0.058106 	-0.935609 	1.434235 	1.092447 	-2.287314 	0.000000 	0.000000 	0.000000 	0.650175 	-1.874993 	0.398399 	1.197654 	-0.327951 	-0.830878 	-0.062414 	-0.922433 	-0.938507 	0.000000 	1.911568 	0.336431 	-0.156838 	1.925862 	0.000000 	0.000000 	0.000000 	-1.324156 	-1.414438 	-0.673805 	1.024534 	0.356661 	-0.722010 	-0.668809 	
-0.281425 	0.000000 	0.274550 	0.000000 	0.000000 	0.000000 	1.304304 	0.000000 	0.000000 	0.000000 	-1.082649 	1.345929 	-0.594663 	0.000000 	-1.278191 	1.044724 	0.454275 	-0.480871 	0.687432 	-1.320655 	-1.063964 	0.000000 	0.575332 	-0.136637 	0.000000 	-0.609134 	0.587420 	-1.379369 	2.571009 	0.776452 	-1.003548 	0.000000 	0.000000 	0.000000 	0.580072 	0.731147 	0.000000 	1.302323 	-1.048785 	-1.762910 	0.000000 	1.077847 	0.000000 	
-1.357543 	-0.735045 	1.034412 	-1.055119 	0.000000 	-0.828193 	0.000000 	-0.168998 	-0.843915 	0.568979 	0.637478 	-2.667894 	-1.095036 	0.000000 	-0.366877 	0.699117 	-0.871866 	1.194318 	0.000000 	-0.067379 	0.000000 	-0.739356 	0.529624 	-0.813125 	-0.716442 	1.205392 	1.785523 	0.913762 	1.605682 	-0.093771 	0.891217 	0.000000 	0.396282 	0.807008 	-0.953947 	2.333780 	1.435716 	-0.163502 	0.000000 	-2.169224 	0.693987 	-0.066676 	0.082162 	
-0.496618 	1.405760 	0.000000 	0.000000 	-1.402822 	-0.622017 	-0.397192 	-0.929951 	0.197331 	0.832033 	0.577112 	-0.886533 	0.589464 	1.646888 	-1.245213 	1.379527 	0.000000 	0.728349 	-0.844400 	-0.983294 	0.000000 	-0.532560 	0.000000 	-1.549713 	-0.847613 	0.000000 	0.884445 	-1.114631 	-0.315158 	-0.674211 	0.000000 	0.994932 	0.000000 	0.777782 	0.000000 	0.505216 	0.875135 	1.093137 	0.000000 	-0.150006 	0.826673 	-0.503332 	0.000000 	
-1.393201 	1.104902 	0.000000 	0.095223 	0.900096 	0.426315 	-1.788295 	-1.617089 	0.943410 	0.763491 	0.000000 	-1.651941 	-0.116880 	-0.347975 	0.177485 	-0.401021 	0.000000 	0.462999 	1.164232 	0.000000 	1.233145 	1.010880 	-1.113038 	1.114982 	-1.137811 	-0.217132 	0.000000 	-0.631230 	-0.803120 	-1.881524 	-0.725246 	0.000000 	0.000000 	0.584761 	0.000000 	-1.224837 	1.867130 	1.769426 	0.000000 	0.000000 	0.000000 	0.000000 	1.510720 	
0.000000 	0.000000 	0.645957 	-0.988621 	0.000000 	0.288140 	0.000000 	-0.956902 	-0.875301 	0.276953 	-1.181338 	0.432570 	-0.516753 	0.839500 	0.000000 	-0.337282 	-1.760054 	0.000000 	0.937701 	0.000000 	0.594197 	0.000000 	0.281405 	-0.395646 	-0.482612 	-1.025512 	0.686414 	0.224612 	-0.543155 	-0.989438 	1.072879 	0.000000 	0.000000 	-0.790014 	0.000000 	1.339106 	-0.198309 	0.740897 	1.249721 	0.000000 	0.219077 	1.413614 	0.072446 	
-0.724355 	0.000000 	0.000000 	1.175304 	0.000000 	-0.651224 	-0.891369 	0.464808 	0.188054 	0.135566 	-1.351692 	0.444383 	0.574973 	0.886942 	-0.585370 	1.560845 	0.859330 	1.295324 	1.584698 	-0.793135 	1.397573 	-0.332576 	1.051671 	1.448186 	-1.029130 	-1.368437 	-0.268179 	-3.012607 	0.000000 	-0.537020 	-2.095287 	-0.600879 	-0.906817 	0.000000 	2.070968 	-1.832751 	-0.138209 	1.827941 	0.000000 	0.212037 	-1.381452 	0.000000 	0.911705 	
1.318209 	-1.259374 	1.067611 	-0.843925 	-0.815551 	-0.332756 	-0.863558 	0.850987 	-1.978153 	-0.639046 	0.219461 	0.000000 	-0.373558 	0.000000 	0.000000 	0.000000 	-0.239352 	0.000000 	0.604044 	1.293433 	0.991958 	-1.107596 	0.994637 	-0.740270 	0.258678 	-0.098103 	0.000000 	2.095933 	-0.562099 	-0.404579 	-0.394219 	0.557085 	-0.795831 	0.000000 	0.000000 	-0.548219 	0.000000 	0.000000 	2.376758 	-0.852150 	0.695886 	-2.128947 	1.617013 	
0.797626 	-0.783423 	0.000000 	-0.621938 	1.746043 	0.620874 	1.270269 	-0.561938 	-0.945384 	-0.690695 	0.350348 	-0.414745 	0.000000 	-1.311197 	0.000000 	0.000000 	-0.331520 	-0.923956 	0.727079 	-0.958278 	-1.476981 	0.650459 	-1.588950 	-0.841957 	2.187031 	0.613094 	0.781312 	3.027461 	0.517989 	0.726870 	0.000000 	-1.492725 	1.028433 	0.523754 	-1.180421 	1.097166 	0.324980 	-0.953459 	-1.973736 	0.000000 	1.126267 	1.374413 	-1.237334 	
-0.746955 	-1.228896 	0.422350 	-1.800973 	0.502779 	-1.585821 	1.815099 	0.517122 	-0.625893 	0.252989 	-0.167591 	-0.092632 	-0.662022 	-0.819974 	1.901757 	0.000000 	-1.407345 	0.000000 	0.682650 	0.587076 	1.587301 	0.793997 	1.304798 	0.865408 	0.000000 	1.746686 	0.906681 	-0.878652 	1.174694 	0.607426 	0.000000 	-0.902314 	-0.419002 	-0.899457 	0.354271 	0.387275 	-1.646449 	0.083865 	1.080097 	-1.328927 	-1.755564 	-0.822830 	0.980734 	
0.969256 	-0.715234 	-0.358538 	-0.227334 	0.000000 	1.474372 	-0.779528 	0.000000 	-1.411813 	0.000000 	-1.082076 	0.768941 	0.000000 	0.000000 	-2.105436 	1.153619 	-0.738487 	0.908969 	1.196088 	-2.604736 	0.713344 	1.028099 	0.538162 	1.252615 	-1.035621 	-0.810498 	0.777209 	0.882453 	0.383905 	-0.905072 	-0.887456 	1.647835 	-1.080353 	-0.506606 	0.935223 	0.000000 	-0.222759 	0.625204 	0.000000 	-0.831092 	-1.472578 	1.848889 	0.609659 	
-0.836876 	-1.012842 	-0.407817 	0.544569 	-0.264356 	0.256974 	-1.656599 	0.000000 	-0.250097 	0.000000 	-0.391059 	0.492242 	-0.251423 	0.000000 	0.549552 	0.000000 	-0.096007 	1.715745 	0.000000 	0.918652 	1.637453 	-1.404873 	-0.399929 	1.629638 	-0.670938 	-1.778103 	-0.619435 	0.000000 	-1.364028 	-0.346747 	0.000000 	0.321904 	-0.600674 	-1.439972 	-0.900880 	-0.524027 	1.250534 	1.189280 	2.506179 	0.785073 	-1.360019 	0.606050 	1.614079 	
-0.902447 	0.907995 	2.820780 	0.364351 	0.000000 	-1.126941 	1.171002 	0.196985 	0.634693 	0.905511 	0.993918 	-1.222216 	1.003009 	0.406007 	0.708274 	0.000000 	-0.143617 	0.000000 	-0.395451 	1.198197 	-1.482759 	-0.485858 	-0.442629 	0.766844 	0.000000 	0.798405 	1.095190 	-0.544697 	-0.994435 	0.756252 	-0.528135 	-1.172215 	-0.626826 	-1.351491 	-1.231612 	0.000000 	-0.626552 	-0.434008 	0.808114 	-0.369042 	0.000000 	-0.853335 	-0.944110 	
