-0.496961 	0.000000 	0.845318 	-0.480883 	0.145082 	0.735955 	-1.055705 	0.262224 	-0.487542 	-1.078001 	-0.742159 	0.563694 	0.342249 	0.524970 	0.665771 	-0.437055 	0.571961 	-0.180437 	-0.932122 	0.000000 	1.016666 	1.169006 	0.000000 	0.000000 	-0.086430 	0.000000 	0.000000 	-1.042971 	0.000000 	0.000000 	0.509979 	0.000000 	1.008386 	-0.846483 	-0.558162 	1.429394 	-1.504045 	-0.740608 	1.371172 	1.080111 	-0.315455 	-0.591483 	-0.058141 	0.149186 	0.085057 	
-0.554449 	1.213025 	0.646493 	0.246059 	-0.074825 	-0.322860 	0.000000 	0.496161 	-1.547728 	0.000000 	-0.464115 	1.200154 	0.252344 	1.786976 	0.824798 	0.719806 	0.000000 	-0.913862 	0.000000 	-0.966159 	0.000000 	-0.579407 	0.000000 	0.968786 	-0.299163 	0.362283 	0.496734 	0.000000 	0.797888 	-0.502141 	0.000000 	1.111626 	1.036172 	-1.705475 	0.000000 	0.710695 	-0.823179 	0.000000 	0.000000 	-1.088364 	-1.287522 	-0.831625 	0.712438 	-0.548589 	-0.351580 	
-0.652914 	0.078884 	0.000000 	-0.325641 	0.000000 	0.762248 	0.942987 	-1.644409 	0.000000 	0.000000 	-0.939625 	0.720108 	-0.885557 	0.000000 	0.000000 	1.440262 	0.628614 	0.000000 	0.335763 	0.000000 	-1.088508 	1.785081 	1.448902 	0.000000 	0.559206 	0.800135 	0.000000 	1.658986 	-0.548267 	-0.356621 	1.742618 	0.140617 	1.097294 	1.256480 	-2.091221 	-1.778831 	0.000000 	-1.704624 	-1.208568 	0.669039 	0.000000 	-0.319504 	-1.800707 	0.000000 	1.482388 	
-0.731363 	-0.706597 	-2.532877 	1.100950 	-0.690495 	1.178473 	0.000000 	0.000000 	1.711832 	-1.078137 	2.062701 	0.300075 	-0.506490 	-0.819358 	0.000000 	0.000000 	0.000000 	1.237209 	-0.700965 	0.454188 	0.000000 	0.216530 	-0.525034 	-0.286914 	0.547197 	0.000000 	1.586506 	0.000000 	0.788466 	-1.554049 	0.000000 	0.000000 	-0.893475 	-0.629718 	0.000000 	0.000000 	0.000000 	0.000000 	0.000000 	0.000000 	1.387491 	0.000000 	0.000000 	0.000000 	0.000000 	
0.386262 	-0.504326 	0.000000 	-1.329408 	0.000000 	1.902796 	0.520805 	0.000000 	0.861184 	0.354111 	0.549060 	1.465062 	0.000000 	0.000000 	0.000000 	0.513708 	-0.707692 	-0.900101 	-0.826560 	0.000000 	0.414222 	0.000000 	0.000000 	0.824532 	0.869469 	-1.364068 	-1.125932 	0.000000 	-0.145851 	0.000000 	0.000000 	0.000000 	-1.385059 	0.889863 	-0.081951 	0.000000 	0.000000 	0.000000 	-0.233435 	0.116733 	1.523741 	0.000000 	-1.271814 	-1.381883 	1.644396 	
0.503313 	-0.723741 	-1.244321 	0.357993 	1.311221 	0.776988 	0.000000 	0.000000 	1.324173 	0.445635 	-0.787707 	0.000000 	-1.299982 	-1.106608 	1.170483 	0.000000 	0.323131 	-0.254848 	0.444061 	1.174166 	-0.182989 	1.055087 	0.640306 	-0.612432 	2.096047 	0.000000 	0.000000 	-1.380103 	-1.179947 	-0.853874 	1.051517 	0.826874 	0.332956 	-1.010785 	0.385117 	-0.394297 	1.146806 	0.000000 	0.000000 	0.293168 	-0.843688 	0.000000 	-0.458579 	-0.959708 	-1.016444 	
-0.614595 	0.000000 	-2.021227 	-0.123406 	0.000000 	0.000000 	0.000000 	-1.621575 	-0.914140 	0.000000 	0.916122 	0.839060 	0.293473 	0.807819 	0.000000 	0.000000 	1.814850 	0.302665 	0.000000 	-1.004887 	0.000000 	0.000000 	-0.110999 	0.145502 	0.483533 	0.000000 	0.879413 	0.000000 	0.000000 	0.451485 	1.640032 	0.165998 	1.334833 	0.000000 	-0.671579 	-1.717756 	0.000000 	-1.364751 	-0.786198 	-0.262053 	0.981513 	0.000000 	0.290310 	0.992072 	0.000000 	
0.000000 	-1.237175 	0.000000 	0.677822 	0.000000 	-0.825545 	0.188137 	-0.547371 	0.000000 	0.491832 	-0.987543 	0.000000 	0.547413 	0.000000 	0.000000 	0.000000 	1.486163 	0.000000 	1.654676 	0.915227 	0.000000 	0.590716 	0.000000 	-0.476786 	0.000000 	0.000000 	-2.459421 	0.000000 	-0.681460 	-1.045730 	0.000000 	0.000000 	-0.122792 	0.432498 	0.000000 	0.516518 	0.000000 	0.000000 	0.745333 	0.000000 	0.000000 	-0.633580 	-0.842717 	1.281572 	0.000000 	
0.819204 	0.000000 	-1.080437 	-1.495605 	0.000000 	1.434094 	0.000000 	-0.575081 	1.599744 	0.000000 	-0.605641 	1.218429 	0.509403 	1.539298 	-1.171347 	0.000000 	0.198749 	-0.753525 	-0.364690 	1.382762 	0.000000 	-0.905376 	-0.441395 	0.915557 	0.489176 	0.331713 	-0.908858 	0.678480 	0.000000 	0.000000 	0.000000 	0.268563 	1.499458 	0.000000 	-2.532645 	-1.437564 	-0.285469 	0.290506 	-0.414131 	1.222502 	0.000000 	0.000000 	0.000000 	-0.832318 	0.000000 	
-1.244167 	0.000000 	0.367431 	0.694680 	0.351594 	-0.324720 	0.793431 	0.901781 	-0.093163 	-0.336189 	0.712618 	0.000000 	0.370052 	-0.077618 	-0.523181 	0.146182 	0.112345 	-1.182101 	0.316403 	-1.075123 	0.000000 	-0.329276 	-0.449617 	-0.700350 	0.000000 	-0.342385 	-0.797976 	0.518392 	-0.346095 	-0.433771 	1.008254 	1.054109 	-1.080768 	0.000000 	2.093405 	-1.613673 	0.000000 	-0.651908 	0.999898 	-1.011544 	0.334174 	0.000000 	1.034334 	1.089662 	0.000000 	
-0.041414 	-0.177365 	-0.489473 	-1.330607 	0.937045 	1.435411 	0.000000 	0.787877 	1.165057 	0.000000 	-0.661180 	0.493284 	-1.088099 	-1.301015 	0.000000 	0.000000 	0.926086 	-0.444999 	0.000000 	-0.574368 	0.428154 	-0.455829 	0.057710 	-0.202825 	0.403697 	-0.848649 	-0.963689 	0.000000 	-0.394094 	-0.069379 	0.786636 	0.879426 	0.938272 	0.000000 	-0.427195 	-1.241360 	1.250792 	0.268753 	-0.209487 	-0.179385 	0.768078 	0.155721 	0.340562 	-0.484583 	0.318439 	
0.000000 	0.000000 	0.467149 	0.371454 	1.428478 	1.794319 	0.000000 	0.000000 	-1.774891 	0.000000 	-1.399260 	-1.875015 	0.000000 	0.000000 	0.000000 	0.000000 	0.000000 	0.000000 	0.542269 	-0.325245 	0.000000 	0.000000 	0.000000 	0.000000 	0.000000 	0.621505 	0.445196 	-0.551900 	-1.695369 	0.000000 	0.000000 	2.202935 	0.984791 	1.649131 	1.821626 	0.000000 	-0.298010 	-1.714749 	0.553071 	-0.682291 	0.000000 	-0.480401 	0.000000 	-1.260889 	0.011365 	
0.000000 	-1.025704 	0.000000 	1.551531 	-0.988810 	0.519528 	1.438911 	-0.978418 	-0.154921 	-1.430548 	0.405514 	0.556946 	-0.773294 	-0.603770 	-0.499200 	1.082608 	-0.767676 	-0.870307 	0.386102 	-0.679854 	1.454138 	0.843270 	0.074147 	-0.620433 	0.650856 	0.000000 	1.411499 	1.011624 	0.580961 	0.000000 	1.539411 	0.000000 	0.000000 	-1.868441 	1.068123 	-1.462390 	-0.284851 	-0.384092 	0.209942 	-0.790773 	-0.653160 	1.307623 	0.000000 	0.000000 	-0.325345 	
1.315577 	-0.592951 	-0.310400 	0.218037 	0.632296 	0.403735 	0.000000 	0.000000 	1.182531 	0.741902 	-0.939053 	0.405346 	0.000000 	-1.212596 	-0.371103 	0.000000 	-0.377967 	-0.838984 	0.000000 	0.131741 	0.594105 	-0.609927 	0.000000 	-0.795978 	1.031172 	1.324903 	0.000000 	-0.478739 	-0.449345 	0.000000 	-0.476593 	0.535504 	0.906602 	-0.554793 	-0.715085 	-0.351218 	0.486671 	-0.058048 	-0.456505 	-0.201990 	0.986821 	-0.450290 	0.000000 	-1.187081 	1.132813 	
0.000000 	-0.622089 	0.000000 	1.073130 	0.000000 	-0.774810 	1.766935 	0.431019 	0.000000 	-0.651503 	-1.051248 	0.000000 	-0.843955 	-1.146959 	0.329415 	1.249447 	0.146318 	0.000000 	0.000000 	-1.239473 	0.920077 	-0.318229 	0.329673 	0.000000 	0.000000 	-0.090121 	0.768577 	0.928697 	-0.780290 	0.000000 	-0.836511 	0.512201 	0.000000 	-1.178139 	1.177888 	0.086162 	1.053723 	-0.823091 	-0.575181 	0.000000 	-1.423648 	1.017918 	0.000000 	0.965960 	0.000000 	
-0.594841 	0.274349 	1.178736 	0.000000 	0.000000 	0.015289 	0.000000 	0.000000 	-1.512939 	-0.658942 	1.166415 	1.115096 	0.353417 	0.000000 	-0.832323 	0.000000 	0.426666 	0.384621 	0.000000 	0.377643 	0.000000 	0.000000 	0.495603 	-1.102371 	0.000000 	0.000000 	0.395403 	0.000000 	0.000000 	-1.078662 	-0.143397 	-0.803523 	0.000000 	0.000000 	0.000000 	1.138682 	0.000000 	0.000000 	0.000000 	-0.701044 	1.640460 	-1.102949 	0.000000 	-0.607767 	0.210271 	
0.857843 	-1.047803 	-0.329530 	-0.421890 	0.832591 	0.000000 	-0.242690 	0.680690 	1.234304 	0.000000 	0.570086 	0.290584 	-1.201438 	0.000000 	-0.993691 	0.000000 	-0.833552 	-1.117218 	0.000000 	0.757131 	1.706657 	-0.656393 	-1.523938 	0.000000 	0.458364 	0.000000 	0.000000 	0.000000 	-0.127727 	0.000000 	0.780123 	0.592364 	-0.594065 	-1.171871 	1.035977 	-0.496925 	0.000000 	0.340722 	0.000000 	-0.360767 	-1.315449 	0.804989 	1.511500 	0.614296 	-1.057906 	
-0.232152 	-0.459029 	1.214959 	0.944294 	0.066415 	0.156295 	1.044731 	-1.104342 	0.000000 	-0.905697 	0.000000 	-0.709953 	0.066834 	-0.316602 	0.116665 	1.382264 	0.000000 	0.000000 	0.772574 	0.000000 	0.000000 	-0.655514 	2.198099 	-0.623086 	0.826801 	-0.510450 	0.000000 	0.537925 	0.139141 	0.241239 	-0.112605 	-1.040788 	-0.379718 	-1.970368 	0.606697 	0.112283 	0.390770 	1.755162 	0.000000 	-1.770219 	-1.135403 	0.000000 	-0.062070 	0.000000 	-0.374720 	
-0.753304 	-0.909879 	0.000000 	0.000000 	0.946301 	0.961669 	0.000000 	-1.487712 	-1.129912 	-0.670444 	0.511530 	0.000000 	0.000000 	0.445079 	0.000000 	0.000000 	0.000000 	0.206755 	0.000000 	0.000000 	-0.043574 	2.641842 	0.549442 	0.112363 	0.906109 	-1.582422 	-0.013172 	0.511135 	0.000000 	1.317791 	2.034466 	0.000000 	0.000000 	0.217022 	0.998977 	0.000000 	0.000000 	0.000000 	0.000000 	0.413776 	-1.419009 	-0.952657 	-0.974382 	0.000000 	-2.512345 	
