1.289289 	-0.804188 	1.698621 	-0.771731 	2.718986 	0.000000 	0.000000 	0.320183 	0.000000 	1.721480 	-1.309596 	0.000000 	0.000000 	1.377459 	-2.079963 	-0.606774 	0.070571 	0.000000 	-1.276037 	-1.448515 	0.202019 	0.804329 	0.000000 	0.306189 	0.234655 	0.000000 	1.789735 	-1.365888 	-1.469640 	1.507997 	-0.661742 	-1.416848 	1.451150 	-0.545693 	-1.105243 	-0.934679 	0.294400 	-0.650930 	0.645380 	-0.332093 	1.307889 	0.738348 	1.904426 	-1.085300 	-0.896290 	
-1.457455 	1.803473 	0.206838 	0.000000 	-1.623993 	-1.360838 	-0.771288 	0.880083 	-0.117452 	0.365078 	-0.931847 	-1.115946 	1.357152 	0.000000 	0.000000 	-0.734293 	0.000000 	0.325021 	0.000000 	-0.359443 	0.000000 	-0.294517 	0.435711 	0.778592 	0.675926 	-0.912227 	0.446996 	-1.823055 	-0.224349 	0.000000 	0.818110 	0.000000 	-1.000869 	0.599276 	1.085073 	-1.928477 	1.161323 	1.606830 	0.000000 	2.312687 	0.261594 	0.000000 	-1.482401 	1.144539 	0.000000 	
-2.159967 	-0.166769 	0.000000 	-0.099239 	-0.577987 	0.925514 	0.000000 	-0.627117 	-2.076612 	1.415749 	0.762516 	-2.532205 	-0.120425 	-1.243004 	1.726119 	-0.254132 	0.000000 	0.218275 	-1.178330 	1.070316 	0.207847 	-0.767069 	0.159142 	2.528480 	0.801456 	0.000000 	0.000000 	-1.528031 	0.467975 	0.162618 	-0.042648 	-1.263924 	0.000000 	-0.380658 	0.571911 	0.000000 	0.000000 	1.152666 	0.948521 	1.135234 	1.083871 	-0.953029 	0.662169 	-0.758545 	1.329085 	
1.989566 	0.617018 	2.365054 	-1.053794 	-2.037278 	-0.499908 	2.282882 	-0.914329 	2.363891 	0.000000 	-0.307195 	1.042464 	-0.339448 	-1.862892 	2.118887 	0.000000 	0.000000 	0.976641 	0.844287 	-1.313572 	0.509915 	0.000000 	1.118496 	1.134798 	1.627579 	0.510534 	-1.515412 	0.225963 	0.044213 	-2.812391 	2.318609 	0.000000 	-1.052636 	-1.728767 	-2.240265 	-1.015849 	0.000000 	-2.305326 	0.784551 	-0.390973 	0.000000 	-0.972528 	0.000000 	1.167604 	-2.148376 	
0.000000 	0.768458 	0.000000 	0.000000 	2.029970 	-0.061564 	-1.059091 	0.000000 	1.525822 	1.535896 	-1.738714 	-1.040812 	0.000000 	-1.388060 	0.000000 	-1.572775 	0.797873 	0.188345 	0.000000 	-1.805263 	0.000000 	-0.592118 	0.000000 	0.000000 	0.392186 	0.504939 	0.666668 	0.000000 	0.722026 	-1.325890 	0.503424 	1.126968 	1.443950 	0.000000 	0.000000 	0.152756 	-0.482359 	0.532356 	0.000000 	0.000000 	1.046015 	0.000000 	0.000000 	-0.367721 	-0.215714 	
0.000000 	0.000000 	0.000000 	0.000000 	1.247004 	-1.015259 	-0.446800 	0.519968 	0.000000 	2.203373 	-1.278777 	0.000000 	0.837528 	-0.846019 	-1.086205 	-1.676211 	-0.874172 	-0.547245 	-0.614859 	0.000000 	0.000000 	-0.104873 	-1.300571 	-0.639201 	-2.010252 	-0.572413 	1.559076 	1.695988 	0.000000 	0.720727 	1.387859 	0.000000 	2.206365 	0.476666 	0.072963 	1.016145 	-1.347817 	1.354673 	-0.099922 	-0.999345 	1.225694 	0.338326 	-0.502619 	0.239170 	0.270544 	
0.375089 	-1.436353 	-0.722510 	0.211308 	-0.887637 	1.186999 	0.000000 	-1.922304 	-1.451055 	-1.091474 	0.640275 	-1.313991 	0.922467 	0.491127 	1.495717 	1.794525 	-1.261667 	-2.421063 	0.542628 	1.098710 	1.204577 	0.000000 	0.471365 	3.416644 	0.000000 	0.512118 	-0.778606 	0.000000 	1.036989 	-0.811705 	0.693359 	-1.390433 	-0.950077 	1.967668 	-2.723946 	1.192556 	0.000000 	-1.301985 	1.191791 	0.000000 	0.000000 	0.000000 	-0.590936 	0.411294 	0.380364 	
0.000000 	0.000000 	0.000000 	-0.780823 	2.054554 	-1.131963 	-0.420463 	-1.833682 	0.000000 	0.000000 	-1.982797 	0.457274 	-0.963631 	0.000000 	0.244523 	-1.457345 	2.189551 	0.300278 	-0.184147 	-0.328718 	0.000000 	-0.601436 	-0.752642 	0.000000 	1.061880 	1.794504 	2.160791 	0.000000 	0.000000 	0.415489 	0.000000 	1.001629 	-0.875040 	0.000000 	-1.502243 	-1.082864 	1.928860 	0.207932 	-0.317474 	0.000000 	-1.058602 	-0.524559 	1.662892 	0.000000 	1.105224 	
-2.996985 	1.293196 	-2.048176 	0.333788 	1.782479 	2.152879 	0.153020 	-2.281595 	0.000000 	0.477507 	0.000000 	-0.762153 	1.299975 	2.090234 	-2.360494 	0.000000 	0.000000 	-2.615886 	0.000000 	-2.882936 	-2.130630 	0.000000 	1.828850 	2.312184 	0.000000 	0.000000 	2.347939 	0.000000 	-1.622484 	1.060518 	-0.779662 	-2.035960 	2.741289 	0.000000 	0.000000 	1.317179 	-1.742907 	2.035370 	0.000000 	-0.154288 	3.090047 	0.000000 	0.000000 	0.000000 	0.000000 	
-2.142564 	1.372465 	0.251981 	0.258394 	1.395519 	-0.408380 	0.228172 	0.646131 	0.762064 	1.959563 	-1.516910 	-0.602978 	1.257053 	1.480760 	-0.953186 	0.000000 	0.145918 	0.297456 	-1.471516 	0.713418 	0.696357 	-0.819069 	-1.319443 	-0.340863 	-1.298399 	0.687632 	0.000000 	0.608253 	1.624653 	1.896498 	-0.557827 	0.139481 	-0.410491 	0.000000 	0.498877 	-0.086439 	-1.093075 	-1.195807 	-1.176374 	-0.511610 	-0.603554 	-0.602943 	-0.775717 	2.448759 	-0.351911 	
1.633846 	-0.535848 	0.767550 	-0.668841 	1.297145 	0.396905 	0.000000 	-0.090422 	1.114078 	-0.854184 	0.307326 	-0.361125 	1.168221 	0.984911 	0.000000 	0.546284 	0.886635 	-0.513106 	0.415968 	1.086319 	0.545850 	-0.288100 	0.733617 	-0.167166 	-0.576872 	0.000000 	-0.616457 	-2.451889 	0.765116 	1.736952 	-0.480340 	-0.676766 	-0.244582 	-0.676275 	-0.521309 	-2.190481 	1.398626 	-1.923233 	-0.575832 	1.129939 	-2.124493 	-0.089702 	1.071024 	0.000000 	-0.815301 	
0.000000 	0.000000 	1.057271 	0.000000 	1.005134 	-1.061305 	-0.680747 	-1.136806 	-0.568638 	-0.921023 	0.044472 	0.094447 	0.918341 	1.856939 	0.000000 	0.000000 	0.899507 	0.000000 	-1.048074 	0.996167 	-1.138949 	0.000000 	0.000000 	-0.779848 	-1.453378 	0.523440 	0.000000 	0.000000 	-0.923437 	1.445878 	-1.034626 	1.572753 	1.938922 	0.000000 	0.000000 	1.347081 	1.393909 	-0.711978 	0.000000 	-0.673834 	-0.838527 	0.000000 	-0.342203 	-1.388190 	0.000000 	
1.837498 	0.781698 	-0.080836 	-1.031555 	1.726154 	-0.630229 	0.794990 	-2.553259 	3.005000 	-0.921229 	1.507418 	0.000000 	0.000000 	-0.191466 	0.522003 	0.000000 	1.676552 	-1.645382 	0.874678 	0.000000 	0.000000 	0.000000 	1.748756 	0.486515 	-1.337666 	0.626349 	-0.578147 	-0.952536 	0.639901 	0.203488 	0.000000 	0.563678 	2.562130 	-0.463900 	-2.670231 	-0.592863 	0.540622 	-2.075535 	1.284811 	-0.732444 	-0.837627 	-0.373548 	0.409032 	-1.510292 	-0.774433 	
-0.777418 	-1.172527 	1.032927 	-0.334934 	1.714709 	-0.822005 	0.244026 	-0.417203 	-0.864646 	2.654075 	-2.076256 	1.332324 	0.000000 	0.453431 	0.905060 	-0.404685 	0.000000 	-0.819767 	-0.685921 	0.663279 	0.934212 	-0.386881 	-0.621417 	-1.170537 	0.000000 	1.501648 	0.000000 	-0.508327 	-0.561920 	0.000000 	1.412356 	0.000000 	0.000000 	0.130793 	0.000000 	1.356514 	0.000000 	-1.164081 	0.000000 	0.333616 	0.512163 	-0.360214 	0.724001 	-0.917813 	-0.717655 	
0.868854 	-2.385152 	0.000000 	0.802139 	-0.984375 	0.760052 	-1.109310 	0.000000 	-0.669902 	0.932591 	0.000000 	-1.147322 	-2.030419 	-1.518464 	2.541489 	-1.308207 	0.236494 	0.660262 	0.096403 	0.000000 	0.000000 	-1.541436 	-0.652694 	-0.629699 	0.000000 	0.396617 	0.000000 	2.194218 	0.441547 	0.459703 	0.301137 	0.238844 	1.499935 	-0.615054 	-0.402715 	1.556197 	-0.235740 	0.000000 	-1.021348 	1.140702 	-1.763262 	1.091647 	1.085464 	0.000000 	1.523496 	
0.000000 	1.632447 	0.722423 	0.926574 	0.915058 	-1.068953 	-0.825742 	0.647472 	-0.996798 	2.160423 	-1.137873 	0.000000 	0.000000 	0.000000 	0.000000 	-1.685939 	-1.760083 	0.575031 	-1.906103 	-1.020513 	1.253388 	-0.954118 	0.000000 	0.905140 	-0.588684 	0.000000 	0.983863 	-0.734428 	-0.805593 	0.884383 	-0.492047 	-1.395236 	0.000000 	0.530737 	-0.051608 	0.000000 	0.000000 	0.410475 	1.352751 	0.000000 	0.000000 	1.240056 	0.557765 	0.617929 	1.113125 	
0.000000 	0.000000 	-0.718085 	1.286173 	0.000000 	0.000000 	0.053642 	-0.326192 	0.000000 	1.107203 	0.984163 	-0.968390 	0.247578 	-0.528393 	-0.809000 	1.115640 	-1.840988 	-0.386423 	0.415878 	-0.506875 	1.179516 	-1.269433 	1.233409 	0.000000 	-1.475818 	0.000000 	-0.230522 	0.000000 	1.105652 	0.000000 	0.412398 	-1.048329 	1.491116 	-0.469950 	0.000000 	-0.439435 	-1.396554 	0.000000 	2.485329 	0.972727 	-0.642413 	-1.476035 	1.291294 	1.148949 	0.000000 	
-1.457664 	-0.586668 	0.817661 	0.283520 	1.025319 	0.139412 	-0.583943 	-2.404126 	-1.298738 	0.706702 	-1.065769 	0.126540 	-0.325527 	1.202488 	-0.852448 	-1.368875 	0.242661 	0.441890 	-0.412581 	-0.598252 	0.541011 	-0.145492 	0.999521 	0.667139 	1.311574 	1.129517 	0.639119 	1.499946 	-0.456944 	1.388847 	-1.058655 	0.484193 	-0.821967 	-0.779874 	-0.928756 	1.947396 	-0.141023 	0.689963 	0.130469 	0.421867 	1.024706 	-0.778094 	0.000000 	-1.132075 	0.322421 	
0.000000 	1.338598 	1.291009 	0.669601 	1.077249 	0.000000 	1.832469 	0.000000 	0.000000 	-1.071400 	0.000000 	-0.988048 	0.355934 	0.566295 	-0.668093 	-0.526404 	-2.083603 	0.000000 	-1.413613 	0.000000 	1.396347 	-1.183575 	-0.589080 	0.000000 	-0.678238 	1.716465 	-0.427499 	-1.219674 	0.000000 	1.799783 	0.000000 	-0.397358 	2.123948 	0.000000 	0.594238 	0.000000 	-0.815890 	-2.115648 	0.999625 	-0.894197 	0.784264 	-1.166737 	0.000000 	1.368912 	-0.110631 	
-0.501772 	0.000000 	-0.986028 	-0.763774 	1.257467 	0.514579 	-1.601077 	0.484301 	-1.095145 	-0.609363 	0.515293 	-1.000775 	-1.523504 	0.000000 	0.000000 	-1.269158 	0.789767 	-1.811849 	0.000000 	0.995979 	0.580510 	1.223341 	-0.545164 	-0.678182 	-0.799351 	0.000000 	-0.331372 	0.000000 	1.027376 	1.393657 	-0.434478 	1.414260 	0.505282 	2.332564 	0.485669 	1.283081 	-0.317145 	2.388720 	-1.719353 	0.000000 	-0.735152 	1.161547 	-0.297878 	-1.993591 	1.490466 	
