-0.206430 	-0.345347 	0.992692 	-0.791681 	0.454156 	-0.267484 	0.995752 	0.637060 	0.000000 	0.381473 	0.000000 	-0.824848 	-0.532556 	0.659286 	-0.712268 	-0.129232 	0.000000 	0.000000 	0.000000 	-1.156844 	0.635006 	0.000000 	0.080953 	0.247264 	0.431765 	0.000000 	0.000000 	-1.433712 	-0.455942 	-0.505861 	1.816775 	0.191539 	0.168562 	-0.391861 	-0.204737 	0.000000 	-0.603797 	-0.687918 	1.166963 	-0.322489 	0.316165 	-0.233260 	0.000000 	
0.586312 	0.000000 	-0.354949 	0.000000 	0.984043 	1.825616 	-2.411928 	0.000000 	-0.526866 	-0.402703 	-0.054474 	0.000000 	-0.686102 	-0.161320 	0.513123 	0.707042 	0.000000 	0.000000 	-1.125346 	0.000000 	0.000000 	0.200915 	1.178822 	0.000000 	0.000000 	-1.347828 	2.002173 	-0.863468 	0.786583 	-1.463138 	-0.534064 	-1.491399 	1.747031 	0.000000 	0.977473 	0.000000 	0.000000 	0.000000 	0.072502 	0.000000 	0.163432 	1.055671 	0.000000 	
-1.037005 	0.585612 	-0.255679 	1.031982 	0.000000 	1.874378 	-1.246656 	0.613045 	-1.713882 	0.000000 	0.000000 	0.361253 	0.000000 	-0.533389 	0.702233 	-0.835334 	-0.481142 	0.852817 	0.000000 	0.451143 	0.112688 	-0.264566 	-0.187528 	0.000000 	1.056113 	0.502765 	1.035083 	-0.781888 	1.188536 	-0.495568 	0.000000 	0.797344 	1.664391 	-0.474794 	0.000000 	0.681819 	-1.171668 	0.831218 	-0.602019 	-1.478694 	-0.252299 	0.000000 	-0.836367 	
0.446027 	0.000000 	-1.520053 	0.000000 	0.000000 	-1.207760 	0.188346 	0.609435 	0.000000 	-0.538954 	0.457967 	-1.417743 	0.000000 	0.373613 	-0.444094 	-1.447267 	1.425055 	-0.170850 	0.000000 	0.000000 	-1.187107 	0.319123 	-0.321797 	0.000000 	-0.693143 	1.101609 	-0.362319 	0.000000 	0.000000 	0.000000 	1.920688 	-0.670202 	-0.520332 	0.710530 	1.323986 	1.368308 	0.000000 	-1.741478 	0.245054 	0.000000 	1.362888 	0.000000 	0.392186 	
0.000000 	0.000000 	0.000000 	0.358788 	0.000000 	0.000000 	0.556049 	-1.164323 	-0.253732 	-0.919501 	0.939692 	-1.404503 	0.357008 	0.000000 	1.155811 	-0.371466 	-0.872907 	1.731056 	0.000000 	0.000000 	-1.303261 	0.000000 	-1.045923 	1.024620 	1.199990 	0.619178 	-0.987789 	-0.641050 	0.263254 	-0.561178 	0.836192 	0.000000 	-0.700546 	-0.263169 	-0.062959 	1.297266 	0.488680 	0.000000 	-0.263823 	0.228759 	-0.371285 	0.544443 	-0.550054 	
1.016805 	0.568623 	-0.534869 	0.000000 	-0.286385 	-0.413057 	-1.263581 	-0.413117 	0.318799 	-0.538794 	0.000000 	-1.171061 	-2.377461 	0.000000 	1.287205 	0.000000 	0.506870 	0.000000 	-0.174870 	0.864285 	-0.744977 	0.000000 	0.267030 	-0.944770 	0.000000 	-0.665931 	0.783221 	1.070731 	0.858610 	-1.170708 	0.000000 	-1.259349 	0.984524 	0.554995 	0.230278 	0.540524 	0.903438 	0.948379 	0.748742 	1.121582 	-0.771504 	0.000000 	0.000000 	
-0.924197 	0.000000 	-0.767770 	0.000000 	0.000000 	0.000000 	-1.111109 	1.756308 	-2.015128 	0.377013 	2.049311 	0.383240 	0.000000 	-0.844892 	-1.121398 	0.000000 	0.000000 	0.806004 	-0.440870 	0.000000 	0.870230 	0.000000 	0.446467 	-0.321732 	0.079820 	0.000000 	-0.787042 	-0.465690 	-1.492118 	0.637713 	0.883424 	-0.290965 	1.277339 	-0.608695 	0.000000 	1.165076 	0.000000 	-0.909639 	0.421389 	0.000000 	0.435001 	1.061261 	0.000000 	
1.332502 	-1.289520 	2.320806 	0.000000 	0.429901 	0.000000 	-1.633398 	0.000000 	0.000000 	-0.472901 	-0.429787 	0.000000 	0.000000 	0.000000 	0.000000 	0.000000 	-2.621556 	0.000000 	0.000000 	0.000000 	0.300859 	0.000000 	0.301134 	-1.332427 	0.000000 	0.000000 	0.000000 	0.000000 	-1.160548 	0.000000 	1.676425 	-0.129086 	0.902623 	-1.289514 	1.891126 	0.000000 	0.000000 	-0.386946 	0.558754 	0.000000 	0.000000 	1.375409 	0.000000 	
-1.179401 	0.670535 	1.127941 	0.000000 	0.308538 	-1.677715 	0.000000 	1.751595 	0.000000 	-0.495340 	1.681922 	0.733386 	-1.174239 	0.901219 	-0.549183 	0.270328 	-1.252662 	-1.326256 	-0.764784 	0.851322 	-0.148392 	-0.383102 	-1.199057 	0.000000 	0.000000 	0.000000 	0.000000 	-0.074144 	-0.913933 	0.192590 	0.000000 	0.205894 	-0.252092 	-0.798196 	-0.426672 	1.284630 	0.000000 	-0.369862 	0.842738 	0.820606 	0.642910 	-1.077901 	0.869556 	
0.000000 	1.678386 	0.330400 	0.000000 	0.000000 	0.000000 	-1.147573 	0.367397 	-1.759687 	0.000000 	0.239540 	-1.937518 	-1.127056 	-1.444943 	0.000000 	-0.792622 	-0.597572 	-0.737833 	0.000000 	0.626132 	0.194169 	1.124824 	0.293834 	-0.926212 	0.339844 	1.244359 	-1.250144 	0.000000 	0.000000 	0.559386 	1.078873 	0.419193 	1.511029 	0.992533 	0.000000 	0.000000 	0.909730 	-0.846397 	0.533333 	-0.776404 	0.815172 	2.003758 	0.327271 	
0.152563 	-0.232536 	-0.182136 	-0.276267 	0.932305 	1.231696 	-1.196475 	0.690459 	0.370628 	-1.108654 	-0.448121 	-1.396567 	0.000000 	0.636941 	0.910741 	0.000000 	1.842468 	0.000000 	0.192246 	0.527047 	0.000000 	0.642083 	0.000000 	0.000000 	0.000000 	-0.528498 	1.285106 	-1.676550 	1.103079 	-0.487174 	0.423575 	0.000000 	0.167387 	0.165470 	0.000000 	0.000000 	-1.833200 	-1.475414 	1.416432 	0.502042 	-0.372122 	-0.577487 	-0.714831 	
1.089872 	1.979915 	1.796542 	0.000000 	1.269340 	0.000000 	-2.320330 	0.556984 	-1.171901 	0.000000 	0.000000 	0.000000 	0.000000 	0.000000 	0.000000 	-1.254119 	1.600517 	0.000000 	-0.670986 	1.617221 	0.000000 	-0.910330 	-0.287859 	0.398375 	-0.808013 	-2.470091 	-0.398425 	-1.553712 	0.164246 	0.000000 	0.000000 	0.000000 	0.000000 	0.000000 	0.592593 	0.000000 	-0.167806 	1.083898 	1.340781 	0.000000 	-0.863797 	0.000000 	-0.386763 	
0.565300 	0.290570 	0.000000 	1.883418 	0.000000 	-1.203084 	-1.460723 	0.000000 	0.000000 	-1.862592 	0.000000 	0.000000 	-0.993257 	0.000000 	1.874445 	-0.644291 	-1.028447 	-0.120988 	1.296692 	2.197738 	-1.022435 	0.000000 	-1.409620 	-1.497363 	0.000000 	-0.111416 	0.000000 	1.251739 	0.754627 	-0.364629 	-0.568450 	0.000000 	0.000000 	-0.107186 	0.791645 	0.923204 	0.000000 	0.438739 	0.705787 	1.378323 	0.000000 	-1.062920 	0.000000 	
0.000000 	0.891251 	-0.413019 	0.360071 	0.131661 	1.041289 	-1.436545 	0.000000 	-1.716848 	0.000000 	0.000000 	0.328174 	1.738887 	-1.041699 	-0.732074 	1.158429 	1.045220 	0.112743 	-0.485917 	0.000000 	0.000000 	1.566251 	0.972250 	0.729700 	0.000000 	-0.937307 	-0.243783 	0.422143 	0.000000 	0.000000 	1.477109 	-0.255272 	1.319669 	-2.708441 	0.000000 	0.000000 	0.000000 	-1.329165 	-1.073898 	-1.329802 	-0.157477 	0.976186 	0.395256 	
0.404207 	1.052411 	1.285656 	0.000000 	0.000000 	0.829510 	-1.278646 	1.212454 	-0.968724 	0.000000 	0.000000 	-0.559521 	0.270588 	-0.275517 	-0.358427 	0.000000 	-0.205137 	-0.603255 	0.000000 	1.660152 	0.711569 	-0.848334 	0.236951 	-2.056485 	0.000000 	-1.097094 	0.233619 	0.000000 	0.985325 	0.498526 	-1.878541 	0.000000 	0.807557 	1.048529 	0.402771 	-1.191411 	-0.292320 	0.840778 	0.000000 	0.227700 	0.000000 	1.477975 	-1.135381 	
1.134557 	0.000000 	1.418142 	0.000000 	0.000000 	1.166304 	-1.831845 	0.056680 	0.000000 	0.000000 	0.000000 	0.254226 	0.000000 	0.000000 	0.000000 	-1.368989 	-1.319831 	0.177752 	0.000000 	0.136393 	-1.042289 	-0.254837 	0.620718 	-0.940249 	-0.924065 	0.000000 	-1.088306 	0.000000 	-0.508252 	1.305648 	0.961278 	0.605385 	1.891973 	-1.078206 	0.622832 	0.000000 	0.455735 	0.992357 	1.497108 	-1.105207 	-2.067674 	0.883569 	0.436880 	
0.000000 	-0.949943 	-0.997593 	1.001891 	0.102559 	0.000000 	0.000000 	0.000000 	0.000000 	0.000000 	0.000000 	-0.803901 	-1.115712 	0.000000 	0.000000 	0.000000 	-0.129565 	1.234745 	2.169508 	-0.676613 	0.000000 	-0.653868 	0.354195 	-1.743368 	0.000000 	-1.390182 	-0.359973 	0.000000 	0.000000 	-1.316263 	0.000000 	0.000000 	2.065401 	0.804348 	0.000000 	0.000000 	1.248828 	-0.366862 	1.230130 	0.000000 	1.228515 	-0.528359 	0.677119 	
-0.980514 	-0.968014 	-0.915017 	1.797630 	0.362047 	-0.286354 	-1.119209 	-1.340560 	1.246256 	-0.967967 	-0.568591 	0.301739 	0.000000 	-0.749347 	1.305394 	-0.211782 	0.180113 	0.293080 	1.032989 	0.843209 	-0.241485 	-0.957139 	0.000000 	0.816957 	0.000000 	0.769826 	0.000000 	0.533894 	0.000000 	0.471128 	0.092145 	0.846500 	0.000000 	0.520503 	-0.194828 	0.992847 	0.000000 	-1.157206 	0.000000 	-1.192629 	0.000000 	-0.993408 	0.791506 	
