0.000000 	2.434569 	-0.261582 	0.000000 	0.000000 	0.237264 	0.000000 	-2.736483 	0.000000 	0.000000 	-0.975534 	0.000000 	0.000000 	-0.449517 	0.793378 	0.000000 	0.476895 	-0.462183 	2.172903 	-0.275746 	0.621313 	-0.636079 	0.000000 	-1.602755 	0.000000 	2.470144 	1.198286 	0.924688 	0.000000 	-1.521993 	1.136576 	0.752068 	-0.883514 	-2.012606 	-1.510358 	0.000000 	2.040488 	0.000000 	0.000000 	0.000000 	-0.399251 	0.614791 	-0.782909 	-1.470813 	-1.219427 	-0.069614 	0.814940 	
-0.839861 	0.533664 	0.397156 	0.000000 	-1.488970 	0.422949 	0.474084 	0.575043 	0.591493 	0.000000 	0.448877 	0.000000 	0.317653 	-0.995118 	0.000000 	1.008125 	0.000000 	0.000000 	-1.993397 	-0.194805 	0.000000 	1.609444 	0.000000 	0.000000 	-0.877450 	-1.873728 	-0.836856 	1.552138 	0.939318 	0.000000 	0.000000 	0.000000 	1.950696 	1.499127 	0.757211 	-2.672978 	-1.525849 	0.000000 	0.000000 	1.183790 	0.232129 	0.533521 	0.000000 	-1.489721 	1.854593 	0.411009 	-0.365001 	
-0.622989 	0.419720 	1.585353 	0.575066 	-1.645931 	-0.348535 	-0.912358 	0.377189 	-0.550843 	1.569333 	0.000000 	0.645230 	-1.008808 	-1.571655 	0.737021 	2.070154 	1.020962 	-0.997502 	0.389109 	0.704792 	-0.541801 	-0.181296 	1.121438 	0.000000 	0.000000 	-0.436959 	0.645718 	-0.719092 	1.233794 	-0.575341 	-1.324194 	1.632221 	0.315862 	0.210896 	-0.525638 	-1.116928 	-0.376134 	-1.024171 	0.361640 	0.000000 	0.000000 	1.432105 	0.000000 	-1.716046 	-0.404341 	0.282700 	1.956608 	
0.000000 	0.000000 	1.231387 	1.369925 	0.825037 	0.430794 	-0.894815 	0.971741 	-0.727262 	0.000000 	-0.635105 	0.000000 	-1.487119 	0.858472 	0.960675 	0.000000 	0.770950 	-2.054554 	0.000000 	-0.288047 	0.207358 	-0.825175 	0.815128 	0.573951 	0.706947 	-0.549672 	0.230578 	0.000000 	0.074441 	-0.639057 	-0.119197 	0.738747 	0.000000 	1.914142 	0.780872 	-1.344423 	-1.523337 	-1.220553 	-0.162594 	-1.182599 	1.776183 	-0.286150 	-0.716137 	1.671375 	-0.754017 	0.000000 	-0.227867 	
-0.970240 	0.409719 	1.112681 	0.667250 	-0.402672 	-1.227570 	-0.296388 	1.933050 	1.391247 	0.353149 	0.463290 	-0.236894 	0.000000 	0.205400 	0.000000 	0.763414 	0.000000 	0.000000 	-1.374251 	0.000000 	0.172074 	-0.181902 	1.040859 	0.758231 	-0.506315 	-0.817435 	0.000000 	-0.446048 	1.402674 	-0.189271 	-0.560373 	1.104135 	0.000000 	0.000000 	0.258981 	-1.535642 	-1.556638 	-0.202961 	1.009784 	0.191758 	-1.119525 	0.000000 	-1.005694 	1.066114 	0.421879 	-1.694622 	1.200555 	
-1.093093 	-1.375318 	0.000000 	0.654752 	0.000000 	0.000000 	0.539149 	1.003704 	0.000000 	1.155017 	-1.366696 	-0.580492 	0.728128 	0.000000 	0.000000 	0.880443 	0.000000 	-1.141424 	0.000000 	-0.060593 	0.000000 	-0.140441 	0.832065 	-0.109829 	0.000000 	-0.306514 	-1.586831 	-0.435565 	0.000000 	1.560699 	-1.509624 	-1.135617 	0.694117 	0.000000 	-1.068853 	-0.100057 	-1.994371 	-0.147074 	0.000000 	1.148217 	0.793579 	1.139247 	0.000000 	1.668527 	0.502529 	0.851637 	-0.140796 	
-0.475322 	1.295250 	0.000000 	-1.715462 	-1.368573 	-0.368232 	0.000000 	0.000000 	-0.726393 	0.000000 	0.593835 	0.000000 	0.712840 	1.596662 	0.968562 	-0.592711 	-0.643666 	0.655788 	-0.529219 	1.553538 	0.000000 	1.031309 	1.105471 	0.223541 	0.350995 	0.000000 	-0.680694 	0.000000 	-0.541199 	0.000000 	-0.341294 	-1.161095 	0.794354 	-0.120549 	0.734698 	-0.093385 	-1.319214 	-1.762216 	-1.579222 	0.000000 	1.110512 	1.403175 	1.543646 	-1.739578 	0.665984 	0.228992 	-0.261852 	
0.335783 	-0.219909 	0.000000 	0.000000 	0.641899 	0.198719 	0.428198 	-0.857850 	-0.828891 	0.000000 	0.428892 	-0.602536 	-1.073993 	0.337847 	1.567100 	1.086939 	0.744352 	0.000000 	-2.114526 	0.744559 	2.196842 	-2.186073 	-1.240018 	-0.337004 	0.000000 	0.365375 	1.115303 	0.000000 	0.457626 	0.000000 	-1.656294 	-0.346843 	-2.271125 	0.223608 	2.219560 	-1.605787 	0.000000 	2.158827 	0.287982 	-0.609929 	0.746454 	0.417445 	-0.238367 	0.000000 	0.388044 	0.000000 	0.908715 	
0.451402 	0.673347 	1.453870 	-0.744356 	-1.446761 	0.662938 	-1.773404 	-0.296229 	-1.166614 	-1.570573 	1.584248 	1.316492 	-0.213754 	-0.489577 	0.490699 	1.143162 	0.000000 	1.945371 	-0.501871 	0.000000 	0.664040 	0.000000 	-0.661337 	0.949378 	-1.678195 	-0.514321 	0.664724 	-0.816994 	0.708559 	1.633741 	-0.953931 	0.000000 	0.000000 	0.635731 	0.000000 	0.000000 	1.603915 	-0.912159 	2.041701 	-0.829853 	-1.656578 	-0.236581 	1.080803 	-1.148821 	0.000000 	-0.538423 	0.000000 	
1.025007 	0.494164 	-0.583989 	0.831044 	-2.428646 	0.653585 	-1.374412 	0.000000 	-0.884428 	-1.126503 	0.173263 	0.000000 	-0.705747 	0.000000 	1.038584 	0.000000 	0.789959 	0.088045 	0.000000 	0.000000 	0.000000 	0.238285 	1.013008 	1.449882 	0.000000 	1.121868 	-1.178346 	0.853270 	1.600411 	-0.470670 	-1.712541 	0.823334 	0.000000 	2.197623 	-1.465183 	-2.414401 	-0.857634 	0.885692 	0.000000 	-1.115012 	0.000000 	0.000000 	0.000000 	2.382149 	2.089975 	-0.808515 	-0.928526 	
-0.649333 	-0.726456 	0.000000 	-0.995345 	0.167527 	-0.400955 	0.000000 	1.070628 	1.057649 	0.178443 	-0.408738 	-0.830722 	-0.342768 	0.000000 	-0.853366 	0.741085 	-0.755014 	1.215681 	-1.271900 	1.062130 	-1.393977 	1.122449 	0.000000 	0.139705 	1.626646 	0.248554 	-0.992679 	0.000000 	1.568719 	-1.378622 	0.510133 	0.197077 	0.064687 	2.177008 	1.696604 	0.562880 	-0.768551 	-0.240252 	0.000000 	0.948372 	-1.089978 	0.000000 	-0.913169 	-0.474108 	-0.457585 	-1.059164 	0.688011 	
0.000000 	-2.275874 	0.000000 	0.000000 	-4.898327 	-1.563701 	0.000000 	1.052064 	0.000000 	0.000000 	0.000000 	2.482579 	0.000000 	0.000000 	0.000000 	0.248430 	0.000000 	0.000000 	1.805426 	-1.146967 	0.000000 	-1.217320 	0.000000 	0.000000 	0.000000 	0.000000 	1.109722 	0.000000 	0.000000 	0.863987 	-3.476872 	1.658810 	1.644386 	0.000000 	-1.710466 	0.000000 	0.814751 	1.934628 	0.000000 	0.954050 	1.895853 	0.000000 	0.000000 	-1.453187 	1.461475 	0.000000 	0.000000 	
0.000000 	0.000000 	-1.232630 	0.503175 	-1.383062 	0.671625 	0.000000 	-1.253578 	0.000000 	-0.939964 	1.170943 	0.000000 	0.690503 	-0.159502 	0.000000 	0.000000 	0.380882 	-1.124073 	-1.006342 	-1.643418 	-1.071214 	0.934548 	-0.842526 	0.000000 	-0.073652 	-1.034247 	0.000000 	1.375801 	0.000000 	-0.070310 	-1.310936 	1.785806 	0.000000 	1.315288 	0.509361 	-0.936407 	0.888003 	1.147484 	-0.548875 	0.000000 	1.475192 	0.740307 	0.251614 	-0.400512 	0.856897 	1.236677 	0.090901 	
-0.996743 	-0.899943 	-1.128111 	0.819478 	1.887495 	-0.404832 	0.000000 	-0.102250 	-1.207020 	0.919396 	-1.102677 	-2.007063 	2.141128 	0.660263 	-0.259424 	1.072152 	0.000000 	1.970142 	-1.296042 	-0.241179 	-0.974776 	-0.604949 	1.732418 	0.000000 	0.286550 	0.000000 	-1.682104 	-0.137375 	0.000000 	0.871250 	0.530671 	-0.280716 	-0.084308 	1.116678 	-0.060402 	0.000000 	-0.354106 	0.000000 	1.605318 	-0.078949 	-1.130599 	0.642713 	0.000000 	1.234230 	-1.926293 	-1.625999 	1.461738 	
0.512242 	2.083163 	0.898565 	-1.338388 	-0.615957 	0.546923 	-1.674573 	0.831828 	-0.421495 	0.000000 	-0.359777 	-0.312643 	0.000000 	0.000000 	1.422396 	0.494443 	1.107014 	0.000000 	0.000000 	0.000000 	-0.834411 	0.993412 	0.179381 	0.917846 	-0.439446 	0.635065 	-1.045009 	-1.162446 	0.000000 	-0.565788 	0.000000 	1.088804 	-0.682874 	1.214261 	0.629085 	-1.577712 	0.390014 	-0.834170 	1.398508 	0.000000 	-1.336604 	-0.679247 	1.542342 	0.417573 	0.360681 	-0.633875 	-0.708326 	
1.032227 	1.708933 	1.066649 	0.000000 	1.064424 	0.000000 	0.477420 	1.653493 	0.714905 	0.000000 	0.000000 	0.842938 	-0.404808 	0.115374 	-1.558846 	-0.849838 	-0.809293 	-0.892910 	0.000000 	1.050295 	0.000000 	1.959066 	0.718896 	0.000000 	0.894616 	-1.219178 	-1.137320 	1.212020 	0.429328 	-1.413693 	0.160981 	0.000000 	0.000000 	-1.003038 	-0.345877 	-2.701708 	-1.063251 	0.000000 	-1.094113 	0.405879 	-0.804152 	-1.080011 	1.174411 	0.257547 	1.025186 	-0.851834 	0.250326 	
-1.693649 	1.548546 	0.933824 	1.970045 	0.000000 	-1.332110 	-1.035106 	0.964698 	0.945421 	-0.718759 	0.000000 	0.000000 	-0.336744 	-1.146846 	-0.820816 	-1.035392 	1.099252 	1.446789 	0.000000 	0.162975 	0.000000 	1.147748 	0.000000 	1.409822 	-1.157335 	-1.703223 	2.107560 	-1.112002 	0.417845 	-1.560714 	1.407148 	0.719992 	0.572899 	-1.658087 	0.000000 	-0.166062 	-1.873090 	0.000000 	1.341784 	-0.267767 	0.380303 	1.142503 	-1.064841 	0.000000 	1.082945 	-1.287534 	-2.014910 	
-0.614939 	0.377380 	-0.739997 	-0.561287 	0.811552 	-0.445267 	-1.820639 	0.089344 	-0.461628 	2.223078 	-1.953669 	-1.247648 	0.267632 	-0.787919 	1.400564 	1.976783 	-1.529096 	0.241428 	-0.219444 	2.881914 	-0.807136 	1.081515 	1.162356 	-0.828698 	0.468228 	0.280053 	-2.031186 	0.564244 	0.000000 	-0.177573 	0.825986 	-1.021633 	0.600431 	-0.250504 	0.000000 	0.000000 	0.860750 	-0.780518 	-1.348786 	0.861061 	0.000000 	1.294705 	0.000000 	-1.232553 	0.811195 	0.000000 	0.339233 	
0.612610 	1.728689 	-0.504621 	0.323522 	-0.542314 	0.000000 	-0.251073 	0.155886 	-0.472745 	0.796902 	0.000000 	-0.752490 	-1.251072 	-0.820523 	1.913732 	0.518022 	1.589019 	-1.176617 	-0.876808 	-0.471529 	0.213246 	0.000000 	0.550371 	0.206731 	-0.270718 	0.444556 	-0.300279 	1.187582 	0.000000 	-0.856515 	-0.543254 	0.399610 	0.000000 	0.489654 	0.249471 	-1.822740 	0.582672 	0.304652 	-0.587514 	-1.023736 	0.443089 	1.262025 	0.341402 	-0.846308 	-0.241189 	0.825909 	0.505362 	
0.704898 	-0.337053 	-0.790510 	0.000000 	1.778989 	-0.815667 	1.719107 	0.087612 	-0.843836 	0.000000 	-0.441551 	-0.702088 	-0.448276 	0.774449 	-0.282574 	0.503093 	0.335423 	1.546644 	-1.948364 	-0.219630 	1.141820 	0.000000 	0.324145 	-0.334968 	0.273965 	0.347078 	0.176362 	1.244125 	0.352984 	-0.467663 	-0.321583 	-0.589865 	-1.657401 	1.067452 	0.346697 	-0.735541 	0.000000 	1.137098 	1.192620 	-1.431517 	-1.021770 	1.024913 	0.442848 	-1.631403 	-1.555996 	-0.160310 	1.452318 	
