0.517803 	0.627777 	-0.552215 	-1.120597 	0.714886 	0.000000 	0.830812 	0.000000 	1.095305 	0.000000 	1.233045 	0.000000 	-0.419991 	0.000000 	0.000000 	-1.097172 	0.104850 	-0.583433 	1.261677 	-0.657122 	-1.195708 	1.217179 	0.465862 	0.000000 	-0.500247 	1.545315 	0.000000 	1.197584 	-2.348471 	1.172437 	0.000000 	-1.221407 	0.838480 	-0.397989 	-0.530066 	1.203970 	1.020279 	-2.465554 	-0.073354 	-1.925844 	1.239771 	0.364892 	-1.252828 	-1.054199 	0.426875 	0.901967 	-0.399366 	-0.190149 	0.000000 	0.000000 	-0.262914 	0.000000 	-0.596782 	
0.000000 	2.498601 	-0.282412 	0.000000 	1.208093 	-0.674619 	0.000000 	-0.793440 	1.279063 	0.809386 	-0.230871 	0.000000 	0.000000 	0.704595 	1.397550 	-0.289764 	0.000000 	0.155874 	0.199790 	-0.597283 	-1.733919 	-1.615198 	0.000000 	2.281411 	0.000000 	-0.492355 	0.000000 	0.950482 	0.000000 	-1.068425 	-1.354444 	-1.338483 	-2.478855 	2.540552 	-0.610926 	0.468959 	-0.594787 	0.000000 	-1.204255 	0.000000 	2.366220 	0.000000 	0.000000 	1.399586 	-1.637543 	0.000000 	0.303677 	0.074437 	2.189225 	-0.198974 	-1.750431 	-0.213999 	0.628254 	
0.949044 	0.756345 	-1.547023 	-1.664630 	0.339944 	0.395058 	0.630884 	1.716695 	0.378332 	-0.902442 	2.349288 	0.000000 	0.536221 	0.807046 	1.599143 	-0.620695 	-0.568966 	0.584569 	2.184136 	-0.688004 	0.866484 	-0.520465 	-0.951432 	0.000000 	0.911431 	1.855786 	0.495864 	-0.204125 	-1.994414 	-0.970392 	-2.483194 	-2.429572 	-1.024810 	0.000000 	-1.390173 	0.000000 	0.000000 	-1.311528 	0.000000 	-1.122181 	0.394944 	1.015658 	0.182944 	-0.531579 	-0.772643 	-0.324469 	-1.809386 	0.000000 	1.812159 	-1.024723 	2.561782 	1.498577 	0.000000 	
-0.903303 	-1.166290 	-1.782867 	0.470252 	0.083126 	0.251422 	1.262932 	0.791846 	0.606114 	-0.559234 	-2.267123 	-0.247248 	1.751794 	-0.798601 	1.349850 	1.386631 	-1.458045 	-1.067295 	-1.338828 	1.256698 	0.000000 	0.340556 	0.210791 	-0.106724 	-0.528145 	-1.086451 	-0.372247 	-1.685245 	2.902978 	1.878276 	-0.850263 	1.105261 	0.265638 	1.306884 	-0.923894 	0.601278 	1.160021 	0.709940 	-0.130590 	0.987956 	-0.995670 	1.212560 	1.813605 	-1.239518 	-0.851936 	0.811741 	-1.316657 	0.515493 	-0.482695 	-0.808467 	-0.772781 	-0.526660 	-0.277878 	
0.373927 	0.549407 	0.593212 	-1.524594 	-0.641598 	0.164682 	1.223312 	0.000000 	0.754759 	-1.470389 	-1.769646 	0.000000 	0.000000 	1.458043 	1.028119 	-0.648918 	1.035334 	-0.465265 	0.109023 	-0.818355 	0.682199 	0.000000 	-1.063092 	-0.869429 	0.000000 	-2.660191 	-1.186016 	1.016700 	-0.328508 	1.290414 	-0.382269 	1.572315 	-1.838242 	-0.569821 	0.846435 	-1.858741 	0.000000 	0.145242 	0.000000 	-0.675035 	-0.158905 	-0.560792 	1.748176 	1.464635 	1.701279 	-0.127083 	0.132387 	0.730447 	0.744777 	-0.292740 	1.248712 	-0.363765 	-0.363156 	
-0.746724 	0.000000 	1.436792 	0.823234 	0.415646 	0.182578 	-1.113456 	1.324922 	-0.695446 	0.726554 	0.907477 	1.575572 	2.242017 	-0.702763 	1.348706 	-1.726348 	-1.477527 	0.595556 	-0.731080 	0.000000 	-1.102055 	-0.135796 	2.134310 	0.000000 	1.080894 	0.214007 	-0.148119 	0.620008 	-0.284098 	0.209990 	0.000000 	0.349582 	0.000000 	-0.661789 	-2.141450 	0.000000 	0.350570 	-0.093543 	-0.951812 	1.755157 	0.796720 	-0.928871 	0.929480 	0.433212 	-2.105825 	0.000000 	-0.760560 	-0.120367 	0.125649 	0.780684 	-0.190055 	-1.536681 	-1.284753 	
-0.696687 	-1.105578 	1.372641 	-1.256694 	1.091190 	0.704278 	0.534210 	0.858234 	0.335249 	0.465422 	-0.118996 	-0.177140 	0.865068 	0.000000 	-0.088676 	0.000000 	-0.561689 	0.000000 	-0.541995 	0.000000 	-1.620006 	0.275148 	0.730326 	0.000000 	1.262184 	-0.961383 	0.314401 	-0.786537 	0.000000 	0.996528 	0.192646 	-0.648783 	-1.911862 	-0.921328 	0.000000 	1.032360 	-0.096531 	-1.710542 	0.000000 	3.368055 	-0.836560 	0.640567 	0.000000 	0.976654 	-2.560434 	-0.440028 	0.408883 	0.785686 	1.816176 	-1.183011 	0.819075 	-0.443687 	1.164455 	
-0.777627 	0.512869 	2.320096 	0.306249 	-0.240289 	0.000000 	0.733991 	0.000000 	0.000000 	-0.473610 	0.000000 	-1.094776 	-0.948523 	-1.789770 	0.715811 	0.000000 	1.295221 	0.311267 	-2.133665 	0.000000 	0.557949 	0.000000 	0.000000 	-0.589382 	2.970905 	0.000000 	-1.700689 	0.000000 	-0.852226 	-0.535017 	1.732607 	-0.574207 	-0.512057 	0.000000 	1.696537 	1.361192 	0.819560 	0.000000 	-0.175878 	-0.891746 	-0.478070 	0.000000 	-1.018259 	-0.517747 	-1.058896 	-0.895393 	0.000000 	0.000000 	1.272665 	-1.080404 	0.975990 	2.498841 	-0.939414 	
0.898385 	-0.769080 	0.000000 	1.911013 	0.167915 	0.000000 	0.463534 	-1.154642 	0.670033 	-1.033523 	0.000000 	0.741472 	0.351824 	0.796036 	-1.005990 	-0.585888 	-0.396284 	-0.530491 	0.000000 	0.000000 	0.891954 	-0.729203 	-0.124173 	0.769968 	0.000000 	-0.301008 	-0.486214 	0.000000 	0.992728 	-0.267763 	-0.076709 	0.153100 	0.116856 	0.550929 	-1.740071 	-0.591835 	1.449047 	1.406220 	-0.960949 	1.167086 	-0.180605 	-0.745218 	0.196607 	1.576822 	-1.137781 	-1.079753 	0.260678 	1.685204 	0.000000 	-1.962112 	0.424490 	0.000000 	-1.291329 	
-1.170573 	0.000000 	-1.277402 	-1.803978 	0.445102 	-1.260724 	1.114378 	0.000000 	-0.999972 	0.987230 	-1.707175 	-0.132722 	-0.904774 	0.659782 	-1.644313 	0.000000 	1.364217 	-0.338685 	0.000000 	-0.988270 	0.651252 	0.828175 	-0.319778 	-2.139379 	0.115148 	-0.234436 	-1.108801 	2.319466 	0.000000 	0.960525 	-1.175854 	0.500445 	0.240114 	-0.888644 	0.415244 	1.609672 	0.000000 	-1.709302 	0.135861 	-1.830352 	0.713493 	0.787741 	0.645018 	0.181886 	0.508652 	2.002317 	1.430338 	0.741546 	0.986225 	0.790357 	0.277524 	-0.184451 	0.000000 	
0.664354 	-0.175910 	0.000000 	0.000000 	-1.000426 	-1.001487 	0.149380 	-0.325221 	0.783746 	0.182469 	0.000000 	-1.302618 	-1.054660 	1.419726 	0.000000 	-1.529292 	-0.458297 	-2.265115 	1.407440 	-0.607618 	-1.859664 	1.481269 	0.606214 	-1.793601 	0.000000 	0.633274 	0.865299 	1.303510 	0.000000 	0.000000 	0.911504 	0.604594 	-0.583985 	0.000000 	0.380271 	1.968018 	0.737291 	-1.743547 	-0.518551 	1.081010 	2.173900 	-0.532369 	0.634609 	1.111397 	-0.757402 	-0.104747 	0.000000 	1.270487 	-0.735628 	-0.252030 	0.000000 	-0.753415 	-0.370756 	
-1.197956 	0.000000 	0.000000 	0.792218 	0.000000 	-0.901204 	-0.215100 	0.683658 	0.246627 	0.784539 	1.571656 	-0.843335 	-0.762047 	-1.212772 	-1.393721 	0.000000 	-0.064687 	1.451966 	-1.533983 	0.395803 	0.000000 	0.390811 	-0.787527 	0.000000 	0.000000 	0.000000 	0.107317 	-0.612386 	-0.568310 	-0.306443 	0.683567 	-1.155486 	0.432588 	0.000000 	-0.854433 	-0.516315 	0.575446 	-1.169684 	0.000000 	1.145073 	1.108663 	0.678072 	-0.660158 	0.939129 	-2.031976 	-1.051217 	1.443243 	0.902041 	1.705728 	0.000000 	0.000000 	1.403969 	1.389676 	
-0.078451 	0.000000 	-1.312706 	0.829134 	0.869036 	-0.695129 	1.477954 	0.971656 	-1.054209 	0.750849 	-1.599106 	1.164325 	2.043235 	-0.756333 	0.989029 	0.000000 	-0.897602 	-1.049413 	0.000000 	1.579785 	0.488062 	0.000000 	1.110888 	-0.652886 	-0.349723 	0.000000 	-0.716791 	0.000000 	0.155248 	0.241089 	-0.059412 	-1.291637 	0.528888 	1.376132 	0.000000 	1.636325 	0.000000 	0.000000 	-0.560410 	-0.569517 	-0.733599 	1.091289 	0.000000 	-1.066660 	1.130160 	1.650544 	-0.689096 	-1.616614 	-0.579713 	-2.670193 	0.333919 	0.000000 	-1.042364 	
0.975988 	0.878625 	-0.072585 	0.802489 	-0.280640 	-1.454089 	-1.225319 	0.935880 	-0.554564 	-0.851107 	-1.522842 	0.000000 	2.202376 	0.645199 	1.140619 	-1.052961 	-0.967880 	0.305961 	0.145123 	0.000000 	0.723505 	-0.554476 	0.129963 	-0.649312 	0.000000 	1.868073 	0.000000 	-0.296758 	0.289628 	0.000000 	-1.374891 	-0.861464 	-0.448662 	-0.583998 	-0.787487 	0.738933 	0.000000 	0.000000 	0.497655 	0.184297 	0.000000 	1.121454 	0.233652 	1.067985 	0.999100 	-1.412385 	0.000000 	-1.400487 	0.456671 	0.627057 	1.193712 	0.785519 	-1.307727 	
0.796728 	0.057246 	-0.812536 	-1.980445 	-1.155608 	0.000000 	-0.887860 	0.646031 	-0.847930 	-0.826801 	0.000000 	-0.254227 	-1.541742 	0.000000 	-0.534740 	0.348961 	0.890267 	0.000000 	0.000000 	-1.230374 	0.000000 	1.418537 	0.000000 	-0.380017 	1.837905 	1.518893 	1.509632 	0.000000 	0.925778 	0.426707 	-1.127333 	0.945950 	0.988373 	-2.122662 	-1.712393 	1.400670 	-1.076554 	-0.771140 	1.941570 	0.749643 	-2.941556 	-0.423135 	-0.259605 	-0.780706 	0.284872 	0.000000 	-1.741394 	0.713275 	0.790823 	1.578801 	2.507259 	1.356088 	-0.949012 	
1.947854 	-1.389968 	-1.160554 	0.315713 	-0.153036 	0.000000 	-1.339389 	-0.976685 	-0.889031 	2.366969 	-1.320416 	-0.664177 	2.144899 	0.000000 	-1.404011 	0.000000 	0.283740 	-0.709372 	-0.716655 	0.884140 	-0.674340 	-0.526546 	0.626433 	0.635180 	-0.977326 	0.000000 	-0.410378 	-2.159118 	0.981510 	-0.074469 	-0.281057 	-0.820733 	0.967696 	1.933196 	0.000000 	0.196861 	0.000000 	1.132610 	0.601432 	2.457467 	-0.863468 	1.237952 	0.000000 	-1.368650 	-0.499138 	-1.356016 	1.274822 	0.757746 	0.219362 	-0.559954 	0.906149 	0.000000 	0.738523 	
-1.266326 	0.000000 	-0.871398 	-0.331649 	-0.670373 	-0.122285 	-0.246729 	0.819786 	-0.329699 	0.585007 	2.189796 	-1.480266 	-1.075507 	1.069978 	-1.614388 	1.730298 	1.251909 	0.000000 	-1.524884 	0.000000 	0.198273 	0.872978 	0.000000 	-0.543404 	0.184145 	-0.149589 	0.000000 	-0.496510 	-0.662320 	-1.053590 	0.000000 	-0.443504 	0.143150 	-0.716057 	1.383063 	-0.366485 	-1.138467 	-0.358394 	1.033985 	-0.106914 	1.209391 	-0.756776 	0.560007 	0.000000 	0.000000 	-0.612128 	1.331261 	-1.215250 	0.000000 	0.000000 	0.852429 	1.590271 	0.689514 	
-0.786394 	-1.837492 	0.697395 	-0.744695 	1.545310 	0.000000 	-1.802483 	0.000000 	1.049239 	-1.010207 	-0.966721 	-0.396631 	-0.940817 	-1.486932 	-1.461096 	1.318815 	0.331999 	-0.203885 	0.585407 	0.437523 	-0.549232 	-1.295026 	-0.670185 	-0.627440 	0.000000 	-0.094069 	0.984059 	-0.578196 	-1.821332 	1.116227 	0.447275 	0.000000 	0.459862 	0.480624 	1.075982 	0.711416 	1.707851 	1.827712 	-1.014971 	0.000000 	-1.124650 	1.155848 	-0.775080 	-0.343582 	-1.626567 	0.714829 	-0.664939 	2.255633 	1.184378 	2.357073 	-1.126121 	1.091762 	0.000000 	
-0.959217 	0.967363 	0.000000 	0.999598 	0.868553 	-0.143226 	0.000000 	-0.417764 	1.616347 	-0.759762 	-0.936045 	0.000000 	-0.408805 	1.117205 	0.504696 	0.693541 	-1.015881 	-0.446745 	-0.267016 	-0.684453 	0.000000 	0.000000 	-0.684061 	-0.147232 	-0.170442 	1.489375 	0.000000 	-1.054514 	0.000000 	0.000000 	0.283268 	0.000000 	-1.443971 	-0.221804 	1.670279 	1.495903 	1.219624 	-0.558448 	0.463817 	-0.715761 	1.368265 	0.000000 	-2.030103 	2.260821 	-0.989265 	0.000000 	-1.826203 	1.037200 	1.171019 	-1.760298 	0.894469 	-1.181474 	-1.045604 	
-1.012433 	0.000000 	1.115856 	0.621848 	1.057925 	0.261292 	1.129649 	0.275219 	-2.615690 	1.504967 	0.000000 	2.234046 	-0.552876 	1.180446 	0.000000 	-0.440360 	0.449899 	1.120568 	-0.543803 	-1.098535 	-0.546453 	0.000000 	-0.811692 	0.672431 	-1.345436 	-0.853705 	0.000000 	0.802182 	0.898852 	-1.104425 	0.000000 	0.769104 	0.766651 	0.000000 	-2.072190 	0.376810 	-0.602158 	-0.372907 	-0.237427 	0.000000 	1.457554 	-0.734451 	-1.077345 	-0.841268 	0.000000 	0.822265 	1.172707 	1.564895 	1.202196 	-2.854269 	-0.947356 	-0.728863 	1.262276 	
