-0.687178 	0.000000 	0.383976 	-1.053664 	0.000000 	-1.196539 	0.000000 	1.203421 	0.000000 	0.552165 	-0.539701 	2.326348 	-0.286602 	-0.705365 	0.000000 	1.329034 	-0.678536 	-0.074121 	-0.405346 	-0.429035 	-1.908600 	-1.379401 	0.857011 	0.442632 	0.284432 	1.329138 	1.228381 	-0.463534 	1.919101 	-0.984981 	-1.289362 	-1.700048 	1.208407 	0.000000 	0.000000 	0.000000 	0.577063 	
1.527908 	0.480173 	-1.813611 	1.201826 	0.000000 	2.072907 	0.000000 	0.000000 	0.000000 	0.000000 	-2.191498 	0.000000 	0.000000 	0.000000 	-2.983657 	-1.070911 	1.495331 	-1.254093 	-0.836444 	0.876324 	0.000000 	1.229773 	-0.500534 	1.915728 	-0.831741 	-0.805532 	0.896399 	-0.336770 	0.481552 	1.410429 	-0.347941 	-0.661635 	-1.356496 	0.957338 	0.318111 	0.000000 	0.000000 	
0.489645 	0.000000 	1.775632 	1.442808 	0.000000 	0.733995 	-1.099746 	-0.541115 	-1.399203 	-0.176177 	0.699288 	-0.833478 	-1.590606 	-0.343055 	1.354514 	0.943267 	1.054365 	-0.857805 	-0.528780 	0.295777 	-1.549109 	-2.818908 	2.128243 	-0.371787 	-1.066766 	-0.961659 	-0.972848 	0.000000 	2.119620 	0.606329 	0.264009 	-0.081009 	0.000000 	-0.934255 	1.406905 	1.191001 	0.238509 	
1.641726 	-1.391496 	-0.410318 	2.715021 	0.000000 	0.686552 	-0.099344 	0.000000 	0.000000 	0.000000 	2.136919 	-1.565697 	-1.388096 	0.000000 	-1.412344 	-1.380717 	-0.356017 	0.900584 	-1.086794 	-1.372623 	1.244720 	0.497635 	0.000000 	0.320987 	-1.856931 	-1.552668 	0.614147 	2.587176 	-1.243058 	-0.196332 	0.000000 	1.010765 	-1.384356 	-0.802579 	0.000000 	1.916139 	0.987616 	
-1.021358 	1.223645 	-0.978735 	0.132328 	-0.169426 	0.764880 	1.292238 	-0.070710 	-1.125820 	0.735698 	0.452175 	1.735309 	1.144889 	-0.530394 	0.523085 	1.523584 	0.299281 	-1.132685 	0.975579 	2.100232 	-0.832077 	-1.675820 	-0.627925 	0.450249 	-0.935013 	1.221247 	0.787893 	0.946537 	0.000000 	-0.705055 	-0.539703 	-1.814816 	-0.364879 	-0.568373 	0.000000 	-1.197444 	-1.665175 	
-0.615247 	-1.094604 	1.139054 	0.242487 	0.000000 	-1.389261 	-1.762489 	-0.482392 	0.353108 	-1.382948 	1.397422 	-1.482558 	1.486420 	0.295523 	-0.474492 	-0.546713 	0.000000 	0.000000 	0.847540 	0.000000 	0.247948 	-0.787869 	0.723213 	0.042576 	0.404860 	-2.105794 	-0.209812 	-1.248888 	0.485050 	-0.203209 	1.872559 	1.243045 	0.000000 	0.714288 	0.000000 	1.191930 	1.037674 	
1.663558 	-0.482974 	0.435384 	1.625490 	-0.880914 	2.641782 	-1.250150 	-1.434418 	-0.322518 	-1.292633 	-1.950372 	0.000000 	-1.180116 	1.401842 	0.000000 	-0.367209 	0.394235 	0.919575 	0.000000 	1.313691 	0.000000 	2.433347 	-1.960711 	-0.919575 	-1.509263 	-1.776432 	0.000000 	0.000000 	0.000000 	1.176406 	2.828170 	0.000000 	-0.358553 	0.000000 	-1.764677 	0.820470 	0.000000 	
0.000000 	-0.189803 	0.460355 	0.538490 	-0.318224 	-1.986787 	0.677734 	0.000000 	0.656931 	0.000000 	1.604397 	0.790480 	-0.970575 	0.000000 	-1.189648 	1.973389 	-0.152949 	0.152578 	-0.535444 	0.332325 	2.628206 	-1.013175 	0.000000 	0.290147 	-2.241928 	1.792539 	2.160594 	0.000000 	-0.401419 	-1.401577 	-0.841474 	0.586437 	1.865300 	0.000000 	0.000000 	-3.036986 	-1.599043 	
0.079835 	-0.886094 	-1.204765 	0.000000 	0.220902 	0.000000 	-1.677222 	0.000000 	-0.516476 	-1.902512 	-0.291273 	-0.052163 	-1.098516 	-0.382927 	0.125721 	1.890125 	0.238663 	0.369491 	0.000000 	-0.996029 	0.000000 	0.435264 	1.336847 	1.718175 	0.407865 	-0.368618 	-0.477400 	-2.885273 	0.742103 	-0.983444 	0.729707 	0.000000 	1.344251 	0.720651 	1.145133 	0.352718 	2.087666 	
0.000000 	0.000000 	-0.762509 	0.000000 	0.000000 	1.092397 	-1.939958 	0.781868 	1.697672 	0.000000 	-1.853942 	2.641973 	1.936750 	-0.349120 	-1.172408 	0.866797 	0.000000 	-1.197090 	-2.066282 	-0.072239 	2.581789 	1.621861 	-2.784514 	2.921089 	-0.438911 	0.934996 	0.000000 	0.000000 	0.232082 	-0.860270 	-0.646509 	-0.711050 	2.060726 	0.000000 	0.000000 	-3.001436 	-1.568840 	
-0.933842 	0.000000 	1.705123 	0.000000 	1.256385 	-0.199796 	0.000000 	-0.280244 	-0.355796 	1.141612 	0.446502 	-1.641248 	-0.467896 	0.652807 	0.886248 	0.000000 	1.475781 	-0.442657 	0.000000 	0.000000 	0.801720 	-0.769845 	0.000000 	-1.424261 	0.000000 	0.354849 	-1.286005 	-0.941706 	0.323342 	0.000000 	-0.119697 	1.437611 	1.039300 	0.457998 	0.395808 	-1.751605 	-1.231027 	
0.716727 	0.413351 	2.875209 	0.678903 	-0.268236 	0.000000 	-1.059043 	1.035587 	1.896449 	-0.976291 	0.000000 	0.000000 	0.000000 	1.179621 	-1.325573 	0.497037 	-1.896348 	1.064929 	0.482271 	0.000000 	0.662938 	-0.413351 	-0.812034 	-0.587177 	0.000000 	-0.076328 	-0.774942 	0.000000 	0.000000 	0.774942 	-0.607829 	-0.650465 	0.000000 	-1.566687 	0.000000 	0.735653 	-0.835651 	
-1.179168 	-0.396092 	1.372405 	0.000000 	-0.208035 	0.575071 	0.000000 	1.091011 	1.006979 	-0.712343 	0.289951 	-0.884058 	-1.100271 	1.085133 	1.896898 	2.343405 	0.688143 	-1.134758 	0.000000 	-0.894163 	1.143074 	-0.658514 	0.059250 	0.485875 	0.000000 	-1.032852 	-1.553248 	-2.410519 	0.764656 	-0.890156 	0.405200 	1.073099 	1.578382 	-0.809163 	0.206259 	0.000000 	-0.718858 	
-0.770342 	0.219093 	0.682874 	1.629970 	0.984484 	1.597526 	-0.989882 	-0.425361 	-0.388777 	-1.206570 	1.094465 	-1.223197 	-0.769838 	0.169795 	1.186282 	0.805427 	1.268138 	-1.460627 	0.000000 	0.000000 	1.590110 	-1.231336 	0.000000 	1.629515 	-0.538859 	-1.096941 	-2.097398 	-0.826888 	-0.082222 	-0.650201 	0.000000 	0.726118 	0.594468 	-0.976329 	2.899352 	-0.501998 	-0.695103 	
0.000000 	0.000000 	-1.981182 	1.857010 	1.324151 	1.137401 	1.028793 	-0.685065 	-0.806148 	0.283113 	0.432695 	-0.586996 	-1.041978 	-0.297366 	-1.722495 	0.944780 	2.106773 	-0.662812 	0.789079 	0.775580 	0.000000 	0.000000 	0.000000 	1.458895 	-1.655106 	0.065076 	1.306989 	-1.753577 	-0.432695 	-1.221979 	0.000000 	-0.796084 	0.000000 	0.633245 	0.995952 	-1.058693 	0.000000 	
0.000000 	-0.389179 	0.000000 	0.000000 	1.675157 	-0.394926 	0.545740 	-1.032467 	-1.524939 	0.451723 	2.052001 	-0.938707 	0.000000 	0.567537 	-2.829345 	0.000000 	-0.447003 	1.348196 	2.693590 	0.281209 	0.000000 	0.000000 	0.161207 	0.058739 	-1.233827 	0.771789 	0.177909 	-0.497985 	-1.662822 	0.995837 	-1.707869 	-1.681442 	-1.596994 	1.160047 	2.215173 	1.527747 	-0.274507 	
1.431149 	0.719810 	0.000000 	-1.650992 	-1.369526 	0.486263 	1.632731 	1.369540 	0.000000 	-1.127312 	-2.204635 	-0.308890 	-1.703254 	2.191357 	-2.090309 	-0.937264 	-1.108981 	0.000000 	0.000000 	0.669253 	0.000000 	0.340873 	1.002130 	0.000000 	0.000000 	-0.328578 	0.000000 	0.000000 	1.143952 	3.724661 	-1.274985 	0.000000 	-2.006288 	0.517896 	-0.089502 	1.744536 	0.000000 	
0.000000 	-0.082729 	0.000000 	0.656495 	0.927649 	0.627438 	-1.062856 	2.158282 	-0.578190 	0.883899 	0.577647 	0.000000 	-0.680270 	0.000000 	-0.985416 	2.857238 	0.000000 	0.000000 	-1.260624 	-1.022450 	1.776237 	-1.151606 	0.211606 	0.904082 	-0.577647 	2.113423 	-1.332999 	-0.353203 	0.656688 	-0.720715 	-2.621960 	0.000000 	1.426275 	-0.073302 	0.840403 	-2.109078 	-0.872155 	
0.000000 	0.178381 	-0.466980 	0.743850 	-0.659877 	0.928557 	0.744208 	0.000000 	1.884121 	0.000000 	-1.140425 	-0.167669 	1.293634 	0.000000 	-1.939075 	0.571981 	1.678108 	-1.916505 	1.096775 	0.503606 	-0.769087 	0.962044 	-0.779319 	1.655130 	-0.370014 	-2.078566 	1.498925 	-2.805834 	0.000000 	0.000000 	0.738642 	-1.052659 	-0.917043 	0.592745 	-0.615088 	1.549089 	-0.544946 	
0.000000 	0.260374 	-2.501991 	-2.045892 	0.000000 	0.000000 	0.625560 	1.241977 	0.000000 	-1.294144 	-2.614307 	1.068420 	-0.564286 	0.000000 	0.000000 	-2.458086 	0.000000 	-1.754883 	-2.093415 	0.000000 	-1.380809 	-0.812111 	2.093413 	2.788728 	1.545821 	-0.716662 	0.000000 	0.000000 	3.166004 	1.068531 	0.000000 	0.000000 	0.000000 	0.000000 	1.077203 	0.000000 	2.414567 	
