8.627465 	0.053044 	-13.065973 	-16.431593 	-51.863463 	-54.979699 	-58.609493 	-59.747328 	-61.831122 	-59.110146 	-58.245155 	-60.379492 	-58.054359 	-58.928681 	-61.366071 	-59.132022 	
9.229826 	2.776598 	-7.112006 	-43.037223 	-42.511373 	-48.843944 	-58.460832 	-59.798738 	-58.384907 	-60.071815 	-58.694240 	-59.770729 	-59.495710 	-60.058469 	-59.098284 	
9.553246 	-23.472228 	-27.662942 	-60.460887 	-58.993108 	-61.745455 	-60.584049 	-57.386547 	-59.855380 	-59.406344 	-59.660011 	-58.676912 	-57.893911 	-57.818134 	-58.090698 	-59.359416 	-59.903318 	
8.998842 	-31.168632 	-39.401107 	-57.591766 	-58.862006 	-58.857178 	-58.166385 	-61.731031 	-58.077076 	-60.170737 	
9.164568 	6.784643 	-44.549869 	-56.003098 	-60.168646 	-58.261763 	-62.259122 	-59.233107 	-59.516490 	-59.219055 	-59.287370 	-60.441031 	-59.542407 	-58.630178 	-59.222606 	-60.020266 	-60.533494 	-57.901680 	-58.848565 	-58.016417 	-57.331330 	
9.226981 	-8.653032 	-11.001723 	-12.436267 	-25.020644 	-41.528136 	-57.257446 	-57.869295 	-57.670308 	-59.110640 	-61.660586 	-58.185739 	-58.621580 	-59.158024 	-60.388252 	
9.238615 	3.588176 	-11.871451 	-18.809232 	-23.055428 	-27.756021 	-39.863840 	-57.763338 	-59.035838 	-59.286411 	-59.215790 	-59.162680 	-58.931489 	-59.701791 	-58.395596 	-58.727691 	-58.694783 	-59.661544 	-60.394942 	-59.583207 	-58.992137 	-61.648621 	-60.772646 	-58.513623 	
9.348180 	-4.512697 	-56.855238 	-58.437684 	-58.323478 	-59.700016 	-60.035928 	-57.892350 	-60.635579 	-59.138390 	-57.889586 	-61.348576 	-58.900524 	-58.134817 	-59.500664 	
10.076327 	2.873141 	-4.074407 	-21.728147 	-57.618585 	-57.556179 	-59.569860 	-58.593306 	-57.763186 	-59.807626 	-60.089756 	-57.233107 	-58.110190 	-57.954463 	-59.112029 	-58.348502 	-58.116636 	-62.444989 	
9.674651 	-6.901352 	-18.491986 	-27.287213 	-58.882428 	-58.761395 	-58.940352 	-58.759318 	-59.860241 	-61.057231 	-60.230090 	-59.804901 	-58.860839 	-59.538259 	-56.544943 	-59.907567 	-62.988010 	
8.876776 	-30.588524 	-39.633858 	-59.264402 	-58.609120 	-58.233732 	-59.303072 	-60.593594 	-58.943118 	-59.338745 	-58.871808 	-58.789723 	-59.884495 	-59.555006 	-61.975683 	-59.469120 	-61.807877 	
9.494974 	-5.018467 	-43.804393 	-57.525320 	-57.846126 	-58.453300 	-57.742523 	-58.229482 	-57.518976 	-58.413617 	-59.759070 	-59.063950 	
9.813212 	0.992426 	-0.748013 	-5.274588 	-10.797821 	-13.732286 	-19.671246 	-30.755431 	-53.208135 	-56.184456 	-56.340455 	-56.399284 	-59.447047 	-57.544289 	-56.751056 	-57.785234 	-56.262346 	-58.357615 	-57.914787 	
9.867874 	-14.946243 	-37.779789 	-59.281778 	-57.994849 	-59.382587 	-57.483213 	-58.274131 	-57.944993 	-59.623999 	-59.196971 	-60.728556 	-58.291795 	-59.460643 	-58.874613 	-57.550294 	-57.411317 	-58.004085 	-57.604368 	
9.037455 	-16.571462 	-35.992175 	-56.831814 	-58.994346 	-61.161400 	-59.157864 	-59.613724 	-58.931803 	-59.554807 	-58.912815 	-60.375143 	-58.047484 	-59.575002 	-61.362394 	-58.677677 	-61.733437 	-61.163835 	-61.937367 	
9.261031 	-29.657645 	-53.612695 	-59.076828 	-59.975542 	-61.437248 	-59.125182 	-58.720860 	-60.037037 	-59.775609 	-59.449917 	-58.995139 	-59.568704 	-59.411303 	-58.551022 	-61.247382 	-60.351034 	-59.097351 	-61.455751 	-60.231271 	-59.581141 	-59.347506 	-59.099064 	-60.865048 	-59.492610 	
9.159698 	1.509900 	-11.124986 	-25.197709 	-29.299087 	-31.376451 	-42.958190 	-47.922203 	-56.200709 	-59.631063 	-58.702743 	-59.681967 	-60.339289 	-60.209568 	-62.708659 	-58.246190 	-59.089339 	-58.160029 	-60.810977 	-59.192359 	-60.368821 	-58.979226 	-60.726275 	-58.356800 	-58.817616 	-61.003350 	-61.263656 	
9.841200 	-52.378687 	-53.967778 	-58.017731 	-58.161410 	-57.814244 	-58.723149 	-59.543709 	-58.420390 	-58.188874 	-57.749515 	-57.707315 	-61.058411 	-60.569167 	-63.156780 	-60.654857 	-58.573530 	-58.788935 	-57.453541 	
9.016056 	2.015425 	-30.410121 	-61.530290 	-59.624400 	-58.973293 	-58.126066 	-58.524315 	-57.768818 	-58.491212 	-59.266767 	-59.289515 	-59.471033 	-59.228300 	-59.046625 	-59.022381 	-59.179142 	-59.868237 	-59.112065 	-59.682118 	-59.141439 	-59.420905 	
9.253535 	-31.426747 	-49.175729 	-57.757972 	-58.278849 	-58.383805 	-58.581809 	-60.861014 	-63.045977 	-59.880738 	-59.888108 	-58.867977 	-58.824023 	-59.527650 	-59.285303 	-61.952767 	
