9.667230 	1.226106 	-4.400496 	-12.112930 	-15.223633 	-14.910874 	-23.677556 	-42.691371 	-44.661945 	-41.046679 	-49.853215 	-50.817042 	-53.145107 	-54.083258 	-52.786681 	-55.687523 	-56.932992 	
9.274703 	6.811745 	-56.889654 	-56.916392 	-58.438800 	-59.708929 	-59.404332 	-58.849022 	-59.591571 	-63.374547 	-58.899365 	-57.835242 	-58.979665 	-57.312168 	-57.254428 	-58.283729 	-58.707775 	-59.160547 	
9.324507 	1.626795 	-4.853951 	-10.559656 	-11.647693 	-21.158868 	-32.222128 	-31.930374 	-35.940000 	-37.410762 	-39.786507 	-49.648195 	-57.551987 	-57.948779 	-58.296548 	-59.154645 	-58.993082 	-57.439707 	-59.813047 	-56.826846 	-56.880193 	
9.455266 	-24.694642 	-26.003360 	-31.856269 	-33.358604 	-36.516226 	-38.128719 	-36.502759 	-40.597401 	
9.158858 	3.188392 	-5.188163 	-13.860423 	-55.815030 	-58.045731 	-60.027266 	-57.711588 	-58.367421 	-59.115185 	-60.004323 	-58.050737 	-59.074041 	-59.662999 	
9.203455 	-1.990784 	-3.565355 	-3.550586 	-11.640156 	-22.863576 	-24.523586 	-23.366652 	-25.984044 	-28.373992 	-26.785113 	-30.853252 	-33.270332 	-33.288894 	-38.459579 	
8.537126 	5.228382 	3.897546 	-18.943856 	-24.009945 	-23.996633 	-24.329058 	-38.793453 	-40.687619 	-46.112633 	-47.949566 	-48.384762 	-49.899735 	-49.347200 	-56.722765 	-57.645796 	
9.500538 	-2.836547 	-21.200240 	-18.709830 	-42.272354 	-41.421437 	-57.780675 	-60.012376 	-59.433398 	-59.297719 	-56.677557 	-57.954428 	-59.778075 	
9.213162 	-25.700803 	-58.463672 	-61.635438 	-64.105232 	-57.722125 	-59.862825 	-57.941945 	-57.317347 	-58.780629 	-58.173600 	-60.492827 	
9.479943 	6.659477 	5.591421 	6.678562 	6.911958 	4.734134 	5.728537 	3.849104 	-1.582150 	3.488139 	0.212721 	-2.505095 	-0.757619 	-1.547650 	-4.335074 	-7.004330 	-4.180790 	-4.959308 	-4.192207 	-6.731205 	-5.749040 	-5.982648 	-8.068983 	-7.800521 	-11.324475 	-8.198103 	-10.054548 	-11.283923 	-8.782543 	-12.833682 	-13.214275 	-8.189530 	-10.088990 	-11.938945 	-13.212912 	-15.448515 	-10.588023 	
9.419716 	0.646050 	2.251046 	2.587187 	-9.065608 	-12.978669 	-15.226960 	-30.104380 	-41.742472 	-40.684273 	-45.008185 	-45.578434 	-46.034615 	-49.242424 	-51.389860 	-52.907319 	-58.561677 	-59.704143 	-56.676530 	-56.625377 	-58.484683 	
9.222946 	3.773443 	-0.871751 	-3.903082 	-20.311233 	-40.818226 	-41.878688 	-59.622356 	-59.245947 	-61.749929 	-61.263641 	-59.173427 	-58.611746 	-57.842819 	-57.476433 	-59.414814 	-59.592611 	-59.348840 	-57.897081 	-60.978339 	
8.778926 	6.779171 	5.034927 	-4.888520 	-7.728556 	-6.995863 	-6.640055 	-6.639343 	-7.654207 	-9.959115 	-9.749798 	
9.283854 	4.401969 	-12.030951 	-15.488776 	-26.287271 	-31.939311 	-35.374873 	-42.599639 	-42.431846 	-47.944393 	-49.397649 	-55.006058 	-58.245884 	-58.091451 	-57.687764 	-61.596640 	-59.053225 	-57.602909 	
9.110327 	-8.122039 	-14.431552 	-15.891875 	-21.615433 	-34.185740 	-32.656536 	-53.122834 	-56.110131 	-60.940843 	-59.322551 	-59.212032 	-58.947373 	-59.208376 	-57.176203 	-56.935679 	-59.581330 	
9.184425 	-0.537805 	-13.714627 	-28.193929 	-29.196877 	-34.712314 	-35.526647 	-55.062051 	-58.836939 	-60.590673 	-58.813006 	-59.673702 	-58.098481 	-59.623565 	-58.418172 	-58.974578 	-57.116980 	-58.916627 	-62.768740 	
9.855383 	4.673211 	3.369956 	0.099185 	-1.928138 	-5.994978 	-7.760915 	-8.140507 	-11.714629 	-12.593419 	-13.482814 	-13.483344 	-14.979430 	-16.777943 	-14.659192 	
9.953037 	7.432169 	4.631113 	4.092769 	1.734577 	2.769820 	1.033635 	3.215344 	0.184476 	-1.816547 	-3.625661 	-4.501139 	-7.194557 	-3.744850 	-7.291708 	-6.878637 	-4.690620 	-6.226298 	-7.006389 	-7.387980 	-9.951603 	-9.168435 	-11.684955 	-8.215586 	-8.425635 	-10.196068 	-11.369880 	-10.854398 	-11.920475 	
9.757513 	-5.582714 	-13.742601 	-14.738480 	-14.466743 	-16.756854 	-32.340975 	-41.042581 	-39.473096 	-47.134089 	-51.544248 	-53.800803 	-56.392397 	-57.273363 	-55.889009 	-57.308706 	-56.377414 	-57.072768 	
9.247329 	4.151164 	3.944869 	-3.845763 	-2.814248 	-1.883506 	-2.751452 	-1.963600 	-7.919073 	-4.678057 	-6.260778 	-6.851838 	-7.158279 	-6.994874 	-8.540639 	-6.685758 	-14.648515 	-9.589093 	-12.687699 	
