9.272856 	-11.636570 	-13.338025 	-25.775630 	-26.356865 	-29.437581 	-33.864124 	-33.949202 	-34.408176 	-38.630234 	-39.059077 	-44.252844 	-47.356773 	
8.762407 	-0.345848 	-17.844844 	-27.486607 	-39.189108 	-58.377087 	-58.763456 	-58.543169 	-61.769588 	-59.285644 	-58.833709 	-59.803156 	-61.746038 	-60.893758 	-59.990164 	-58.265646 	-60.836385 	-57.457817 	
9.621835 	-10.580335 	-17.282167 	-38.165548 	-44.770719 	-44.133053 	-56.609055 	-58.433226 	-57.609446 	-60.920315 	-57.402827 	-60.853087 	-57.900934 	
9.415311 	1.222995 	-2.141893 	-39.262008 	-47.533459 	-58.580579 	-58.517337 	-65.438322 	-60.232422 	-57.825614 	-57.367449 	-58.846039 	-58.017179 	-58.837835 	-58.990384 	-59.845779 	-58.418072 	-59.609400 	-58.980859 	
9.621644 	2.291991 	0.119363 	2.266017 	-3.706129 	-3.614839 	-8.071188 	-7.877334 	-9.858415 	-9.237948 	-9.509454 	-10.099577 	-10.136007 	-14.661975 	-10.495593 	-12.334957 	-11.591019 	-13.013214 	-13.022223 	-13.716506 	
9.161515 	-1.044330 	-5.418313 	-6.811548 	-6.749595 	-11.441405 	-14.132751 	-16.454711 	-16.345010 	-18.263784 	-22.616633 	-28.974521 	-30.229838 	-31.160144 	-30.984830 	-31.801295 	-33.598921 	-36.039877 	
9.501882 	1.187704 	2.397890 	-6.141312 	-8.065636 	-16.497937 	-35.016736 	-44.955339 	-58.458724 	-57.149491 	-59.754846 	-59.466512 	-58.096471 	-59.234157 	
9.232884 	-3.362466 	-33.839713 	-33.790170 	-39.766566 	-48.411894 	-53.251120 	-55.423527 	-57.760047 	-57.610381 	-57.283459 	-57.938961 	-58.097235 	-58.519142 	-58.624208 	-58.646890 	-60.129670 	
9.408303 	6.635370 	0.426142 	-48.337898 	-49.920989 	-51.890920 	-55.067470 	-57.560343 	-57.572025 	-59.242569 	-59.126223 	-60.048271 	-59.410081 	-59.244939 	-57.760045 	-60.471543 	-59.886760 	-57.722452 	-59.940371 	-59.010330 	-57.931207 	
9.257203 	-36.495472 	-48.636505 	-58.268237 	-59.633443 	-60.501909 	-58.383466 	-58.939383 	-58.673497 	-60.893306 	-59.792482 	-58.476389 	
9.930707 	-23.698626 	-23.193197 	-50.889728 	-58.099673 	-60.007254 	-59.268625 	-60.249839 	-58.815201 	-58.478547 	-59.953306 	-58.531948 	-56.856850 	
9.351381 	-4.637107 	-32.145211 	-41.074782 	-49.250804 	-48.761467 	-60.572275 	-59.227259 	-59.761741 	-60.662468 	-58.970065 	-59.363611 	-59.383248 	-60.144094 	-59.962546 	-58.275548 	-59.524497 	-58.565648 	-58.587112 	-60.243874 	-58.749131 	
9.692516 	-0.022629 	-5.300281 	-35.497078 	-40.096587 	-53.258001 	-55.019798 	-60.428834 	-59.238419 	-57.619612 	-60.141808 	-57.535246 	-57.459629 	-58.641426 	
9.190897 	-6.925923 	-13.842464 	-17.473708 	-20.691684 	-27.321993 	-31.829214 	-36.525397 	-42.486037 	-42.215970 	-45.141426 	-46.527348 	-45.179703 	-47.871199 	-52.663512 	-53.361701 	
8.722111 	0.847778 	-3.400738 	-8.515314 	-9.899486 	-16.328138 	-33.486333 	-36.391900 	-44.666659 	-41.573820 	-52.623124 	-52.322771 	-56.518576 	-58.078908 	-57.350494 	-57.510919 	-58.604021 	-57.294746 	
9.482300 	-11.688436 	-39.095314 	-32.426424 	-59.140953 	-60.059938 	-59.687980 	-59.751110 	-60.171037 	-58.015878 	-58.872106 	-57.977624 	-60.159504 	-65.356289 	-58.966811 	-59.293105 	-60.259719 	
9.519464 	2.067877 	0.493609 	-2.137472 	-7.753009 	-7.300413 	-10.578423 	-12.481882 	-22.240810 	-24.505296 	-26.357430 	-31.975270 	-37.416733 	-53.995355 	-53.898791 	-53.698738 	-57.276994 	-57.514218 	-58.012090 	-58.570595 	-56.759611 	-59.772264 	-56.958244 	-57.236274 	-57.410617 	
9.117503 	3.750746 	-2.831428 	-4.835716 	-7.042012 	-11.807092 	-24.994482 	-58.580587 	-59.610300 	-57.915326 	-59.503779 	-59.340283 	-60.536667 	-59.445443 	-60.097070 	-58.396764 	
9.455460 	-6.941041 	-6.992440 	-8.627726 	-8.222139 	-18.733877 	-25.582816 	-25.215614 	-39.445626 	-43.012512 	-54.375776 	-56.129265 	-55.712396 	-61.960636 	-56.174630 	-58.010008 	-58.256010 	-56.144435 	-57.892003 	-57.876220 	-55.964588 	-57.165146 	-55.940610 	-59.436334 	
9.586102 	0.967197 	-20.473760 	-24.312354 	-24.559136 	-46.364145 	-47.264969 	-58.097238 	-55.813109 	-59.700172 	-60.261434 	-61.824320 	-57.561454 	-57.838217 	-59.564876 	-59.506398 	-58.965005 	-63.161321 	-56.904064 	-63.596868 	-60.693261 	-58.476485 	-57.757833 	-59.161974 	
