9.030276 	5.670896 	3.198037 	5.314449 	1.293424 	1.434039 	-4.491145 	-1.470504 	-3.025533 	-4.397606 	-5.318046 	-9.009378 	-7.664839 	-7.992992 	-6.110924 	-7.523482 	-7.131066 	-9.091648 	-8.746293 	-12.371584 	-6.913199 	-8.755416 	-6.720273 	
9.356698 	-5.934504 	-10.992689 	-8.318754 	-18.518885 	-22.317906 	-45.875975 	-58.507553 	-59.506081 	-58.792301 	-59.464705 	-57.608051 	-58.123036 	-58.057134 	-60.194285 	-58.550075 	-57.769820 	-59.148229 	-59.599202 	-60.250964 	-59.943285 	
9.317714 	5.893748 	-5.696664 	-15.169480 	-20.303825 	-61.589616 	-59.116230 	-57.958113 	-57.427102 	-57.435241 	
9.420344 	3.457241 	-7.855403 	-19.129284 	-26.374074 	-29.181435 	-37.602871 	-49.997522 	-54.026196 	-58.236243 	-59.671598 	-59.260830 	-59.475023 	-57.754600 	-58.696268 	-58.132430 	-58.925603 	-60.846715 	-60.530599 	-61.038164 	-56.926732 	
8.717044 	-9.312018 	-15.152514 	-35.339507 	-38.207983 	-56.593883 	-58.710424 	-58.065254 	-57.753371 	-58.628546 	-60.467076 	-58.718212 	-60.137128 	-59.384877 	-59.769727 	-57.904910 	-58.672763 	-60.934390 	-57.189262 	-58.823737 	
9.056323 	3.173285 	0.523582 	1.490882 	1.947131 	-1.444820 	-7.371229 	-8.407276 	-8.442510 	-9.140418 	-15.377564 	-13.228071 	-14.814600 	-16.134922 	-14.955821 	-16.575901 	-22.222545 	-21.086190 	
8.783596 	-1.552836 	-4.011814 	-32.228898 	-38.321839 	-42.710919 	-60.739389 	-57.839995 	-59.311176 	-59.180189 	-58.369379 	-57.419211 	-60.397290 	-59.081036 	-60.400871 	-58.717103 	-59.219396 	
9.386577 	-10.038721 	-22.367997 	-25.219731 	-27.468216 	-30.227965 	-50.894546 	-52.016793 	-55.347066 	-56.995570 	-61.313593 	-59.577691 	-59.778305 	-57.331392 	-60.059875 	
8.722367 	-9.921500 	-42.615025 	-44.028327 	-60.562464 	-64.035010 	-58.403761 	-57.934097 	-59.264072 	-60.197355 	-61.203573 	
9.078907 	7.400957 	0.201564 	-9.943062 	-25.383486 	-32.673063 	-57.461490 	-59.218339 	-59.232264 	-58.853796 	-59.450114 	-58.489564 	-61.354558 	-59.849418 	-59.034022 	-58.631885 	
8.766633 	-0.623754 	-9.014231 	-13.431108 	-12.995024 	-13.673283 	-15.686452 	-19.210998 	-23.107885 	-23.380985 	-30.677570 	-36.522285 	-42.086156 	-42.558734 	-44.551304 	-47.328264 	-42.521676 	-46.285084 	-44.448199 	-50.065047 	-52.148184 	-55.238079 	
8.697864 	3.299166 	1.476762 	-26.223892 	-31.306531 	-37.091781 	-45.232045 	-48.404865 	-50.480185 	-56.549943 	-59.547464 	-60.219773 	-59.147833 	-59.486907 	-59.826694 	-57.940191 	-60.802662 	-59.423551 	-60.294472 	-60.262170 	-58.799888 	-59.601735 	-60.299082 	-60.697699 	-58.652878 	
9.427892 	-4.845766 	-20.070786 	-26.449898 	-32.816053 	-36.070576 	-55.874931 	-59.227290 	-58.663424 	-59.664058 	-59.301685 	-57.919854 	-60.805680 	-60.583119 	-60.129498 	-58.381692 	-58.468561 	-59.214109 	-60.054127 	-59.698598 	-59.873391 	-60.661755 	-59.651801 	-59.216165 	-59.304734 	-60.012125 	
8.949416 	-1.724084 	-8.426314 	-5.572242 	-15.644761 	-21.866982 	-25.169719 	-27.449906 	-30.716888 	-30.894640 	-38.201509 	-37.629616 	-39.507509 	-44.398692 	-43.426202 	-44.210832 	-44.645633 	-53.048486 	
9.223740 	7.065811 	-7.078105 	-16.182775 	-27.703478 	-55.933879 	-59.905424 	-58.732132 	-58.107774 	-57.204058 	-57.054733 	-60.833930 	-57.915311 	-58.357799 	-60.618375 	-57.505764 	-57.590227 	-58.365650 	
8.824938 	-9.825315 	-6.035932 	-20.322578 	-42.632021 	-50.521221 	-55.631810 	-51.998311 	-55.081090 	-58.926095 	-60.955678 	-58.397798 	-60.214126 	-62.129165 	-60.620425 	-59.240555 	-59.998343 	-59.219140 	-59.169406 	-57.948464 	-59.533700 	
9.556488 	-4.510877 	-17.639205 	-24.953318 	-26.875350 	-38.944826 	-40.268574 	-44.516116 	-44.091002 	-47.966413 	-57.396037 	-57.827291 	-59.371312 	-58.429726 	-58.374663 	-60.486258 	-59.208358 	-58.520634 	-57.468199 	
9.233177 	5.541309 	-4.145273 	-2.042215 	-4.167121 	-7.599802 	-16.904993 	-29.556641 	-31.030496 	-30.676156 	-31.511582 	-35.750649 	-39.187064 	-39.426575 	-40.849763 	-43.519513 	-41.573157 	-42.423153 	
8.854700 	-0.871503 	-4.735828 	-21.394060 	-24.137268 	-23.222027 	-23.437846 	-25.344452 	-25.784404 	-28.539466 	-28.715693 	-30.230338 	-29.221253 	
