9.228976 	-20.690519 	-25.265689 	-59.317700 	-59.526682 	-59.178202 	-60.248207 	-58.498430 	-58.465608 	-58.511955 	-59.045845 	-59.282128 	-60.893552 	-60.619595 	-60.584148 	-58.619524 	
10.000914 	2.932142 	-0.733568 	-2.172135 	-2.024263 	-6.309076 	-7.393100 	-6.063949 	-9.892026 	-8.236694 	-12.563366 	-11.504739 	-16.389082 	-13.777239 	-14.106283 	-16.340719 	-16.594733 	-22.840590 	-22.509017 	
9.226390 	-2.341364 	-5.217959 	-9.094443 	-8.864532 	-11.524919 	-17.198212 	-29.298934 	-29.654878 	-36.211728 	-38.119908 	-40.646533 	-42.213545 	-45.376206 	-47.949777 	-47.285515 	-47.458560 	-49.517931 	-55.537228 	-56.197357 	
9.514775 	-5.052625 	-24.568527 	-49.493623 	-51.112462 	-56.113504 	-58.710268 	-58.725894 	-57.250384 	-57.121070 	-57.162468 	
9.261354 	6.514690 	-0.329701 	-0.590346 	-4.572689 	-0.998231 	-2.525790 	-4.050853 	-4.967117 	-6.072644 	-6.866059 	-6.403159 	-7.960817 	
9.247466 	3.944912 	-2.921163 	-9.146912 	-9.145863 	-23.009477 	-32.295363 	-34.149577 	-39.647684 	-38.837238 	-40.109055 	-43.878556 	-45.333764 	-44.975217 	
9.487165 	3.835321 	-4.365956 	-18.273497 	-18.923805 	-24.414126 	-35.571719 	-50.569064 	-53.355635 	-57.860070 	-58.753584 	-60.259994 	-59.341025 	-58.498911 	-58.251489 	-60.396896 	-57.399462 	-62.262862 	
9.904923 	5.630777 	2.587580 	2.937652 	2.045196 	-1.486054 	-1.016787 	-1.099684 	-9.435309 	-9.757213 	-7.735142 	-10.482422 	-10.671135 	-11.342212 	-13.654463 	-13.416277 	
9.159839 	8.103734 	-7.633566 	-20.297680 	-28.565505 	-32.668534 	-44.965174 	-59.043926 	-60.020224 	-58.996689 	-59.527712 	-58.890151 	-60.019905 	-60.205590 	-58.865463 	-59.349755 	-63.058308 	-59.340001 	-58.979238 	-58.523058 	
9.189145 	8.666191 	4.664945 	-9.134377 	-11.148224 	-13.170351 	-12.988415 	-14.547061 	-17.889339 	-19.825470 	-23.828190 	-27.136603 	-27.770267 	-28.921942 	-28.126357 	-30.625948 	-30.291888 	-28.957628 	-31.517126 	-30.332384 	-31.648618 	-31.570836 	-31.643457 	-32.217101 	
9.656210 	-2.472274 	-18.439206 	-15.534396 	-22.677184 	-20.860706 	-24.506048 	-45.730699 	-52.222795 	-52.905225 	-53.925850 	-57.340892 	-58.399547 	-59.877705 	-59.510842 	-61.496313 	-58.507884 	-58.432521 	-57.876046 	-61.978310 	-59.297661 	-61.007693 	-58.624369 	-59.698350 	-60.296474 	-59.107186 	
9.316037 	4.715124 	-1.429731 	-3.731487 	-4.679253 	-6.013148 	-6.732169 	-8.599472 	-9.538297 	-10.637341 	-8.685183 	-11.110361 	
8.996665 	8.048200 	4.458022 	-13.450796 	-12.687140 	-32.458412 	-33.973904 	-39.111280 	-54.561985 	-54.702619 	-54.413197 	-59.468966 	-58.447315 	-59.503250 	-60.435113 	-58.162741 	-60.713801 	-60.064859 	-57.277609 	-58.205176 	-61.784798 	-58.474181 	-59.715225 	-58.592871 	-59.573341 	-57.705324 	-59.221785 	
9.196488 	4.354217 	1.084478 	0.560441 	-8.949710 	-8.492054 	-14.736251 	-14.854989 	-19.247645 	-18.379609 	-18.288202 	-21.690681 	-22.017631 	-30.760976 	-27.292476 	-28.101163 	-26.316808 	-29.476804 	-30.739701 	-30.524745 	-31.476692 	-30.938497 	
9.977576 	4.716885 	3.346588 	-0.105177 	1.878119 	-6.212121 	-16.716974 	-20.576667 	-23.449445 	-22.261270 	-23.106519 	-23.808889 	-26.280690 	-25.021648 	-23.881430 	-27.803445 	-28.050740 	
9.543198 	-0.846038 	-13.914921 	-15.519783 	-21.116252 	-28.323439 	-46.171734 	-49.598277 	-57.176757 	-58.193449 	-60.881450 	-59.439494 	-56.859207 	-57.268109 	-57.261561 	-58.318798 	
9.012432 	-5.868519 	-6.546116 	-12.362014 	-26.565043 	-34.314836 	-54.703297 	-58.062408 	-59.421689 	-58.370450 	-59.391178 	-59.085511 	-58.266012 	-58.850822 	
9.396876 	5.847574 	4.281489 	-10.281131 	-27.910351 	-52.095456 	-57.551447 	-59.856792 	-58.528389 	-63.006136 	-60.115665 	-60.939142 	-57.971634 	-58.507038 	-60.014083 	-58.528439 	-58.669813 	-58.662731 	
10.065135 	1.639227 	-3.076327 	-6.095362 	-27.669882 	-32.213356 	-31.950180 	-36.525885 	-42.057506 	-48.593249 	-58.277171 	-56.888074 	-57.724960 	-57.163038 	-57.600408 	-59.119424 	-58.563523 	-58.093855 	-60.482296 	-59.114247 	-57.105289 	-56.710594 	-59.675490 	-59.753277 	
9.247904 	6.730411 	4.220137 	-0.665449 	2.487063 	-2.580589 	-0.831775 	1.655855 	-0.495649 	-7.206854 	-0.298045 	-1.101937 	-1.930482 	-2.513217 	-4.788319 	-4.476867 	-4.052738 	-6.222677 	-4.069836 	-5.340650 	-4.043313 	-6.861674 	-7.576415 	-7.398980 	-13.700185 	-9.420323 	-7.268405 	-8.546206 	-9.131812 	-9.764579 	-11.979929 	-9.853435 	-9.758054 	-11.595709 	-11.920955 	
