8.450471 	6.716396 	5.721606 	5.892356 	3.572505 	2.978023 	-0.429451 	-7.058750 	-6.098734 	-13.819694 	-15.467761 	-16.522909 	-17.177517 	-18.790410 	-19.416417 	-20.970202 	-22.268123 	-26.343323 	-27.324753 	
9.328063 	-4.963387 	-8.076185 	-24.150314 	-33.065944 	-40.857275 	-44.068076 	-43.194841 	-45.610904 	-51.257161 	-53.929819 	
8.876118 	-7.562837 	-14.605587 	-25.987242 	-32.156596 	-36.415479 	-42.146070 	-42.373575 	-46.542265 	-53.843614 	
8.981012 	3.995666 	6.542108 	3.625839 	4.077475 	2.019050 	0.011406 	1.171234 	0.209681 	-1.459649 	1.382720 	-1.359148 	-1.912318 	0.312654 	-0.437017 	-0.840565 	-1.447308 	-0.857314 	-3.028109 	-0.785307 	-2.459002 	-0.865919 	-1.059953 	-0.729655 	-3.150901 	-3.231569 	-2.973842 	-2.389099 	-2.061704 	-2.438180 	-2.312590 	-2.941405 	-2.210909 	-3.289387 	-3.598616 	-2.569119 	-4.957106 	-3.095852 	-3.856549 	-3.211438 	-3.266466 	-4.211553 	-3.374747 	-7.476637 	-4.959561 	-5.297617 	-5.402793 	-5.103091 	-5.698716 	-4.540399 	-3.774560 	-4.437944 	-5.151404 	-4.998755 	-4.680076 	-4.779513 	-5.686504 	-5.508010 	
8.598849 	0.542948 	-0.265562 	-3.979997 	-10.408870 	-13.938287 	-22.045049 	-23.036682 	-24.763423 	-24.951824 	-25.932199 	-36.752636 	-40.653316 	-43.388532 	-42.516099 	-49.257272 	-47.653029 	-50.727413 	-52.345767 	-52.644416 	
8.365187 	2.692025 	3.453427 	-1.866385 	-6.636948 	-9.402228 	-10.636566 	-7.730604 	-13.987575 	-12.408883 	-14.769008 	-15.660004 	-16.496336 	-18.028892 	-17.137087 	
8.952569 	3.932170 	-18.109742 	-22.257708 	-52.635136 	-58.562736 	-58.198543 	-58.407819 	-59.518103 	-60.258667 	-61.367220 	-58.236585 	-66.056622 	-58.564076 	
9.129429 	-5.199590 	-5.717229 	-5.231539 	-5.297848 	-6.277141 	-12.161463 	-32.100361 	-32.040121 	-35.502784 	-39.949240 	-40.124978 	-42.141269 	-44.436544 	-44.768443 	
8.854789 	-0.145176 	-0.907700 	-5.530007 	-20.886123 	-30.372880 	-46.798741 	-57.999565 	-59.718930 	-58.276328 	-57.849537 	-58.439141 	-59.963512 	-60.345136 	-58.308119 	-58.837423 	-58.398820 	
9.200618 	8.101190 	-29.886494 	-36.039427 	-36.719094 	-58.504919 	-59.371043 	-59.992030 	-61.161485 	-58.956162 	-57.721809 	-59.227000 	-62.267364 	-59.302412 	-58.136312 	-58.872667 	-61.844165 	
9.869747 	6.527912 	-3.284801 	-4.828275 	-6.797765 	-27.553551 	-32.437867 	-35.670453 	-36.511690 	-39.661362 	-39.151169 	-42.023223 	
10.007636 	5.508191 	-18.044345 	-20.295984 	-21.376185 	-21.246950 	-39.646198 	-53.273494 	-59.187305 	-57.789456 	-59.757619 	-57.546598 	-60.714644 	-56.877360 	-56.986887 	-60.034735 	-58.482351 	-57.637150 	-56.904976 	-57.481718 	-59.524606 	
