9.050797 	6.665311 	-4.862883 	-13.698564 	-29.084828 	-32.730087 	-39.875031 	-55.031217 	-59.184777 	-58.904217 	-58.869327 	-59.592145 	-58.279711 	-57.765358 	-58.899815 	-59.401664 	-60.371077 	-58.684472 	-58.954781 	-59.468577 	
9.157557 	7.199405 	-0.239724 	-7.677551 	-8.993286 	-8.173168 	-43.813576 	-58.148808 	-57.841138 	-60.596376 	-58.505224 	-57.118601 	
9.357244 	-2.263869 	-15.178508 	-46.884113 	-50.490375 	-60.019743 	-57.919642 	-60.981929 	-62.467161 	-61.721399 	-57.995310 	-57.886142 	-59.890956 	-57.928270 	-60.219521 	
9.374776 	-7.657951 	-59.814067 	-58.395838 	-59.925110 	-59.699255 	-60.875223 	-58.805650 	-58.965774 	-59.708988 	-58.233590 	-58.889551 	-60.288884 	-60.205859 	-58.445990 	-59.202261 	-58.864373 	-60.999270 	-63.458572 	-59.712781 	-61.012011 	-61.262337 	-61.193939 	-59.339353 	
9.193813 	0.538661 	-6.607728 	-24.722345 	-44.244802 	-55.992751 	-61.152423 	-58.309989 	-61.045797 	-59.045122 	-60.534896 	-60.611891 	-58.587019 	-60.875500 	
9.730547 	6.299864 	-12.011578 	-11.316753 	-11.074376 	-13.933987 	-24.464637 	-25.548419 	-34.078877 	-38.172821 	-42.775224 	-42.237870 	-44.780626 	-53.552509 	
9.079849 	6.512303 	4.153289 	3.457170 	-0.824659 	-0.381967 	-3.759029 	-1.319439 	-3.854237 	-3.081116 	-5.847936 	-3.505640 	-3.817224 	-4.727046 	-4.279270 	-4.758086 	-5.102007 	-6.383156 	-8.700340 	
9.436767 	1.095116 	-4.419965 	-3.291030 	-3.184479 	-8.070184 	-10.869281 	-10.119882 	-12.065144 	-12.353625 	-12.643395 	-15.009228 	-18.821588 	-15.335790 	-15.584130 	-17.111889 	-15.327031 	-18.369161 	
9.361353 	-40.462257 	-58.196607 	-60.253780 	-58.537423 	-58.611609 	-60.552962 	-59.394898 	-57.431629 	-60.022014 	-57.723946 	
9.367246 	1.484746 	-11.279924 	-14.353485 	-19.913894 	-22.882463 	-47.783293 	-47.177245 	-61.253182 	-58.571284 	-59.140296 	-60.415591 	-59.853597 	-60.003409 	-59.126928 	-63.750856 	-59.323980 	-58.361771 	-59.156871 	-59.482416 	-60.734216 	-59.802136 	-58.168384 	-59.712209 	
9.405833 	6.943773 	1.302754 	-1.525898 	-0.762248 	-0.814913 	-2.593714 	-2.348181 	-2.088149 	-1.434121 	-2.767787 	-1.489869 	-2.846997 	-2.350298 	-2.236237 	-7.599169 	-1.763516 	-2.314524 	-2.438035 	-2.097588 	-3.651982 	-1.627550 	-2.553030 	-2.416722 	-2.808528 	-5.321309 	-2.794724 	-2.146146 	-3.915623 	-7.810064 	-3.332384 	-3.035567 	-7.334731 	-2.937603 	-7.986899 	-2.040048 	-3.257407 	-3.441111 	-1.912087 	-5.324090 	-4.138698 	-5.605064 	-4.876631 	-4.273457 	-5.124139 	-3.386783 	-3.356322 	-3.868046 	-3.002185 	-3.006617 	-5.843892 	-3.510893 	-3.490800 	-3.709202 	-5.783907 	-3.722541 	-4.785534 	-4.994464 	-3.536775 	-2.003084 	-6.472389 	-7.528677 	-4.380419 	-4.850849 	-8.423526 	-4.075171 	-4.404236 	-2.732722 	-4.874940 	-3.599742 	-5.901913 	
9.438904 	-3.435544 	-4.221651 	-9.994614 	-18.159474 	-58.852083 	-58.793240 	-59.912195 	-60.632458 	-58.102425 	-58.127949 	-59.956344 	-61.890068 	-59.371667 	-58.375963 	-59.601245 	-62.304209 	
9.261722 	-1.078503 	-1.913559 	-4.775836 	-23.534432 	-26.304896 	-26.545312 	-28.885295 	-40.076331 	-45.174479 	-54.381919 	-54.164804 	-54.445797 	-55.964455 	-58.352168 	-56.580090 	-56.989144 	-57.584832 	-57.515922 	-60.636573 	-59.209519 	-57.816212 	-57.773780 	
9.472883 	-2.462088 	-1.305048 	-7.496749 	-3.388364 	-5.923780 	-4.929176 	-6.875838 	-14.240601 	-9.177001 	-13.227988 	-14.372571 	-16.934502 	-15.822498 	-17.398985 	-16.814338 	-17.362937 	-21.241863 	-20.574061 	-20.757640 	-21.351421 	-25.165912 	-24.257403 	
9.458988 	3.346546 	5.029873 	3.739276 	2.797185 	2.626396 	-1.658152 	-1.571967 	-2.350858 	-3.051866 	-7.219867 	-6.456922 	-10.805142 	-10.686915 	-9.286649 	-11.230163 	-11.379891 	-11.060101 	-13.835651 	-12.702183 	
9.617336 	3.118046 	3.121187 	3.976715 	-1.613081 	-45.844218 	-51.796136 	-50.581689 	-51.393695 	-58.949711 	-57.372464 	-58.905900 	-57.788218 	-57.936827 	
9.218404 	-21.506294 	-38.975066 	-60.126889 	-58.082588 	-59.880519 	-58.982883 	-58.529561 	-59.398202 	-60.074660 	-60.778492 	-59.129374 	-59.780994 	-60.258012 	-58.455126 	-59.105861 	-59.929893 	-59.720841 	
9.077359 	-11.129335 	-33.486856 	-45.267250 	-45.840259 	-55.627857 	-60.905127 	-59.326943 	-58.697578 	-58.849070 	-58.546637 	-59.282557 	-59.805213 	-58.374125 	-61.588573 	-57.956186 	-59.989697 	-60.484102 	
9.173483 	2.618041 	0.102600 	-6.247196 	-32.693580 	-39.190404 	-39.468879 	-57.543639 	-60.225880 	-61.097765 	-57.421342 	-60.405457 	-58.720490 	-58.302897 	-62.089601 	-58.413072 	-59.067111 	-59.717854 	
9.603093 	-18.595169 	-30.970041 	-37.153929 	-46.983397 	-58.671519 	-57.671956 	-57.684042 	-57.175427 	-59.692214 	-57.405212 	-56.836295 	-60.915338 	
