9.155810 	-14.659465 	-14.605975 	-27.624360 	-59.502247 	-59.099109 	-58.520472 	-61.542018 	-60.329091 	-59.946612 	-59.787664 	-58.335500 	-57.465342 	-60.149278 	-59.739527 	
9.364843 	-13.516425 	-36.322170 	-40.387490 	-57.922943 	-59.536014 	-59.986142 	-62.205822 	-58.733202 	-57.452488 	-59.092852 	-60.838171 	-58.977607 	-59.449953 	-59.334732 	
9.016611 	4.126623 	2.749496 	1.530411 	-1.649546 	-2.055130 	-7.284458 	-8.333329 	-9.510312 	-9.197864 	-8.849812 	-13.707390 	-16.677238 	-17.169903 	-19.418576 	-22.672145 	-23.150067 	-26.068431 	-29.387263 	-29.794908 	-26.958483 	-30.063417 	-30.382759 	-32.895026 	
9.321118 	4.964410 	-12.402688 	-23.196740 	-23.472296 	-37.064867 	-40.421949 	-40.478717 	-43.511921 	-47.300654 	-46.930635 	-48.341891 	-51.043966 	-53.270977 	-56.606222 	-56.977138 	
9.553240 	-16.183243 	-18.843942 	-35.964888 	-58.739161 	-58.862022 	-58.015449 	-57.700546 	-58.118522 	-60.551363 	-57.533465 	-60.080239 	-57.258829 	-57.863379 	-58.345652 	
8.544243 	7.797274 	6.670452 	7.255073 	4.194245 	2.451528 	0.316280 	-3.945755 	-11.951722 	-14.137281 	-17.916303 	-21.263855 	-22.230116 	
8.988971 	-11.135203 	-29.548391 	-32.660572 	-40.238145 	-57.251227 	-59.470868 	-59.085422 	-58.589151 	-60.067285 	-58.164046 	-59.252901 	-61.170434 	-60.574843 	-60.523441 	-60.666220 	-61.321937 	
9.348467 	1.952694 	1.198629 	-25.686772 	-34.234659 	-33.627347 	-37.157667 	-38.422691 	-55.091158 	-56.056817 	-56.711587 	
8.730443 	-2.574832 	-9.110487 	-10.382038 	-47.543390 	-50.376730 	-54.110823 	-62.080890 	-59.099838 	-59.908552 	-58.005922 	-58.554555 	-58.689445 	
9.174150 	-19.500550 	-43.051406 	-58.281922 	-58.638433 	-58.505534 	-61.296693 	-61.578896 	-61.401940 	-59.319044 	-58.356705 	-58.721893 	-59.031866 	-59.768703 	-58.083636 	-58.604832 	-59.589146 	-60.368016 	-60.839981 	-58.559012 	-59.427252 	
8.982074 	6.346483 	-4.435995 	-2.275368 	-13.243632 	-12.925707 	-14.800511 	-14.065533 	-28.369878 	-32.303134 	-29.753461 	-30.217283 	-32.083067 	-35.958488 	-37.337645 	-36.474934 	-37.817399 	
8.815575 	5.119910 	5.886758 	5.696002 	4.285936 	5.848580 	-1.762267 	-14.807261 	-16.922021 	-20.284000 	-20.666090 	-26.932488 	-30.003786 	-36.491472 	-36.548660 	-39.328333 	-44.267345 	-46.586518 	-47.408540 	
8.433850 	4.446081 	0.987086 	-15.944300 	-27.042115 	-39.032051 	-57.956900 	-58.235358 	-61.077272 	-59.083324 	-58.051222 	-60.244746 	-58.787095 	-59.441988 	-60.866404 	
8.413198 	-11.943696 	-25.470258 	-41.216856 	-56.764936 	-58.490118 	-60.254045 	-58.829164 	-60.149486 	-59.403470 	-59.731281 	-58.166690 	
9.046933 	2.617781 	0.014307 	2.307633 	-1.524171 	0.927274 	0.780415 	0.572553 	-0.573327 	0.231374 	-0.349608 	-1.184925 	-5.686380 	-2.390135 	-1.018667 	-1.100334 	-2.814091 	-1.290408 	-4.204746 	-0.766064 	-0.602172 	-0.945393 	-2.645164 	-2.322130 	-1.371324 	-1.836179 	-4.360120 	-3.071009 	-3.280476 	-3.136624 	-3.339550 	-3.044659 	-2.485906 	-1.471183 	-3.646142 	-4.157527 	-2.956330 	-2.418478 	-4.537897 	-1.451413 	-2.293978 	-2.655808 	-2.688001 	-2.253210 	-3.606739 	-3.445388 	-3.334264 	-4.660456 	-2.861859 	-2.982013 	-1.741686 	-6.406898 	-4.159621 	-3.112521 	-1.405986 	-2.632644 	-4.992704 	-4.923768 	-5.144743 	-3.485618 	-4.759546 	-3.536835 	-2.162689 	-2.826485 	-3.982594 	-2.861472 	-3.869029 	-3.346504 	-4.261226 	-2.925548 	-8.558523 	-5.617400 	-3.313441 	-5.030280 	-5.406179 	-3.550403 	-4.379119 	-6.087107 	-3.534269 	-8.962532 	-3.285042 	-4.962951 	-4.607438 	-4.058124 	-4.206085 	-3.048619 	-7.689612 	-4.164070 	-2.603120 	-4.925909 	-3.013320 	-3.739290 	-4.207258 	-5.624003 	-3.503770 	-4.729200 	-6.481829 	-2.999760 	-3.828487 	-4.290243 	-4.379477 	-3.596443 	-3.849979 	-5.936428 	-4.677556 	-4.620593 	-6.725678 	-4.675319 	-6.767187 	-3.584200 	-3.792433 	-4.300241 	-4.091261 	
8.620253 	5.726457 	-14.420733 	-18.666835 	-21.379186 	-21.723216 	-22.211538 	-23.273632 	
8.999581 	3.185048 	1.201658 	2.700394 	1.720576 	-1.884248 	0.052695 	-1.106283 	-1.473319 	-4.660115 	-6.229275 	-4.176750 	-3.610118 	-6.340832 	-5.805981 	-5.477948 	-3.740396 	-5.398900 	-5.643494 	-5.892041 	-6.794405 	-5.977419 	
9.380440 	-22.056201 	-20.660803 	-40.985185 	-59.587789 	-59.553046 	-60.033814 	-58.780333 	-57.779577 	-58.280739 	-60.005204 	-58.213754 	
9.238381 	3.415553 	4.264774 	4.122222 	3.671410 	1.233452 	0.803386 	-0.647992 	-2.046482 	-4.192407 	-2.859274 	-4.196901 	-3.042274 	-4.322742 	-4.777166 	-5.297603 	-4.348740 	-3.741928 	-6.011548 	
9.586713 	0.287287 	-5.167643 	-15.309646 	-32.256943 	-37.663130 	-44.523941 	-43.718466 	-46.130781 	-44.909411 	-49.156538 	-50.944758 	-52.526700 	-57.090135 	-62.807067 	
