8.604872 	-0.704063 	-3.641006 	-5.508037 	-19.511090 	-22.309501 	-27.976104 	-29.685060 	-30.698650 	-38.963746 	-52.549680 	-57.405513 	-59.194502 	-59.993026 	-58.895797 	-59.063849 	-61.876408 	-60.146838 	-59.766254 	-58.682304 	-58.370810 	-59.600033 	-58.311163 	-59.830301 	-59.335960 	-58.508343 	-60.504333 	-59.526415 	-61.242953 	-60.813272 	-59.735021 	
8.665603 	8.630645 	-3.783177 	-2.708128 	-6.433229 	-12.313434 	-13.321407 	-16.060354 	-19.261336 	-23.064978 	-25.337931 	-26.299807 	-30.397481 	-26.829631 	
8.748968 	-14.574300 	-16.837727 	-43.027942 	-43.200773 	-48.907597 	-53.830283 	-58.394844 	-60.873569 	-57.957755 	-61.814396 	-58.414971 	-57.848150 	-58.046627 	-63.975904 	-58.821679 	-59.562313 	-59.762108 	-61.365660 	-59.779863 	-62.707345 	-61.012447 	-58.951435 	
9.421846 	2.336272 	-3.013042 	-4.668640 	-8.185216 	-4.648503 	-14.331992 	-15.404885 	-17.578478 	-16.786792 	-20.730912 	-18.070678 	-21.432728 	-22.319512 	-22.100661 	
8.880049 	-1.416843 	-3.266793 	-10.248041 	-12.358402 	-14.044666 	-19.187301 	-23.412520 	-23.412118 	-26.504743 	-34.837373 	-44.743215 	-45.212803 	-46.541427 	-46.205903 	-50.536308 	-51.428638 	-53.721432 	-54.145499 	
9.424835 	-1.670441 	-4.531714 	-36.391695 	-40.090752 	-42.666630 	-48.518335 	-57.570266 	-60.030851 	-58.564318 	-59.645640 	-58.360338 	-58.275104 	-59.038058 	
9.345891 	4.229363 	-8.523114 	-17.320322 	-14.762704 	-15.737632 	-20.919936 	-22.764544 	-24.952360 	-29.067309 	-26.612072 	-27.598400 	-28.928412 	-30.026341 	-29.942081 	-30.129063 	-35.827451 	-35.619669 	-35.732258 	-40.701628 	-36.688406 	
9.023125 	7.838188 	4.367110 	5.468611 	2.225846 	5.880459 	5.678698 	5.474260 	5.625665 	1.160840 	-1.310987 	-2.961713 	-3.214917 	-2.905805 	-4.103228 	-3.817046 	-7.134698 	-5.042503 	-7.668277 	-4.495426 	-7.341823 	-6.905552 	-6.917308 	-7.285027 	-9.097387 	-8.558949 	-11.280232 	-8.626008 	-11.007581 	-12.012446 	-8.831584 	-9.247812 	-10.374509 	
9.196640 	1.111065 	1.219874 	-2.697766 	-40.150959 	-45.043493 	-52.053554 	-57.921804 	-58.481745 	-58.368915 	-58.973097 	-58.994690 	-59.424775 	-58.774105 	-62.023030 	-57.884565 	
9.391924 	-20.581951 	-21.033168 	-27.216988 	-34.636293 	-46.718673 	-49.437022 	-51.112840 	-53.359663 	-53.879552 	-55.197175 	-57.416608 	-58.300132 	-57.089029 	-57.000999 	-58.093999 	
9.173829 	-9.249007 	-6.412092 	-8.250518 	-11.220506 	-31.320425 	-31.630165 	-39.161221 	-42.481822 	-41.920348 	-47.901243 	-50.942477 	-56.450758 	
9.495589 	5.435884 	4.817597 	2.743979 	-3.575643 	-3.020468 	-5.340143 	-7.171796 	-6.251901 	-7.470010 	-8.405258 	-9.201503 	-10.027136 	-11.665690 	-14.052799 	-13.746660 	-15.630986 	-14.601593 	-15.376361 	-14.262373 	-15.561758 	-16.506822 	-16.904605 	-17.874698 	
9.655230 	6.328800 	4.108105 	4.705441 	-1.745656 	-1.441145 	-7.203228 	-9.488636 	-12.800492 	-12.470781 	-13.978159 	-16.225672 	-20.799519 	-22.768380 	-34.974492 	-30.518117 	-36.406661 	-37.094157 	-37.351636 	-39.692253 	-40.105125 	-42.896899 	
9.531742 	4.010153 	4.112153 	3.537148 	2.032755 	-0.089346 	-2.646119 	-1.485783 	-3.917552 	-4.313831 	-7.204418 	-8.323825 	-6.669582 	-8.147922 	-11.300139 	-11.985558 	-12.151250 	-12.979582 	-12.538723 	-14.834155 	-17.193193 	-16.776607 	-17.727726 	-17.926823 	-17.656173 	-18.522231 	-20.482785 	
9.507984 	-9.381101 	-11.118829 	-13.883931 	-17.417257 	-21.303957 	-21.974301 	-25.036143 	-27.215402 	-32.619648 	-29.185683 	-33.051850 	-33.846249 	-35.671468 	-36.634795 	-35.298632 	-42.073752 	-38.693768 	-39.099445 	-38.725145 	-41.459202 	
9.762864 	-2.643260 	-6.172342 	-8.539568 	-11.147148 	-11.565539 	-14.627140 	-16.078472 	-17.824236 	-18.024269 	-22.563995 	-26.130576 	-28.385856 	-29.514323 	-29.208992 	-31.378486 	-30.078562 	-32.122566 	-33.100803 	-35.925236 	-40.760250 	
9.214385 	3.577424 	4.373148 	3.782484 	2.732032 	1.814677 	0.611180 	0.067795 	0.889216 	-1.594209 	1.444102 	1.971342 	-1.698612 	1.379350 	-0.942563 	-1.821328 	-0.516368 	1.324046 	1.861250 	-0.616717 	-0.337741 	-0.939756 	0.200302 	-4.011721 	-0.219873 	-0.339797 	-0.382628 	-0.923422 	0.414743 	-0.717247 	-3.097262 	-0.733174 	-0.883315 	0.513445 	-0.257047 	-0.295605 	-3.048599 	-0.010085 	-1.798018 	-2.433074 	0.852314 	-3.653751 	0.092704 	-1.589494 	-1.852519 	-1.041561 	-1.889210 	-1.135999 	-0.644078 	0.485830 	-1.451341 	-1.525912 	-5.845940 	-1.709212 	-1.905928 	-1.892533 	-3.493216 	-0.809516 	-1.190281 	-2.400520 	-1.403923 	-1.869739 	-1.051538 	-1.670087 	-2.631017 	-1.170053 	-2.314292 	-0.698353 	-3.746858 	-0.646789 	-1.894556 	-1.891685 	-1.607982 	-1.744281 	-4.374074 	-1.686326 	-4.585430 	-2.242498 	-1.196872 	-2.041429 	-2.031384 	-2.632335 	-2.435674 	-4.178447 	-0.560308 	-2.252855 	-5.539798 	-2.407536 	-2.286009 	-1.638025 	-5.787711 	-3.264116 	-1.833900 	-2.640340 	-2.895499 	-2.451980 	-2.822105 	-5.128851 	-2.008133 	-4.445986 	-2.225652 	-2.058064 	-2.011451 	-3.485477 	-1.319917 	-3.963239 	-3.480331 	-1.568543 	-2.612901 	-2.510238 	-4.195316 	-3.451762 	-1.087021 	-3.768239 	-2.292985 	-2.383552 	-2.158245 	-3.332880 	-3.029117 	-2.166815 	-2.930438 	-2.683668 	-2.679811 	-2.255477 	-9.574562 	-6.484670 	-3.850660 	-3.339455 	-2.960701 	-1.941216 	-3.253547 	-4.832288 	-2.604998 	-2.793019 	-3.567179 	-3.273102 	-2.980072 	-6.112197 	-3.215420 	-3.567681 	-4.071463 	-5.101765 	-4.143355 	-4.042919 	-2.174951 	-2.713371 	-3.985118 	-3.849761 	-3.278970 	-3.225783 	-2.239633 	-2.521702 	-3.520060 	-4.121418 	-4.159893 	-2.443135 	-4.856270 	-3.074795 	-2.343648 	-3.146844 	-8.773422 	-5.317138 	-4.988992 	-5.152651 	-4.416506 	-3.616776 	-9.663216 	-4.006707 	-2.343027 	-3.571346 	-2.814135 	-7.672286 	-4.753022 	-5.918812 	-2.478561 	-4.091917 	-4.619998 	-3.517264 	-4.438315 	-4.583274 	-7.424662 	-3.026921 	-5.950863 	-3.981426 	-3.465819 	-2.505628 	-5.953890 	-3.875031 	-4.792274 	-4.921038 	-4.034642 	-2.991642 	-5.113980 	-3.607019 	-6.700410 	-5.267706 	-4.290651 	-4.533784 	-4.172350 	-4.144119 	-3.648817 	-4.705645 	-5.436365 	-3.791328 	-7.207872 	-3.563599 	-5.250181 	-3.042531 	-5.304325 	-3.951956 	-3.217738 	-4.427958 	-3.696226 	-3.976587 	-4.120107 	-3.404324 	-4.279779 	-7.291906 	-2.810537 	-3.601484 	-4.042782 	-7.422468 	-9.720987 	-3.367563 	-4.955577 	-7.838055 	-2.845286 	-5.978393 	-6.028847 	-4.835932 	-4.974413 	
8.969087 	-1.794362 	-8.467483 	-9.392509 	-19.421899 	-20.844456 	-33.538357 	-41.200408 	-41.308862 	-43.983260 	-45.775398 	-45.927455 	-55.094231 	-57.664746 	-57.613160 	
