8.806107 	6.167740 	-7.823402 	-36.628926 	-43.570437 	-59.727323 	-59.350332 	-61.430795 	-59.093574 	-57.633831 	-61.588230 	-59.104809 	-58.363090 	-58.688151 	-59.144774 	-57.866300 	
9.149088 	-3.352171 	-11.418487 	-18.729605 	-17.189909 	-22.082184 	-29.602548 	-54.493175 	-57.053053 	-57.742334 	-61.438382 	-57.640229 	-60.648103 	-58.724861 	-58.075148 	-58.820174 	-59.215802 	-57.532613 	-61.486282 	
9.605233 	-1.646008 	-16.562331 	-20.008045 	-48.394659 	-61.283617 	-58.195210 	-57.772446 	-58.355282 	-57.639109 	-58.169836 	-58.416458 	-58.044850 	-61.070253 	-58.527724 	-57.237768 	-60.178956 	
8.922534 	-5.600308 	-12.107646 	-20.206596 	-21.527960 	-23.228812 	-26.295953 	-38.912675 	-42.539056 	-60.338215 	-60.361846 	-60.615711 	-61.026660 	-59.856277 	-57.759276 	-58.923448 	-59.403994 	-60.615291 	-59.791085 	-57.781229 	-59.178531 	
8.993980 	3.679384 	7.387635 	6.014923 	6.415977 	5.742030 	4.306588 	2.454917 	2.336836 	3.274789 	3.635929 	2.629877 	0.765958 	1.148579 	1.839576 	0.088890 	1.253549 	0.276846 	-2.104815 	0.194443 	-2.882508 	-0.741002 	-0.569040 	-0.985162 	-1.550771 	-2.013714 	-0.052563 	-1.321808 	-0.228202 	-1.050378 	-0.666554 	-1.533222 	-1.564282 	-1.957189 	-2.008694 	-2.518086 	-4.365085 	-1.073591 	-3.713812 	-2.003115 	-1.609105 	-1.946836 	-2.575766 	-0.477062 	-0.912768 	-1.787660 	-0.329957 	-1.761176 	-3.718910 	-4.383660 	-1.498309 	-1.378901 	-3.399883 	-3.329728 	-2.793445 	-3.598237 	-3.469655 	-3.459856 	-3.083377 	-2.825578 	-2.917504 	-3.601484 	-3.586464 	-3.528387 	-3.292449 	-4.201599 	-3.756217 	-4.596301 	-4.552992 	-6.216514 	-3.107226 	-3.295404 	-4.487277 	-5.421119 	-2.486738 	-4.600963 	-4.439355 	-4.624018 	-7.037026 	-5.977881 	-4.548479 	-3.472789 	-7.179806 	-3.225184 	-7.190596 	-3.357306 	-5.224859 	-3.394251 	-3.290038 	-6.310149 	-6.201643 	-3.823653 	-5.997080 	-2.568476 	-3.465987 	-4.611474 	-9.289097 	-4.192927 	-7.842075 	-4.309619 	-5.148800 	-5.101006 	-4.130518 	-3.146976 	-8.454129 	-3.758546 	-4.737043 	
9.139512 	4.667973 	-2.311515 	-3.273532 	-12.843861 	-26.307607 	-33.465733 	-33.685358 	-40.759485 	-44.725091 	-51.109075 	-57.659121 	-58.982022 	-58.209276 	-58.849971 	-60.475858 	-57.477964 	-62.001664 	-58.269823 	-58.123538 	
9.593582 	-10.894181 	-11.653358 	-19.157542 	-33.572820 	-41.303894 	-41.244072 	-47.036317 	-50.242074 	-54.348887 	-55.298131 	-57.942391 	
9.540397 	-2.579860 	-10.831262 	-28.349314 	-29.453775 	-31.933555 	-37.242790 	-39.368611 	-52.710367 	-60.244031 	-57.917942 	-58.152571 	-57.879838 	-58.683683 	-59.476214 	-58.285393 	-58.316805 	-56.781709 	
9.638654 	-19.209347 	-27.573008 	-33.401829 	-34.869356 	-59.970628 	-59.566725 	-59.722711 	-58.174176 	-57.808343 	-58.645256 	-57.619567 	-61.720706 	-60.534536 	-57.807210 	
8.857641 	-3.080548 	-6.983793 	-9.984771 	-9.788873 	-13.657180 	-26.259673 	-25.780608 	-34.337653 	-55.275312 	-60.602745 	-59.638514 	-59.725685 	-59.193816 	-59.730632 	-59.792290 	-58.139686 	-58.341620 	
9.543568 	1.808025 	-2.771121 	-33.840822 	-39.582406 	-45.261350 	-58.913749 	-58.378270 	-58.819141 	-60.080293 	-59.563960 	-57.470857 	-57.553941 	-59.035321 	-58.952849 	-60.552384 	-59.492685 	
8.770167 	-9.104009 	-10.106893 	-13.495559 	-17.540940 	-40.143363 	-41.507067 	-47.032196 	-42.751681 	-45.127047 	-47.087970 	-51.928148 	-54.410778 	-53.641346 	-56.057119 	-56.929347 	
9.408672 	-59.782582 	-60.109759 	-58.913687 	-58.573423 	-58.071327 	-57.921974 	-58.615556 	-60.454423 	-60.001113 	-57.508970 	-58.883776 	-57.510202 	-59.029661 	-58.138768 	-58.357665 	-57.940402 	-58.028803 	-60.596412 	-59.706437 	-60.683357 	
9.123127 	0.152502 	-3.527313 	-12.016533 	-18.679969 	-30.752334 	-42.426177 	-58.758003 	-58.303181 	-57.231499 	-58.550508 	-59.978189 	-58.900866 	-58.366866 	-61.214045 	-59.437680 	
8.623692 	-6.868257 	-33.265135 	-35.121241 	-34.248092 	-37.422636 	-39.357865 	-59.567172 	-59.592679 	-60.197633 	-60.032812 	-58.234276 	-58.432650 	
9.148411 	5.320846 	6.395802 	0.742098 	-1.390904 	-7.944144 	-4.153299 	-4.347086 	-4.321825 	-4.749540 	-7.663731 	-6.465939 	-5.710745 	-6.779564 	-9.875092 	
9.039158 	-4.067819 	-4.076670 	-11.841168 	-15.402306 	-37.809692 	-55.329943 	-57.440555 	-60.216987 	-57.793257 	-57.393323 	-57.122812 	
8.997277 	3.404149 	-11.806227 	-36.844914 	-56.700378 	-58.463240 	-58.889013 	
9.661505 	7.472574 	2.421243 	2.492689 	2.161818 	-1.805184 	-0.600417 	2.509279 	-2.431838 	-3.081788 	-2.256447 	-3.933651 	-3.805119 	-4.860110 	-5.199628 	-5.092891 	-7.175958 	-7.745248 	-6.093585 	-7.363909 	-6.885678 	-8.451839 	
8.559414 	6.608334 	-27.083702 	-29.782375 	-60.305137 	-58.377986 	-59.293114 	-60.809775 	-59.977851 	-59.428482 	-59.832571 	-58.983020 	-58.910653 	-58.878020 	
8.782617 	1.302859 	2.541651 	-13.671223 	-14.425790 	-31.676938 	-31.166854 	-30.955201 	-33.847322 	-33.012454 	-35.501045 	-41.596820 	-44.847221 	-46.584795 	
