9.140859 	6.021850 	-7.700573 	-8.366739 	-12.772726 	-22.709147 	-28.550153 	-35.311176 	-34.729599 	-37.110253 	-37.576748 	-39.259376 	-39.159988 	-40.063492 	-45.526227 	-48.914577 	
8.827754 	-1.530772 	-3.158971 	-7.060770 	-11.720812 	-11.424394 	-24.561490 	-25.342401 	-24.928365 	-31.054027 	-33.258507 	-35.890463 	-35.105775 	-42.360068 	-46.829317 	-50.515114 	-52.903894 	-51.514575 	-53.519935 	
9.222222 	-4.716378 	-4.628713 	-21.196186 	-58.912364 	-65.276889 	-61.302413 	-60.651802 	-59.797643 	-62.331355 	-59.805402 	-60.525690 	-59.211668 	-59.758618 	-59.722360 	-62.327069 	-60.387334 	-61.267084 	-59.435693 	-60.420620 	-63.230254 	-59.693456 	-60.341718 	-59.975629 	-59.060949 	-59.820382 	-60.339026 	-61.249442 	-59.816506 	-61.803497 	
8.986753 	-2.830647 	-4.613323 	-14.031249 	-20.077887 	-20.958626 	-57.037293 	-57.664521 	-56.555009 	
9.463415 	4.511323 	-4.950773 	-2.298303 	-4.244729 	-10.990272 	-15.918359 	-19.302549 	-24.976984 	-27.469532 	-33.428399 	-41.150999 	-49.162884 	-49.273636 	-55.584310 	-58.102923 	-56.429768 	
8.904925 	7.319129 	4.296085 	6.775705 	6.228387 	4.477895 	6.365259 	4.756047 	5.414397 	5.836579 	6.253294 	2.863017 	5.758910 	1.197915 	0.859152 	2.080457 	1.575389 	0.411965 	-0.168055 	1.416918 	1.475390 	-0.969829 	1.174346 	-2.511251 	-0.476703 	-1.862416 	-2.440068 	-0.788400 	-2.941624 	-2.614681 	-1.381138 	-3.535436 	-3.373647 	-4.218845 	-3.550457 	-5.798835 	-5.084064 	-2.430405 	-4.253632 	-5.921233 	-3.333305 	-4.883966 	-3.780471 	-5.282319 	-6.367671 	-5.064566 	-6.900482 	-4.832249 	-6.354361 	-6.975546 	-4.577070 	-8.461449 	-5.294755 	-7.273457 	-8.930030 	-8.819142 	
9.588105 	2.691422 	-6.402213 	-18.963542 	-21.465914 	-29.887526 	-28.393041 	-35.983878 	-62.916123 	-60.231728 	-58.890263 	-58.971742 	-59.091777 	-59.001311 	-58.533591 	-58.699843 	-61.814569 	-59.064735 	-61.103710 	-60.275403 	-57.558747 	-58.205126 	-58.305333 	-61.299473 	-58.968967 	-58.343623 	
9.452359 	-1.874286 	-4.038876 	-7.857185 	-10.519507 	-12.297401 	-11.980873 	-14.185820 	-12.563856 	-15.282863 	-14.327168 	-16.420418 	-15.942717 	
9.056389 	-2.688139 	-7.672330 	-20.368337 	-21.820064 	-31.266438 	-40.850794 	-50.388885 	-52.600242 	-51.937524 	-51.409460 	-55.348021 	-52.929801 	-59.592573 	-57.354223 	-60.671939 	-58.155055 	-57.562476 	-59.078040 	-56.977281 	-57.285984 	
9.543175 	0.072295 	-1.976222 	-29.073531 	-29.174711 	-32.374225 	-58.916042 	-58.526696 	-57.703845 	-57.119983 	-58.969299 	-58.573397 	
9.553412 	0.397008 	1.690721 	1.022456 	-4.682026 	-6.118495 	-11.700485 	-13.539870 	-20.615842 	-19.318389 	-20.233989 	-21.588183 	-23.511248 	-24.982099 	-25.705637 	-29.591699 	-28.731569 	-30.932430 	
8.858282 	4.621673 	-2.321458 	-0.931382 	-3.953735 	-9.576800 	-14.859198 	-14.805874 	-18.756036 	-17.170425 	-23.294271 	-32.396166 	-36.266958 	-37.529403 	-44.904332 	-44.735506 	-48.235308 	-51.394899 	-50.940017 	
9.134310 	2.593144 	-4.260131 	-8.967424 	-21.897002 	-25.757048 	-35.295431 	-40.067747 	-36.040135 	-41.147271 	-41.354765 	-43.909697 	-49.132802 	
9.391849 	-4.550502 	-7.479611 	-13.437112 	-16.312737 	-21.073422 	-19.183316 	-20.631774 	-37.667738 	-41.102902 	-39.801328 	-41.184002 	-46.189047 	-49.882311 	
