9.118970 	-45.181164 	-58.347985 	-58.620287 	-62.145852 	-60.177738 	-57.887299 	-58.856260 	-58.506868 	-58.771865 	-58.350490 	-60.466521 	-58.546558 	-57.942650 	
8.736174 	-3.586727 	-6.007388 	-4.293292 	-49.352630 	-57.730947 	-57.567133 	-59.847804 	-58.671228 	-60.752360 	-58.576571 	-57.981906 	-59.933881 	-60.411540 	-60.550587 	-59.269741 	-59.258944 	-62.483506 	-59.550623 	-57.834517 	-58.297940 	-62.640709 	-59.761462 	-60.178865 	
9.205534 	-6.158453 	-16.770278 	-16.700259 	-20.352458 	-28.911397 	-31.287711 	-32.329552 	-33.039742 	-35.204755 	-38.178459 	-34.176653 	-36.223145 	-39.636773 	
9.436674 	6.239508 	-4.651811 	-17.923779 	-28.184384 	-33.945412 	-35.437220 	-39.558886 	-57.243683 	-57.078835 	-59.179640 	-57.099510 	-56.687664 	-57.757796 	-59.031494 	-56.362886 	
9.207458 	-14.756686 	-19.845140 	-34.899694 	-49.399003 	-56.386608 	-58.209544 	-58.960776 	-63.930223 	-58.391217 	-62.133444 	-59.103781 	-58.887300 	-57.763382 	-59.613614 	-58.474037 	-59.807812 	-60.094837 	-61.250224 	-58.266802 	-58.451984 	-58.707032 	-59.108482 	-58.984082 	
8.700331 	7.433674 	5.520433 	-3.769888 	-3.087931 	-6.390077 	-6.113271 	-7.800504 	-9.222765 	-14.172002 	-14.824222 	-16.525900 	-15.431232 	-19.278093 	-18.926363 	-20.024782 	-22.100532 	-21.415983 	
9.073136 	-2.252139 	-20.900549 	-60.190826 	-58.031748 	-58.697787 	-60.608770 	-58.854296 	-60.676656 	-58.717010 	-60.714404 	-60.003065 	-57.381421 	-57.846268 	
9.328579 	4.272583 	-41.241625 	-58.509561 	-58.520584 	-59.013887 	-59.419085 	-61.734010 	-59.188395 	-58.092938 	-59.931284 	-60.115791 	-58.775744 	-58.835117 	
9.376328 	7.073366 	-39.034730 	-58.880456 	-58.082674 	-57.773313 	-57.688378 	-57.350574 	-58.879141 	-61.022494 	-59.482256 	-60.758400 	-58.432176 	-59.519646 	-58.436093 	-62.104893 	-58.086704 	-57.490989 	-57.466523 	-60.784630 	
9.161120 	1.432149 	-42.434582 	-57.669749 	-57.935845 	-59.319650 	-60.083796 	-59.285530 	-58.325666 	-59.810025 	-60.571333 	-60.212915 	-59.232220 	-58.534147 	-60.420920 	-61.273024 	-61.625805 	-58.600564 	-58.481452 	-61.055256 	-59.546539 	-57.441713 	-58.042819 	-59.351637 	-58.523692 	
9.591042 	6.140656 	0.143915 	-7.215126 	-15.069092 	-14.638627 	-29.343597 	-39.759456 	-48.898148 	-48.704288 	-57.211687 	-63.035142 	-58.514532 	-59.121899 	-59.040007 	-59.999824 	-58.037936 	-58.130623 	-60.003314 	-57.827153 	
9.105681 	-44.020158 	-58.274909 	-60.515532 	-58.635292 	-58.040836 	-58.935352 	-61.073538 	-58.499830 	-58.920821 	-58.334523 	-59.173057 	-58.181116 	-57.754561 	-61.928431 	-59.241177 	-59.825689 	-59.521322 	
8.807297 	-0.101765 	-2.874291 	-36.282872 	-58.451808 	-58.376591 	-57.825437 	-59.222414 	-60.647129 	
9.069351 	-0.097822 	-5.913748 	-24.004324 	-25.752831 	-28.891377 	-38.432763 	-57.699005 	-58.867247 	-60.558638 	-59.292852 	-60.932522 	-62.276469 	-58.684808 	-59.833530 	-58.062758 	-61.762546 	-58.385794 	-61.138058 	-58.170524 	-62.726910 	-59.275461 	
9.096576 	-5.451250 	-9.561361 	-17.895050 	-26.259263 	-29.507229 	-58.342706 	-60.553358 	-58.770804 	-58.260444 	-59.787499 	-60.540156 	-59.353440 	-59.684511 	-63.561550 	-59.297894 	-58.637754 	-60.170576 	-60.821641 	-62.648855 	-59.706935 	-58.449218 	-59.769295 	-59.664208 	-60.151252 	
9.502428 	-12.988050 	-27.640889 	-57.578778 	-57.660821 	-57.853528 	-58.122275 	-58.633528 	-57.997060 	-58.343084 	-59.183896 	-57.197932 	-58.942593 	-59.924033 	-59.793204 	-58.397937 	-56.460679 	-57.974607 	-61.353435 	-59.170060 	-58.667367 	
9.474609 	1.158691 	-2.110720 	1.248821 	-1.316821 	-0.951531 	-2.926152 	-7.065782 	-11.524047 	-11.646635 	-14.489022 	-21.973307 	-24.526315 	-28.096743 	-28.800399 	-31.219375 	-31.351245 	-32.081049 	-37.912039 	-35.703224 	-38.081782 	-35.398484 	
9.252715 	0.825483 	-3.275800 	-12.269132 	-40.900288 	-51.862331 	-54.423765 	-54.573766 	-58.051439 	-58.828528 	-58.684914 	-59.706654 	-62.167048 	-60.955788 	-58.262041 	-59.722058 	-59.492425 	-59.734533 	-58.996301 	-61.579695 	-58.083468 	-57.428181 	-61.745258 	
9.519201 	-0.494341 	-7.719356 	-15.913451 	-39.414025 	-42.762650 	-47.023800 	-44.233825 	-46.889084 	-53.416199 	-58.626832 	-59.802616 	-58.503469 	-59.443667 	-63.124547 	-60.793336 	-58.609944 	-57.693417 	-58.082832 	-58.368644 	-58.653156 	-58.406071 	-58.937620 	
9.241124 	-1.388610 	-6.997469 	-12.716503 	-22.674648 	-31.377730 	-53.547878 	-58.396095 	-60.213905 	-58.735164 	-58.883047 	-59.170620 	-58.240249 	-59.988325 	-58.936695 	-59.115302 	-70.701012 	-58.339995 	-59.506073 	-58.879862 	-58.220649 	-59.300637 	
