9.441548 	-3.464758 	-19.329455 	-37.303739 	-41.920611 	-58.400401 	-58.436460 	-57.425778 	-58.914458 	-58.265562 	-60.460356 	-59.087372 	-57.997180 	-58.505522 	-56.941747 	-60.551104 	-58.437884 	-60.237436 	-58.581019 	-59.904882 	-59.313947 	
8.743174 	-4.819241 	-9.368853 	-26.580750 	-32.720041 	-32.939830 	-57.357243 	-57.558019 	-60.262905 	-58.834363 	-60.340905 	-60.473195 	-61.017720 	-59.971696 	-60.180730 	-58.625757 	-58.963889 	-58.359608 	-59.302845 	-58.571334 	-59.723018 	-59.383080 	-63.529356 	-61.127275 	
9.344176 	3.045036 	0.333107 	-8.487375 	-13.119946 	-15.060808 	-16.348482 	-21.396375 	-23.945380 	-26.749844 	-30.225553 	-29.943350 	
9.396241 	6.074741 	0.143540 	-3.190845 	-6.326174 	-7.293465 	-10.048522 	-15.203275 	-19.907398 	-20.295704 	-20.668589 	-21.272398 	-24.351157 	-30.585339 	
9.344865 	0.929776 	-26.436962 	-58.012737 	-57.074493 	-59.061864 	-59.884817 	-59.394251 	-58.777954 	-58.758499 	-59.270326 	-58.559893 	-58.060720 	-60.641740 	-60.680306 	-57.969882 	-59.276174 	
9.950273 	-9.604274 	-11.273070 	-58.496105 	-58.845434 	-58.792113 	-58.962687 	-61.798334 	-59.592654 	-58.516174 	-58.261858 	-58.240383 	-59.310786 	-58.638817 	-60.196224 	
8.940380 	6.994692 	-26.039939 	-59.327533 	-63.570714 	-58.638150 	-59.244379 	-59.039840 	-58.777975 	-59.724705 	-60.117491 	-59.893895 	-60.946637 	-57.746400 	-57.508547 	
9.424605 	-0.768219 	-12.684617 	-18.411346 	-22.052316 	-28.712018 	-29.331393 	-51.369994 	-57.943597 	-57.694194 	-59.363337 	-59.029944 	-59.668250 	-58.906070 	-59.841269 	-58.018508 	-57.403509 	-61.885271 	-58.489281 	-58.484191 	
8.793499 	-0.124704 	-51.064776 	-58.802255 	-57.506038 	-58.891200 	-60.649730 	-60.088772 	-57.731168 	-58.578753 	-61.384220 	-58.580007 	-59.104062 	-58.617967 	-57.895669 	-62.312562 	
10.101329 	-7.957547 	-22.438585 	-20.193692 	-55.560488 	-58.308169 	-61.031437 	-59.860224 	-61.193354 	-57.987904 	-59.839037 	-58.878028 	-62.017879 	-61.436432 	-58.539070 	-59.979310 	-58.249024 	-58.506415 	-59.991089 	-59.166067 	-57.312454 	-58.988416 	
8.456710 	1.114064 	-3.944352 	-2.784388 	-6.260048 	-7.672630 	-16.880048 	-19.227210 	-21.743329 	-22.120709 	-34.620241 	-37.135906 	-38.874196 	-38.377384 	-38.708054 	-46.428781 	-45.284690 	-49.144689 	-52.006562 	
8.752123 	0.960592 	-30.677769 	-38.634268 	-62.982077 	-59.102848 	-61.734397 	-59.292073 	-58.984616 	-59.107109 	-61.731081 	-59.209845 	-59.681304 	-62.373649 	-58.914590 	-60.126447 	-57.984682 	-58.803707 	-63.853007 	-64.585534 	
9.534412 	-3.718383 	-14.806380 	-26.271462 	-27.212125 	-32.818562 	-56.773920 	-57.430658 	-56.932684 	-56.986634 	-57.037909 	-56.271025 	-58.195842 	-57.360889 	-60.082523 	-58.140958 	
9.557322 	-49.673465 	-57.074882 	-57.768014 	-59.431800 	-59.583235 	-59.831034 	-62.046920 	-58.431868 	-58.257380 	-58.902934 	-58.418839 	-60.389987 	-57.110472 	-60.582681 	-59.403724 	-58.586825 	
9.062205 	5.702304 	3.568280 	1.340846 	0.153564 	-1.094122 	-4.078204 	-5.451844 	-8.241894 	-13.813692 	-12.104397 	-11.780122 	-14.915236 	-17.712979 	-19.659646 	-21.386249 	-23.025561 	-18.726168 	-25.672758 	-24.608128 	-24.381741 	-25.822709 	-25.723506 	-27.026101 	
8.924402 	-30.419493 	-58.748120 	-57.525001 	-58.970608 	-61.680139 	-59.160349 	-58.994083 	-58.039862 	-57.955672 	-59.562238 	-61.142801 	-58.676787 	-58.938604 	-57.806022 	-59.932655 	
9.608333 	4.634140 	-3.972228 	-5.293308 	-8.520726 	-7.340314 	-7.684150 	-15.322076 	-18.789005 	-22.914414 	-28.327388 	-39.766714 	-36.625993 	-45.838709 	-44.677909 	-48.933267 	-51.243559 	-54.901745 	-56.728760 	
9.478707 	-20.006056 	-23.052661 	-38.621655 	-44.105636 	-57.411404 	-57.853221 	-59.196718 	-59.854567 	-59.923859 	-58.445543 	-58.689767 	-58.724351 	-60.751984 	-58.438320 	-59.334089 	
9.411710 	-1.547318 	-2.772660 	-17.699761 	-34.579777 	-45.485156 	-49.794094 	-58.724150 	-58.817581 	-58.620615 	-58.180994 	-60.519574 	-59.376155 	-58.551797 	-59.197607 	-57.541108 	-59.498327 	
9.086221 	2.264893 	-4.577432 	-14.881637 	-10.514547 	-19.411772 	-20.023416 	-34.201947 	-41.756758 	-44.920373 	-44.716002 	-50.675717 	-54.907834 	-56.938245 	-60.070225 	-59.398274 	-59.057845 	-57.165832 	-57.801363 	
