9.944621 	1.879702 	-0.495851 	-2.047237 	-4.017809 	-4.691109 	-7.429114 	-8.658917 	-8.568150 	-11.683003 	-11.889468 	-10.410685 	-13.012046 	-14.071361 	-12.366074 	-16.683584 	-19.753169 	
9.152431 	6.377170 	5.510148 	5.303228 	1.798090 	-0.525490 	1.706395 	0.615473 	-0.698284 	-0.259386 	-1.074314 	-2.458758 	-5.847510 	-8.848145 	-7.968586 	-7.987851 	-8.271123 	-8.409273 	-11.649047 	-9.061737 	-10.451856 	-10.451182 	
9.222854 	5.187220 	2.628123 	-8.204224 	-40.073255 	-42.492096 	-44.745948 	-53.601851 	-53.695106 	-53.102187 	-58.105379 	
8.845337 	6.119475 	4.449006 	4.497637 	1.347924 	-0.135282 	-4.789791 	-5.119611 	-6.405450 	-10.804735 	-12.834044 	-12.960279 	-15.190333 	-22.263246 	-16.250038 	
8.675846 	6.860115 	-6.615136 	-54.270448 	-54.079588 	-54.134867 	-61.271120 	-59.295034 	-58.900219 	-58.448449 	-59.083538 	-60.431575 	-60.600902 	-59.519187 	-60.674640 	-60.515151 	-59.538480 	-59.647378 	-61.399267 	-59.455599 	-60.133545 	-59.298319 	-59.807258 	-58.811130 	
8.966062 	4.043760 	-0.808378 	-4.383455 	-7.960162 	-6.174807 	-9.091634 	-13.209144 	-15.280201 	-16.022696 	-17.471794 	-16.974151 	
9.232511 	-0.667943 	-5.154069 	-13.743940 	-11.281893 	-15.210437 	-26.370794 	-26.061957 	-26.782822 	-28.142261 	-29.811921 	-34.438725 	-33.899027 	-37.340261 	-52.213230 	
9.360905 	6.774609 	2.272229 	4.081331 	5.833766 	5.972798 	2.423435 	-1.613450 	1.934306 	-0.017930 	1.154326 	0.157875 	-0.039478 	-2.192925 	0.524903 	0.586552 	-1.847266 	-2.316864 	-0.826647 	0.443686 	-2.517188 	-0.573568 	-1.247657 	-1.378089 	-2.115525 	-1.787246 	-1.477487 	-4.210367 	-3.495271 	-2.337893 	-1.730715 	-4.043009 	-4.333879 	-3.061634 	-1.679528 	-3.680649 	-2.066907 	-2.614980 	-2.334558 	-2.096236 	-6.092419 	-2.024174 	-3.394717 	-3.026123 	-4.507222 	-3.073272 	-4.350865 	-4.621671 	-4.143962 	-4.811058 	-5.226072 	-3.638442 	-5.627007 	-5.842100 	-3.844377 	-3.327308 	-2.447160 	-3.147988 	-4.161381 	-4.506324 	-3.601788 	-3.978802 	-3.902079 	-3.451916 	-3.947275 	-5.030404 	-5.475754 	-3.812730 	-3.946967 	-5.109863 	-4.006506 	-3.586197 	-4.231188 	-4.262562 	-3.739966 	-4.914149 	-6.850355 	-4.229119 	-4.885639 	-4.714759 	-4.778852 	-4.265470 	-5.950570 	
9.008201 	-3.136512 	-5.269688 	-12.370571 	-12.158419 	-13.276541 	-24.227275 	-24.718857 	-23.302331 	-23.032878 	-25.178812 	-27.004162 	-26.214512 	-30.343217 	-31.248175 	-37.335045 	-34.003212 	
9.278352 	2.987729 	0.017806 	-0.344168 	-3.169659 	-3.354678 	-10.034911 	-12.069497 	-14.509685 	-13.887738 	-14.650683 	-15.824038 	-13.723140 	-19.113658 	-16.456184 	-16.688088 	-18.180067 	
9.138478 	-0.249814 	-4.255706 	-6.662897 	-9.375611 	-14.176058 	-13.501192 	-14.914980 	-17.486373 	-22.971489 	-22.498037 	-24.515667 	-26.750067 	-28.592130 	-30.467454 	-30.151995 	-30.057372 	-31.952091 	-34.285908 	-38.270861 	-38.894271 	-39.890347 	-41.764010 	-40.394664 	-43.622950 	-43.956441 	
8.622578 	7.448334 	-4.592260 	-19.150169 	-24.097002 	-32.694395 	-36.953192 	-57.368217 	-56.709789 	
9.476216 	5.317752 	4.157953 	4.144914 	1.286860 	-1.068964 	-2.677215 	0.716676 	-0.170291 	0.023760 	-1.612338 	-1.637396 	-1.775877 	-2.296917 	-1.636322 	-2.514551 	-2.514423 	-5.252967 	-4.262524 	-3.096920 	-4.411031 	-2.640822 	-6.218955 	-3.264419 	-3.182124 	-3.367725 	-5.318609 	-5.193269 	-4.850397 	-4.497909 	-5.915593 	-5.768314 	-4.937214 	-5.692273 	-3.591645 	-4.634803 	-5.652195 	-5.330390 	
8.903653 	6.726256 	-2.862992 	-3.196850 	-2.293936 	-2.525180 	-2.877005 	-6.847808 	-6.997781 	-10.148824 	-9.287134 	-10.534206 	-12.116085 	-10.660295 	-14.119466 	-14.819176 	-12.642879 	-14.574751 	-14.912535 	
9.550040 	1.508554 	1.974521 	-7.981434 	-22.517496 	-26.945183 	-36.965586 	-57.496945 	-57.159015 	-59.151784 	-58.620617 	-58.597301 	-58.430560 	-58.364818 	
8.762823 	6.755724 	4.007606 	-13.069138 	-18.534654 	-46.245289 	-51.418962 	-57.361973 	-56.616620 	-58.435564 	-57.366026 	-57.456588 	-58.998468 	-57.306020 	-58.397456 	-59.565611 	-59.278428 	
9.171146 	-0.551311 	-2.212272 	-7.003066 	-6.434599 	-6.170049 	-9.858167 	-11.394547 	-9.473369 	-10.692182 	-17.030202 	-15.572240 	-17.160385 	-17.099546 	-18.153666 	-16.955690 	-22.277663 	-18.872554 	-19.336867 	-20.672020 	-20.349236 	-23.444754 	-25.260759 	-24.154961 	-23.578531 	-24.144423 	-24.935769 	
