9.636024 	-1.475841 	-43.561949 	-45.609730 	-59.282439 	-56.938419 	-57.729476 	-56.484102 	-57.593102 	-56.885943 	-58.375774 	-57.769195 	-58.093144 	-57.646373 	-56.845449 	-57.157484 	-58.405720 	
9.011439 	-3.073687 	-33.167583 	-59.143156 	-60.027592 	-58.032795 	-58.697671 	-59.255864 	-59.520050 	-58.387756 	-58.140460 	-59.330106 	-59.956684 	
8.978797 	0.578294 	-2.105085 	-5.272357 	-9.862126 	-11.576668 	-20.011734 	-20.191876 	-26.667347 	-28.756992 	-29.405345 	-29.113077 	-30.102789 	-33.102874 	-32.408819 	-32.293544 	-33.894629 	-33.296510 	-33.830485 	-34.099915 	-36.506756 	-38.962363 	-39.074144 	
10.178797 	-22.421846 	-23.192624 	-58.822780 	-59.487208 	-58.565343 	-57.406162 	-60.558665 	-58.191764 	-61.320726 	-58.127556 	-59.274479 	-58.233513 	-58.184698 	-56.645560 	
9.231468 	-9.406410 	-10.973106 	-23.872462 	-30.010325 	-30.826840 	-32.887822 	-43.131861 	-56.251326 	-57.371451 	-57.400698 	-56.891976 	-58.566285 	-60.906942 	-57.958102 	-57.138487 	-57.450951 	-57.313745 	-58.579425 	-59.185617 	
9.197052 	6.793482 	-0.912305 	-17.057058 	-16.766551 	-30.545732 	-33.977256 	-37.898431 	-41.394750 	-40.179796 	-41.218337 	-44.562681 	-44.431701 	-46.749433 	-49.796969 	
9.282084 	-14.716133 	-22.018604 	-25.959141 	-29.156376 	-30.059645 	-36.459581 	-58.407513 	-58.899988 	-59.324601 	-58.660274 	-59.282271 	-59.871675 	-60.160501 	-57.892841 	-59.597767 	-60.091099 	-61.117802 	-59.125297 	-60.010743 	-58.611569 	-59.419394 	-58.528906 	
9.223832 	-2.792869 	-8.101789 	-27.456235 	-39.296710 	-42.347911 	-46.678007 	-59.418834 	-59.490406 	-58.812629 	-58.729778 	-59.083834 	-57.038580 	-57.985730 	-58.426968 	
8.734414 	-8.566458 	-32.106042 	-35.745868 	-48.014069 	-50.560594 	-56.306412 	-58.666259 	-58.962914 	-59.916994 	-61.950488 	-61.057478 	-58.968271 	-59.672223 	-59.480894 	-60.424583 	-59.906733 	-58.549714 	-58.886521 	-61.259019 	-59.244123 	
9.280513 	-0.067691 	-10.458299 	-34.643540 	-56.951807 	-58.830499 	-58.718201 	-59.065445 	-61.322867 	-59.180166 	-56.844406 	-61.723077 	-58.079544 	-58.181002 	
10.351809 	-1.344371 	-2.942933 	-3.578578 	-5.224544 	-6.016970 	-11.554939 	-18.508108 	-19.806893 	-22.216070 	-26.750930 	-24.781285 	-27.620397 	-32.031767 	-34.379873 	-33.024283 	
9.823638 	-56.335847 	-56.820359 	-59.570853 	-60.306861 	-58.196424 	-58.565678 	-56.956935 	-57.627530 	-56.696915 	
8.602573 	-3.064500 	-24.168521 	-33.599045 	-34.588991 	-38.918272 	-40.309460 	-59.962238 	-59.041320 	-60.247090 	-57.626496 	-57.872880 	-58.400730 	-58.022702 	-59.796707 	-58.744210 	
8.872588 	3.124993 	3.018199 	-10.452436 	-23.512201 	-25.171841 	-36.133818 	-36.543750 	-39.366221 	-49.795292 	-56.476165 	-57.837497 	-58.634010 	-58.794496 	-57.695757 	-57.941852 	-58.452710 	-58.982932 	-59.525190 	-59.715079 	-61.248452 	-58.236333 	-58.891213 	-59.317355 	
8.920479 	-8.280731 	-9.363783 	-18.010879 	-34.030932 	-39.176037 	-38.609716 	-41.315673 	-43.917423 	-51.047799 	-56.680368 	-57.368891 	-59.893039 	-59.953134 	-58.191352 	-59.555435 	-59.222525 	-60.366733 	-60.436221 	-60.173534 	-59.138912 	-57.095286 	-59.821220 	-60.466227 	
8.960922 	-4.653321 	-20.126889 	-21.450625 	-38.228510 	-56.906882 	-58.396850 	-61.883576 	-58.848468 	-59.449270 	-58.772831 	-61.436249 	-62.013064 	-59.195875 	-58.624398 	-59.304646 	-58.707189 	-58.676683 	-61.390668 	-60.054336 	-59.014544 	-58.682605 	-58.318755 	-59.462066 	
8.993484 	-8.815415 	-56.243745 	-57.646622 	-59.656485 	-59.417975 	-57.642306 	-57.856075 	-59.026474 	-59.508086 	-58.032377 	-59.480950 	-58.722255 	-58.265354 	-63.187712 	-60.186220 	-59.892961 	-59.546345 	
9.851713 	0.762051 	-34.744092 	-39.215901 	-40.719270 	-45.019588 	-57.360423 	-57.645244 	-57.183376 	-57.239606 	-59.486661 	-58.625986 	-57.068836 	-57.539301 	
9.214310 	-28.497036 	-31.248810 	-60.365864 	-58.052499 	-59.018336 	-58.410594 	-58.982549 	-60.203639 	-58.239917 	-59.838026 	-58.858483 	-57.700847 	-58.393123 	-59.733852 	-57.894852 	-60.471653 	-59.068682 	-59.734815 	-58.816713 	-58.772226 	
8.701120 	-7.305386 	-33.022119 	-36.717050 	-37.183071 	-54.909063 	-59.322854 	-61.221708 	-58.114174 	-60.065456 	-58.736952 	-57.736000 	-59.802045 	
