9.390899 	6.260560 	7.108154 	5.061254 	1.781082 	-2.615831 	1.323742 	-5.169035 	-10.123473 	-10.307168 	-10.645591 	-22.353988 	-21.869499 	-22.185098 	-26.368095 	-24.857727 	-26.220492 	-26.973176 	-32.980117 	-32.888018 	-31.214274 	-33.824355 	-32.949980 	-32.132097 	-36.659226 	
9.464646 	7.086789 	7.786198 	7.051765 	2.908464 	5.321373 	4.010003 	5.470198 	3.490010 	2.097220 	5.185838 	4.169439 	3.651626 	3.356969 	3.310593 	5.365788 	4.667250 	4.476886 	2.891798 	3.492299 	2.038202 	5.753538 	4.312336 	2.228473 	1.858168 	5.256312 	5.229412 	2.301307 	5.175927 	2.713142 	3.181094 	3.016019 	4.341299 	4.298901 	5.204308 	5.865968 	4.346894 	3.872067 	5.407766 	5.155562 	4.762756 	4.352460 	3.506999 	4.124324 	0.279198 	2.480917 	4.296927 	5.768957 	2.611094 	3.446246 	5.133640 	3.721041 	4.190708 	5.610055 	4.674946 	4.739520 	4.332487 	3.337027 	4.953244 	5.637259 	3.908117 	2.560434 	3.119661 	2.545499 	4.416010 	1.953470 	5.118279 	5.108835 	4.339803 	3.723633 	1.699783 	3.734628 	1.456644 	3.963248 	3.121825 	4.614934 	5.375412 	3.959464 	4.378816 	3.558041 	5.079412 	3.770326 	3.645873 	1.858025 	1.864886 	4.533391 	4.661512 	6.046070 	3.265822 	3.792999 	3.550593 	5.509985 	5.209879 	4.339308 	4.126519 	2.269634 	4.180654 	4.376181 	2.505127 	2.541532 	4.460031 	4.321559 	3.762762 	2.305752 	4.317471 	4.377976 	4.711889 	2.286527 	4.962700 	5.315944 	3.822687 	3.686444 	3.602530 	3.346144 	5.081775 	3.500429 	4.862118 	3.965295 	-0.301729 	5.591426 	3.840050 	4.336900 	3.383900 	5.018783 	4.700561 	1.530987 	1.657869 	0.048868 	5.129894 	2.927789 	4.013715 	4.551843 	3.743593 	2.038630 	4.482762 	4.828099 	3.288403 	3.647064 	4.274862 	5.113649 	3.948010 	3.548053 	3.657393 	4.140784 	4.451358 	3.585624 	4.184810 	3.082606 	4.152957 	4.863808 	4.585913 	1.203527 	3.779890 	2.990146 	4.440794 	2.681793 	3.392191 	3.747926 	2.411468 	2.413411 	2.828219 	0.421176 	2.596405 	0.509964 	2.351861 	0.307855 	2.835417 	1.551909 	0.082300 	1.559176 	2.987916 	1.137906 	1.445652 	1.877599 	0.037960 	3.238015 	1.455202 	-3.093221 	2.524705 	1.197978 	0.740870 	-0.150661 	1.112494 	1.420803 	1.673522 	1.696490 	-3.463588 	0.949899 	-1.531100 	0.980647 	-6.672084 	0.469182 	-1.083008 	0.519597 	0.640098 	-0.773019 	0.451289 	0.326711 	-2.040377 	0.253613 	-0.424272 	-0.031222 	2.204035 	-0.239334 	0.936600 	0.267065 	0.461175 	-0.494681 	0.485379 	-0.055561 	-0.256307 	0.168049 	-0.203041 	-2.435935 	-1.820789 	-0.688514 	-1.332220 	-0.806972 	-0.860150 	0.534741 	-0.994599 	-0.121125 	-1.294664 	-0.648262 	-0.056286 	-1.618883 	-0.845712 	-1.788942 	-1.726456 	0.221373 	-0.615548 	-2.908236 	-0.502019 	-1.570530 	-1.276273 	-3.339561 	-2.095808 	-2.371121 	-1.338005 	-1.538522 	-1.363302 	-3.214432 	-1.450240 	-2.150839 	-1.463047 	-0.741259 	-3.996645 	-1.685715 	-2.791067 	-3.287755 	-1.264048 	-0.202851 	-0.740485 	-1.771875 	-2.747163 	-2.990344 	-0.819790 	-1.142696 	-4.348306 	-2.896410 	-1.704508 	-2.892463 	-1.592224 	-1.309302 	-3.205358 	-2.024964 	-2.817843 	-4.086760 	-1.257681 	-2.089076 	-1.008538 	-0.914010 	-2.371403 	-2.781424 	-4.481356 	-3.345909 	-3.442401 	-1.425661 	-3.152523 	-5.111767 	-3.036150 	-3.963759 	-2.341660 	-2.529431 	-5.731708 	-3.402516 	-2.300981 	-2.363962 	-4.816361 	-6.610958 	-2.981557 	-4.943561 	-2.610711 	-3.168201 	-2.317917 	-3.420447 	-4.117374 	-5.401369 	-4.656717 	-9.328574 	-8.486778 	-2.790683 	-7.318685 	-8.900834 	-4.790530 	-3.652238 	-2.032571 	-4.825616 	-5.535458 	-4.553542 	-9.104335 	-3.563576 	-3.148662 	-4.952881 	-3.507742 	-3.149063 	-6.507307 	-4.297399 	-3.321013 	-4.824972 	-4.660809 	-2.394777 	-3.940291 	-4.033025 	
9.091415 	4.895551 	1.554916 	2.332574 	1.443582 	1.225461 	1.299869 	-0.510465 	-1.728391 	-2.079485 	-6.742692 	-2.902796 	-8.442130 	-4.686570 	-5.511115 	-8.521170 	-8.269321 	-6.199566 	-6.470946 	-7.147922 	-9.871630 	-9.278448 	-7.961115 	
8.986075 	-16.832424 	-29.253567 	-31.064811 	-37.878166 	-35.054201 	-53.226077 	-54.153475 	-58.285603 	-58.172321 	-56.822519 	-58.090945 	-58.589863 	-58.054370 	-58.393090 	-57.275347 	-58.004696 	-58.619166 	
9.393028 	2.664668 	0.522944 	1.185791 	1.108886 	-5.199939 	-4.509015 	-6.242522 	-7.770895 	-5.905962 	-7.071032 	-6.293365 	-9.428746 	-7.493843 	-10.144890 	-8.868478 	-6.772193 	
9.171131 	2.269389 	0.231570 	2.803339 	3.506631 	-0.167912 	1.289935 	-0.267175 	-0.912205 	-1.238676 	-1.597896 	-3.199535 	-2.572512 	-3.612745 	-4.766012 	-4.340616 	-4.007844 	-3.554100 	-4.678730 	-6.915052 	-4.272275 	-4.853640 	-4.625057 	-5.932334 	-4.348876 	-6.455285 	-5.319461 	-8.230382 	-7.335726 	-6.566492 	-5.874042 	
8.861017 	6.409998 	5.049964 	6.700904 	2.384363 	1.513133 	-0.502919 	-2.106815 	-2.955366 	-8.527992 	-6.197817 	-6.324477 	-9.001189 	-9.074645 	-10.047177 	-12.399836 	-11.841583 	-13.542879 	-13.582049 	-16.311631 	-17.828124 	-16.491285 	
8.972846 	3.427002 	-0.314435 	-3.095999 	-8.418210 	-7.119664 	-10.062377 	-14.470775 	-24.393786 	-25.358727 	-27.098489 	-27.966089 	-30.495884 	-32.709818 	-33.502009 	-35.382533 	-34.849849 	-34.293982 	-35.092586 	-34.728386 	-36.685622 	-35.983875 	
8.727034 	-0.184159 	-1.874280 	-5.609791 	-7.741312 	-8.434268 	-8.721326 	-12.542081 	-12.964016 	-17.944531 	-15.324519 	-18.195052 	-18.123938 	-18.253728 	-18.469490 	-19.109877 	-20.324072 	-21.707161 	-22.611806 	
8.368423 	7.719476 	-4.221055 	-3.993220 	-5.248810 	-10.106882 	-11.424495 	-13.798722 	-18.937542 	-25.294024 	-25.168517 	-42.274957 	-42.518361 	-45.186957 	-48.678661 	-60.919530 	-57.992389 	-56.870088 	
9.036457 	7.945677 	6.344226 	4.308493 	3.727528 	5.535758 	3.717529 	2.368145 	2.990837 	4.147311 	4.747958 	1.354380 	5.045290 	2.908914 	4.376230 	2.274322 	4.241126 	4.925605 	4.890546 	3.253656 	5.322207 	3.636405 	4.302508 	4.361330 	4.457186 	3.692010 	4.429786 	4.917007 	2.759199 	4.072112 	4.836772 	3.865549 	1.562597 	3.995320 	3.616127 	4.557281 	3.029032 	1.915661 	3.582138 	0.664985 	1.805285 	5.096216 	0.836091 	3.872636 	4.264204 	3.947167 	4.169215 	3.100993 	3.881123 	4.245652 	4.484562 	4.502817 	-1.289177 	2.643397 	4.398242 	2.695590 	3.592963 	3.558816 	4.577935 	2.443272 	2.438573 	1.374824 	2.751559 	1.753933 	3.508651 	4.263085 	1.884561 	-1.064327 	2.343588 	3.498360 	4.450151 	2.083054 	1.006952 	3.907804 	3.362779 	3.170953 	4.241790 	1.887511 	1.782530 	1.979913 	3.372706 	2.913018 	1.987578 	2.934445 	3.992585 	2.350515 	0.168925 	3.613474 	2.325181 	2.827450 	1.749706 	-2.460410 	2.192421 	2.561469 	2.900422 	-0.567981 	0.774643 	1.586729 	1.982061 	2.384568 	-1.838490 	2.260938 	1.547737 	1.870696 	1.577866 	2.671041 	2.199915 	-0.377716 	2.152996 	1.430403 	-0.125035 	1.693010 	0.068748 	0.808324 	-1.070352 	1.676555 	1.051628 	2.479136 	3.371011 	1.115418 	1.964000 	0.702875 	2.855288 	1.238500 	1.391729 	3.297420 	1.193287 	1.051275 	1.631309 	1.738112 	1.140667 	3.497319 	1.830959 	1.755599 	3.327620 	0.818492 	-1.792811 	0.176080 	2.019007 	-0.268706 	2.593142 	2.579837 	1.858589 	-0.744778 	1.574374 	1.189298 	0.315265 	0.191476 	-0.638879 	1.337898 	0.097502 	1.734062 	2.144405 	0.169462 	-1.531564 	1.816516 	-0.185860 	-0.006365 	1.417750 	0.972309 	1.373078 	1.896942 	1.568763 	2.105671 	0.965857 	-0.477956 	0.823457 	-0.537507 	0.816359 	-0.336356 	-0.051731 	1.212854 	2.126361 	0.087343 	0.217765 	1.040396 	0.429350 	1.111058 	0.943849 	1.138521 	2.535936 	0.033495 	-0.128818 	0.253686 	1.514982 	0.187533 	1.026732 	0.676565 	-0.884661 	-0.673205 	1.827125 	-0.857182 	-0.387536 	-0.348191 	1.394061 	-0.640402 	1.391597 	0.641510 	-4.500628 	0.449085 	-0.567920 	-0.691323 	-1.123598 	0.108596 	1.059643 	0.796514 	-0.557521 	0.113146 	-0.606349 	-0.176402 	1.257678 	0.053621 	0.541775 	1.600682 	-1.161099 	0.281125 	-0.212652 	0.481723 	1.120191 	-0.413733 	0.104626 	-2.811965 	-0.514223 	0.528814 	0.137192 	-0.012675 	-0.589244 	-0.094965 	1.033519 	-0.834879 	-0.141150 	1.625347 	0.908176 	1.373503 	0.858758 	-0.290359 	-0.011040 	0.321891 	0.150153 	-0.998468 	-2.863124 	-5.701046 	0.647431 	0.784664 	-1.931655 	0.058224 	-0.580344 	0.406271 	-0.049196 	0.619410 	1.315640 	0.009898 	0.784858 	-1.773020 	-1.761042 	0.223825 	0.313169 	-0.794528 	-1.769388 	0.578868 	1.029227 	0.058805 	1.085736 	-0.052171 	-4.181865 	-0.801781 	-2.198998 	-2.916835 	0.324719 	-4.278286 	-1.875427 	-0.721027 	0.153761 	0.024331 	0.730763 	-0.463282 	-2.548013 	-0.561712 	-0.637928 	-0.525482 	-0.352665 	-1.527502 	1.377707 	0.916860 	-0.925702 	0.141742 	-0.130452 	-0.087318 	-1.477693 	0.284235 	0.463681 	0.696561 	1.063991 	-1.366575 	-0.618269 	-1.370587 	-2.021721 	0.688808 	-0.921787 	0.232096 	-1.636366 	0.573594 	-0.876878 	-4.653051 	-3.357774 	-3.810217 	-0.004091 	-0.134273 	0.534861 	-3.063235 	0.033951 	-0.477535 	0.923018 	-2.341369 	0.675220 	0.652424 	-1.371394 	-3.006143 	-0.432008 	0.253139 	-1.500714 	-1.462787 	-1.259939 	-1.016183 	-1.600904 	1.124118 	-1.146295 	0.144377 	0.026540 	-0.639720 	-2.213891 	-3.122144 	-0.308309 	-2.347725 	0.110324 	-0.438266 	0.019707 	-4.926958 	-1.216490 	-0.083889 	-5.447353 	-0.013870 	-1.236083 	-2.865554 	-1.019909 	-0.655010 	0.456756 	-2.456026 	-0.845913 	-0.804709 	0.005305 	-4.374676 	-0.724745 	-1.306159 	0.690512 	-0.756728 	-2.779973 	-0.608766 	-1.675277 	-1.315952 	-0.963465 	-3.345777 	-0.324657 	-2.235574 	-0.350236 	-3.244401 	-1.205249 	-1.386599 	-1.294622 	-1.721002 	-2.543534 	0.617447 	-2.016552 	-4.420188 	-0.321843 	-1.253287 	-0.573587 	-0.844275 	-4.433701 	-0.263527 	-0.340344 	-1.102419 	-1.369668 	-2.058273 	0.100259 	-1.181694 	0.557850 	-0.724008 	-1.768233 	0.219932 	-0.425039 	-0.421256 	-0.888729 	-0.766134 	-0.521287 	-3.594915 	-1.121289 	-0.058032 	-1.471864 	-0.615775 	0.570369 	-2.737601 	0.919861 	-1.312958 	-3.875331 	-3.396676 	-0.897889 	-1.042804 	-0.460792 	-1.801012 	-1.695131 	-1.274102 	-1.387697 	-3.145991 	0.779214 	-0.114853 	-1.809574 	-1.121921 	-3.926682 	-2.363383 	-1.185021 	-1.072452 	-1.426668 	-0.032173 	-1.004082 	-1.514642 	-2.149237 	-1.640443 	-1.127975 	0.526381 	-0.809174 	0.137132 	-0.675991 	-2.370642 	-2.392144 	-1.885288 	-2.250088 	-4.222021 	-1.724916 	-4.751473 	-2.188612 	0.346271 	0.444191 	-3.610741 	-2.735814 	-0.424298 	-2.003036 	0.555636 	-1.614383 	-0.561171 	-0.152213 	-3.266223 	-5.023414 	-3.630028 	-0.390952 	-2.070174 	0.223758 	-1.231129 	-3.181396 	-0.954382 	-3.134226 	-1.033324 	-6.792310 	0.146320 	-1.223876 	-0.489156 	-3.950887 	-2.455231 	0.060308 	0.142542 	-0.645552 	-2.245477 	-2.395849 	-0.306530 	-0.704178 	-1.226814 	-3.153574 	-2.672120 	-1.920759 	-1.495840 	-4.945323 	-2.908902 	-0.717082 	-2.385729 	-0.683969 	-0.684420 	-2.414536 	-2.471128 	-4.825590 	-2.558874 	-5.937679 	-1.867218 	-2.012311 	-1.945761 	-1.414851 	-2.872663 	-0.964611 	-1.921384 	-0.595565 	-1.816675 	-0.774123 	-3.133819 	-0.524394 	-0.985513 	-1.285099 	-1.327323 	-0.759464 	-3.052718 	-3.852201 	-5.027580 	-1.030403 	-1.164599 	-0.955959 	-2.650053 	-2.334806 	-2.071095 	-1.067001 	-1.670996 	-0.357787 	-0.181603 	-7.429606 	-3.798415 	-1.729353 	-1.819955 	-1.044681 	-0.918346 	-1.293451 	-2.769963 	-0.879071 	-2.421654 	-2.347827 	-1.120878 	-2.154838 	-1.552159 	-3.375424 	-1.392851 	-1.191582 	-2.492498 	-0.255432 	-1.421215 	-4.521938 	-2.195761 	-1.763160 	-0.952204 	-2.762216 	-1.739433 	-2.526198 	-1.087154 	-1.016829 	-2.264085 	-1.134825 	-2.215658 	-2.254976 	-1.914519 	-2.995053 	-0.560766 	-0.791233 	-3.658278 	-4.251306 	-1.973120 	-2.563890 	-1.872844 	-3.291670 	-4.007429 	-0.998271 	-2.410281 	-0.730820 	-5.381494 	-1.193880 	-1.331048 	-1.473015 	-1.579375 	-1.642195 	-2.168221 	-2.462101 	-1.364027 	-0.786745 	-1.444583 	-0.833615 	-3.899226 	-5.304739 	-1.270370 	-1.611055 	-1.358207 	-0.512214 	-1.844505 	-0.915273 	-1.394236 	-0.630380 	-3.599925 	-2.564064 	-1.613695 	-2.213814 	-0.105236 	-1.902770 	-0.998653 	-2.136877 	-5.102679 	-3.646571 	-0.748208 	-3.284416 	-0.769668 	-2.517670 	-1.474176 	-4.038826 	-2.614441 	-3.853742 	-1.454587 	-3.558672 	-3.611785 	-4.916548 	-1.510021 	-0.541405 	-3.743589 	-1.145458 	-5.657914 	-2.951600 	-3.534631 	-1.412865 	-0.689159 	-5.268642 	-0.617187 	-1.757480 	-2.019249 	-3.017913 	-0.684341 	-1.277004 	-2.923667 	-2.756548 	-2.509867 	-5.374679 	-2.285063 	-2.473331 	-0.524174 	-3.999248 	-1.748736 	-2.247805 	-1.463290 	-3.933298 	-2.788129 	-2.198008 	-1.545677 	-5.012478 	-3.048698 	-0.719186 	-2.261468 	-4.960254 	-2.188625 	-2.609650 	-1.879436 	-2.717816 	-3.605811 	-3.129084 	-2.589799 	-2.874338 	-3.849861 	-2.705145 	-5.727593 	-0.294107 	-0.895826 	-0.786406 	-1.533896 	-2.299041 	-3.828640 	-5.614097 	-2.321565 	-2.148943 	-3.190392 	-4.032829 	-2.323650 	-1.710612 	-3.425564 	-2.006275 	-1.786152 	-4.492779 	-3.779721 	-3.093406 	-3.176697 	-1.020361 	-1.687251 	-2.095676 	-1.035899 	-0.876648 	-2.515295 	-0.932905 	-2.140178 	-1.967859 	-1.793544 	-2.081909 	-3.301000 	-3.225471 	-1.601684 	-3.356148 	-1.964315 	-4.299074 	-3.404260 	-2.277620 	-2.210751 	-5.521422 	-1.701680 	-2.501253 	-1.359114 	-7.296018 	-5.367182 	-3.052569 	-2.657860 	-2.527125 	-2.976594 	-1.346730 	-3.389796 	-8.470403 	-4.766755 	-1.993787 	-3.537947 	-3.071394 	-1.608555 	-2.199233 	-4.523691 	-3.528014 	-2.478391 	-3.412267 	-1.641409 	-6.714668 	-2.049474 	-1.278892 	-2.907469 	-2.526368 	-2.493710 	-2.840660 	-3.283156 	-3.489757 	-4.824176 	-1.581771 	-1.832804 	-3.137639 	-2.185825 	-1.838434 	-2.839154 	-2.006239 	-1.583980 	-4.600686 	-1.504304 	-10.149845 	-5.438189 	-1.880351 	-2.986380 	-1.925884 	-1.766092 	-1.536831 	-3.508859 	-4.319954 	-2.814427 	-2.902293 	-2.490766 	-3.016189 	-4.665163 	-3.758570 	-1.739499 	-2.877021 	-1.432185 	-2.710867 	-1.875813 	-4.901267 	-1.873251 	-2.347408 	-3.272432 	-5.902268 	-2.157108 	-1.599566 	-0.964458 	-5.248867 	-1.315207 	-3.636225 	-2.796038 	-1.381564 	-2.547998 	-1.646134 	-2.273451 	-3.569175 	-3.856486 	-3.362270 	-2.779483 	-2.255923 	-1.384308 	-0.845066 	-3.326158 	-1.795397 	-6.874546 	-3.033167 	-2.039553 	-1.899219 	-3.048009 	-1.390904 	-4.062647 	-2.702945 	-1.345098 	-2.383836 	-2.231572 	-2.762992 	-1.350152 	-0.819154 	-2.667960 	-3.821392 	-2.448403 	-2.295990 	-4.992797 	-6.893508 	-5.268513 	-4.684628 	-1.975437 	-1.813525 	-1.680379 	-3.846721 	-4.099971 	-2.394637 	-2.022753 	-4.042860 	-2.619460 	-3.177306 	-3.245941 	-2.447250 	-3.981835 	-2.287219 	-1.218616 	-3.129416 	-3.556640 	-2.938622 	-1.567790 	-4.594266 	-1.306607 	-2.489871 	-3.105380 	-1.908549 	-4.010115 	-5.141129 	-1.874388 	-2.383115 	-7.290533 	-4.857570 	-3.507128 	-3.181385 	-1.778047 	-2.287196 	-5.154237 	-2.611417 	-1.764243 	-1.588319 	-5.049843 	-1.434392 	-2.274919 	-1.771191 	-3.102195 	-2.014374 	-5.659763 	-3.239955 	-2.406205 	-2.161777 	-2.587355 	-2.347756 	-1.514245 	-2.218455 	-1.417266 	-2.172225 	-6.309967 	-3.956481 	-3.486728 	-2.705905 	-1.640680 	-2.800957 	-3.653433 	-1.625576 	-1.638270 	-4.451703 	-2.060282 	-4.640711 	-2.498170 	-4.286730 	-1.910178 	-2.678410 	-2.935124 	-1.819589 	-3.575117 	-2.858161 	-4.778481 	-3.667185 	-5.617989 	-1.944394 	-1.853784 	-3.485153 	-4.974261 	-3.100700 	-1.801575 	-2.153867 	-4.104305 	-5.426045 	-3.024867 	-2.860810 	-2.125887 	-2.158433 	-1.582304 	-2.297651 	-3.791816 	-1.175279 	-3.113143 	-2.165268 	-2.200416 	-3.866722 	-3.918435 	-9.859245 	-2.835659 	-5.575277 	-3.817385 	-3.722146 	-2.207695 	-2.100110 	-3.831730 	-2.941391 	-3.036344 	-4.198989 	-1.640257 	-2.453439 	-2.018293 	-4.352364 	-1.914915 	-1.270044 	-4.240206 	-3.385891 	-3.852856 	-4.089720 	-3.164406 	-5.464388 	-2.673271 	-2.618632 	-4.719381 	-2.655235 	-2.037676 	-1.966068 	-5.107160 	-2.457611 	-2.961046 	-3.357459 	-3.244190 	-2.926462 	-2.147349 	-3.323927 	-3.892196 	-4.082581 	-2.675843 	-4.693103 	-3.751811 	-8.539468 	-2.156432 	-2.979793 	-1.963250 	-3.041704 	-3.791375 	-1.408994 	-3.447026 	-3.620875 	-3.713506 	-2.531643 	-2.153295 	-2.876861 	-6.499120 	-4.242885 	-2.803589 	-5.507996 	-3.974061 	-3.417514 	-3.638656 	-3.496627 	-1.258496 	-2.704397 	-4.987246 	-5.498416 	-3.000795 	-2.940045 	-3.186393 	-2.549530 	-1.682266 	-1.656069 	-2.896358 	-3.798250 	-3.766496 	-4.475646 	-2.343983 	-4.296518 	-3.607490 	-1.984474 	-2.538937 	-3.740855 	-3.320412 	-3.568374 	-3.016724 	-3.457544 	-3.087399 	-3.387104 	-1.537716 	-2.485551 	-5.788141 	-2.958601 	-2.646165 	-3.981856 	-5.999740 	-2.949453 	-3.988567 	-6.566577 	-2.972502 	-3.476264 	-2.107447 	-4.433427 	-4.820059 	-2.695884 	-1.854542 	-2.452857 	-4.785975 	-4.064845 	-5.929159 	-6.575070 	-3.746252 	-1.954321 	-2.571189 	-3.282432 	-3.650349 	-4.287082 	-1.890092 	-3.250120 	-2.965561 	-2.669220 	-3.274708 	-4.248064 	-2.768085 	-6.246281 	-2.917014 	-2.557030 	-5.530791 	-3.585096 	-1.995375 	-3.824644 	-4.536295 	-3.853273 	-4.931708 	-5.471560 	-3.371446 	-4.367799 	-3.270678 	-2.388968 	-3.145662 	-5.298133 	-3.323757 	-3.344040 	-4.573091 	-3.805951 	-2.006479 	-4.352723 	-4.068928 	-2.367063 	-3.385139 	-1.520801 	-5.240599 	-2.754516 	-3.096851 	-1.715337 	-2.421719 	-2.686428 	-2.654978 	-3.982828 	-2.685136 	-2.282970 	-4.661430 	-2.266563 	-3.557184 	-3.808654 	-4.800505 	-3.092486 	-3.070389 	-2.495807 	-3.809038 	-4.677965 	-3.600642 	-3.565783 	-3.363324 	-1.911602 	-3.060794 	-5.073782 	-5.532603 	-3.462427 	-5.599897 	-2.486279 	-3.600000 	-3.338521 	-3.336424 	-3.290437 	-3.520927 	-4.179780 	-2.784206 	-3.132918 	-2.565486 	-2.194997 	-3.968726 	-5.482747 	-3.212331 	-3.050520 	-3.096459 	-7.278378 	-4.225159 	-4.216638 	-6.316960 	-4.517081 	-3.785957 	-2.742528 	-3.722332 	-3.945005 	-4.240150 	-5.171944 	-2.580418 	-1.315301 	-3.616502 	-4.912852 	-5.169474 	-4.530062 	-2.500127 	-3.049255 	-4.940957 	-3.787939 	-2.617172 	-3.470929 	-2.994878 	-3.426092 	-6.610442 	-3.867287 	-3.892931 	-4.073945 	-2.581532 	-3.955238 	-2.023655 	-3.359126 	-3.734679 	-3.147959 	-6.908022 	-3.601956 	-6.006754 	-3.581781 	-3.845009 	-4.594805 	-4.911675 	-2.727788 	-4.056057 	-4.820927 	-3.296155 	-4.098184 	-2.959462 	-6.891438 	-4.816334 	-4.392861 	-4.096468 	-6.629486 	-5.073270 	-3.039789 	-3.700574 	-3.792460 	-3.338232 	-2.966546 	-7.082641 	-4.074933 	-2.058745 	-5.034537 	-4.115414 	-3.863207 	-4.096480 	-5.423623 	-3.226524 	-3.256369 	-3.205557 	-3.648858 	-3.192645 	-3.511392 	-9.246275 	-3.941026 	-3.738336 	-4.381529 	-3.042602 	-3.272477 	-1.927607 	-7.672556 	-2.950364 	-3.083020 	-3.934448 	-4.540853 	-3.671035 	-3.159909 	-5.050018 	-4.011614 	-1.964329 	-3.796993 	-5.912419 	-4.126043 	-3.670335 	-2.938085 	-2.228995 	-3.506709 	-4.906960 	-5.098789 	-4.191566 	-3.003177 	-2.984060 	-4.877052 	-1.702521 	-1.876062 	-2.806946 	-4.294505 	-3.797211 	-4.162659 	-2.692192 	-3.952712 	-2.455406 	-3.685028 	-2.984679 	-6.754815 	-3.676114 	-4.145108 	-3.226470 	-3.678584 	-3.249681 	-3.733875 	-2.222742 	-3.065212 	-2.962708 	-4.255316 	-3.432331 	-2.408559 	-2.918675 	-3.960320 	-3.446047 	-5.200671 	-2.565064 	-5.253277 	-3.414890 	-4.793544 	-1.929981 	-3.340239 	-6.527617 	-4.845493 	-3.889674 	-3.603958 	-2.837091 	-4.454318 	-7.845889 	-3.965690 	-3.494427 	-4.850383 	-2.543520 	-5.946583 	-2.707224 	-3.536376 	-4.711177 	-2.912969 	-3.183973 	-5.273115 	-3.861152 	-3.019747 	-5.037230 	-8.138762 	-3.080707 	-4.205883 	-2.797351 	-4.109518 	-3.884346 	-4.868775 	-5.089383 	-2.904752 	-3.078492 	-3.114997 	-4.647021 	-2.450593 	-4.594879 	-1.876791 	-3.451587 	-3.623389 	-2.930085 	-3.852528 	-6.451595 	-3.087311 	-3.632601 	-3.583785 	-4.670246 	-3.367822 	-3.202003 	-3.693149 	-4.609120 	-2.653271 	-2.692927 	-3.464848 	-2.923727 	-2.808160 	-5.601758 	-4.948855 	-3.598729 	-3.303072 	-5.332166 	-4.498022 	-4.006513 	-3.084232 	-1.896595 	-4.947399 	-4.096346 	-4.560211 	-5.034874 	-4.069420 	-4.579309 	-3.712206 	-3.561618 	-4.141641 	-2.765371 	-2.873868 	-3.735496 	-5.634627 	-3.089751 	-4.310108 	-3.862355 	-4.113868 	-4.262225 	-3.925295 	-3.534604 	-3.665718 	-5.712160 	-4.621873 	-4.593104 	-4.278523 	-3.491717 	-3.893999 	-2.886660 	-3.262096 	-2.393095 	-2.604897 	-3.219723 	-3.555833 	-6.686121 	-3.197399 	-3.345389 	-3.697462 	-3.763435 	-4.696587 	-3.221623 	-4.157315 	-2.752125 	-6.975284 	-8.251913 	-5.039468 	-4.337395 	-4.663603 	-3.629534 	-3.186257 	-4.115023 	-2.527905 	-2.491212 	-5.668158 	-3.482476 	-3.787920 	-3.565952 	-2.581609 	-5.405744 	-5.351554 	-7.421132 	-3.279736 	-2.839964 	-4.767822 	-3.330023 	-5.103171 	-2.322032 	-4.193066 	-6.263005 	-3.293072 	-4.641907 	-2.637410 	-5.679434 	-5.341257 	-4.861950 	-3.550643 	-4.958019 	-4.349851 	-2.539539 	-6.288063 	-2.580602 	-3.809628 	-4.014966 	-2.706247 	-5.334625 	-4.127295 	-4.069346 	-3.215298 	-6.471857 	-5.039107 	-3.792709 	-4.256555 	-2.408008 	-2.657837 	-5.721910 	-4.243742 	-3.306896 	-3.850361 	-2.842970 	-5.833060 	-2.756857 	-3.879685 	-3.235948 	-3.038059 	-7.008240 	-3.281561 	-2.708825 	-4.658590 	-5.452132 	-5.252536 	-2.750587 	-3.082128 	-6.169078 	-4.175443 	-3.124178 	-1.986189 	-3.457789 	-5.439595 	-4.792352 	-4.264362 	-3.937286 	-4.117428 	-3.368758 	-4.064273 	-2.666916 	-4.609811 	-6.056559 	-6.481131 	-4.856589 	-4.423133 	-4.040619 	-2.499525 	-3.819612 	-4.051587 	-3.584031 	-3.260074 	-2.668588 	-3.824544 	-6.459675 	-4.781219 	-5.442153 	-3.086165 	-3.045249 	-6.759709 	-3.829783 	-3.552723 	-5.273709 	-2.987566 	-5.249525 	-4.071818 	-4.010984 	-5.813950 	-3.819663 	-3.835801 	-4.358489 	-6.021308 	-7.655488 	-4.159673 	-2.511907 	-3.075313 	-3.536281 	-4.557515 	-3.356019 	-6.107475 	-2.476236 	-3.027100 	-4.149307 	-3.098830 	-5.299083 	-4.093735 	-3.991892 	-2.595625 	-5.544574 	-5.049175 	-3.144880 	-7.201395 	-5.606394 	-3.527587 	-3.928303 	-4.217390 	-3.976369 	-4.291319 	-3.766424 	-3.251584 	-2.835424 	-7.702029 	-3.602977 	-2.719525 	-3.617086 	-4.241759 	-5.252561 	-4.834290 	-5.678669 	-4.369796 	-5.508046 	-3.112727 	-4.296752 	-4.109695 	-5.513596 	-5.965148 	-5.365364 	-6.863348 	-2.967405 	-2.506979 	-3.739530 	-5.021607 	-4.661515 	-2.685312 	-4.282668 	-5.605018 	-3.978140 	-3.813765 	-4.426239 	-5.051861 	-3.612606 	-3.981309 	-4.535731 	-4.472758 	-5.433346 	-2.999770 	-3.976255 	-3.445022 	-2.452594 	-4.295710 	-4.981006 	-4.904301 	-5.874466 	-2.734364 	-4.783923 	-3.256359 	-4.528863 	-5.193791 	-4.427193 	-6.032538 	-3.314982 	-2.213229 	-3.007083 	-5.227942 	-1.944493 	-4.322088 	-3.676650 	-4.572163 	-6.701226 	-2.755637 	-2.930248 	-4.792865 	-3.831013 	-3.175692 	-4.203412 	-4.072634 	-4.317374 	-4.884785 	-5.491810 	-3.696460 	-4.951627 	-3.273431 	-3.659271 	-3.897187 	-5.759643 	-2.725780 	-4.242208 	-4.029767 	-3.050164 	-8.111172 	-4.853329 	-5.188189 	-5.496916 	-6.730669 	-3.715741 	-5.527371 	-4.596272 	-3.348622 	-3.254716 	-6.192250 	-3.510513 	-5.331438 	-4.603609 	-3.730977 	-6.702316 	-3.484936 	-3.372887 	-4.048020 	-5.687937 	-4.182504 	-3.295429 	-8.022089 	-5.430995 	-3.931956 	-3.712835 	-3.573115 	-3.840653 	-3.813236 	-4.924552 	-4.582964 	-4.912666 	-2.669461 	-4.176461 	-3.971496 	-5.615990 	-6.332725 	-9.141259 	-2.991614 	-3.259338 	-3.499880 	-3.737673 	-3.826518 	-4.600069 	-6.550840 	
9.320328 	-11.068675 	-20.263725 	-18.363296 	-22.125934 	-21.667002 	-27.760172 	-34.175297 	-44.369907 	-51.361617 	-55.704772 	-59.609940 	-56.202614 	-57.897371 	-57.487125 	-56.711697 	-61.477966 	-59.255578 	-57.163156 	-57.664554 	-58.755803 	-59.809404 	-59.058264 	-56.878500 	
8.958074 	4.537980 	5.584833 	4.331606 	5.822532 	6.144158 	4.863691 	3.897231 	3.403544 	0.282395 	0.024092 	2.465993 	0.909393 	-0.855587 	-0.101426 	-0.536389 	-3.169839 	-3.873510 	-1.176242 	-2.517809 	-4.630583 	-3.064475 	-3.985257 	-5.639305 	-5.462052 	-5.515171 	-5.645671 	-5.847997 	-5.611860 	-6.053320 	-6.939169 	-5.738729 	-7.156953 	-6.419203 	-6.414405 	-6.586364 	-7.285246 	-7.419748 	-7.084883 	-9.422897 	-10.405112 	-10.447593 	-10.709862 	-9.756224 	
8.769871 	2.785960 	1.512657 	1.231303 	-5.067476 	-8.986001 	-9.527874 	-14.019260 	-14.277716 	-26.182055 	-30.280853 	-33.190876 	-34.367609 	-35.197530 	-36.085262 	-35.599450 	-36.337837 	-36.231837 	-36.954374 	-40.683823 	-40.466366 	
9.170029 	3.134181 	1.083194 	0.147143 	0.901924 	0.118301 	-1.453674 	-4.123080 	-3.575949 	-7.703300 	-5.498292 	-8.729635 	-5.991280 	-7.363430 	-7.794737 	-10.273113 	-8.002039 	-9.544588 	-9.218840 	-11.189072 	-10.820218 	-13.608355 	
9.240917 	2.964695 	-7.346842 	-9.128637 	-13.442301 	-18.897768 	-19.874813 	-19.245235 	-26.457186 	-31.156563 	-33.566932 	-37.619452 	-38.584283 	-42.265935 	-48.829767 	-46.632066 	-50.642474 	-46.934686 	-49.592264 	-49.087432 	-51.410654 	-52.299012 	
8.862751 	6.813769 	6.888390 	4.262277 	3.299935 	5.011392 	2.891407 	-1.090196 	-1.391473 	-0.450536 	-0.038211 	-4.280685 	-1.201674 	-2.055260 	-0.321054 	-0.236648 	-1.670842 	-1.288030 	-2.280516 	-0.443323 	-0.398629 	-4.032058 	-1.259865 	-1.574234 	-1.662088 	-2.181610 	0.139655 	-0.425993 	-6.300500 	-1.927590 	-3.627717 	-1.419743 	-2.190818 	-1.518797 	-0.943435 	-2.056473 	-3.651415 	-1.723658 	-2.030281 	-0.959471 	-2.094246 	-2.318952 	-5.557676 	-2.056072 	-0.455322 	-2.249347 	-2.510615 	-1.796436 	-1.657430 	-3.344289 	-1.757878 	-2.377947 	-2.688919 	-2.410999 	-2.779358 	-3.841192 	-2.318987 	-3.131256 	-3.130738 	-3.257853 	-5.528694 	-2.118651 	-3.041678 	-6.565524 	-2.199877 	-1.723658 	-3.646333 	-3.566903 	-1.695344 	-2.620081 	-2.178967 	-3.211858 	-3.083315 	-2.884390 	-4.351329 	-3.880538 	-1.891062 	-2.690650 	-3.219801 	-5.687656 	-2.964209 	-3.313497 	-3.741793 	-1.805147 	-2.516145 	-2.667647 	-3.397429 	-4.010160 	-3.350463 	-3.204518 	-3.492169 	-4.222260 	-2.751785 	-3.245179 	-3.375390 	-6.858833 	-4.984813 	-2.768200 	-3.353210 	-3.196432 	-2.493330 	-2.890176 	-3.284464 	-3.793516 	-5.711819 	-4.415768 	-5.439999 	-5.602381 	-3.091530 	-6.215864 	-7.201333 	-3.167300 	-3.803787 	-4.831139 	-3.074911 	-3.724583 	-2.673477 	-4.609505 	-3.516571 	-3.129871 	-2.306514 	-4.101135 	-2.887848 	-8.282412 	-3.763570 	-2.742768 	-4.208858 	-3.061070 	-5.270909 	-3.105087 	-5.576718 	-4.459024 	-3.339952 	-4.556304 	-5.925851 	-4.402645 	-3.661066 	-2.944447 	-4.366167 	-2.518352 	-4.060963 	-4.039899 	-2.883292 	-4.737157 	-3.124319 	-4.343487 	-3.509522 	-6.464726 	-9.269002 	-5.339830 	-4.673868 	-4.636351 	-4.270641 	-3.744212 	-3.748819 	-7.729014 	-5.929756 	-2.892618 	-4.619675 	-2.139805 	-4.280689 	-5.628801 	-3.288705 	-4.631613 	-5.094095 	-4.066809 	-2.886323 	-3.654333 	-3.099279 	-5.264451 	-5.575889 	-6.415914 	
8.506110 	-4.038969 	-8.734060 	-11.483752 	-23.984224 	-28.490046 	-28.158895 	-29.789047 	-31.845054 	-38.718575 	-44.124240 	-44.664122 	-44.736348 	-47.447625 	-44.161530 	-44.571248 	-46.617525 	-54.320385 	-56.705825 	-56.766822 	-57.951905 	
9.439791 	0.688974 	2.385343 	-3.867119 	-19.700802 	-47.286564 	-48.307967 	-57.980017 	-57.990792 	-58.458324 	-57.196916 	-59.777526 	
8.869652 	5.079878 	4.426605 	2.889193 	4.276120 	1.714834 	2.953043 	3.224287 	1.548329 	2.315253 	0.741590 	-2.908882 	-0.500343 	-0.197498 	-0.627208 	-0.682686 	-1.106147 	-0.582708 	-1.849775 	-1.728099 	-3.150688 	-4.793378 	-1.882916 	-2.462437 	-1.571251 	-2.940104 	-2.249879 	-4.276759 	-2.997928 	-3.640506 	-3.547854 	-2.754774 	-3.922759 	-2.366935 	-2.932834 	-3.912955 	-3.412322 	-3.401570 	-4.749452 	-5.478849 	-4.989774 	-3.947645 	-3.638155 	-4.499646 	-3.645760 	-3.453750 	-3.621214 	-5.620021 	-3.327362 	-3.471516 	-5.902854 	-4.427693 	-4.266135 	-4.666042 	-3.605121 	-3.081915 	-4.119028 	-6.335847 	
