9.097232 	3.065755 	-5.742938 	-5.881139 	-12.983046 	-23.901792 	-25.520131 	-25.938442 	-37.460348 	-40.808592 	-43.224361 	-43.652550 	-53.477703 	
9.085640 	-12.482003 	-24.939919 	-31.076003 	-29.839322 	-34.570896 	-48.519623 	-52.813815 	-59.237259 	-58.490429 	-59.181338 	-58.179263 	-60.177921 	-60.425050 	-58.931193 	-58.483919 	-58.506929 	
9.036392 	-8.762432 	-21.065165 	-23.250538 	-58.717662 	-58.355692 	-58.600309 	-59.260543 	-60.730657 	-62.127096 	-59.327967 	-58.207436 	-58.309394 	
8.800811 	-4.371509 	-6.325354 	-36.783607 	-46.912455 	-60.299357 	-57.882827 	-58.365781 	-60.027315 	-63.630501 	-60.248306 	-59.527940 	-59.193633 	-58.960559 	-59.969948 	-58.834407 	-60.130969 	-58.999124 	-60.021521 	-59.498763 	-59.078471 	-59.896712 	-59.491549 	
9.076845 	5.124923 	0.543579 	-2.627702 	-3.117031 	-23.468283 	-32.365245 	-36.616374 	-44.697539 	-52.019269 	-61.163993 	-60.999675 	-57.966383 	-61.441721 	-58.617758 	-58.480771 	-59.750729 	-58.421968 	-60.076943 	
9.436990 	2.763556 	-11.018516 	-9.195057 	-8.719064 	-13.172389 	-11.495590 	-13.040726 	-17.035474 	-19.167718 	-15.449793 	-18.092307 	-18.674303 	-22.441910 	
8.641525 	0.502731 	0.123580 	-5.163773 	-24.648039 	-26.183648 	-33.502802 	-53.627961 	-61.562786 	-59.465083 	-59.791413 	-62.300321 	-59.266443 	-59.784426 	-60.481616 	-58.008686 	-61.360928 	-58.869341 	-59.111413 	-59.282369 	-60.913604 	-60.663830 	-60.157507 	
8.875231 	1.451053 	1.259429 	-1.519594 	-7.342125 	-7.668492 	-9.217856 	-9.308146 	-10.778785 	-12.263709 	-16.437784 	-15.985399 	-12.796893 	-17.981246 	
9.078818 	3.224078 	-14.587673 	-31.543945 	-34.835543 	-44.411245 	-56.308380 	-58.931876 	-59.056705 	-58.909258 	-58.310624 	-58.331229 	-60.587085 	-59.982154 	-58.066006 	-57.639465 	-59.123987 	-57.568884 	
9.431103 	-0.509680 	0.066591 	-3.999319 	-0.228705 	-2.972951 	-12.986751 	-21.277913 	-23.047818 	-22.920398 	-28.030517 	-31.612044 	-41.041123 	-45.409497 	-42.949014 	-42.568178 	-45.207721 	-44.998895 	-48.923954 	-50.995363 	-56.417859 	-59.903678 	-58.132855 	-57.699186 	-57.806157 	
8.925518 	4.028807 	-36.378780 	-36.297638 	-36.776490 	-42.237407 	-41.331384 	-52.073036 	-53.073764 	-62.629560 	-58.838917 	-59.158668 	-59.436997 	-61.451620 	-59.579277 	-61.788034 	-59.984192 	-58.379077 	-59.266362 	-57.722288 	-59.208284 	-58.745027 	-58.280949 	
9.531965 	1.479566 	1.036187 	0.468128 	-3.128261 	-5.586910 	-6.597396 	-10.120229 	-16.094092 	-16.835035 	-22.135605 	-23.061617 	-23.420882 	-25.962303 	-25.350217 	-26.116714 	-25.954428 	-24.208484 	-26.712819 	
8.697285 	-2.120157 	-2.874282 	-4.350474 	-8.352293 	-15.474034 	-32.623305 	-39.347418 	-42.486995 	-45.107840 	-48.243067 	-57.018742 	-58.066307 	-57.932135 	-58.639017 	-58.119391 	-57.927676 	-58.720351 	-59.450238 	-59.910574 	
9.202892 	7.306485 	1.012800 	-1.794700 	1.935289 	0.959093 	-0.134613 	-1.982960 	0.308902 	-0.117421 	-1.675077 	-0.298084 	-1.005918 	-0.439663 	-1.293245 	-1.284844 	0.420093 	0.193040 	-0.596719 	-0.935273 	0.375964 	-0.871187 	-0.421500 	0.088803 	-2.142148 	-3.054711 	-2.807018 	-1.958675 	-1.545268 	-2.486380 	-2.914391 	-1.208675 	-0.919248 	-2.236195 	0.112499 	-1.641623 	-0.732302 	-0.936169 	-1.513684 	-3.805482 	-3.487241 	-1.627213 	-4.643308 	-4.064725 	-2.013514 	-1.732265 	-1.498532 	-4.825409 	-2.316161 	-1.563800 	-3.458177 	-3.367601 	-1.669227 	-1.451446 	-3.148850 	-4.314846 	-3.707709 	-3.487638 	-4.396354 	-5.849050 	-1.572439 	-4.560726 	-1.655815 	-1.517530 	-3.692483 	-2.099894 	-4.867710 	-2.341883 	-3.571987 	-2.884535 	-2.454841 	-1.770211 	-1.027960 	-2.303739 	-2.806369 	-3.019680 	-3.157161 	-5.722302 	-2.987852 	-3.699940 	-3.700570 	-1.916722 	-4.417586 	-3.012295 	-3.718200 	-3.256244 	-2.349702 	-2.324345 	-1.942281 	-8.660945 	-3.486788 	-3.346048 	-3.450073 	-4.986641 	-4.194764 	-4.069869 	-3.061121 	-2.540963 	-6.029840 	-4.098437 	-2.870172 	-5.115861 	-3.166712 	-4.451294 	-4.563458 	-3.944346 	-2.687815 	-1.772544 	-4.000649 	-2.031843 	-4.949062 	-4.685403 	-2.647497 	-3.705044 	-3.810421 	-3.601648 	-3.833114 	-4.666278 	-3.109247 	-4.016688 	-3.263109 	-2.782388 	-4.002723 	-2.975734 	-2.439890 	-3.862546 	-2.739109 	-5.516093 	-2.506282 	-3.636846 	-4.182580 	-3.562348 	-2.506133 	-4.409943 	-3.952199 	-2.924899 	-3.736765 	-5.755437 	-2.251194 	-3.978971 	-2.649289 	-3.175085 	-4.789339 	-2.997571 	-6.056600 	-4.689831 	-6.199717 	-4.192405 	-8.863703 	-2.785924 	-2.533459 	-4.846638 	-2.353095 	-6.806330 	-4.029009 	-3.724704 	-4.026111 	-4.394904 	-3.341602 	-4.867614 	-4.940577 	-3.463969 	-4.994389 	-3.147712 	-4.609698 	-4.621831 	-3.512327 	-5.055261 	-6.296788 	-5.915837 	-3.975467 	-5.374034 	-2.513538 	-4.419453 	-4.911474 	-3.921304 	-3.476408 	-6.008951 	-6.348819 	-6.462508 	-4.516139 	-4.908409 	-3.061249 	-4.016269 	-7.202634 	-3.714190 	-3.078590 	-3.039650 	-4.744267 	-3.923318 	-2.604478 	-5.890502 	-3.420397 	-5.466990 	-2.922736 	-5.796445 	-4.546769 	-4.595865 	-4.277311 	-3.163435 	-2.966478 	-3.216359 	-5.061802 	-3.327650 	-3.784383 	-4.026362 	-3.339985 	-4.997003 	-3.756742 	
8.703172 	3.217315 	-2.614225 	-0.165741 	-0.431778 	-3.367879 	-3.114553 	-2.706068 	-4.840094 	-5.457251 	-5.440485 	-6.254891 	-7.085897 	-9.100683 	-8.095935 	-8.873150 	-11.595579 	-12.205415 	
8.402825 	7.882268 	-2.643479 	-3.284780 	-10.339624 	-29.788907 	-33.756641 	-37.466356 	-45.785149 	-59.442215 	-56.755337 	-58.258498 	-58.323673 	-64.196724 	-60.014847 	
9.003716 	4.401225 	-2.990718 	-4.863480 	-5.021798 	-11.097329 	-12.493906 	-22.789383 	-17.960948 	-18.714185 	
8.795639 	-5.484490 	-10.317372 	-6.909689 	-9.429957 	-31.758478 	-39.162926 	-53.432676 	-53.427850 	-59.068186 	-58.095347 	-57.290849 	-58.327150 	-59.892228 	-60.451283 	-61.428268 	
8.734471 	-23.571836 	-28.074461 	-45.864548 	-58.831263 	-59.226521 	-58.585932 	-58.521514 	-59.278358 	-59.693005 	-59.001608 	-60.371375 	-58.966950 	-58.651322 	-59.551813 	-58.927140 	-57.507485 	-60.192367 	
8.746611 	6.920140 	4.689379 	3.792153 	4.938944 	3.129814 	2.541549 	0.566369 	0.764463 	1.356560 	-2.534462 	-6.365742 	-3.857347 	-3.776594 	-7.779305 	-6.189260 	-6.634035 	-6.467439 	-7.946769 	-5.917529 	-8.891873 	-6.206583 	-10.785590 	-9.886364 	-9.294063 	-9.190446 	-10.237925 	-8.554979 	-11.720421 	-9.825676 	-10.030099 	-11.471994 	-9.510309 	-9.944826 	
8.758415 	0.969562 	-14.323146 	-18.665002 	-28.928097 	-42.095921 	-59.087273 	-58.457090 	-62.959207 	-60.788225 	-59.110157 	-58.741873 	-60.464817 	-58.881040 	-58.957267 	-59.416289 	
9.123992 	0.931854 	-24.263353 	-27.812971 	-36.038996 	-60.132158 	-58.596950 	-58.077661 	-59.131283 	-57.310416 	-58.512105 	-57.763554 	-60.562048 	-61.449866 	-59.617766 	-58.182676 	
7.765240 	7.316473 	0.900107 	-47.237934 	-59.530561 	-58.753287 	-59.115625 	-58.737654 	-59.512992 	-59.214589 	-58.883387 	-60.680744 	-60.388286 	-60.108384 	-58.767088 	-58.439779 	-58.274889 	-61.566755 	-61.842020 	
