9.225364 	7.533701 	-7.675659 	-11.659335 	-9.866424 	-21.944591 	-45.678634 	-51.532559 	-57.082175 	-60.997961 	-59.435111 	-58.741653 	-59.236882 	-59.605083 	-60.202619 	-61.109700 	-59.458689 	-60.269008 	-60.310261 	-59.565747 	-60.041756 	-58.619698 	-59.010887 	-60.218663 	
9.023585 	-1.124494 	-0.261139 	-0.462918 	-3.733340 	-1.968986 	-1.154025 	-0.527891 	-1.359197 	-2.697089 	-2.784367 	-3.358169 	-3.623440 	-3.908914 	-6.340475 	-6.465941 	-5.813413 	
8.835836 	4.537866 	-8.653553 	-15.667687 	-22.837200 	-26.589001 	-28.623236 	-38.514686 	-36.890441 	-39.972741 	-48.032661 	-50.944914 	-58.230955 	
9.215119 	-3.182973 	-3.324828 	-14.433767 	-41.727851 	-40.612748 	-44.074238 	-44.270425 	-45.329143 	-49.860659 	-52.716364 	-56.606237 	-55.448111 	
9.386950 	6.940469 	-0.590345 	-4.175512 	-5.056769 	-6.080780 	-6.894120 	-14.208650 	-14.635096 	-16.339356 	-19.593953 	-23.272432 	-26.004922 	-26.171736 	-29.077295 	-37.567626 	-35.726427 	-38.659576 	-40.094401 	-39.166346 	-41.634670 	-43.154360 	
9.224454 	3.937977 	-4.736358 	-5.204817 	-8.551364 	-5.753955 	-8.015180 	-14.996930 	-15.196235 	-16.223632 	-18.473969 	-21.226451 	-20.619266 	-29.790189 	-37.023161 	-41.145741 	-39.872312 	-44.894075 	-45.252725 	
8.615393 	7.333496 	-27.308631 	-59.745890 	-61.829261 	-58.454823 	-58.546903 	-60.918672 	-61.570663 	-59.438353 	-60.399038 	-61.423119 	-60.585925 	-61.727320 	-59.652550 	-60.584899 	-59.179443 	-59.249427 	-59.705018 	-59.068405 	-60.573927 	-63.077493 	
9.116861 	-4.880969 	-8.274888 	-13.388765 	-23.708035 	-23.325853 	-27.443472 	-27.965806 	-52.966238 	-55.574818 	-55.834274 	-57.741669 	-58.087763 	-56.646920 	-57.311443 	-56.873680 	-58.291006 	-57.230271 	
9.093812 	-8.768450 	-14.912827 	-30.060561 	-35.898995 	-58.453262 	-61.389378 	-59.035572 	-59.339216 	-57.583966 	-59.958253 	-59.813686 	-59.275553 	-59.653931 	-60.355270 	-59.842128 	-60.330349 	-59.895552 	-62.559659 	
9.272079 	3.337785 	-11.994489 	-16.098974 	-13.999029 	-28.360689 	-31.882163 	-50.153606 	-52.464260 	-59.979148 	-59.380299 	-58.140197 	-58.028740 	-58.383468 	-56.725837 	-58.481359 	
9.373033 	2.859480 	-2.089141 	-5.689146 	-13.073447 	-11.884064 	-23.002983 	-30.467406 	-41.690812 	-56.378283 	-55.969036 	-58.054493 	-63.961602 	-59.016934 	-58.868623 	-59.263587 	-62.418194 	-59.287522 	-58.739717 	-58.004579 	-61.469914 	-58.967229 	-59.295251 	-59.583345 	-59.952934 	
9.662459 	-4.292879 	-17.921253 	-57.891370 	-59.410830 	-58.621106 	-59.857221 	-58.048555 	-59.484879 	-57.630850 	-60.316643 	-60.167843 	-58.544542 	-60.241976 	-60.901442 	
8.875016 	7.405937 	2.775074 	-9.218771 	-16.515255 	-18.915884 	-28.833384 	-53.617828 	-59.003455 	-58.528685 	-58.500591 	-58.200541 	-57.025567 	-58.393194 	-58.507405 	-60.104028 	
9.098567 	-8.111278 	-27.940246 	-36.591334 	-62.367502 	-57.491430 	-57.914481 	-57.874336 	-64.424369 	-58.096989 	-59.123798 	-58.666084 	
9.007125 	-3.469297 	-8.580058 	-40.589505 	-49.769359 	-61.490002 	-61.067019 	-63.508736 	-59.413420 	-58.995903 	-60.428350 	-60.876429 	-59.092158 	-59.902272 	-59.463536 	-60.100214 	-61.757408 	-60.370359 	-59.937763 	-60.159725 	-59.396438 	-60.533170 	-59.422961 	-59.894176 	
9.665648 	3.559084 	3.250436 	-10.776869 	-9.139206 	-18.742459 	-25.705488 	-40.599615 	-60.678620 	-58.618898 	-58.229449 	-57.048251 	-58.846155 	-58.313792 	-58.783946 	-57.327720 	-58.759886 	-58.669539 	
9.255379 	-7.101345 	-14.013682 	-22.569920 	-25.084065 	-31.599447 	-31.875794 	-38.404588 	-43.823254 	-49.072105 	-53.893339 	-58.461481 	-59.514200 	-59.659769 	-58.976196 	-61.187480 	-60.420981 	-58.095816 	-59.646776 	-61.156045 	-60.900415 	-59.905460 	-58.979762 	-61.125315 	-59.766027 	-58.826611 	-57.824917 	
9.611563 	5.139536 	-3.063585 	-10.271021 	-15.953761 	-15.078347 	-15.888184 	-18.022470 	-32.011056 	-35.638853 	-37.585797 	-39.423515 	-41.250259 	-47.281655 	-49.567150 	-50.661702 	-53.075483 	-55.241448 	-56.321831 	-57.789118 	-57.385219 	-56.741998 	-57.081578 	-57.261504 	
8.853581 	5.936418 	2.666021 	-5.014856 	-7.611525 	-6.153093 	-8.676883 	-31.503391 	-34.007775 	-32.317765 	-36.536900 	-40.752321 	-46.716288 	
9.223001 	2.367808 	-1.221351 	-11.026229 	-20.321050 	-58.079505 	-57.725276 	-62.854496 	-60.850955 	-57.526040 	-57.664431 	-60.607041 	-57.804405 	
