9.774684 	4.976445 	-2.939966 	-8.604919 	-23.983091 	-33.802330 	-38.213119 	-49.160779 	-57.330831 	-59.550778 	-59.261738 	-58.568059 	-57.433588 	-57.274772 	-57.297059 	
9.814960 	-21.831440 	-45.945489 	-58.004010 	-58.168198 	-60.394590 	-58.953156 	-60.677040 	-59.612786 	-59.064698 	-60.784023 	-57.956701 	-58.490888 	-57.253017 	-57.697045 	-58.118181 	
9.541244 	-34.983306 	-43.273667 	-51.572826 	-58.348394 	-58.768760 	-59.415929 	-57.137319 	-60.659634 	-58.799523 	-Inf 	-56.361116 	-59.504306 	-62.233009 	-57.693270 	-56.816737 	-57.881535 	-58.570627 	-57.364899 	-59.527118 	
8.919746 	-39.856445 	-40.298121 	-55.759194 	-58.314267 	-58.085120 	-60.122749 	-59.201337 	-59.559377 	-58.451337 	-59.085498 	
9.030656 	-5.689111 	-22.573050 	-30.239490 	-31.217090 	-42.511694 	-42.533059 	-45.875345 	-50.174629 	-55.782586 	-58.219575 	-59.458905 	-59.418173 	-60.076816 	-59.426118 	-60.875473 	-62.283390 	-61.440947 	-59.985664 	-64.335267 	-59.650141 	-58.821530 	-59.433847 	-59.236950 	-59.869561 	-59.207018 	-59.564316 	-62.176982 	
9.037142 	-42.532815 	-56.564304 	-57.520261 	-58.661881 	-58.209557 	-61.421659 	-59.278831 	-58.702060 	-58.853619 	-59.745046 	-58.019039 	-58.799852 	-57.487828 	-59.922843 	-58.068061 	-58.125290 	
9.210803 	4.093292 	-9.943380 	-23.355459 	-29.152995 	-61.552755 	-60.800310 	-58.584569 	-57.901316 	-59.646346 	-58.895361 	-60.597613 	-57.784873 	-59.661889 	-61.330314 	-58.910498 	-60.345055 	
8.862459 	3.736416 	-27.413179 	-49.354139 	-51.515231 	-57.932484 	-58.913051 	-58.631195 	-59.499482 	-59.244885 	-58.978733 	-62.673536 	-59.124270 	-60.446980 	-60.649325 	-58.450931 	-60.128674 	-57.588367 	-58.888139 	-60.056924 	-60.592166 	
8.743505 	-47.780691 	-54.080579 	-61.143145 	-58.793345 	-57.633264 	-58.204515 	-59.779673 	-60.804962 	-61.306831 	-58.843951 	-58.189965 	-58.714395 	-58.996801 	-58.421154 	-61.288630 	-59.044824 	-59.869920 	-58.839094 	-58.151714 	-60.399462 	
9.068512 	-11.467761 	-9.451456 	-24.174721 	-36.838127 	-38.689456 	-47.980739 	-59.412791 	-60.841629 	-57.943959 	-58.994532 	-60.317166 	-58.564559 	-61.430074 	-58.346326 	-58.300942 	-59.187393 	
9.327819 	6.717430 	-6.303653 	-12.063556 	-17.320838 	-24.779705 	-34.232355 	-39.612051 	-59.488484 	-59.801343 	-60.463530 	-59.388015 	-59.226997 	-59.006684 	-59.785765 	-62.811155 	-58.865336 	-60.376871 	-60.317703 	-58.471648 	-57.575990 	-61.027086 	-58.230680 	-58.154615 	-58.264511 	-59.616182 	-59.427719 	
9.245879 	2.917907 	-5.215472 	-16.367776 	-38.727320 	-50.943485 	-52.867201 	-56.370072 	-58.455538 	-58.381084 	-58.341554 	-62.718596 	-58.710181 	-57.935624 	-59.490581 	-60.933230 	-57.775806 	-60.651478 	-59.427531 	-59.390506 	-57.483705 	-58.481810 	-57.601346 	
9.291731 	-13.107715 	-45.433642 	-58.573661 	-59.137092 	-60.485555 	-59.138721 	-60.322930 	-61.655285 	-59.224218 	-59.657699 	-58.993956 	-59.637740 	-59.105221 	
9.443043 	4.338000 	-39.218144 	-57.432151 	-57.252041 	-57.814094 	-59.097581 	-59.785685 	-58.057581 	-58.473160 	-59.719085 	-59.155228 	-58.066511 	-60.448567 	-59.132772 	-59.263887 	-59.425240 	-60.068329 	-57.069046 	
9.347259 	-13.472279 	-21.283930 	-24.486883 	-27.231854 	-28.697167 	-30.039350 	-37.360976 	-52.965132 	-59.959312 	-58.138142 	-56.814961 	-67.928424 	-60.181603 	-59.005976 	-59.394671 	-57.329964 	-57.715773 	-57.646705 	-57.301522 	
8.900694 	3.152501 	-12.115816 	-7.074503 	-10.844737 	-13.269105 	-19.495321 	-32.025444 	-52.185445 	-58.901312 	-59.841747 	-60.238460 	-60.299304 	-57.571736 	-58.869175 	-60.125081 	-59.875810 	-58.818667 	
9.261819 	-45.161150 	-57.971111 	-57.407192 	-60.984231 	-57.827212 	-59.124589 	-61.103422 	-59.021490 	-59.076619 	-59.802977 	-58.510974 	-58.714291 	-58.830024 	-59.100971 	-59.159072 	-58.829843 	-61.637426 	
9.676967 	-19.659149 	-23.934654 	-36.507275 	-60.587778 	-57.826154 	-58.668042 	-58.501658 	-58.751644 	-60.599499 	-60.041096 	-61.562329 	-58.043956 	-58.090094 	-60.565439 	-59.322937 	-58.839497 	-57.912049 	-58.106169 	
8.952596 	-6.926179 	-6.411500 	-10.655727 	-30.255969 	-31.404361 	-42.056313 	-44.298535 	-50.927777 	-60.815181 	-61.654204 	-59.305945 	-58.126614 	-59.239376 	-59.887337 	-59.544787 	-59.140400 	
9.484492 	-7.003935 	-48.784516 	-59.611776 	-57.693762 	-58.470518 	-59.528416 	-59.137024 	-58.849246 	-58.456908 	-59.262509 	-58.077291 	-58.609032 	-58.397624 	-60.466662 	-60.115938 	
