9.395809 	-3.389721 	-8.146633 	-23.609320 	-28.409391 	-52.952244 	-52.337846 	-52.889415 	-59.012770 	-57.411622 	-58.794689 	-59.199003 	-58.570061 	-56.840399 	
9.041003 	-8.920492 	-27.776535 	-30.959824 	-43.610858 	-43.101616 	-59.905208 	-57.773080 	-62.285132 	-58.117739 	-58.825134 	-58.541857 	-57.707861 	-57.822735 	-59.288210 	-58.547533 	
9.998733 	1.503505 	-15.469876 	-23.501584 	-39.403326 	-46.971188 	-58.152304 	-57.937403 	-56.254347 	-58.345458 	-58.621338 	-61.517427 	-57.784415 	-56.919936 	-57.598896 	-57.673209 	-56.855536 	-61.106158 	
9.664860 	0.588394 	-35.266466 	-47.570963 	-53.212600 	-53.307659 	-53.561149 	-56.292088 	-57.583966 	-58.505421 	-58.360710 	-58.561273 	-57.241861 	-60.423832 	-59.788639 	-58.096160 	-61.119848 	-57.056772 	-58.101207 	-57.509183 	
9.456102 	7.409571 	-7.368980 	-16.110406 	-59.527233 	-58.619308 	-61.145612 	-57.693973 	-59.549294 	-59.930456 	-59.630407 	-58.900761 	-58.462531 	-62.233167 	-59.661083 	-58.758262 	-58.682228 	-61.174120 	-58.600340 	-58.053353 	-59.669062 	
9.238115 	2.290796 	-52.754967 	-60.240192 	-58.327748 	-59.778155 	-58.590310 	-59.623299 	-61.431848 	-63.227730 	-59.276116 	-58.352405 	-59.959297 	-59.406789 	-61.380972 	-60.117671 	-58.484683 	-61.092802 	-59.917486 	-60.936273 	
9.727445 	-58.488661 	-58.601144 	-60.110088 	-59.145322 	-58.994277 	-57.987732 	-60.946195 	-59.055875 	-58.560573 	-60.247018 	-57.904495 	-59.752262 	-58.380701 	-59.093973 	-58.663368 	-61.635951 	-59.162717 	-58.688325 	-59.160216 	-58.169156 	
8.897548 	-15.505162 	-36.703193 	-40.250539 	-61.074347 	-62.820846 	-59.976684 	-58.451957 	-59.744343 	-58.116235 	-60.674597 	-59.592502 	-59.933404 	-59.193869 	-59.944535 	-59.534083 	-58.824106 	-62.100234 	
9.558070 	-58.182297 	-60.670380 	-59.359481 	-57.959008 	-58.662726 	-58.971530 	-57.809925 	-61.084091 	-58.302699 	-57.839471 	-60.769709 	-58.600175 	-57.747591 	
9.496638 	1.588974 	-11.444228 	-12.282857 	-30.579899 	-54.321618 	-57.333109 	-58.813350 	-60.786699 	-59.059436 	-60.511414 	-59.868629 	-58.676262 	-59.577404 	-58.391916 	-59.102175 	-59.689702 	-59.197544 	
9.497168 	-10.531250 	-58.923342 	-58.554446 	-58.640936 	-64.882786 	-58.805635 	-60.675052 	-58.050085 	-61.861663 	-57.809319 	-58.445005 	-58.158597 	-59.507965 	-59.119529 	-59.733794 	-60.417384 	
9.616069 	-57.583146 	-59.276106 	-58.877936 	-59.938237 	-60.287887 	-60.925870 	-59.074882 	-57.204449 	-59.439328 	-59.701971 	-57.191758 	-60.223703 	
9.463782 	-35.217577 	-35.074027 	-58.989334 	-60.380506 	-60.403277 	-59.143147 	-59.844478 	-59.968445 	-58.659717 	-62.986279 	-59.152115 	-58.934372 	-58.527905 	-59.517489 	-58.571080 	-58.628412 	-58.240350 	
9.378367 	-16.833254 	-47.569746 	-57.566982 	-56.745539 	-59.148142 	-59.379568 	-58.461185 	-60.768919 	-58.427448 	-57.970235 	-61.359024 	-59.791091 	-58.981313 	-61.493363 	
9.493329 	-5.920571 	-8.299538 	-9.980719 	-25.843770 	-57.841170 	-57.484393 	-60.716876 	-59.027815 	-59.407120 	-59.012747 	-59.866316 	-58.327618 	-58.463832 	-58.205921 	-58.502119 	-57.799173 	
9.059442 	0.428481 	-7.827934 	-11.815090 	-48.783616 	-56.462394 	-60.055584 	-59.016297 	-58.536823 	-58.583378 	-58.704268 	-57.881752 	-59.203544 	-60.645426 	-58.516886 	-58.240414 	
9.049055 	-0.204766 	-1.426012 	-20.808457 	-35.952392 	-34.975249 	-41.810511 	-58.377792 	-58.345891 	-57.911906 	-60.212845 	-61.996417 	-58.845159 	-61.913258 	-59.603790 	-60.040675 	-60.762979 	-59.924904 	-63.362124 	-59.727926 	-58.249920 	-61.109739 	-59.561361 	-58.359862 	
9.178207 	-17.598058 	-20.632942 	-48.651983 	-59.557508 	-60.458205 	-59.928040 	-59.525288 	-57.965617 	-58.037819 	-61.952717 	-61.271953 	-57.745823 	-58.992791 	-59.321289 	-61.737820 	
9.864899 	-7.736677 	-21.963716 	-49.309226 	-58.436191 	-58.554798 	-59.664951 	-58.627110 	-57.458194 	-59.498685 	-59.548988 	-58.111440 	-57.147346 	
9.032076 	-23.041011 	-41.955141 	-57.773327 	-61.490928 	-58.423577 	-58.943834 	-59.144765 	-58.667685 	-58.413974 	-59.372302 	-59.793476 	-58.414393 	
