9.958136 	5.467996 	-0.836345 	-0.291064 	1.227437 	-1.853456 	-0.722079 	-0.253892 	-2.521318 	-2.292123 	-3.984419 	-2.143064 	-4.059246 	-2.751382 	-1.804232 	-3.862002 	-3.982746 	-3.325256 	-3.719356 	-4.424814 	-4.611950 	-7.065143 	-8.253331 	-6.063327 	-5.461709 	-6.369792 	-5.097991 	-3.858584 	-5.571674 	-6.351397 	-3.761998 	
9.233100 	0.400885 	-5.037671 	-4.285656 	-9.472549 	-11.557173 	-25.626895 	-22.837379 	-25.363994 	-28.692488 	-28.271420 	-28.594439 	-33.049041 	-35.888096 	-38.763102 	-40.951429 	-41.088626 	
9.780336 	1.607977 	0.031434 	-2.653988 	-5.816982 	-5.412013 	-4.586752 	-5.056664 	-7.966095 	-12.508711 	-14.970711 	-16.446597 	-14.145055 	-18.716072 	-16.248595 	-24.978202 	-18.788045 	-20.152802 	-23.936440 	-23.516209 	-24.973677 	-29.021014 	-29.890185 	-33.761028 	
9.134379 	-30.834434 	-42.950201 	-44.666697 	-45.910785 	-58.901178 	-58.039568 	-59.411207 	-61.148111 	-59.283440 	-62.552458 	-60.101924 	-58.543813 	-60.465717 	-58.287925 	-59.757365 	-60.876832 	-60.946667 	-59.002912 	-58.325326 	-61.489448 	-61.373706 	
8.942243 	3.800412 	-0.068955 	-2.190732 	-3.636142 	-8.136679 	-6.296412 	-8.521580 	-12.934443 	-14.574342 	-19.888881 	-21.478200 	-26.849836 	-24.562997 	-25.229846 	-27.720291 	-27.184714 	-32.895909 	-38.910213 	
9.186872 	-0.819571 	1.828278 	-14.775338 	-14.919451 	-15.033146 	-26.949587 	-27.956917 	-30.962278 	-34.074812 	-37.708615 	-38.232263 	-40.609564 	-42.566737 	
9.502872 	3.429823 	-4.159899 	-8.047490 	-9.341074 	-8.422051 	-19.339980 	-20.516160 	-22.820722 	-27.310895 	-32.215410 	-32.939117 	-34.891632 	-33.743813 	-34.678252 	-46.814019 	
9.608605 	-12.104419 	-42.456225 	-48.644523 	-49.337621 	-56.413698 	-58.547080 	-57.402402 	-57.655670 	
9.351367 	4.663205 	3.979200 	1.448404 	-0.387799 	-0.194748 	-1.859192 	-0.996922 	-2.110951 	-2.314621 	-2.555267 	-4.452687 	-2.587991 	-2.252618 	-3.306224 	-3.470641 	-3.254454 	-4.085259 	-5.038228 	-5.743052 	-6.060062 	-3.826090 	-4.392006 	-6.184294 	-4.358265 	-5.666592 	-4.940181 	-4.912898 	-5.191012 	-8.058482 	-6.193427 	-7.357013 	
9.005104 	7.407787 	3.243456 	2.164285 	-13.856934 	-12.435482 	-23.591253 	-41.587366 	-46.558320 	-48.745259 	-52.225660 	-53.417235 	-55.813855 	-55.610170 	-58.239547 	
