9.938424 	0.585957 	1.275367 	-0.870693 	-2.439228 	-2.265751 	-6.981615 	-15.978277 	-33.421534 	-37.689081 	-40.390067 	-40.609159 	-43.951327 	-41.740579 	-43.437989 	-47.411306 	-49.600937 	
9.050690 	3.944292 	3.466567 	-7.066550 	-15.544483 	-16.605809 	-21.146198 	-23.715510 	-25.925085 	-28.389300 	-26.968063 	-31.512966 	-37.084946 	-46.112705 	-56.813806 	-59.006436 	-58.650540 	-58.080985 	-59.530039 	-58.052271 	
8.999090 	4.424115 	1.442764 	-6.586531 	-16.822149 	-17.279056 	-23.777204 	-23.986503 	-25.669388 	-29.710099 	-37.500510 	-36.287028 	-40.396242 	-41.593079 	-41.123646 	-46.320513 	-50.723146 	-52.491811 	
9.364138 	-14.350863 	-13.840695 	-14.566606 	-14.167151 	-36.647237 	-49.003087 	-59.059119 	-59.404219 	-59.505940 	-59.544531 	-58.955018 	-58.238553 	-61.003303 	-61.348576 	-58.426832 	-59.590658 	-59.803715 	
9.211138 	6.571362 	-3.033029 	-2.278420 	-3.344766 	-9.690105 	-6.382031 	-6.540410 	-8.130086 	-11.497926 	-10.524382 	-11.415721 	-16.501161 	-15.703716 	
9.219891 	-8.664803 	-52.626768 	-55.585793 	-61.168629 	-59.653248 	-59.554189 	-59.475653 	-59.430591 	-58.831008 	-60.103782 	-62.000425 	-59.120399 	-58.974014 	-59.610739 	-58.432220 	-58.842051 	-59.528909 	-60.021862 	-59.178222 	-57.694595 	
9.562528 	1.798992 	-8.995387 	-12.448413 	-17.119570 	-33.810190 	-36.892761 	-42.505297 	-45.598204 	-53.429697 	-57.670211 	-58.595098 	-57.301309 	-57.080738 	-57.566063 	-59.853687 	
9.207952 	-1.243585 	1.206466 	-3.253176 	-10.279167 	-13.398459 	-16.825786 	-25.338460 	-28.501973 	-32.117810 	-34.269061 	-38.624501 	-42.663727 	-46.670219 	-49.414346 	-51.657860 	-57.113411 	-58.957884 	-58.305492 	-56.474611 	-57.354272 	
9.534098 	-2.753881 	-5.241400 	-7.765766 	-16.655892 	-21.497112 	-25.066010 	-27.458774 	-38.467369 	-41.027133 	-41.150407 	-44.187112 	-46.197453 	-48.643322 	-50.283115 	-56.555117 	-56.232034 	-57.173230 	-56.981592 	-58.398850 	
9.222556 	4.112494 	2.958311 	-5.669811 	-8.983961 	-9.781798 	-10.017549 	-18.679156 	-22.020326 	-28.285204 	-36.918704 	-48.302351 	-55.773318 	-56.097763 	-57.524804 	-57.945680 	-57.021930 	-58.296984 	
9.244148 	0.852492 	-7.683890 	-21.032886 	-26.448901 	-23.034447 	-33.028877 	-34.774124 	-39.861052 	-49.626591 	-50.449687 	-57.315138 	-57.873695 	-58.232516 	-58.665925 	-60.251376 	-59.840174 	-59.320039 	-64.132847 	-58.113707 	-58.738647 	-58.861512 	-58.615121 	-57.718297 	-59.956936 	-61.967499 	-58.507226 	
8.529683 	-0.966188 	-17.940478 	-18.755763 	-37.952811 	-44.712829 	-49.517759 	-55.735431 	-60.045238 	-58.211285 	-61.647772 	-60.754292 	-58.495076 	-59.387002 	-58.256429 	-63.991861 	-61.115197 	-62.015923 	-59.770976 	-58.612255 	
9.192142 	2.088875 	-8.695531 	-10.409974 	-20.328008 	-27.049344 	-28.328944 	-45.613584 	-46.360862 	-49.107339 	-51.607871 	-54.000471 	-57.045086 	-56.332624 	-59.301110 	-57.956868 	-56.645542 	
9.207011 	1.404880 	1.541763 	0.455542 	-1.386634 	-3.877580 	-9.675146 	-11.737006 	-10.228679 	-15.453587 	-15.816777 	-17.475766 	-24.816128 	-28.737320 	-37.446038 	-39.412292 	-42.158018 	-47.437512 	-48.931651 	-52.894623 	-55.500467 	-57.389237 	-57.246244 	
8.874866 	3.358617 	-16.297600 	-14.461897 	-20.313328 	-41.314726 	-57.607455 	-58.006826 	-58.288182 	-57.781149 	-57.007018 	-58.278714 	-57.384598 	-58.812421 	
8.560625 	-1.479655 	0.584084 	-5.076064 	-13.234250 	-26.225097 	-31.330297 	-41.432244 	
9.312682 	-8.813605 	-10.644884 	-17.559997 	-18.669098 	-21.731772 	-20.901349 	-33.392448 	-33.581135 	-39.814108 	-48.332042 	-51.672557 	-55.146929 	-52.714621 	-57.925149 	-54.430667 	-58.670256 	-56.019729 	-57.943264 	-57.269577 	-58.231534 	-59.009396 	-57.745855 	
9.797956 	5.954094 	0.354738 	-1.426041 	-3.934500 	-7.920948 	-10.156741 	-10.119191 	-9.450086 	-10.413822 	-11.776112 	-12.574144 	-13.230929 	-15.377810 	
9.442081 	6.892791 	0.573727 	-0.632123 	-21.413676 	-22.443920 	-24.746380 	-30.629376 	-34.609076 	-34.017468 	-34.803725 	-33.866251 	-38.827272 	
9.485754 	7.784072 	4.460077 	4.712534 	2.344671 	-0.181284 	-1.820716 	-0.054212 	-1.633087 	-6.273585 	-5.822291 	-4.915983 	-3.788743 	-4.173907 	-8.973523 	-6.400944 	-6.703564 	-6.567625 	-8.128686 	-8.847199 	-9.810994 	-9.189117 	-8.757565 	-9.251294 	-9.037646 	-10.249058 	-9.950465 	
9.025508 	1.723085 	-9.256513 	-10.330798 	-12.618114 	-12.571690 	-42.625831 	-42.547833 	-55.286110 	-57.049487 	-56.503540 	-57.423780 	-58.370864 	-60.064601 	-58.994392 	-58.009436 	-59.068863 	-61.457836 	
