9.587997 	-3.295561 	-5.831022 	-18.161746 	-56.785810 	-58.579398 	-59.678321 	-59.991327 	-58.316837 	-59.369540 	-57.517427 	-59.719358 	-57.872156 	-58.570931 	-58.820965 	
9.351141 	-9.424652 	-61.171201 	-58.718437 	-59.654010 	-58.290183 	-58.089808 	-58.060892 	-59.410696 	-59.159438 	-59.484741 	-61.514555 	-58.127121 	-57.285647 	
9.770391 	-9.974396 	-14.473366 	-43.943259 	-58.327850 	-58.511371 	-58.116522 	-58.855181 	-58.757307 	-58.400725 	-58.453809 	-59.884997 	-58.859784 	-58.687068 	-58.544651 	-60.588526 	-58.139587 	-59.843773 	
9.476667 	-1.387885 	-57.513580 	-58.718435 	-58.696403 	-58.624104 	-58.801353 	-59.765825 	-58.172233 	-58.186164 	-57.902782 	-61.848410 	-57.368604 	-60.482851 	-57.535785 	-58.149396 	-58.698237 	
9.150739 	2.342560 	1.671545 	-13.911016 	-29.954798 	-61.223985 	-60.698152 	-58.423044 	-59.314453 	-58.957388 	-58.791518 	-59.094811 	-60.281285 	-58.981169 	-59.170395 	-61.279950 	-59.230472 	-58.660821 	-59.267456 	-62.944871 	
9.033066 	-57.620509 	-60.107263 	-58.664082 	-58.308790 	-59.458064 	-59.143009 	-58.991644 	-59.461198 	-60.638058 	-60.018372 	-59.099584 	-60.123744 	-59.940314 	
9.454383 	1.805151 	-27.783050 	-44.785943 	-50.684635 	-55.721346 	-57.539394 	-58.371308 	-60.497732 	-58.430126 	-58.171399 	-59.991028 	-59.665395 	-57.603782 	-58.574250 	-60.523745 	-57.716870 	-58.481975 	
9.110654 	-57.579527 	-59.569256 	-58.776070 	-59.193371 	-56.772184 	-56.432968 	-60.521106 	-59.193331 	-59.616503 	-57.130954 	-56.553528 	-56.602302 	-57.629165 	-58.802580 	
9.569510 	-58.923516 	-58.852595 	-58.207024 	-62.000581 	-60.005225 	-58.338843 	-58.146873 	-58.129538 	-58.040099 	-58.592445 	-58.202922 	-60.411433 	-60.710659 	-58.275451 	-61.176299 	
9.568166 	-11.079562 	-31.894809 	-39.425564 	-51.070241 	-58.012912 	-57.015911 	-57.901373 	-58.117912 	-58.391332 	-58.650690 	-58.531327 	-59.028094 	-60.306708 	-56.948686 	-60.252789 	
9.701035 	-16.768476 	-26.404528 	-28.390582 	-31.341060 	-38.913310 	-56.947312 	-60.030715 	-59.761830 	-57.487776 	
9.071307 	-2.670441 	-9.315602 	-18.465482 	-23.015351 	-37.897454 	-40.795716 	-40.581216 	-49.930082 	-58.114288 	-59.104723 	-58.260803 	
9.481836 	1.478733 	-36.110110 	-58.581261 	-57.943720 	-58.362282 	-60.691027 	-58.729922 	-60.088244 	-59.154144 	-58.053887 	-59.893448 	-62.155876 	-58.827379 	-57.840845 	-58.288809 	-58.712460 	
9.826657 	-0.757638 	-3.879760 	-49.503458 	-57.372876 	-59.148531 	-58.987588 	-59.667240 	-59.137604 	-60.184599 	-59.180060 	-60.249738 	-58.985624 	-58.719395 	-57.336366 	
9.463491 	-17.088920 	-47.132333 	-59.148005 	-59.514152 	-57.555455 	-58.946398 	-59.833226 	-58.761854 	-59.899942 	-58.915901 	-58.803553 	-58.367253 	
9.250122 	-8.429437 	-15.585425 	-54.446327 	-59.023423 	-59.213976 	-62.155827 	-60.998128 	-59.956014 	-58.728109 	-58.600808 	-60.777786 	-60.766137 	-59.678269 	-61.583439 	-63.041834 	-60.168812 	-58.485441 	-59.361263 	-59.295509 	-61.299602 	-59.885812 	-60.600001 	-57.615813 	-59.906085 	-58.248585 	
9.479324 	-16.889091 	-19.441590 	-45.048445 	-58.368592 	-58.585184 	-59.585322 	-57.930510 	-58.333943 	-57.041921 	-57.753258 	-58.284825 	-60.141668 	-57.199078 	-59.589414 	-57.587195 	-58.728187 	-59.204021 	-60.153400 	-59.417535 	-58.561236 	-58.738773 	
9.047732 	-5.635090 	-59.609089 	-61.342398 	-59.261499 	-58.060821 	-57.580650 	-58.428256 	-59.098413 	-58.442639 	-57.645189 	-59.477267 	-59.121241 	-59.917836 	-61.243421 	-58.702788 	-58.227889 	-63.930223 	-59.410720 	
9.580444 	-34.563390 	-37.811423 	-59.687464 	-58.529228 	-60.092474 	-59.346071 	-57.519651 	-58.886694 	-57.875516 	-58.971496 	-60.898672 	-59.287463 	-59.526852 	-59.177008 	-58.683339 	-57.304201 	-58.573785 	-57.938109 	-58.302632 	-57.906130 	-58.795566 	
9.872367 	-14.974995 	-36.037459 	-57.602182 	-58.023920 	-60.780056 	-58.596375 	-58.241434 	-59.339499 	-59.177065 	-58.799359 	-58.512731 	-57.918114 	-60.365148 	
