9.442962 	2.721949 	-5.758228 	-10.759426 	-31.293181 	-39.366985 	-42.251127 	-59.745982 	-60.723657 	-60.080485 	-62.783083 	-61.840331 	-59.920554 	-58.492798 	-61.002897 	-58.789496 	-60.283784 	-62.034578 	-59.696276 	-59.397364 	-59.973080 	
9.421059 	-5.340605 	-8.271323 	-17.990583 	-20.379679 	-23.640537 	-36.212272 	-58.653274 	-59.413945 	-59.642963 	-59.836335 	-61.274261 	-58.782190 	-57.248005 	-60.106897 	-59.893495 	-58.716541 	-59.892891 	-60.154811 	-59.377122 	
9.634225 	-9.147334 	-24.304076 	-34.417141 	-58.875289 	-64.554683 	-58.946608 	-58.621099 	-58.602600 	-59.035871 	-59.077359 	-59.028145 	-59.247566 	-59.416979 	-58.585373 	-58.867983 	-58.189096 	-64.094024 	-60.013817 	-58.334173 	-59.600394 	-58.877137 	-60.404809 	-59.843422 	-61.181351 	
9.349212 	7.390355 	2.072749 	-57.828269 	-57.404790 	-60.168990 	-59.425791 	-56.621842 	-58.666351 	-61.757563 	-57.728918 	-58.001203 	-57.437948 	-59.235159 	-56.805759 	-59.828182 	-58.778084 	-57.644467 	
9.673996 	2.124892 	-12.939348 	-25.014245 	-28.604154 	-28.943169 	-29.309997 	-57.798261 	-57.701160 	-58.567211 	-59.809167 	-58.276952 	-57.836182 	-57.942989 	-58.246760 	-59.035512 	
9.463431 	1.405758 	-8.614683 	-8.830876 	-17.223306 	-18.470745 	-24.574568 	-32.721058 	-40.745480 	-57.360067 	-58.297911 	-56.813542 	-57.651237 	-60.539485 	-57.908185 	-57.615123 	-57.548915 	
9.996209 	0.516775 	-0.736963 	-15.203472 	-34.791416 	-60.008562 	-58.458689 	-58.125096 	-60.885141 	-61.233741 	-57.621043 	-62.088918 	-57.418811 	-59.440768 	-59.715051 	-62.970728 	-59.141537 	-58.200330 	-58.391819 	-58.465448 	-60.146460 	-58.370382 	-57.569311 	-59.106865 	
9.003153 	-3.378088 	-4.588581 	-23.054154 	-32.560492 	-42.249411 	-46.839808 	-53.393734 	-60.291246 	-58.825507 	-59.021715 	-59.500874 	-61.359024 	-59.244542 	-61.320023 	-63.040309 	-59.095603 	-59.072097 	-60.422216 	-57.581371 	-59.819866 	
9.191203 	-43.242569 	-59.104322 	-57.532530 	-59.098562 	-58.183709 	-59.762110 	-58.461305 	-58.826999 	-61.611273 	-58.664999 	-57.946330 	-61.054459 	-60.133147 	-59.161103 	-59.097550 	-60.411255 	-61.886738 	-58.832058 	
10.098876 	-33.862928 	-45.678217 	-49.048961 	-51.305366 	-59.042380 	-58.865909 	-56.964364 	-58.631176 	-57.852167 	-57.729668 	-60.966225 	-59.039792 	-58.117305 	-57.392418 	-59.362446 	-57.968196 	-57.635354 	-57.414326 	-58.217365 	-59.156356 	-57.927909 	
9.324556 	-2.379966 	-11.982681 	-18.563214 	-35.083414 	-40.634359 	-41.066312 	-56.519430 	-58.521792 	-56.962449 	-58.373727 	-57.602627 	-58.905246 	-57.871997 	
9.095399 	-22.404132 	-28.782231 	-28.534391 	-30.191580 	-31.221572 	-58.214333 	-57.906154 	-59.634169 	-59.767765 	-63.793007 	-57.789915 	-60.106903 	-57.982267 	-60.369131 	-59.258756 	-58.709773 	-61.261283 	-56.260136 	-59.638796 	-57.477852 	
8.338741 	9.252292 	2.258179 	-2.358545 	-6.813738 	-8.339410 	-48.589777 	-50.996041 	-56.853639 	-57.829543 	-58.674088 	-58.494040 	-60.199540 	-57.178829 	-59.200056 	-56.737929 	-57.594153 	-60.878247 	-57.795282 	-57.157024 	-59.678583 	-58.374796 	
9.231931 	-19.913126 	-54.004278 	-59.772706 	-58.829790 	-60.666162 	-60.146772 	-60.386645 	-59.923388 	-61.002898 	-60.448189 	-60.749466 	-58.831297 	-62.945058 	-61.368847 	-61.911333 	-58.041099 	
9.238678 	-27.957148 	-33.450536 	-38.324728 	-50.121438 	-56.563761 	-58.740960 	-58.627366 	-58.457807 	-58.776788 	-58.414300 	-59.672063 	-61.309429 	-58.136227 	-60.955086 	-57.822315 	-58.693377 	
8.896975 	-21.221336 	-45.767978 	-62.369667 	-59.394235 	-59.324978 	-58.166269 	-58.166825 	-58.925081 	-60.639742 	-56.791749 	-58.442929 	-60.339372 	-58.211257 	-57.959399 	-59.855396 	-58.556406 	-59.011457 	-57.816081 	-58.641753 	-59.263395 	-58.994539 	-58.476010 	-63.405956 	
8.961847 	-17.331753 	-27.040405 	-57.638914 	-58.009324 	-58.956425 	-61.376150 	-57.887286 	-59.438535 	-61.227500 	-60.306729 	-58.965833 	-57.657324 	-59.197702 	-63.626049 	-59.844937 	-60.761072 	-60.210153 	-58.963312 	
9.145875 	-2.112135 	0.220048 	-12.417815 	-13.626628 	-20.086529 	-18.095703 	-19.531284 	-33.703114 	-37.607719 	-44.435544 	-45.493699 	-60.571884 	-60.396000 	-59.870158 	-59.581195 	-59.392343 	-59.501659 	-60.408541 	-58.310825 	-58.571467 	-59.620056 	-58.262604 	-60.104182 	-59.225267 	-59.080564 	-59.039715 	-60.025046 	-60.633077 	-59.201638 	-60.844225 	
9.736346 	-6.900366 	-12.904160 	-24.828631 	-54.201936 	-58.901906 	-59.259551 	-58.068994 	-58.551667 	-59.746290 	-63.375040 	-58.897510 	-58.951809 	-57.427792 	-58.722843 	-59.907445 	-59.372038 	-58.368780 	-58.131941 	-59.260372 	-58.336896 	
9.252367 	-4.314428 	-5.865777 	-20.432681 	-21.989929 	-34.013234 	-40.065800 	-59.621947 	-58.935251 	-59.714542 	-59.147019 	-58.590163 	-58.568076 	-59.306318 	-58.394112 	-58.971735 	-59.761710 	
