9.080485 	3.825838 	-2.552328 	-7.725951 	-7.454371 	-18.982186 	-23.675077 	-37.798786 	-37.514116 	-46.715213 	-52.927156 	-53.635615 	-54.489924 	-58.600143 	-57.399938 	-59.023135 	-56.832698 	-59.652236 	-62.547231 	-56.503370 	-56.595365 	
9.684266 	-12.893752 	-18.471798 	-21.373651 	-36.446124 	-39.116606 	-57.331219 	-58.638565 	-58.564530 	-60.600594 	-57.888229 	-60.535114 	-61.399992 	-58.287774 	-58.867463 	-59.268363 	-58.769885 	-58.896731 	
9.566319 	-5.363637 	-50.683268 	-58.841234 	-57.974875 	-60.036767 	-59.666960 	-59.218259 	-59.881327 	-58.636048 	-59.762993 	-63.177936 	-60.896293 	-60.909161 	-59.652422 	-58.603464 	-58.757520 	-58.726196 	-60.375065 	-59.131323 	-61.169218 	
9.167286 	4.587168 	-2.920295 	-11.150812 	-19.271758 	-20.033758 	-23.894252 	-30.906165 	-40.806105 	-57.596472 	-60.804203 	-59.830407 	-58.964668 	-60.200834 	-58.700336 	-59.294953 	-60.102703 	-58.308330 	-60.735677 	
9.106996 	-4.642593 	-14.603994 	-24.744189 	-33.601619 	-37.560276 	-46.928854 	-59.258869 	-60.119406 	-58.672919 	-59.198265 	-61.358756 	-60.991599 	-61.734576 	-58.654318 	-59.108793 	-60.649585 	-59.603803 	-58.818431 	-59.232811 	-59.962430 	
9.185932 	-14.515971 	-19.881011 	-35.002092 	-34.238957 	-38.806702 	-41.241616 	-46.906946 	-52.875308 	-57.078794 	-55.762918 	-58.460357 	-56.631238 	-57.550041 	-56.289440 	-57.294104 	
9.173478 	-3.469314 	-5.631803 	-5.866620 	-13.243890 	-17.006435 	-14.958473 	-21.733340 	-24.545050 	-24.363405 	-29.553004 	-30.458311 	-29.738906 	-32.641065 	-34.064685 	-34.230127 	-34.648764 	-35.154831 	
9.474231 	4.690995 	0.108349 	-5.442515 	-4.112866 	-6.066018 	-11.465143 	-14.784081 	-26.160819 	-29.930250 	-38.442658 	-41.296302 	-45.300071 	-45.591028 	-45.701575 	-49.002821 	-49.631571 	-52.999388 	-57.324250 	-57.398867 	-56.345009 	-55.795650 	-56.330804 	-59.616786 	-59.297943 	-58.482717 	-59.232135 	-58.530153 	
9.030298 	-22.032426 	-41.641592 	-46.923777 	-60.226071 	-58.097862 	-59.401003 	-58.808595 	-60.687139 	-58.238888 	-60.530178 	-59.563183 	-59.424117 	-60.264961 	-59.363317 	-58.637905 	-60.621095 	-58.508611 	-58.606053 	-60.942565 	-61.070261 	
9.208683 	-1.645328 	-2.060766 	-13.101435 	-14.751705 	-18.160214 	-20.302059 	-36.752908 	-36.359266 	-38.255150 	-44.131319 	-40.737373 	-40.148287 	-41.066299 	-42.277154 	-48.175830 	-48.475173 	-49.952909 	-50.350327 	-54.857086 	-57.324152 	
8.692776 	4.080766 	4.149002 	0.145228 	0.673362 	-0.527303 	-1.838079 	-2.775930 	-4.965267 	-5.849230 	-7.516578 	-7.011721 	-5.706034 	-7.242443 	-7.490501 	-7.269904 	-9.077768 	-7.237259 	
9.057280 	2.154997 	-5.651020 	-5.159429 	-10.097691 	-8.285520 	-32.085818 	-54.646010 	-61.016863 	-57.284221 	-57.445340 	-59.024045 	-60.410434 	-57.779143 	-60.944272 	-59.838352 	-57.184174 	-59.452616 	-59.579023 	-58.881537 	
9.117072 	-20.957851 	-40.794939 	-44.785071 	-45.628990 	-53.459378 	-58.189630 	-59.455070 	-59.144223 	-60.475029 	-59.882422 	-58.988189 	-59.292994 	-59.969499 	-58.522136 	-59.189128 	-59.074196 	-60.610309 	-59.534119 	-59.724633 	-59.813666 	-59.103048 	
9.448938 	-1.581392 	-11.059790 	-11.960190 	-32.487168 	-32.895438 	-52.469176 	-55.177886 	-56.798330 	-58.815358 	-58.084814 	
9.024995 	3.258181 	-4.269474 	-9.140756 	-10.868082 	-26.747121 	-25.167022 	-33.097425 	-44.573524 	-58.447399 	-60.406395 	-60.644879 	-57.359882 	-60.720911 	-60.003417 	-59.407067 	-57.665316 	-59.231864 	-59.825757 	-58.284365 	
9.192152 	3.768358 	0.026942 	-30.063313 	-39.619993 	-58.848640 	-57.719876 	-59.102353 	-62.385186 	-59.334118 	-62.399305 	-61.635033 	-59.671124 	-57.866482 	-59.334014 	-57.344055 	
8.489089 	2.344315 	-3.721863 	-3.701981 	-5.292001 	-11.260652 	-10.874043 	-19.661119 	-20.958685 	-23.886582 	-33.172893 	-33.432757 	-43.160976 	-44.826641 	-46.348346 	-49.553498 	-51.029562 	-52.249396 	
8.700376 	-23.807081 	-37.192117 	-35.685357 	-38.403888 	-45.205487 	-60.000330 	-59.599009 	-58.355474 	-59.014437 	-62.551826 	-58.842787 	
9.523013 	-2.647004 	-1.363787 	-4.110502 	-4.194525 	-10.825250 	-17.612221 	-17.733937 	-24.390022 	-26.006141 	-36.569617 	-36.419844 	-45.344184 	-57.267388 	-58.775160 	-60.436639 	-61.841649 	-56.811118 	-58.148287 	-61.092618 	-57.258077 	-62.485195 	-59.631476 	-60.496227 	-58.350930 	
10.079444 	-37.552389 	-41.859667 	-44.896527 	-49.247240 	-59.074570 	-60.499858 	-57.210896 	-58.809579 	-58.725181 	-58.954903 	-58.292923 	-57.289129 	-57.656039 	-58.729526 	
