8.902119 	4.285890 	-18.219376 	-23.997094 	-44.537431 	-51.444887 	-51.345659 	-52.612704 	-58.840126 	-61.581301 	-58.438997 	-60.259722 	-58.749165 	-60.864480 	-58.725506 	-60.250064 	-60.423559 	-58.677413 	-59.685910 	-58.449545 	-61.880156 	-59.195436 	-59.735841 	-59.169827 	-58.709410 	-58.847500 	-58.353670 	
9.472313 	3.199290 	-4.072627 	-7.611890 	-36.582756 	-44.410792 	-44.729392 	-47.223068 	-55.485563 	-54.747557 	-58.546588 	-59.397162 	-57.920241 	-57.980917 	-58.904673 	-58.590095 	-60.312760 	-58.325086 	-61.025336 	
9.529037 	2.614671 	-5.978277 	-14.788866 	-24.376131 	-23.150182 	-40.593064 	-40.229435 	-43.710022 	-46.067281 	-54.446129 	-58.055971 	-61.317707 	-60.324127 	-59.465439 	-58.417135 	-58.225069 	-60.566313 	-58.920945 	-59.363330 	-60.826101 	-60.776980 	-59.622659 	-58.289726 	-61.010315 	-59.269068 	
9.344631 	-0.792400 	-2.456927 	-14.654340 	-45.680693 	-60.906110 	-61.420361 	-57.946370 	-60.996338 	-58.199109 	-62.451102 	-57.640745 	-58.440899 	-58.667696 	-57.472767 	-59.405699 	
9.197358 	4.777087 	-19.746053 	-25.397705 	-29.464617 	-28.163947 	-33.086895 	-35.806656 	-37.040576 	-48.565299 	-48.941605 	-49.050127 	-60.908006 	-59.225236 	-58.665817 	-59.320911 	-59.073913 	-58.942238 	-59.179457 	-66.306563 	-58.795496 	
9.385638 	-6.873539 	-8.701729 	-13.984103 	-27.489673 	-45.170276 	-49.102743 	-51.738244 	-49.157217 	-54.339621 	-52.985565 	-56.150644 	-56.037398 	
9.187845 	7.299073 	3.426199 	-12.308588 	-20.273325 	-25.718434 	-32.452167 	-37.832628 	-45.051282 	-50.175527 	-48.800313 	-51.158055 	-52.968263 	-59.240592 	-55.638009 	-56.820506 	-58.339058 	
9.280146 	-0.898306 	-8.425324 	-10.372592 	-13.046339 	-13.536343 	-21.744859 	-21.403977 	-21.435073 	-24.912878 	-36.746507 	-40.705440 	-38.865476 	-44.668906 	-45.471954 	-46.100057 	-50.643458 	-52.560307 	-53.505884 	-54.884728 	-54.153524 	-55.189288 	-55.724478 	
9.708066 	-5.116582 	-22.694265 	-56.062520 	-57.834932 	-57.225909 	-57.266711 	-56.572809 	-57.343650 	-57.517091 	-56.910810 	-58.767083 	-56.617480 	-56.744739 	-57.437669 	-59.968035 	-60.593116 	-59.324121 	
9.620597 	-17.499186 	-48.100243 	-57.222396 	-60.220183 	-58.503625 	-58.864497 	-60.331994 	-57.651332 	-58.809176 	-59.086491 	-57.838160 	-58.418664 	
9.622706 	-21.750031 	-25.328967 	-26.194837 	-33.691727 	-34.961578 	-51.141998 	-52.976629 	-57.227380 	-57.935706 	-58.616646 	-57.241842 	-60.382993 	-57.684909 	-57.577890 	-58.062099 	
9.331162 	-26.045111 	-45.050690 	-46.945070 	-52.211658 	-52.328245 	-55.888854 	-57.576719 	-58.414685 	-58.528322 	-59.422856 	-59.981533 	
9.221679 	3.993166 	-6.567885 	-35.695528 	-54.511804 	-59.707133 	-58.241929 	-57.558267 	-60.673346 	-58.807422 	-59.956449 	-60.398838 	-58.732736 	-59.514476 	-62.371113 	-60.505109 	-57.858369 	-58.144140 	-59.829723 	-60.159555 	-60.056964 	-59.884199 	
8.788507 	-14.209388 	-26.144156 	-46.435316 	-49.848279 	-58.117555 	-58.694016 	-58.709940 	-59.374884 	-61.520305 	-59.575986 	-59.214704 	-58.503750 	-58.841864 	-58.841769 	-60.494763 	-59.973902 	-58.655599 	-61.071593 	-59.273256 	-58.035449 	-60.002865 	
9.568422 	-57.919275 	-58.184274 	-57.594609 	-60.186610 	-60.781473 	-58.948208 	-57.280166 	-58.210387 	-57.914592 	-59.644934 	-60.503448 	-58.198767 	
9.199776 	5.150165 	-23.611967 	-30.417868 	-48.183886 	-58.809858 	-59.277256 	-59.680758 	-58.846094 	-58.767585 	-57.372110 	-58.395882 	-60.581552 	-60.731292 	-59.402316 	-58.069220 	-59.462428 	-63.797265 	
9.428443 	-2.675804 	-33.911553 	-35.826251 	-37.240218 	-41.140867 	-55.853960 	-57.715818 	-57.309039 	-59.279394 	-59.252094 	-58.292310 	-58.996588 	-59.971601 	
9.272457 	-28.824802 	-59.221341 	-59.295555 	-62.646252 	-61.798404 	-58.316732 	-60.472875 	-59.176107 	-58.972276 	-60.105189 	-59.700778 	-60.401679 	-58.234484 	-59.620836 	-60.016125 	-59.727332 	-59.755204 	-60.178743 	-57.963708 	-62.775561 	-56.909184 	-60.251374 	-58.001917 	-60.919855 	-59.675773 	
9.421167 	-18.420593 	-23.804216 	-26.777726 	-34.207808 	-40.482437 	-44.386620 	-46.600613 	-58.696112 	-58.179772 	-59.079560 	-58.942423 	-59.288287 	-59.270217 	-60.590746 	-57.190226 	-60.001199 	-57.949903 	-58.916187 	-59.079455 	
9.649272 	7.238609 	-56.535384 	-58.883564 	-58.987588 	-59.211498 	-58.422362 	-58.463978 	-56.865855 	-57.808934 	-59.962884 	-57.961053 	-59.589595 	-57.577265 	-58.295154 	-61.642397 	-58.714234 	-60.106975 	-57.822251 	-61.238353 	
