9.754328 	3.648961 	1.065131 	-1.330918 	-5.504216 	-7.533657 	-8.436593 	-8.981985 	-9.978108 	-13.227215 	-12.135147 	-13.010608 	
8.886418 	-7.810496 	-17.717602 	-37.155031 	-39.309414 	-57.330968 	-60.787310 	-59.801799 	-59.765269 	-64.613102 	-59.625931 	-58.444756 	-59.455682 	-58.000851 	-59.274386 	-59.442659 	-58.736171 	-58.203717 	-58.764144 	-60.331889 	
9.308712 	4.760368 	-7.549568 	-6.116629 	-9.718002 	-8.655185 	-10.357336 	-14.135164 	-13.903314 	-20.803524 	-22.877722 	-28.292792 	-30.241092 	-36.364698 	-38.453882 	-39.760127 	-40.514371 	-42.122695 	-43.704313 	-44.945378 	
9.760371 	2.396069 	-7.237607 	-11.510329 	-15.688973 	-18.393082 	-44.197333 	-47.419884 	-50.315983 	-49.265768 	-50.274374 	-51.017222 	-55.037490 	-55.457244 	-57.417897 	-56.304367 	-58.006236 	
8.884166 	4.211203 	4.711134 	2.591400 	4.760886 	4.091476 	4.666706 	0.891397 	-0.783377 	1.505267 	3.704457 	2.078138 	-0.450730 	1.104424 	0.405086 	1.238102 	2.186226 	0.838280 	0.196638 	0.187243 	1.992782 	-0.792358 	1.606361 	-1.503379 	-0.058395 	-0.555602 	-0.314903 	-2.693981 	0.944937 	-0.330982 	-2.557367 	-0.091901 	-1.323481 	-2.216124 	0.239613 	-0.777871 	-1.116402 	-2.488391 	-5.807860 	-2.548028 	-1.221852 	-1.441035 	-0.819248 	-1.172811 	-1.236754 	-2.153736 	-1.085414 	-1.795227 	-3.129259 	-3.179820 	-1.259261 	-5.049637 	-1.034285 	-1.997338 	-2.112426 	-2.929331 	-1.560886 	-1.589576 	-2.190204 	-2.775741 	-1.929937 	-2.744425 	-1.432519 	-3.117777 	-2.202542 	-2.829425 	-2.380976 	-2.188565 	-6.384463 	-2.348065 	-2.024763 	-4.787653 	-1.220401 	-4.771298 	-2.412872 	-3.494041 	-2.126210 	-5.085487 	-5.533185 	-4.920108 	-4.644676 	-2.116319 	-2.446704 	-4.098255 	-2.671578 	-4.062272 	-2.958617 	-3.248130 	-2.439373 	-3.901056 	-2.833783 	-3.692711 	-5.208907 	-4.646117 	-2.919653 	-3.702315 	-4.163343 	-4.340857 	-5.013562 	-3.492607 	-5.948424 	-5.955511 	-4.418780 	-4.306392 	-4.591542 	-2.640332 	-3.419521 	-2.984084 	-3.646715 	-4.376925 	-3.807547 	-4.604878 	-5.370591 	-3.949867 	-3.887907 	-8.213142 	-5.464507 	-2.656604 	-5.862558 	-6.168651 	-3.310503 	-4.235555 	-3.350603 	-5.639071 	-3.853872 	-4.263888 	-4.359669 	-3.649852 	-4.514998 	
8.505207 	-7.899426 	-27.227167 	-55.718605 	-58.643354 	-59.372689 	-60.346486 	-59.480161 	-59.165962 	-60.890989 	-59.358781 	-60.572622 	-59.704827 	-58.809865 	-60.611940 	-60.466705 	-63.180355 	-59.219171 	
9.172535 	5.328568 	5.258818 	-8.307288 	-9.986142 	-18.739491 	-21.240868 	-22.687391 	-31.219908 	-26.483299 	-35.318839 	-40.460250 	-44.577100 	-57.605660 	-58.092387 	-57.952865 	-60.109541 	-59.429299 	-59.242953 	
9.379940 	-3.813249 	-4.752882 	-8.553130 	-17.217347 	-14.650390 	-19.500063 	-25.945875 	-32.032392 	-37.933701 	-59.536454 	-57.764389 	-57.668280 	-57.342577 	-58.046267 	-58.771721 	
8.953014 	2.111488 	3.305809 	1.128160 	0.594350 	-3.696155 	-3.629670 	-6.755623 	-7.228172 	-12.936953 	-11.611859 	-10.779958 	-14.868811 	-14.116889 	
9.123718 	3.205615 	0.997745 	-0.248944 	1.537130 	1.514921 	-0.903366 	0.283225 	-3.023953 	-1.784461 	-2.102188 	-5.540390 	-4.134832 	-5.454158 	-9.474589 	-6.681591 	-8.055459 	-7.032192 	-8.548111 	-10.292842 	
9.575746 	5.143798 	1.239277 	0.674122 	1.735952 	2.348005 	0.005719 	-2.566014 	-1.207973 	-1.042002 	0.500716 	-1.553906 	-0.230267 	-1.900943 	-2.774711 	-2.565758 	-1.753217 	-1.975141 	-1.845625 	-1.460690 	-2.774458 	-3.006465 	-1.445450 	-2.514804 	-1.141809 	-3.475579 	-1.260784 	-3.174093 	-7.311190 	-2.271055 	-4.877694 	-3.546410 	-1.848808 	-3.468245 	-2.995868 	-5.085486 	-2.420974 	-2.366630 	-3.395789 	-5.271551 	-4.439222 	-5.858922 	-5.006745 	-2.175551 	-2.690928 	-1.962453 	-5.294900 	-5.720646 	-4.532945 	-4.564045 	-3.310975 	-6.946551 	-5.095250 	-4.545664 	-4.833488 	-4.676791 	-4.047767 	-3.580732 	-7.195176 	-5.274186 	-4.498686 	-6.163448 	-5.757368 	-5.036797 	
9.355670 	4.563385 	5.569142 	3.645639 	0.274903 	-1.712310 	-1.025020 	-5.823204 	-5.589510 	-4.332510 	-7.147556 	-9.493815 	-13.792384 	-11.913649 	-13.341892 	-15.995392 	-24.979160 	-30.354276 	-40.653531 	-39.621156 	
9.174254 	-2.354584 	-5.715553 	-5.764355 	-13.235653 	-17.850887 	-21.824658 	-19.284119 	-18.189122 	-23.044125 	
