9.517498 	5.505592 	-3.692651 	-11.364133 	-12.881542 	-25.274161 	-28.872314 	-39.717048 	-47.628463 	-52.850762 	-56.034352 	-57.044753 	-56.699073 	-57.046720 	-56.774769 	-56.085227 	-57.927512 	-56.854908 	-58.026012 	-60.570997 	-56.452740 	-56.469006 	-57.496621 	
9.244693 	-5.318638 	-14.194530 	-16.243088 	-22.752871 	-23.254509 	-28.092801 	-34.144862 	-35.641750 	-39.544592 	-41.302845 	-43.758299 	-45.615338 	-47.519914 	-48.765571 	-48.930003 	-55.390514 	-58.922486 	-55.412289 	-58.375831 	-58.084801 	-58.024960 	-57.659649 	-58.647851 	-55.977719 	
8.861948 	-2.386642 	-4.718703 	-10.459178 	-13.909788 	-17.341599 	-22.413700 	-25.313014 	-34.953174 	-36.987443 	-39.420927 	-43.483273 	-42.990704 	-45.330549 	-45.726277 	-49.787327 	-54.922721 	-55.605549 	-56.837936 	-58.032458 	
9.511451 	-0.190987 	-12.824989 	-16.770591 	-18.454098 	-28.794414 	-29.581530 	-38.926289 	-39.965717 	-47.054253 	-55.741036 	-56.457102 	-57.197645 	-57.654898 	-58.229340 	-56.567586 	-57.422321 	-56.817843 	
9.461141 	-1.983676 	-6.679907 	-5.222411 	-10.385757 	-51.664560 	-58.335133 	-58.741730 	-58.255427 	-58.478354 	-60.100437 	-58.680438 	-57.476713 	-58.592859 	-58.401593 	-59.766584 	-59.003169 	-59.388885 	-59.910203 	
9.329612 	6.914918 	6.410489 	4.319003 	-1.504316 	-1.627374 	-0.357332 	-2.564661 	-6.357871 	-4.542582 	-6.520238 	-9.461942 	-13.672453 	-19.372466 	-19.908673 	-23.054504 	-25.441780 	-27.007870 	-27.962542 	-29.562731 	
9.845132 	1.918549 	-4.234849 	-6.211099 	-18.346982 	-27.156689 	-35.647745 	-49.905009 	-47.817018 	-56.893032 	-58.778731 	-55.466361 	-56.875973 	-57.389646 	-56.328461 	-57.711350 	-59.304821 	
9.635197 	2.102770 	1.839290 	-1.291101 	-1.148713 	-3.519241 	-2.211573 	-5.423946 	-4.589831 	-5.025626 	-10.978798 	-9.317586 	-9.640574 	-8.870725 	-9.969357 	-10.749559 	-10.443345 	-10.057584 	-9.327729 	-10.425519 	
9.653004 	-4.944020 	-7.909442 	-10.245434 	-20.503732 	-23.652452 	-51.875959 	-57.933513 	-57.963574 	-58.944866 	-57.705471 	-60.525208 	-62.853934 	-59.150614 	-59.677829 	-59.716128 	-58.758149 	-59.173180 	-59.539685 	
9.276021 	-3.738458 	-14.231476 	-15.831114 	-17.760331 	-19.473613 	-21.314853 	-22.001768 	-26.401817 	-27.251272 	-28.171982 	-26.063851 	-31.843747 	-28.208470 	-27.814134 	-29.574331 	-28.535387 	
9.467087 	-8.125343 	-7.032947 	-11.165249 	-15.574799 	-29.136399 	-33.378572 	-40.153175 	-45.009045 	-50.185863 	-52.213142 	-56.488741 	-57.566425 	-56.289154 	-56.117216 	-58.327886 	-55.858694 	
9.477851 	5.686042 	5.774677 	1.618172 	-2.775177 	-1.151268 	-2.421718 	-7.558576 	-5.853512 	-6.021531 	-7.451522 	-11.776103 	-9.223009 	-9.986512 	-9.441403 	-11.244926 	
9.139231 	6.271875 	-6.342399 	-11.009410 	-16.731892 	-20.461464 	-33.241090 	-38.657186 	-37.660547 	-46.603740 	-54.943620 	-55.062704 	-59.096554 	-59.640787 	-58.328770 	-58.223980 	-61.973234 	-59.762171 	-59.817661 	-58.376764 	-62.205875 	-61.480691 	-59.405075 	-59.549559 	-58.383335 	-58.239553 	-62.386609 	-60.269201 	
9.525207 	-1.609708 	-2.742610 	-6.034636 	-7.540953 	-5.038685 	-7.707353 	-9.515168 	-12.676590 	-15.651386 	-17.605682 	-19.055749 	-21.262093 	-20.917523 	-25.878223 	-23.117545 	-25.462204 	-25.628749 	-26.607801 	-26.959096 	-27.966674 	
8.978850 	3.789264 	-3.912207 	-11.273945 	-13.586999 	-38.410759 	-47.221021 	-56.138450 	-59.855684 	-59.581416 	-57.580619 	-60.788453 	-58.141769 	-57.974018 	-59.425145 	-59.672811 	-60.116934 	-59.313859 	
9.608743 	-3.052285 	-14.268966 	-16.117732 	-36.249336 	-40.622821 	-57.154747 	-56.563074 	-56.740601 	
9.398942 	-8.361395 	-18.304302 	-24.542769 	-38.582018 	-51.887881 	-57.645724 	-57.635315 	-56.807134 	-57.234724 	-58.460869 	-57.246463 	-57.523081 	-56.522690 	-57.172113 	
9.309550 	2.499011 	-0.900022 	-4.684008 	-8.781062 	-8.369218 	-9.562932 	-10.705864 	-14.546411 	-14.634542 	-15.858581 	-16.463624 	-17.967663 	-23.902328 	-23.135005 	-23.768760 	-26.530825 	-26.911981 	-27.316891 	-28.754684 	-36.863213 	
9.402477 	-7.687122 	-4.777644 	-7.481701 	-14.911859 	-21.735285 	-32.671348 	-59.257574 	-60.335670 	-60.408957 	-58.065749 	-60.073200 	-61.596825 	-62.722391 	-59.288153 	-59.288180 	-59.315018 	-58.480814 	-60.588328 	-60.863905 	-61.813947 	-59.385370 	
