8.962906 	-10.645376 	-10.327215 	-12.650175 	-16.775973 	-20.598396 	-20.755545 	-21.127800 	-27.830201 	-31.853906 	-34.077039 	-33.225042 	-35.523563 	-36.975514 	-36.252597 	-36.368657 	
8.346032 	6.213038 	1.980374 	1.917546 	-0.430219 	0.043565 	-1.206981 	-1.305341 	-2.398824 	-0.709984 	0.866396 	-1.590902 	-2.590936 	-0.320638 	-2.581439 	-4.415440 	-2.699910 	-1.686906 	-5.188234 	-1.227696 	-2.742240 	-1.997941 	-2.782393 	-5.117267 	-3.035682 	-5.590682 	-3.763730 	-3.124322 	-5.443288 	-4.005231 	-3.227589 	-3.010169 	-7.636748 	-5.139457 	-3.200621 	-5.184732 	-4.635716 	-5.834476 	-4.668749 	-4.443917 	-6.543478 	-3.663948 	-3.746029 	-5.360137 	-4.499304 	-4.986188 	-3.741640 	-5.759557 	-4.394905 	-4.868836 	-7.204587 	-5.135032 	-3.966356 	-5.092922 	-4.417352 	-7.619648 	-4.890788 	-3.794041 	-7.381995 	
9.106012 	4.906707 	4.001405 	4.108528 	1.350226 	-3.290827 	-4.144036 	-4.177642 	-4.471494 	-15.785541 	-21.184338 	-23.293742 	-24.248767 	-25.152197 	-41.110421 	-46.399326 	-53.271860 	-57.498615 	-57.249094 	
9.496695 	5.508264 	2.373731 	1.849362 	2.742388 	-7.606955 	-13.935748 	-13.695956 	-13.902291 	-18.592832 	-19.840988 	-21.305829 	-30.883031 	-25.062797 	-26.979015 	-25.941935 	-29.491651 	-29.926962 	-32.801718 	-32.365884 	-31.867071 	
9.370425 	3.189031 	-9.111187 	-11.245071 	-11.270767 	-12.285298 	-15.934091 	-13.646598 	-22.168386 	-28.783707 	-32.310393 	-33.520858 	-32.591295 	
9.236806 	-7.798004 	-60.784454 	-57.595252 	-58.126784 	-57.869457 	
9.457603 	2.225627 	5.492858 	0.183695 	-9.342510 	-18.119654 	-17.133410 	-20.449442 	-28.386718 	-31.366965 	-30.903208 	-35.066121 	-37.170979 	-36.280008 	-41.519004 	
9.701882 	5.974456 	-2.496502 	-9.911499 	-14.971828 	-15.876842 	-19.326472 	-23.805671 	-23.727006 	-24.266337 	-26.227670 	-40.380898 	-45.579143 	-47.164757 	
8.947123 	7.903733 	4.165447 	-0.468097 	-6.905364 	-5.622333 	-7.536196 	-8.737644 	-9.251653 	-8.950895 	-8.678683 	-18.247117 	-23.339717 	-20.125631 	-23.464498 	-24.550626 	-24.886096 	-25.665823 	-28.178177 	-29.672807 	-28.439400 	-30.940282 	-36.913936 	-34.597803 	
8.823409 	-7.209776 	-9.660625 	-11.431899 	-15.297791 	-13.010326 	-19.376038 	-23.419339 	-39.041417 	-49.903299 	-46.896171 	-50.148692 	-55.382590 	-56.735870 	-57.733849 	-58.997951 	-60.473912 	-58.043780 	-64.383735 	-58.468154 	-60.635970 	-56.466582 	-57.657734 	-58.068324 	
8.911491 	6.740206 	6.016605 	-1.034910 	-4.090914 	-9.985938 	-11.120862 	-27.619188 	-37.249605 	-35.420929 	-35.750141 	-37.151567 	-40.498319 	-42.928946 	-41.993630 	-47.862783 	-55.087426 	-52.557442 	-55.320391 	-52.781186 	-54.371386 	
