9.783846 	-5.838006 	-8.337209 	-14.818014 	-24.050419 	-41.839389 	-47.383763 	-51.735998 	-56.836136 	-57.755426 	-59.640978 	-58.436621 	-56.745615 	-57.090146 	-58.007632 	-57.594994 	-59.773927 	
9.526773 	5.370869 	2.451154 	3.158683 	0.088474 	-8.185505 	-10.782396 	-8.460417 	-8.273275 	-8.401076 	-10.600413 	-11.495671 	-10.118228 	-8.951853 	-10.385391 	-13.040395 	
9.372257 	5.745888 	5.227988 	4.785461 	2.579825 	2.605208 	-0.426545 	0.972601 	-1.737956 	-3.730806 	-5.000511 	-6.746313 	-6.150274 	-7.758658 	-8.100035 	-7.648800 	-9.426190 	-8.139009 	-12.505694 	-8.664784 	-9.634239 	-10.619337 	-7.595819 	-10.141098 	-9.822314 	-9.723635 	
9.737006 	1.835257 	0.321439 	-10.807899 	-13.848145 	-14.912568 	-15.078187 	-15.546896 	-15.071983 	-22.018099 	-23.593126 	-26.590338 	-24.898726 	-27.265495 	-33.935469 	-30.344214 	-31.583373 	
9.588059 	2.869157 	4.990683 	-0.104120 	-4.135989 	-3.622917 	-14.194449 	-18.601738 	-17.934667 	-18.012866 	-20.642165 	-21.690594 	-23.212747 	-25.118529 	-27.382016 	-27.956614 	-25.667970 	-31.499864 	-34.075927 	-33.706899 	-34.376221 	
9.256633 	4.296762 	3.907704 	-3.397350 	-4.973505 	-8.361678 	-15.014673 	-12.146226 	-20.098917 	-17.832798 	-19.492129 	-24.530028 	-25.433220 	-26.401745 	-24.359544 	-29.248192 	-30.093689 	-32.288283 	-32.580057 	-40.197260 	-39.379949 	-42.099284 	
9.838854 	1.041643 	-1.179642 	-16.829418 	-20.940196 	-35.152811 	-44.871795 	-50.653643 	-59.575135 	-57.919697 	-57.653835 	-58.484670 	-56.481902 	
9.847324 	6.571792 	2.221931 	5.576774 	1.237259 	1.457860 	0.664129 	0.442882 	-1.616353 	-0.556546 	-0.808621 	-0.930486 	0.950124 	1.119312 	0.413234 	0.095930 	-0.811768 	0.179910 	0.313569 	-0.402658 	-0.244052 	1.417366 	0.196510 	-1.771338 	-1.232875 	-0.490272 	-0.304547 	-2.945619 	-1.151317 	-3.693214 	0.094711 	-2.824529 	0.146278 	-1.885740 	-3.687103 	-0.277978 	-0.274094 	-2.047899 	-0.719070 	-1.155880 	-4.400952 	-1.876592 	-1.063892 	-1.864132 	-5.025364 	-1.623110 	-1.434375 	-3.534117 	-3.692334 	-2.487688 	-0.989063 	-1.359570 	-1.715605 	-4.307272 	-1.801469 	-0.871152 	-4.240832 	-2.291278 	-3.830028 	-1.529587 	-1.509693 	-2.215236 	-2.620097 	-3.725188 	-3.457274 	-2.523063 	-1.673046 	-1.670206 	-3.615806 	-3.815561 	-5.934547 	-2.413170 	-2.332910 	-3.503508 	-3.538069 	-2.155835 	-1.689682 	-2.628634 	-5.579169 	-2.477099 	-2.743936 	-2.059384 	-2.940546 	-3.710599 	-4.158216 	-3.484970 	-6.147275 	-1.453959 	-2.412368 	-2.747492 	-4.215192 	-2.561743 	-3.405286 	-3.406967 	-3.896034 	-3.424042 	-3.873565 	-2.995642 	-2.050465 	-5.720998 	-4.311842 	-4.576633 	-4.061625 	-4.975900 	-3.357374 	-5.335163 	-3.604585 	-3.301689 	-3.321550 	-3.362795 	-2.523959 	-3.388534 	-4.653900 	-4.722317 	-3.033480 	-3.308422 	-7.299911 	-3.062027 	-2.606615 	-2.926962 	-3.209968 	-3.682105 	-6.193928 	-5.373769 	-3.890433 	-3.052746 	-3.987377 	-2.894593 	-3.811040 	-3.567728 	-3.581899 	-3.409358 	-3.504991 	-5.985325 	-5.058050 	-3.794989 	-7.916484 	-6.548263 	-7.546183 	-8.531959 	-4.373752 	-3.955712 	-3.219034 	-4.929283 	-5.344743 	-4.716310 	-4.072370 	-4.412472 	-3.639529 	-4.113475 	-5.342029 	-2.931303 	-7.633279 	-4.977170 	-4.613589 	-3.037054 	-5.684946 	-4.333859 	-4.604052 	-4.674889 	-5.101881 	-5.561441 	-4.403530 	-4.107411 	-5.625391 	-6.852521 	-4.664518 	-5.651015 	-5.602929 	-3.697981 	-3.605398 	-3.444210 	-7.047364 	-7.103874 	-6.471189 	-4.669479 	-2.531095 	-3.905504 	-5.795663 	-4.725425 	
9.751333 	-8.341383 	-5.384217 	-9.689137 	-7.667064 	-13.842366 	-13.177856 	-15.957048 	-20.956836 	-22.231932 	-25.469089 	-26.802299 	-28.198157 	-36.589329 	
9.548270 	-19.429506 	-30.195748 	-39.395956 	-45.422077 	-51.017227 	-50.933663 	-51.375155 	-52.731673 	-54.292099 	-53.086943 	-55.329093 	-56.091609 	-57.150452 	-56.671135 	-58.232021 	
9.507943 	4.207471 	4.636787 	-6.190146 	-11.702303 	-14.110494 	-22.350693 	-26.155424 	-37.921910 	-36.916653 	-42.154816 	-40.712427 	-43.969758 	-43.322755 	-43.315721 	-46.203851 	-48.359734 	
9.678009 	4.825059 	1.636865 	-0.877099 	-1.716777 	-4.071888 	-7.955366 	-6.896412 	-6.886407 	-8.235149 	-8.994993 	-11.366453 	-11.904179 	-11.443467 	-13.782757 	-17.715305 	-13.711431 	-16.480350 	-15.674731 	-14.821639 	-16.422267 	-17.588330 	
