8.796551 	6.595163 	4.562625 	2.266747 	-3.992005 	-7.106570 	-24.459914 	-25.211006 	-29.887545 	-34.910326 	-43.249314 	-50.638871 	-49.679339 	
8.781758 	3.390319 	-1.762596 	-4.006380 	-4.843027 	-7.031195 	-9.840491 	-14.838435 	-26.386582 	-40.858305 	-47.231626 	-46.904655 	-48.097168 	-49.595419 	-51.160576 	-49.943241 	-51.743090 	-58.034501 	-55.256194 	-59.363914 	-58.709461 	-58.925872 	-57.095925 	
9.448744 	3.674301 	-0.794579 	-2.383477 	-9.212325 	-15.416426 	-44.528946 	-49.137363 	-58.641743 	-63.286289 	-59.683556 	-58.079470 	-58.111753 	-59.997375 	-58.002016 	-57.644770 	-58.746688 	-59.031178 	-57.949935 	-58.480740 	-60.700727 	-58.193162 	-59.729835 	-60.780569 	
9.238660 	-2.716308 	-10.639745 	-12.621391 	-28.891197 	-46.451918 	-50.254156 	-51.813589 	-57.993110 	-58.615181 	-60.108038 	-58.756203 	-59.081069 	-59.106016 	-57.693611 	-59.621699 	-59.103008 	-61.286217 	-59.014405 	-59.930789 	
9.335835 	-0.739523 	-2.567693 	-4.355043 	-6.248809 	-8.105837 	-9.369495 	-15.523147 	-19.308419 	-20.044709 	-20.261668 	-22.925910 	-23.951812 	-22.715211 	-25.742102 	-29.358055 	
9.026435 	0.467096 	-10.426097 	-7.549031 	-14.106051 	-16.321303 	-38.292004 	-44.953072 	-45.918853 	-51.774746 	-53.949195 	-57.555052 	-58.260142 	-56.837462 	-58.670177 	-59.871273 	-57.419893 	-59.252093 	-57.655857 	-57.668369 	-57.902962 	-58.702422 	
9.173486 	-0.602769 	-8.604150 	-37.377656 	-42.819534 	-52.130753 	-57.429543 	-60.024153 	
9.717344 	-6.144242 	-13.380223 	-13.178915 	-32.861630 	-29.974397 	-31.148393 	-32.566159 	-35.719961 	-35.526315 	-34.808877 	-37.461513 	-38.176796 	-39.664992 	-41.457991 	-44.609452 	-46.281827 	-43.657337 	
10.005117 	4.884379 	-6.780802 	-8.152209 	-22.665456 	-30.482645 	-33.095135 	-37.050353 	-40.275957 	-39.465432 	-57.731615 	-56.342460 	-57.884350 	-56.730119 	-56.877123 	-59.521799 	-57.569822 	
9.027741 	4.974143 	2.376982 	-0.728957 	-9.023152 	-17.706153 	-22.170984 	-24.148164 	-24.412164 	-30.027299 	-25.647214 	-26.490796 	-36.002425 	-38.998667 	-41.565660 	-43.336490 	-42.339040 	-43.321942 	-47.347923 	-54.675623 	
9.200187 	2.809731 	-0.939748 	-3.674902 	-19.305367 	-24.868264 	-31.333281 	-32.983897 	-32.803422 	-42.595294 	-46.474323 	-49.902485 	-55.467237 	-51.314382 	-55.846110 	-52.701260 	-58.725782 	-53.460716 	-55.610696 	-55.221110 	-56.821406 	-56.404217 	-56.565371 	-56.539913 	
9.242604 	5.935279 	4.478905 	-1.594086 	-1.071830 	-2.157121 	-8.247639 	-39.043467 	-55.962411 	-57.230253 	-56.201799 	-58.261915 	-56.076688 	-57.344786 	-60.353263 	-59.396175 	-57.052620 	
9.428094 	4.574528 	4.822813 	1.534978 	1.567264 	0.908393 	-0.919372 	-5.524935 	-8.629388 	-10.983028 	-16.703303 	-15.732928 	-20.629682 	-20.478594 	-20.224935 	-19.561984 	-19.769473 	-19.876516 	-22.442003 	
9.309575 	1.561634 	-1.005483 	-4.412689 	-4.826516 	-4.589300 	-5.557455 	-7.969174 	-8.413564 	-8.775847 	-13.330025 	-10.021396 	-14.460778 	-15.707563 	-14.951360 	-17.284979 	-19.602998 	-17.545299 	
8.776107 	0.193935 	0.215964 	-5.271775 	-6.468977 	-7.601844 	-14.652994 	-24.547549 	-27.258615 	-31.041844 	-37.129257 	-42.292688 	-42.278722 	-45.241253 	-45.587813 	-51.865792 	-50.862064 	-53.104031 	-54.731607 	
8.469147 	-16.836277 	-49.532430 	-60.159652 	-60.308456 	-57.816995 	-58.278791 	-58.821405 	-58.883129 	-58.455522 	-58.528116 	-60.603656 	-59.180525 	
9.321479 	2.949957 	2.577924 	-8.037899 	-15.952416 	-48.474728 	-57.752258 	-59.045446 	-61.456970 	-57.819224 	-58.225953 	-60.014875 	-59.482107 	-57.567364 	-59.374191 	-59.558876 	-59.847596 	
9.005413 	1.800548 	4.231387 	-2.828382 	-11.847639 	-20.344535 	-22.948765 	-35.185175 	-37.479174 	-36.360985 	-39.049263 	-41.184312 	-43.938086 	-48.235539 	-52.902454 	-53.542018 	
9.040232 	-9.269164 	-15.630690 	-33.178623 	-40.372116 	-60.398830 	-59.322876 	-59.478123 	-58.893997 	-60.588437 	-61.714167 	-57.971298 	-58.669913 	-59.319595 	-58.764007 	-59.662888 	-58.422393 	-58.130375 	-60.510426 	
9.624282 	-3.946086 	-5.450534 	-9.750988 	-13.835116 	-16.086912 	-22.041779 	-23.113616 	-27.335542 	-32.853454 	-34.313108 	-42.214378 	-44.916191 	-53.957453 	-57.866994 	-58.823642 	-58.993174 	-57.512346 	-58.282686 	-59.506236 	-61.764071 	-57.845422 	-58.920625 	-59.253953 	-57.258054 	-59.220835 	
