9.811059 	2.480411 	-1.003417 	-10.681689 	-10.000417 	-12.691165 	-18.534008 	-24.461685 	-35.776705 	-32.644947 	-52.632995 	-54.863734 	-55.756734 	-56.213652 	-59.650722 	-58.127926 	-56.972948 	-58.841965 	-57.188075 	-58.801507 	
9.749563 	6.404168 	-14.253026 	-25.145882 	-40.937857 	-44.054786 	-56.619866 	-60.389577 	-60.096811 	-57.896593 	-59.234060 	-58.576137 	-59.283694 	-58.663204 	-57.910755 	-57.441838 	
9.177175 	-7.146230 	-24.261625 	-41.065810 	-52.205137 	-58.057197 	-59.790521 	-60.405378 	-59.290346 	-57.300735 	
9.456632 	-20.029684 	-57.491334 	-57.830535 	-60.875412 	-59.221193 	-58.808793 	-60.265794 	-58.371202 	-58.652010 	-58.144604 	
9.663430 	5.279358 	-2.732810 	-15.140367 	-24.010814 	-23.068443 	-31.462049 	-36.394111 	-37.588063 	-37.372582 	-40.946707 	-57.295156 	-57.872587 	-57.699147 	-59.892208 	-57.986796 	-58.410768 	-57.831266 	
9.182642 	6.813519 	0.795051 	-2.455860 	-12.963247 	-19.943512 	-34.675758 	-37.176372 	-41.291420 	-38.236088 	-39.750204 	-41.581471 	-55.688525 	-56.568915 	-57.844274 	-58.173664 	-59.889663 	-57.684454 	-58.952080 	-59.437225 	-57.774016 	-61.748795 	-60.147727 	-60.481499 	-58.367105 	-58.908969 	-59.995485 	-59.173701 	
9.356207 	-4.716774 	-16.601960 	-31.307839 	-28.892576 	-57.815999 	-57.695481 	-57.738461 	-58.718075 	-60.960021 	-59.616573 	-59.608384 	-59.217958 	-58.883021 	-59.247197 	-59.514438 	-60.070781 	-59.248810 	-59.121942 	-59.802088 	-61.399180 	
9.471435 	5.410628 	-5.889921 	-20.633815 	-58.241778 	-59.519769 	-58.764591 	-58.752420 	-59.051075 	-60.472042 	-60.880652 	-58.418566 	-60.110611 	-57.386942 	-60.039616 	-59.036715 	-60.800737 	-59.592187 	-60.347042 	
9.973959 	1.736593 	-15.081070 	-19.226992 	-51.260044 	-57.839029 	-60.992613 	-59.229896 	-57.903227 	-58.699518 	-57.596580 	-58.046754 	-57.294582 	-59.764305 	-59.508495 	-57.245656 	
9.598466 	-34.632356 	-33.947572 	-52.764027 	-58.457572 	-59.838217 	-58.193082 	-58.620331 	-60.555236 	-59.824754 	-61.017391 	-59.382755 	-57.782077 	-58.437009 	
9.433549 	-15.984667 	-42.360655 	-61.322212 	-57.728139 	-59.575752 	-59.331565 	-61.478546 	-59.318980 	-59.049960 	-60.007615 	-62.153084 	-58.772498 	-59.049636 	-58.221332 	-58.840808 	-58.615883 	-59.241492 	-58.553596 	
9.358387 	-28.764374 	-47.835645 	-61.438642 	-59.597983 	-61.095068 	-59.551891 	-60.907863 	-58.674313 	-59.029771 	-59.213640 	-59.807842 	-60.420193 	-59.181398 	-60.053423 	-59.056924 	-58.368424 	-59.436512 	-61.372077 	-60.259423 	-59.006381 	-59.080766 	-59.368009 	
9.293091 	-23.851418 	-28.312296 	-58.016424 	-59.153716 	-58.941601 	-59.560307 	-59.692517 	-57.918112 	-58.220291 	-58.589129 	-58.716282 	-58.126533 	-58.093074 	-59.079236 	-58.617080 	-59.607551 	-59.941292 	
9.522886 	-0.321253 	0.943918 	-10.157238 	-11.388393 	-11.197516 	-60.184526 	-57.202952 	-58.709108 	-59.657828 	-61.170924 	-58.185330 	-58.467151 	-61.770973 	-59.225262 	-57.870838 	-57.784826 	-58.694744 	
9.499496 	2.970430 	0.440120 	-40.613910 	-45.230717 	-53.246892 	-57.006033 	-58.816212 	-58.268961 	-59.168369 	-59.149289 	-59.686597 	-57.949145 	-59.687025 	-58.902503 	-57.348326 	-59.974337 	-60.314113 	-58.918481 	
9.188332 	-14.649948 	-15.680710 	-16.188052 	-21.168331 	-22.540104 	-33.084944 	-37.337706 	-39.779218 	-41.091673 	-46.471499 	-59.698761 	-60.012526 	-58.408868 	-58.817205 	-57.851599 	-59.667097 	-57.753949 	-59.621041 	-60.150050 	-59.178893 	-58.740857 	
9.526246 	-2.839200 	-42.349155 	-51.969646 	-58.857808 	-57.742190 	-62.730618 	-58.639219 	-58.829127 	-58.546446 	-61.099559 	-58.713514 	
8.790718 	-59.389084 	-59.985636 	-59.602052 	-60.932651 	-58.798647 	-59.835070 	-59.508590 	-60.571523 	-58.931176 	-59.774951 	-59.231620 	-58.485241 	-58.525532 	-58.971662 	-60.617355 	
9.408989 	0.800397 	-8.257424 	-22.894286 	-28.601644 	-33.607925 	-44.472284 	-57.341380 	-57.445606 	-58.675935 	-58.069553 	-60.287741 	-61.717377 	-58.786138 	-59.668361 	-60.221296 	-58.184553 	-58.108077 	-59.269490 	-58.784533 	-59.999845 	-60.127279 	-59.941950 	
10.098997 	-3.222906 	-11.879655 	-41.961976 	-51.148324 	-57.679044 	-57.832869 	-58.724095 	-61.125323 	-60.562218 	-58.888956 	-58.244369 	-59.346791 	-58.465409 	-58.699050 	-58.271306 	-59.311432 	-59.623216 	-59.318454 	-61.663405 	
