9.099426 	7.532505 	5.582466 	1.923978 	4.281903 	4.669419 	5.443539 	5.078327 	4.301885 	-1.611691 	0.492430 	-1.489778 	-1.543148 	-0.873398 	-0.087720 	-1.634971 	-3.124786 	-2.115743 	-1.789340 	-3.770863 	-2.362492 	-7.661094 	-3.650351 	-3.700385 	-5.147073 	-3.875985 	-5.640042 	-4.864799 	-7.812292 	-4.270989 	-6.254651 	-6.542363 	-5.694304 	-6.565989 	-6.189752 	-4.804478 	-5.459997 	-6.888061 	
9.585007 	-29.649637 	-29.112984 	-30.221387 	-50.627237 	-54.391641 	-55.862243 	-60.935247 	-57.567620 	-57.872303 	-59.069633 	-57.447573 	-57.953835 	
9.333460 	7.450079 	3.155569 	3.869831 	3.678676 	0.019193 	0.125167 	-3.089796 	0.015513 	0.079436 	-0.591170 	-1.477801 	-0.819776 	-3.204573 	-0.998431 	-4.046771 	-3.261550 	-8.616765 	-1.901177 	-2.013517 	-2.975711 	-2.619708 	-4.797408 	-4.367727 	-4.429737 	-5.917390 	-3.116264 	-3.419819 	-2.846858 	-3.688881 	-4.711844 	-5.298038 	-5.884282 	-5.599938 	-6.085385 	-6.346974 	-6.445980 	-6.865718 	-4.966943 	
8.859263 	0.057241 	-4.526110 	-25.020882 	-27.693435 	-27.486439 	-38.265606 	-43.041378 	-60.108102 	-61.358751 	-60.557254 	-59.717107 	-59.489685 	-59.387860 	-58.697535 	-58.594402 	-61.052082 	-59.047343 	-58.675041 	-58.897901 	-59.096913 	-58.881738 	-58.336180 	
9.068836 	-4.059830 	-14.115623 	-23.023015 	-23.367148 	-40.049493 	-43.799156 	-43.959044 	-54.746306 	-61.414865 	-58.681600 	-59.074429 	-58.405348 	-57.034699 	
8.310328 	8.740602 	-0.857644 	-41.257417 	-46.140969 	-45.584024 	-53.034011 	-59.460864 	-57.465022 	-58.888303 	-58.061735 	-59.982393 	-58.521891 	-57.922429 	-58.316782 	
9.201605 	-10.728549 	-12.387597 	-51.485430 	-56.725457 	-57.430357 	-60.365688 	-57.557226 	-59.512910 	-57.667553 	-60.852687 	-59.256696 	-58.506372 	-58.551406 	-58.453222 	-58.583827 	-59.824357 	-60.193096 	-62.736770 	-59.812281 	-59.327432 	-59.907283 	-61.133487 	
10.003673 	-7.487615 	-11.481652 	-16.089391 	-33.170858 	-33.963796 	-37.033507 	-57.327481 	-61.958239 	-57.931495 	-57.779028 	-55.759166 	-59.550769 	
9.253762 	-12.710049 	-16.450883 	-38.573758 	-50.365128 	-58.271868 	-58.140096 	-59.697024 	-59.511819 	-58.949527 	-58.667745 	-60.762764 	-62.015256 	-59.474985 	-59.316718 	-58.107000 	-58.502301 	-61.156805 	-63.685749 	-60.325361 	
9.534407 	5.824711 	-3.033143 	-3.267242 	-4.424146 	-4.273112 	-6.609123 	-11.649205 	-19.768777 	-20.684460 	-30.466398 	-32.148583 	-35.672455 	-38.035021 	-39.711455 	-41.836725 	-48.970544 	-54.105793 	
9.262600 	-9.878426 	-43.882259 	-59.014766 	-60.033432 	-61.248717 	-61.426911 	-61.801367 	-57.959348 	-60.682799 	-59.613044 	-60.100735 	-58.568081 	-59.792261 	-59.453777 	-59.910813 	-62.373226 	-58.611747 	-59.435028 	-58.770814 	-60.771303 	-59.134860 	-63.198791 	
9.463323 	-23.277403 	-29.901490 	-32.399865 	-39.597757 	-42.077026 	-46.026883 	-56.723319 	-57.917236 	-59.291685 	-57.788699 	-59.539016 	-58.334560 	-59.659495 	-58.297980 	
8.650459 	8.157197 	-14.218732 	-59.284822 	-58.092297 	-60.812166 	-57.918013 	-59.433554 	-59.724664 	-59.898847 	-59.003484 	-59.825565 	-62.076446 	-57.869122 	-58.890762 	-58.565430 	-57.572739 	-60.189711 	-59.703280 	
8.899519 	-29.010325 	-59.822474 	-60.603048 	-58.233474 	-60.702220 	-60.391329 	-59.279517 	-62.011188 	-58.644440 	-60.235353 	-60.511967 	-59.073236 	-58.740139 	-58.316103 	-60.632752 	-61.770121 	-61.126218 	-58.794599 	-58.283430 	
9.161354 	4.172420 	-22.081148 	-21.311410 	-40.057249 	-39.683677 	-48.829021 	-59.412257 	-58.535241 	-59.506346 	-59.522075 	-58.902955 	-58.768753 	-61.719462 	-60.845578 	-58.567323 	-61.423060 	-59.875434 	-60.320987 	-58.987828 	-58.492363 	
9.179658 	5.957109 	4.255270 	-0.742717 	-6.512966 	-2.358019 	-4.071593 	-7.443703 	-18.868481 	-22.374362 	-22.529009 	-23.970682 	-24.817196 	-25.532304 	-28.511557 	-30.748515 	
9.406255 	-4.760004 	-27.739090 	-40.553664 	-52.859087 	-57.606469 	-59.350965 	-58.409133 	-56.960083 	-58.046832 	-61.166272 	-57.759685 	-60.715795 	-57.638793 	-58.104117 	-56.938287 	-58.134710 	-62.020978 	-56.994162 	
9.956847 	-1.708260 	-12.130947 	-23.014148 	-28.721451 	-28.162730 	-37.156429 	-50.764984 	-57.246458 	-59.384241 	-59.165134 	-59.296327 	-59.474936 	-59.050117 	-57.892645 	-57.786661 	-61.597228 	-58.798584 	-58.465739 	-58.662645 	-58.841318 	-61.567067 	-57.063010 	-58.276595 	
8.755771 	6.597440 	-16.598433 	-27.100696 	-32.223283 	-60.411412 	-58.890554 	-59.125027 	-59.396437 	-57.912748 	
9.468386 	1.832287 	3.427750 	-2.961908 	-6.585341 	-8.489652 	-12.879804 	-18.087445 	-22.383111 	-42.566438 	-47.347482 	-50.445782 	-47.724719 	-48.918024 	-52.683791 	-51.767534 	-53.978295 	-59.494942 	-56.630407 	
