9.213393 	0.546560 	2.098778 	-0.473601 	-1.100787 	-4.462803 	-5.144277 	-4.259582 	-5.746095 	-5.886089 	-6.882876 	-7.317303 	-9.998280 	-12.829783 	-11.083236 	-13.190129 	-13.755748 	-13.620115 	-18.082140 	-16.222204 	
8.990852 	-4.364409 	-12.459801 	-11.875163 	-12.666857 	-14.439080 	-16.341370 	-14.273099 	-22.807804 	-26.162494 	-32.851063 	-34.544831 	-34.226027 	-34.493790 	-37.780764 	-41.789636 	-43.021339 	
9.891359 	8.239089 	7.162254 	8.310702 	8.271542 	6.323337 	8.839169 	7.071031 	-1.164100 	-0.747379 	-2.892602 	-4.311414 	-7.194450 	-8.090181 	-8.382611 	-9.454668 	-12.670459 	-9.906366 	-12.387256 	-12.365028 	-15.302843 	-14.281277 	-17.280679 	-18.769234 	-17.867147 	-23.450210 	-22.496188 	-22.994132 	
9.304676 	-4.702487 	-8.071212 	-12.744945 	-13.599189 	-30.382617 	-31.144429 	-29.403212 	-36.843342 	-30.963795 	-31.319236 	-35.229687 	-32.464327 	-36.869118 	-36.674473 	-38.510736 	-41.291506 	-44.305448 	
9.065430 	-3.859020 	-5.335287 	-33.846999 	-32.853274 	-35.881655 	-40.039502 	-42.215649 	-47.325844 	-45.866534 	-62.391128 	-59.830233 	-58.890638 	-59.219044 	-58.164875 	-57.452508 	-60.138640 	-59.408532 	-61.943585 	-59.183738 	-58.360773 	
9.372019 	7.195328 	6.301143 	5.430935 	-0.503864 	-0.494023 	0.716237 	-1.080866 	0.493479 	-0.301415 	-1.197973 	-0.331605 	-1.797173 	-2.001692 	-5.071457 	-3.053001 	-2.815069 	-4.300741 	-3.868082 	-3.200216 	-3.442673 	-6.750335 	-4.129124 	-6.949520 	-7.894223 	-8.636149 	-9.433901 	-8.542480 	-5.178764 	-6.270169 	-6.761364 	-6.490318 	-6.024255 	-5.855436 	-9.544773 	-7.372012 	-7.676429 	-6.892971 	-9.609226 	
9.098746 	6.229727 	-4.128771 	-16.413909 	-15.819737 	-26.600766 	-30.191205 	-47.135245 	-58.129655 	-61.321132 	-59.008716 	-59.593684 	-60.298986 	-58.845074 	-58.408622 	-57.719846 	
9.445436 	4.351675 	-0.682187 	2.609016 	2.501551 	2.484305 	0.615261 	0.975107 	-3.897439 	-2.396807 	-4.906190 	-3.995982 	-4.098942 	-4.287775 	-5.671919 	-6.425726 	-7.592586 	-9.692499 	-7.600276 	-7.943456 	-7.156281 	-7.214395 	-7.327589 	-9.286122 	-10.901153 	-8.261863 	
9.448818 	-0.059086 	-0.234662 	-19.987346 	-20.863413 	-27.401176 	-33.522425 	-32.458014 	-41.467916 	-61.096133 	-59.600636 	-58.291874 	-58.645397 	-57.614121 	-58.268431 	-56.816344 	-57.843401 	-57.494859 	
9.536372 	5.146510 	2.502087 	0.924208 	1.654154 	-1.499437 	1.369908 	0.573198 	-0.296695 	-0.579525 	-0.977302 	-3.364033 	-4.862972 	-2.034226 	-5.073660 	-2.844046 	-2.866121 	-1.926100 	-2.257374 	-3.533545 	-3.342692 	-3.764696 	-1.855801 	-3.232993 	-5.290588 	-3.827276 	-4.015394 	-3.539233 	-4.812886 	-2.587306 	-5.385937 	-4.577695 	-3.118507 	-2.936118 	-2.850500 	-4.304765 	-4.259380 	-6.456982 	-4.691946 	-4.798042 	-3.417672 	-6.977660 	-3.481420 	-3.740320 	-5.368053 	-4.115835 	-6.062002 	-3.482602 	-3.133914 	-2.953780 	-7.068143 	-3.610337 	-3.496763 	-4.641181 	-3.824294 	-7.267354 	-5.046658 	
9.331600 	5.169689 	-13.314276 	-17.234258 	-26.539633 	-30.900135 	-35.992693 	-34.860242 	-36.196151 	-37.417107 	-38.889168 	-39.558140 	-41.097781 	-41.678963 	-53.517523 	-54.939261 	-55.665660 	-58.555581 	-57.643620 	-58.199878 	-56.697931 	-57.184574 	-58.350894 	-57.458671 	
9.095854 	6.018117 	-0.393021 	-2.150279 	-0.656050 	-1.214171 	-2.380624 	-8.927345 	-17.563111 	-15.713145 	-43.739796 	-53.066408 	-59.539293 	-60.520717 	-59.868754 	-60.362941 	-59.192348 	-60.191350 	-60.227875 	-58.246596 	-59.125884 	-60.929506 	-58.005113 	
9.116187 	-11.856828 	-20.622846 	-60.132362 	-58.747446 	-60.547542 	-58.915256 	-58.266371 	-59.444860 	-59.322866 	-60.749466 	-58.368480 	-57.284241 	
9.368665 	0.442152 	0.013318 	-8.146100 	-8.901236 	-10.474795 	-9.033772 	-13.181279 	-17.852273 	-21.424290 	-24.832241 	-23.131994 	-24.551330 	-26.368365 	-25.851209 	-27.584625 	-31.030550 	-28.003500 	
9.681864 	2.274129 	4.177287 	-20.136309 	-46.785882 	-57.494707 	-58.629263 	-58.393213 	-57.467380 	
8.634940 	-10.354204 	-23.147678 	-24.988512 	-23.374780 	-27.813862 	-31.732224 	-34.102629 	-34.707108 	-37.979246 	-40.879731 	-41.845481 	-41.443999 	-44.073880 	-46.712704 	-47.071824 	-52.907752 	-50.698488 	-54.395305 	-56.918360 	-57.691400 	-57.310197 	-58.924530 	-59.374948 	
9.085464 	2.698279 	0.003235 	1.196746 	-8.365017 	-13.183688 	-30.829792 	-31.504055 	-43.640569 	-47.604982 	-50.039876 	-48.700074 	-56.930030 	-54.649775 	-56.045716 	-56.151140 	-56.892218 	
9.027244 	5.378636 	3.117990 	-9.703387 	-18.437289 	-18.702544 	-28.843398 	-36.527516 	-39.660494 	-42.132792 	-57.997098 	-57.175281 	-59.431158 	-59.560037 	-57.536420 	-57.660310 	-58.307650 	-58.716373 	
9.016950 	6.732857 	2.036993 	1.156046 	-0.575404 	-0.592479 	-3.973612 	-1.073642 	-2.366088 	-3.850289 	-5.600754 	-2.372745 	-3.678771 	-4.892588 	-2.567137 	-2.722367 	-6.015235 	-5.095693 	-5.498281 	-4.681895 	-3.751400 	-5.820932 	-6.396181 	-4.367988 	-5.369135 	-6.836252 	-4.205904 	
9.348479 	4.468300 	-25.654993 	-55.860994 	-57.809284 	-58.632104 	-60.635156 	-60.936923 	-65.415274 	-59.240672 	-58.716542 	-58.660870 	-58.294007 	-58.215719 	-59.590918 	-58.998799 	-59.938621 	-58.937072 	
