8.670825 	8.563117 	-47.853983 	-59.862990 	-59.497536 	-63.012557 	-58.865823 	-59.714151 	-58.897489 	-59.449623 	-59.127642 	-58.346252 	-59.050450 	-59.390952 	-60.108517 	-58.276243 	-58.611796 	-59.956809 	-60.136695 	-61.749265 	-60.736891 	-60.378375 	-59.118957 	-60.285755 	-60.150382 	-59.883802 	-59.845220 	-59.447674 	-58.590189 	-62.253196 	-59.828389 	
9.696209 	-8.143297 	-59.522531 	-58.396953 	-58.447216 	-60.117572 	-59.643925 	-61.049430 	-60.556037 	-59.311115 	-60.492615 	-58.276091 	-59.220155 	-60.614188 	-59.088122 	-59.935749 	-58.845521 	-59.121750 	-59.266079 	-60.078703 	
9.006343 	-44.609218 	-58.058652 	-58.436584 	-59.832857 	-58.999125 	-59.184647 	-61.816740 	-59.838549 	-58.762497 	-58.395435 	-60.621334 	-57.983924 	-58.394823 	-57.861644 	-60.884227 	-60.241401 	-60.024098 	-59.810489 	-61.279976 	-57.416256 	
9.988995 	4.789931 	-37.639224 	-49.628919 	-50.579628 	-51.680344 	-59.386022 	-56.765727 	-57.833022 	-57.608407 	-59.146074 	-58.358811 	-60.021562 	-57.979689 	-58.208432 	-58.269675 	-57.924307 	-59.436579 	-59.051580 	-58.980888 	-58.473662 	
9.426428 	-2.459097 	-13.281082 	-10.987838 	-21.105317 	-33.929588 	-48.812062 	-54.517360 	-56.761323 	-58.630982 	-57.282431 	-60.060941 	-57.942148 	-59.329985 	-57.043740 	
9.562511 	-2.517935 	-6.205225 	-17.270996 	-38.381764 	-47.241318 	-57.481595 	-59.583107 	-61.765685 	-59.723905 	-60.749524 	-58.854457 	-60.062889 	-59.347375 	-58.678960 	-60.611940 	-59.139304 	-59.414076 	-59.492369 	-58.766966 	-59.768531 	-60.423505 	-60.296975 	-60.243430 	-58.202315 	
9.080233 	-0.658892 	-8.585432 	-60.527345 	-60.544302 	-58.325166 	-59.291504 	-61.416307 	-58.401604 	-58.986038 	-59.497750 	-60.211034 	-59.178838 	-59.077617 	-59.698551 	-60.795918 	-59.682834 	-58.799699 	
9.143709 	4.925592 	-25.863938 	-57.329977 	-56.146471 	-59.094010 	-59.173655 	-59.354695 	-58.437784 	
10.196927 	-0.174686 	-34.865252 	-49.562992 	-54.312716 	-56.739967 	-57.967900 	-58.527644 	-57.114368 	-56.506196 	-57.880187 	-56.753411 	-57.888132 	-57.664219 	-57.456493 	-55.833390 	-56.996828 	-58.315188 	-56.718016 	
9.123969 	-3.499616 	-19.237131 	-50.448712 	-51.463817 	-59.665234 	-59.637140 	-58.084053 	-60.581277 	-60.924796 	-58.191240 	-58.922990 	-60.728868 	-66.201203 	-58.630520 	-59.565355 	-59.730546 	-60.263700 	-59.027473 	-57.644792 	-58.015093 	-61.086900 	-59.728437 	
9.293738 	1.644884 	-15.539327 	-45.326436 	-51.199518 	-51.643871 	-58.785766 	-60.870975 	-57.916261 	-59.580098 	-60.733321 	-60.240765 	-61.137912 	-58.797021 	-59.166241 	-61.299180 	-59.853162 	-57.939133 	-60.144799 	-61.692802 	-59.593961 	-60.778789 	-60.564970 	-61.719918 	
9.712572 	-39.774076 	-53.194704 	-54.492337 	-56.847543 	-59.327899 	-62.385385 	-57.638986 	-57.946794 	-57.979861 	-59.864249 	-57.808065 	-58.344133 	-57.817299 	-58.367453 	
9.372363 	1.522220 	-3.772109 	-25.679996 	-58.433437 	-60.053230 	-58.132298 	-57.645985 	-58.166147 	-58.240654 	-58.367358 	-65.344426 	-59.673880 	-58.285928 	-58.368638 	-58.151446 	-57.948284 	-57.695356 	-57.388474 	
9.479987 	-25.236068 	-61.601659 	-57.320479 	-56.822297 	-57.394046 	-58.065572 	-58.642423 	-60.380014 	-57.206147 	-59.356577 	-62.840056 	-60.310345 	-59.184086 	-58.514450 	-58.151928 	
9.456527 	-57.219734 	-57.867780 	-58.606105 	-65.062658 	-59.906994 	-57.913946 	-57.956820 	-58.061985 	-59.943093 	-57.567156 	
9.493189 	-27.016572 	-40.180421 	-57.208262 	-58.443310 	-58.271452 	-59.697274 	-60.244918 	-60.527006 	-59.719725 	-58.910413 	-58.207046 	-60.439663 	-58.877684 	-59.103958 	
9.269668 	-4.524084 	-5.257116 	-58.172728 	-58.004791 	-57.614705 	-58.159320 	-57.684272 	-58.967457 	-58.600118 	-59.104480 	-58.480286 	-58.588926 	-61.241479 	-58.390848 	
9.650414 	0.577176 	-42.288550 	-59.777328 	-60.333158 	-58.738972 	-61.006739 	-60.012049 	-60.665100 	-59.720640 	-57.965874 	-58.801097 	-59.872246 	-58.469264 	-58.461831 	-58.344086 	
9.155100 	6.572424 	-5.797745 	-17.856799 	-57.616370 	-59.705485 	-57.889682 	-57.901400 	-57.650592 	-59.428141 	-58.673842 	-58.420897 	-58.569206 	-58.153338 	-58.414163 	-59.856752 	-58.227363 	-58.474626 	-58.651938 	
9.928634 	0.691307 	-46.347804 	-58.166842 	-62.146885 	-59.328083 	-58.691233 	-59.339736 	-58.597611 	-58.396376 	-59.268481 	-60.538761 	-60.729627 	-58.440601 	-58.158887 	-62.167737 	-59.622676 	-59.476180 	-61.359529 	-58.187592 	-58.722355 	-63.521276 	-58.152633 	-59.941288 	
