9.380770 	-12.659135 	-25.241092 	-46.271427 	-57.603406 	-60.042990 	-61.257234 	-60.138564 	-57.705690 	-57.655298 	-59.166936 	-58.928352 	-61.204460 	-60.206424 	
9.791076 	7.362778 	2.576730 	-4.552176 	-18.421158 	-34.176250 	-47.438048 	-58.671039 	-58.546447 	-60.125000 	-59.069042 	-59.218328 	-58.510105 	-57.877692 	-58.500293 	-61.387822 	-58.324086 	-58.386832 	-57.751368 	
10.042011 	-16.424867 	-20.631649 	-58.763996 	-59.322265 	-57.276129 	-57.735555 	-56.736018 	-59.025246 	-56.653762 	-58.898229 	-58.282013 	
9.902973 	-5.317805 	-10.483243 	-46.451019 	-50.054198 	-49.383322 	-61.237708 	-59.107673 	-62.451568 	-57.857030 	-58.447421 	-57.181645 	-59.391982 	-58.933449 	-58.508934 	-58.454515 	-57.403229 	-60.912101 	-59.760013 	-58.899640 	
9.419709 	-18.163733 	-34.520181 	-35.753663 	-42.913543 	-48.476955 	-52.071843 	-58.550888 	-57.548950 	-58.678680 	-59.154069 	-58.726097 	-58.229378 	-58.459170 	-62.350154 	-58.741098 	-58.137608 	-58.982755 	-57.953878 	-57.984620 	
9.364370 	-10.185877 	-12.131164 	-14.351007 	-28.450223 	-31.950457 	-44.272401 	-58.365120 	-58.406030 	-58.206485 	-60.348112 	-59.773426 	-57.838643 	-60.293795 	
10.007935 	-1.389232 	-16.843299 	-43.517328 	-55.140663 	-57.929991 	-58.576053 	-60.987309 	-57.282535 	-58.030999 	-57.876788 	-59.434458 	-59.429479 	-57.136947 	-59.220118 	-58.124898 	-58.811402 	-56.599508 	
10.095792 	3.613817 	2.221205 	-8.929332 	-42.592548 	-48.383594 	-54.612892 	-57.010683 	-58.485240 	-58.952697 	-57.763685 	-59.193133 	-58.845753 	-63.211347 	-58.177251 	-62.103173 	-59.555937 	-58.269328 	-57.910313 	-58.390151 	-59.458571 	
9.885590 	-38.691446 	-42.898311 	-44.040058 	-43.477288 	-46.285473 	-56.497209 	-58.308720 	-61.017377 	-59.900425 	-59.152602 	-58.913035 	-58.954817 	-59.399130 	-58.524519 	-59.601652 	-62.535631 	-58.233685 	-57.380436 	-59.208781 	-58.611353 	-59.203582 	-60.803678 	-58.337716 	-61.426917 	
9.399773 	-1.224314 	-3.312507 	-17.409510 	-18.882223 	-23.737816 	-43.901363 	-60.893234 	-58.493227 	-59.481121 	-58.936925 	-59.185483 	-57.902775 	-59.808615 	-60.276952 	-57.866525 	-58.940252 	-58.022077 	-58.515471 	-57.780852 	
9.669928 	4.529062 	5.103143 	-11.847918 	-13.637355 	-18.584638 	-25.564331 	-37.083234 	-38.493403 	-37.128965 	-42.832897 	-44.591582 	-45.790388 	-44.603073 	-43.915726 	-46.540395 	-53.102942 	-52.574871 	-51.348930 	
9.814232 	6.406728 	1.069507 	-3.728702 	-7.446293 	-9.265671 	-12.151821 	-22.897180 	-30.973088 	-46.545744 	-50.818545 	-52.884396 	-56.245560 	-56.659084 	-58.732005 	-59.171311 	-59.385992 	-59.113495 	-57.887826 	-58.607045 	-57.846569 	-58.794161 	-58.621391 	
9.681337 	-1.099849 	-24.313290 	-32.392236 	-60.636505 	-57.711866 	-58.126686 	-59.296697 	-58.943714 	-59.980048 	-57.104027 	-58.518867 	-61.235676 	-58.574044 	-57.213490 	
9.835124 	1.063033 	-3.710840 	-9.594098 	-22.922058 	-40.822325 	-52.138399 	-53.732169 	-54.831514 	-55.105580 	-56.615374 	-57.569439 	-57.227868 	-56.531095 	-57.186007 	
9.257182 	-33.592550 	-32.594411 	-34.353750 	-50.477825 	-60.261704 	-59.065311 	-61.147436 	-60.257994 	-60.793203 	-57.709753 	-60.314293 	-60.012355 	-57.891429 	-60.338943 	-62.172002 	-57.880204 	-60.449885 	-60.421896 	
9.521522 	-28.598704 	-34.703134 	-52.658527 	-60.493267 	-58.972078 	-59.608001 	-61.051893 	-58.595251 	-62.544556 	-62.868403 	-58.264307 	-59.759653 	-60.768940 	-58.392081 	-59.811105 	-60.261253 	-58.911049 	-57.713018 	-59.168694 	-59.327763 	-59.561175 	
9.732787 	-2.734464 	0.354736 	-6.522904 	-13.310653 	-14.977382 	-16.282317 	-19.618001 	-23.987164 	-23.253730 	-27.960974 	-28.393046 	-41.664957 	-46.192499 	-48.189353 	-47.302901 	-48.479823 	-49.166693 	-49.344088 	-51.096263 	-52.410146 	-52.790275 	-55.163605 	
9.414437 	7.034067 	-1.550555 	-6.808518 	-21.469478 	-29.798331 	-30.426859 	-31.867038 	-42.060862 	-57.710035 	-58.606698 	-58.364398 	-57.948977 	-59.183221 	-58.757408 	-58.156385 	-58.907988 	-57.282673 	
9.119274 	-15.617508 	-28.124793 	-56.308861 	-59.699679 	-58.390234 	-57.384561 	-58.418821 	-58.885987 	-58.124878 	-59.466519 	-59.968338 	-57.830370 	-57.789363 	-59.052458 	-59.354749 	
9.657528 	-22.294087 	-54.215905 	-58.592933 	-59.055060 	-58.573542 	-59.715278 	-57.431868 	-58.881954 	-59.522779 	-62.319295 	-60.662707 	-58.668459 	-58.845945 	-58.926791 	-59.134264 	-59.137030 	-58.608865 	
