9.353880 	4.534083 	-0.571253 	-5.536460 	-4.775775 	-5.706587 	-7.250833 	-6.255887 	-15.927652 	-18.357916 	-16.878784 	-18.406631 	-20.931158 	-20.640623 	
8.634567 	-13.388156 	-14.188771 	-24.271650 	-41.942589 	-40.876281 	-47.156866 	-59.979850 	-58.347557 	-Inf 	-59.458506 	-62.954313 	-58.715350 	-59.477081 	-60.893629 	-59.732024 	-58.325557 	-62.538853 	-59.639262 	
9.251499 	6.650368 	6.127156 	5.196774 	3.653161 	5.568002 	4.714635 	-0.500537 	-1.320017 	-1.032715 	-11.219220 	-8.238732 	-9.482768 	-12.700226 	-11.041966 	-10.321725 	-10.433295 	-10.403264 	-10.826795 	
9.097480 	4.495072 	3.731201 	-0.823929 	-3.807949 	-4.592509 	-13.080793 	-18.933560 	-18.577424 	-18.214688 	-20.800239 	-18.684137 	-19.087498 	-22.191610 	-23.521953 	-27.388930 	
9.625684 	1.357326 	-0.883943 	-6.709812 	-5.761938 	-7.640974 	-8.073502 	-9.942704 	-18.172668 	-20.254895 	-24.257122 	-25.539646 	-28.407752 	-29.360721 	-31.799816 	-31.107657 	-33.054190 	-35.422013 	-34.657650 	-35.432611 	-38.507806 	-40.157022 	-42.766309 	-42.412350 	-46.611674 	-42.636549 	
9.352906 	4.483583 	0.738587 	3.818098 	-20.997380 	-25.997035 	-33.861426 	-45.581000 	-52.547593 	-51.645038 	-57.943775 	-58.941017 	-58.608031 	-58.828459 	-56.846086 	-57.599184 	-59.066973 	
9.447320 	-0.975228 	-12.755995 	-22.114229 	-39.088750 	-38.710435 	-41.783397 	-55.532178 	-56.021880 	-56.826204 	-57.567367 	-57.482959 	-57.212097 	-59.054223 	-56.342166 	-58.104191 	
9.232389 	-6.283785 	-7.274460 	-13.356434 	-13.145766 	-26.614777 	-25.945408 	-26.963496 	-27.520444 	-31.137489 	
9.300423 	-2.256038 	-10.187793 	-10.653025 	-18.737864 	-16.820263 	-20.300058 	-22.339824 	-30.272960 	-36.678057 	-47.943694 	-48.633303 	-51.269854 	-57.365487 	-58.139949 	-57.100403 	-57.254134 	-58.631859 	
8.885337 	-3.815217 	-5.923257 	-24.620618 	-32.775571 	-42.710398 	-48.242421 	-46.052035 	-56.226063 	-60.188485 	-57.898036 	-58.180321 	-61.740224 	-57.189863 	-58.683922 	-58.424738 	
9.050911 	2.994697 	1.883343 	0.637243 	-9.569247 	-24.142147 	-30.866244 	-46.417601 	-58.026587 	-59.528835 	-59.053422 	-59.182623 	-59.142258 	-58.993502 	-61.463215 	-57.135643 	-59.340795 	-60.435592 	-58.830267 	-59.493959 	-61.728509 	-59.973980 	-59.304846 	-59.209301 	-58.730113 	
9.747156 	-9.730473 	-13.853957 	-16.599940 	-19.887677 	-21.588900 	-26.049904 	-27.836062 	-28.464220 	-32.306642 	-32.583231 	-31.666127 	-36.178115 	-37.537669 	-36.529795 	-46.022469 	-53.043289 	
9.375242 	3.392634 	2.183018 	1.235629 	-3.884757 	-6.453687 	-4.448717 	-6.099487 	-7.754148 	-7.841227 	-9.396107 	-11.835836 	-17.775498 	-21.254837 	-20.544011 	-20.815853 	-21.325368 	-21.865581 	-25.588148 	-23.184534 	-25.179544 	-25.682427 	
