9.639072 	1.248672 	-2.866909 	-0.616385 	-4.572185 	-3.719647 	-4.112770 	-3.470049 	-10.351934 	-10.503707 	-11.426857 	-19.386824 	-23.507107 	-24.866282 	-28.042218 	-29.313719 	-30.040476 	-37.261093 	-40.469178 	-39.197111 	-42.235228 	-42.657605 	-43.544371 	-43.562397 	-46.038662 	-47.567577 	-52.000911 	-52.224261 	-54.054033 	-55.486764 	
9.524489 	-2.566781 	-3.128284 	-7.543173 	-10.727438 	-9.685427 	-18.503278 	-18.360522 	-23.740412 	-24.774976 	-25.988377 	-25.344152 	-30.790626 	-29.586044 	-32.126955 	-37.589902 	-36.345302 	-36.273375 	-35.689875 	-37.227742 	-38.575726 	
9.346882 	7.058439 	-10.997376 	-30.682062 	-42.750955 	-41.478531 	-59.160483 	-59.226973 	-57.809052 	-57.746103 	-59.316416 	-59.277138 	-59.384977 	-60.002551 	
8.959662 	7.254692 	-0.423379 	-2.493633 	-55.562997 	-56.732969 	-58.409212 	-61.224900 	-59.915964 	-59.968824 	-58.619206 	-58.910153 	-59.002232 	-57.371004 	
9.597008 	2.493589 	0.234713 	-0.980074 	-5.718023 	-13.934500 	-14.514840 	-14.733709 	-23.866614 	-34.533998 	-38.046838 	-43.469687 	-47.228440 	-57.866858 	-59.155772 	-58.143770 	-59.541469 	-59.412762 	-59.355469 	-60.422450 	
9.391561 	-2.929439 	-26.190502 	-35.206430 	-34.478417 	-36.156462 	-36.282509 	-55.233640 	-56.110685 	-57.297825 	-56.524568 	-56.353126 	-57.553444 	-57.710516 	-56.605191 	-56.748691 	
9.062686 	-2.176276 	-11.116672 	-13.968317 	-19.522445 	-20.670605 	-33.341139 	-57.498230 	-59.165241 	-61.281942 	-59.205014 	-60.513825 	-58.128309 	-58.361487 	-59.354692 	-60.723105 	-57.455135 	-59.200120 	-58.309103 	
9.810577 	-54.604781 	-58.596448 	-58.185173 	-58.644631 	-60.030038 	-59.919695 	-58.206506 	-59.804275 	-60.004114 	-61.840363 	-59.892726 	-59.316989 	-57.526890 	-61.368211 	-59.967011 	-62.082968 	-59.579652 	-58.356603 	-59.861917 	-61.054022 	-59.037417 	-60.018600 	-63.787275 	-58.230743 	
9.308433 	-4.955225 	-11.396630 	-21.715751 	-22.809598 	-34.174326 	-47.039877 	-58.209757 	-57.814148 	-57.706243 	-58.603369 	-59.055117 	-58.121695 	-58.749846 	-60.804990 	-58.083068 	-58.152522 	
9.524470 	3.991097 	-0.007667 	1.431144 	1.241853 	-0.071766 	-3.415264 	-8.154358 	-8.201001 	-12.486114 	-15.481528 	-16.236551 	-19.885623 	-17.615971 	-19.368174 	-19.961971 	-22.635224 	-21.334150 	
9.448501 	-3.299300 	-14.009728 	-15.849880 	-49.250900 	-50.173896 	-58.471719 	-57.277272 	-62.988569 	-57.207590 	-59.027148 	-58.948744 	-57.244982 	-58.716966 	-57.815085 	-58.766588 	-59.187476 	
9.614783 	3.745954 	4.885691 	2.054686 	1.419110 	2.490307 	-2.292047 	-6.124346 	-5.202389 	-5.134033 	-9.782352 	-9.375520 	-7.690644 	-7.896950 	-9.875335 	-9.853438 	-10.886761 	-9.423472 	-9.277162 	-12.620406 	-10.894464 	-12.451570 	-11.519442 	
9.883921 	-8.760978 	-11.146376 	-10.679636 	-12.860176 	-16.879687 	-20.492428 	-21.822165 	-30.019579 	-37.625608 	-37.590612 	-41.133534 	-42.368753 	-43.565527 	-42.850909 	-43.735037 	-49.020111 	-50.192118 	-51.151434 	-51.125008 	-54.832377 	-58.311643 	-54.602120 	
8.987442 	1.180798 	-7.313095 	-14.264934 	-32.465712 	-33.747125 	-39.314490 	-57.829511 	-59.044906 	-60.523909 	-61.908795 	-59.454263 	-59.574792 	-59.045378 	-60.604404 	-63.017263 	-62.877610 	-60.149807 	-59.363057 	-60.497675 	-58.734631 	-59.218101 	-59.044680 	-60.585409 	
9.611075 	-11.121567 	-14.321291 	-21.115655 	-30.199705 	-33.935260 	-48.118970 	-61.704933 	-58.415821 	-61.809389 	-58.754448 	-58.320414 	-61.248609 	-59.260962 	-58.407124 	-59.150990 	-59.110705 	
9.400754 	2.859220 	0.806042 	1.984094 	0.113594 	-3.084691 	-2.168726 	-1.198705 	-3.711760 	-6.279662 	-6.488454 	-8.249669 	-7.974877 	-8.991467 	-8.851648 	-10.724661 	-10.637582 	-11.684117 	-11.994940 	-12.541565 	-13.609182 	-15.594678 	-12.953372 	-12.198957 	-12.968213 	
9.377618 	1.348038 	0.555536 	-24.093071 	-31.635704 	-38.712923 	-41.302759 	-44.063796 	-48.484745 	-59.633768 	-58.045952 	-61.016225 	-60.924455 	-58.456898 	-59.199399 	-58.309050 	-57.731334 	
9.551595 	1.563718 	2.212099 	0.835899 	-1.805104 	-3.588792 	-9.418433 	-14.645675 	-18.809140 	-21.069508 	-21.001540 	-25.181006 	-22.041204 	-22.838816 	-24.591914 	
9.415279 	3.350884 	-6.968269 	-13.793641 	-16.053003 	-21.142085 	-32.759891 	-34.088759 	-39.097302 	-42.814452 	-58.751812 	-57.148203 	-62.455562 	-58.599676 	-59.857577 	-59.827005 	-63.621407 	-58.545358 	-59.151973 	-59.327687 	-58.532421 	-60.039733 	
9.543775 	-17.419182 	-21.677924 	-30.059863 	-39.026764 	-54.755814 	-54.432248 	-59.192755 	-58.411884 	-58.184743 	-58.596383 	-57.236743 	-58.568155 	-57.701689 	-59.232408 	-59.365908 	-59.192033 	-58.266658 	
9.116239 	2.566141 	-9.407389 	-10.719366 	-10.141658 	-57.677284 	-58.316370 	-58.131972 	-59.567457 	-59.344547 	-61.272405 	-59.981690 	-58.240485 	-58.652767 	-59.929141 	
9.446763 	2.648882 	-13.980848 	-28.526154 	-31.094852 	-44.543534 	-44.358732 	-44.521132 	-48.269998 	-51.231292 	-53.815324 	-55.227564 	-55.160871 	-56.410671 	-56.641063 	-57.031774 	-56.772259 	
9.829193 	8.216093 	5.234277 	-0.016389 	-5.532149 	-11.179890 	-11.802774 	-13.353135 	-24.020264 	-52.070674 	-57.313437 	-57.533307 	-61.370826 	-59.151611 	-57.230821 	-58.095835 	-60.370898 	-59.693033 	
9.944737 	7.637704 	2.794217 	4.563993 	5.613781 	4.477231 	0.767041 	-2.405008 	-6.216625 	-6.851817 	-9.173125 	-9.254855 	-11.732577 	-16.539974 	-15.059389 	-17.571623 	
9.485638 	6.707689 	-23.367490 	-39.879230 	-49.156327 	-58.516142 	-61.537012 	-61.207803 	-58.529425 	-60.732469 	-59.137228 	-58.758108 	-57.519233 	-61.568130 	-58.465179 	-59.531975 	-59.466964 	-61.954212 	
9.815496 	4.848676 	-3.408652 	-2.991983 	-23.145423 	-26.356274 	-43.375104 	-52.358057 	-62.285630 	-57.722010 	-58.394670 	-59.465129 	-61.181699 	-57.694940 	-59.139777 	-59.255809 	-57.168352 	
9.932823 	-8.318638 	-19.015899 	-38.662764 	-44.988503 	-50.844252 	-56.582823 	-57.454932 	-58.069022 	-57.971274 	-57.088083 	-57.596327 	-56.359465 	-59.261511 	-56.811987 	
9.712972 	3.747756 	4.667419 	-0.776202 	-4.822116 	-6.539989 	-7.226225 	-14.552939 	-17.194535 	-18.468143 	-26.953732 	-30.137219 	-30.793940 	-31.651291 	-31.444438 	-36.752028 	-37.730184 	-41.290040 	
9.523953 	-3.662319 	-55.082702 	-57.536125 	-59.354761 	-59.703348 	-58.203241 	-57.260636 	-60.862559 	-58.068862 	-59.179134 	-58.686696 	-60.296751 	-60.349103 	-59.595160 	-61.008200 	-58.782572 	-58.081267 	
9.755697 	6.970053 	-20.466181 	-23.681054 	-44.143399 	-52.977757 	-56.327536 	-60.959581 	-59.752633 	-59.108397 	-58.690849 	-58.808352 	-56.749428 	-59.725826 	-58.070556 	-57.908956 	-60.190403 	
9.569474 	-0.313840 	-5.956056 	-7.391996 	-19.386031 	-20.679233 	-22.985615 	-24.306621 	-32.438485 	-54.325348 	-55.380455 	-54.537149 	-55.881282 	-61.233862 	-57.886903 	-57.973252 	-57.531075 	-57.536754 	-58.933513 	-58.390098 	-58.366662 	-59.298649 	-58.600416 	
9.659503 	2.661700 	1.934321 	3.615576 	-6.509755 	-12.837919 	-8.111359 	-10.733280 	-13.413832 	-12.633971 	-12.319118 	-16.570754 	-17.666084 	-20.726939 	-22.421565 	-25.578971 	-28.246619 	-25.650735 	-27.818823 	-31.595114 	
9.564597 	-3.852722 	-9.172081 	-16.534346 	-31.418433 	-35.505655 	-51.519954 	-58.088788 	-58.432396 	-61.083055 	-57.993914 	-58.713610 	-58.398294 	-59.060271 	-58.251194 	-59.803953 	-57.679836 	-57.588715 	-61.714886 	-60.601150 	-58.528404 	-57.321280 	-61.350562 	-58.628457 	
9.441174 	4.131748 	3.092603 	1.440865 	-20.569304 	-27.091383 	-33.575738 	-33.200257 	-39.484866 	-44.376043 	-41.920774 	-41.025799 	-46.005994 	-43.494740 	-49.106218 	-52.561963 	-54.650061 	-59.482982 	-57.516021 	-57.925039 	-57.014900 	-58.389695 	-56.827559 	
9.488067 	1.660557 	2.783390 	-14.065027 	-10.961030 	-11.102465 	-32.249599 	-57.823989 	-58.713274 	-58.095378 	-57.589704 	-58.887760 	-58.347242 	-58.289395 	
