9.226304 	-52.200880 	-61.117988 	-57.691107 	-58.069351 	-60.078449 	-58.156413 	-57.561244 	
9.346880 	-2.726203 	-10.670132 	-31.304106 	-43.986220 	-54.981605 	-58.682547 	-58.766609 	-60.984725 	-59.176425 	-59.514870 	-57.797493 	-58.299563 	-59.370435 	-58.536026 	-58.621164 	-57.919134 	-61.134588 	-62.124666 	
9.181770 	-13.174176 	-18.426483 	-18.514523 	-20.839300 	-58.224081 	-60.305605 	-59.454910 	-60.854909 	-60.066557 	-59.121100 	-58.084934 	-57.642634 	-57.631156 	
8.765433 	-2.377346 	-13.093300 	-38.968047 	-50.636690 	-55.195440 	-56.162189 	-57.966752 	-61.850387 	-58.104019 	-57.484689 	-58.450541 	-61.363549 	-62.713042 	-61.638882 	-60.677009 	-61.103167 	
9.649045 	-23.876224 	-58.810475 	-63.155491 	-57.368282 	-58.275860 	-63.530701 	-59.455455 	-59.253569 	-58.756035 	-60.403553 	-56.950932 	-60.027527 	-59.740117 	-59.363587 	
8.832602 	-2.600795 	-5.340278 	-17.150782 	-57.815018 	-59.143473 	-59.631948 	-62.687354 	-60.515035 	-59.170976 	-59.505409 	-60.080531 	-60.277097 	-59.347968 	-58.264025 	-59.704630 	-59.777048 	-59.342412 	-61.002796 	-60.081230 	-59.494283 	
8.924625 	5.073379 	3.556658 	-17.761321 	-31.610182 	-33.426136 	-62.048879 	-59.813816 	-61.629449 	-59.643132 	-58.899834 	-61.764003 	-59.191405 	-60.121261 	-59.275996 	-57.946470 	-61.734479 	
10.216698 	3.272566 	-22.037367 	-56.670515 	-56.066724 	-55.512228 	-55.210787 	-58.357105 	-55.180656 	-57.885185 	-55.530223 	-56.160061 	-56.139959 	
9.550872 	5.767838 	-7.037165 	-8.865522 	-28.835201 	-39.582822 	-58.634724 	-59.410834 	-61.444612 	-58.253273 	-60.305355 	-59.552120 	-59.648610 	-59.468186 	-60.348724 	-58.749519 	-59.542945 	-59.363072 	-59.651211 	-60.428537 	
9.523487 	-3.810359 	-9.808260 	-17.490786 	-24.679648 	-61.041685 	-57.320107 	-56.867063 	-58.076209 	-58.881683 	-58.460886 	-58.261276 	
9.277838 	-5.140823 	-21.814841 	-42.702843 	-53.470547 	-59.062526 	-58.112244 	-59.341497 	-57.207778 	-57.697380 	-57.429460 	
8.595342 	-40.586089 	-48.749119 	-59.469051 	-58.137715 	-62.169941 	-59.020073 	-61.008157 	-59.061918 	-59.224794 	-59.020910 	-58.314930 	-59.347162 	-59.238540 	-59.003963 	-58.152283 	-59.351459 	
9.394203 	5.574201 	-3.204203 	-58.409690 	-60.034642 	-57.463578 	-58.609635 	-59.454073 	-58.427857 	-56.810094 	-61.312275 	-60.183881 	-58.093500 	-61.586743 	
9.644410 	-0.046536 	-10.861564 	-21.097176 	-33.493767 	-57.867726 	-58.603290 	-58.842991 	-58.951247 	-60.977710 	-58.023418 	-58.031373 	-59.771135 	-59.206946 	-58.224680 	
9.345345 	-5.000535 	-12.605656 	-16.657060 	-30.017466 	-42.730169 	-58.741135 	-60.334128 	-58.782010 	-58.337334 	-58.727265 	-59.714396 	-60.165500 	
9.409559 	5.174646 	-14.060674 	-23.038295 	-58.395914 	-59.621572 	-59.681470 	-59.634573 	-61.855586 	-62.914227 	-58.848948 	-58.708922 	-59.703682 	-59.330287 	-58.587027 	-59.581271 	-58.620388 	-58.678937 	-58.899911 	-59.169104 	-58.955208 	
9.364730 	0.652667 	-2.311162 	-13.710202 	-16.910571 	-21.964012 	-21.322161 	-21.531431 	-27.432511 	-56.668008 	-60.359249 	-60.365629 	-58.322194 	-58.144619 	-59.033604 	-57.602795 	-58.436015 	-59.277886 	-59.082474 	
9.531630 	-3.901256 	-11.538886 	-26.356444 	-30.729605 	-28.739318 	-32.179287 	-31.826281 	-33.385060 	-35.677817 	-33.845546 	-34.607210 	-32.921954 	-34.283480 	-36.638751 	-36.896776 	-39.009974 	-37.118820 	-40.673987 	-38.948628 	-41.149952 	-40.980051 	-44.967691 	-41.291230 	
9.042849 	1.637113 	-0.936263 	-13.899152 	-22.638399 	-33.244234 	-47.657283 	-53.690734 	-53.266854 	-59.569052 	-57.386321 	-58.666245 	-61.409956 	-60.829919 	-58.947876 	-63.525523 	-58.692657 	-58.829916 	-59.152719 	-61.370392 	-60.810986 	-58.127877 	-59.038563 	-60.200427 	-59.525312 	-59.878749 	
9.324553 	2.208258 	-2.210708 	-5.328157 	-5.361434 	-10.236224 	-16.122092 	-17.692952 	-19.261484 	-23.264743 	-31.788500 	-36.393289 	-33.818665 	-32.930587 	-36.049294 	-36.831758 	-40.236817 	-42.000561 	
