9.474851 	3.734576 	-2.494800 	-7.295180 	-28.419816 	-33.033671 	-36.405312 	-43.518113 	-44.912690 	-56.745666 	-61.333427 	-59.169364 	-58.601066 	-62.968171 	-58.889273 	-60.028091 	-61.256289 	-59.946492 	-60.731992 	-57.596218 	-59.346425 	-58.877387 	-61.712077 	-59.749282 	-59.026879 	-59.420406 	-59.167597 	
9.564003 	-12.943187 	-11.182766 	-24.452282 	-27.554040 	-35.947261 	-38.307134 	-58.211664 	-57.682390 	-57.744019 	-57.144528 	-57.156420 	-58.466339 	-56.477532 	-56.983040 	-57.309160 	-60.085248 	
9.272444 	-3.253967 	-11.347337 	-39.442238 	-58.905765 	-59.964233 	-61.436693 	-59.502640 	-60.638740 	-59.053324 	-59.090853 	-59.823654 	-60.426363 	-66.212376 	-60.367321 	-59.012987 	-59.085337 	-59.123554 	-59.876377 	-60.413518 	
9.803173 	-13.024677 	-15.356389 	-24.113097 	-24.347889 	-23.235426 	-24.746810 	-34.499114 	-35.171744 	-41.170855 	-47.883368 	-48.999437 	-56.045689 	-58.041379 	-60.714391 	-57.518179 	-58.448481 	-56.529294 	-58.248537 	-59.103015 	
9.781182 	4.051830 	4.760712 	0.791900 	0.279392 	-11.065684 	-17.721828 	-43.495765 	-58.738299 	-59.752400 	-59.202538 	-60.318232 	-59.792959 	-60.118556 	-59.207231 	-58.909344 	-60.722597 	-59.458258 	-59.490619 	-59.214624 	-58.780340 	
9.085308 	2.719942 	-4.406605 	-12.007978 	-14.115287 	-17.611618 	-42.495204 	-42.840697 	-48.690147 	-51.341976 	-57.559408 	-58.989268 	-58.849004 	-60.112467 	-61.512704 	-59.258728 	-57.807948 	-60.957556 	-60.950916 	-58.309064 	-59.043842 	-58.741387 	-59.559107 	-59.617795 	-60.244852 	-60.402627 	-58.850457 	-59.236712 	
9.856142 	-0.922618 	-2.605961 	-3.793359 	-8.773492 	-9.271434 	-12.605990 	-13.912663 	-13.791064 	-16.055376 	-14.972054 	-17.098093 	
9.401750 	-2.959687 	-3.819609 	-8.442610 	-14.592391 	-17.495058 	-38.138233 	-43.577920 	-50.546426 	-58.369609 	-58.394573 	-58.699738 	-58.307388 	-59.501377 	-58.786683 	-58.967292 	-58.360019 	
9.686314 	-1.205371 	-26.309136 	-25.508312 	-30.148142 	-28.645348 	-28.417337 	-35.407101 	-50.727301 	-57.714100 	-57.467432 	-58.335436 	-58.984958 	-61.816333 	-59.689868 	-62.607455 	-60.370967 	-58.659975 	
9.559765 	-3.503648 	-6.248506 	-6.978339 	-9.993339 	-16.137682 	-12.431871 	-13.350277 	-20.039729 	-22.922332 	-27.557687 	-28.220622 	-28.966805 	-32.054487 	-31.581573 	-38.346286 	-35.603704 	-41.293155 	
9.950510 	-4.905180 	-45.172894 	-54.475071 	-58.439334 	-59.237292 	-59.274455 	-59.202077 	-58.170083 	-58.393594 	-59.934540 	-62.132354 	
9.414712 	0.943604 	-1.280234 	-4.910200 	-7.814740 	-8.014122 	-10.121281 	-20.688153 	-21.620458 	-27.005412 	-27.595060 	-29.354372 	-36.888087 	-40.749058 	-41.568714 	
9.740805 	1.681139 	-6.525126 	-7.051170 	-16.163085 	-28.217815 	-56.968139 	-59.903266 	-58.878540 	-58.104149 	-61.383546 	-57.443850 	-57.660445 	-57.625624 	-57.784161 	-58.409691 	-57.713380 	
9.437869 	-46.680283 	-53.256553 	-58.912077 	-60.971863 	-60.872757 	-57.978452 	-57.677011 	-58.661256 	-58.878664 	-58.336945 	
9.265025 	-2.026333 	-17.827837 	-30.082125 	-32.565977 	-44.396242 	-40.339394 	-44.332230 	-45.145674 	-45.605172 	-46.689409 	-51.499701 	-54.214081 	-54.747753 	-57.489390 	-57.155835 	
9.276755 	4.434756 	-31.360628 	-35.988162 	-44.148047 	-46.846269 	-46.834961 	-57.702355 	-58.585703 	-59.245813 	-60.531131 	-58.808949 	-61.663752 	-60.457592 	-58.031592 	-57.771340 	-60.499180 	
9.259824 	6.651486 	-1.040432 	-13.887830 	-16.190952 	-23.147656 	-26.057668 	-29.881475 	-32.645284 	-35.823860 	-36.754353 	-37.948693 	-48.742639 	-48.832904 	-50.380591 	-56.762905 	-56.381174 	-57.920680 	-59.482169 	-57.130331 	-58.685613 	-59.054213 	-58.359237 	-56.711177 	
9.106134 	4.866050 	-2.144302 	-3.622058 	-9.260075 	-18.154613 	-23.586463 	-28.980413 	-31.944931 	-33.727892 	-42.361271 	-43.631702 	-46.095416 	-46.222253 	-48.631294 	-47.488337 	-51.275788 	-52.201088 	-53.825352 	-53.399138 	-55.934737 	-57.503430 	-57.524056 	-56.797924 	-58.822344 	
9.401823 	-3.063867 	-2.215957 	-7.125984 	-7.880703 	-10.192541 	-12.502460 	-13.883994 	-18.991752 	-20.368941 	-23.055073 	-20.850336 	-22.176069 	-21.729397 	-24.751338 	-28.256104 	-26.713437 	-27.415173 	
9.373453 	-12.462319 	-22.718293 	-26.878599 	-44.327110 	-51.458673 	-52.975018 	-60.334962 	-59.722553 	-59.140072 	-58.042781 	-59.606016 	-60.265960 	-58.653074 	-59.742151 	-59.549116 	-59.879448 	-59.435757 	-58.975987 	-58.572245 	-58.705282 	-59.113770 	
