9.822015 	3.379300 	-6.758043 	-14.637651 	-12.178665 	-14.877313 	-28.496503 	-35.947360 	-57.944491 	-57.579064 	-61.831896 	-57.513893 	-59.911652 	-61.236864 	-60.060927 	-59.107980 	-61.696313 	-59.110701 	-57.999342 	-60.693210 	-58.554045 	
8.894135 	2.730113 	4.634421 	3.904784 	2.600038 	1.628016 	2.619901 	2.520742 	0.568428 	1.315252 	-0.366237 	-1.575369 	-1.906979 	-2.819306 	-3.641198 	-2.939247 	-4.534283 	-4.353413 	-4.428350 	-3.877448 	-6.818290 	-5.145144 	-9.569982 	-5.777272 	-7.937521 	-9.841088 	-12.842414 	-7.015957 	-7.374560 	-5.398854 	-6.756040 	-7.071924 	-7.164761 	
9.303697 	2.552557 	1.974547 	-2.240316 	-10.586705 	-24.309988 	-23.458206 	-25.736015 	-42.362317 	-46.264719 	-52.919811 	-55.816867 	-57.491592 	-56.723440 	-55.326372 	-59.739591 	-59.220967 	-56.641015 	-57.876526 	-60.069198 	-62.753334 	
9.270505 	0.151104 	-7.548905 	-13.935824 	-30.497958 	-49.606311 	-56.524001 	-59.159465 	-58.674566 	-57.331838 	-58.583410 	-59.778415 	-60.970596 	-59.271420 	-58.512419 	
9.078703 	4.542426 	-7.465763 	-8.095377 	-50.594768 	-58.075300 	-59.177690 	-62.403687 	-59.119344 	-60.708149 	-59.758356 	-58.915160 	-60.352340 	-60.384273 	-60.320932 	-59.245134 	-59.920775 	-58.319082 	-59.562522 	-58.673475 	
9.203018 	0.812173 	-0.538923 	0.796162 	-4.196371 	-1.289850 	-2.659992 	-2.835875 	-5.802185 	-3.706775 	-7.188153 	-4.504525 	-7.414195 	-7.202553 	-6.828575 	-6.362940 	-7.067757 	
9.603997 	-15.234643 	-18.168259 	-30.505098 	-43.455830 	-58.922548 	-58.400026 	-60.696721 	-60.231463 	-59.288375 	-58.049158 	-58.690534 	-58.068545 	-57.678355 	-59.373398 	
9.499403 	-19.393143 	-27.102457 	-33.439878 	-47.043385 	-52.215483 	-54.041735 	-57.413041 	-58.365638 	-60.908903 	-58.805227 	-56.688862 	-59.310373 	-58.313252 	-58.128462 	-59.043659 	-57.773962 	-57.802007 	-60.193537 	-58.393156 	-58.159185 	-58.753492 	-57.738935 	-57.758595 	
9.557165 	-9.101411 	-10.048903 	-11.640746 	-15.546048 	-28.317674 	-57.828345 	-57.585890 	-58.877434 	-58.190501 	-59.784114 	-59.837616 	-57.567363 	-61.314473 	-60.131075 	-59.535175 	-61.695301 	-57.893234 	-58.087371 	-60.340211 	
9.154118 	-29.077045 	-32.788981 	-53.323664 	-52.396672 	-53.634850 	-58.191736 	-58.848832 	-58.382174 	-59.758836 	-60.521007 	-60.535522 	-60.889803 	-60.315632 	-59.558984 	-58.335730 	-61.001179 	-58.693290 	-58.702539 	-59.207438 	-59.230284 	-59.017456 	
9.430637 	4.470235 	-1.298824 	-4.609729 	-10.483870 	-8.195720 	-14.140748 	-22.309494 	-26.117616 	-26.913165 	-30.151845 	-37.791093 	-59.392837 	-56.664261 	-61.056328 	-57.849232 	-58.635809 	-58.818871 	-59.510955 	-60.110432 	-59.869530 	-58.745404 	-59.861242 	-60.485718 	-61.052546 	-58.794624 	-60.719141 	-57.604588 	-59.957146 	-58.708959 	-57.997499 	
8.912904 	-28.677459 	-53.207654 	-58.351943 	-58.322659 	-58.849215 	-58.986517 	-59.747477 	-58.333963 	-58.618381 	-61.686079 	-59.292470 	-60.489480 	-59.494672 	-58.765127 	-59.988250 	
8.823986 	-5.680815 	-26.888562 	-44.136104 	-44.078886 	-53.369455 	-57.406842 	-57.768578 	-59.170707 	-57.779081 	-58.779552 	-58.300894 	-59.955949 	-59.416063 	
8.938148 	4.977636 	1.025533 	-3.210517 	-4.002888 	-5.543792 	-8.007836 	-16.275415 	-19.710002 	-20.911820 	-24.437614 	-29.069736 	-27.812894 	-31.783130 	-32.702303 	-35.407651 	
9.365714 	-0.571394 	0.211363 	-8.481090 	-12.459030 	-27.139683 	-28.274950 	-36.933512 	-37.483590 	-39.173381 	-43.279962 	-53.777859 	-55.459872 	-55.647603 	-57.590435 	-56.610411 	-56.257870 	
9.260368 	0.969196 	-1.497121 	-7.952131 	-8.682626 	-14.389827 	-11.264880 	-15.519583 	-17.868946 	-22.313708 	-29.616906 	-38.715019 	-50.225584 	-49.122842 	-54.401846 	-55.999437 	-57.286094 	-55.736015 	-59.042173 	-56.704762 	-57.500269 	-59.967608 	
9.654588 	-19.651053 	-24.500446 	-58.882212 	-57.253031 	-57.192063 	-57.370985 	-59.233454 	-58.365594 	
9.377764 	-2.869455 	-23.793557 	-28.483725 	-44.618029 	-54.992125 	-57.886059 	-57.461529 	-59.743241 	-58.343915 	-57.636308 	-59.469975 	-57.815721 	-58.803314 	-59.108796 	-58.922522 	-59.326894 	-57.436403 	
9.235604 	-1.349997 	-22.084810 	-30.226759 	-32.133435 	-43.454844 	-61.463124 	-57.858116 	-57.546126 	-57.954189 	-59.802773 	-59.474432 	-62.030969 	-57.293082 	-61.355721 	-58.249210 	
9.158094 	-6.084324 	-18.677003 	-17.764696 	-59.587980 	-58.205059 	-59.126517 	-62.197753 	-59.570583 	-58.803776 	-61.672119 	-60.467203 	-58.341976 	-60.041551 	-59.808281 	-59.999076 	-64.581265 	-61.874425 	-58.884746 	-59.349401 	-59.331582 	-58.362227 	-60.310877 	
