0.764584 	0.753200 	0.000000 	-2.576181 	1.149108 	0.000000 	1.031811 	0.759408 	-0.063839 	-0.563355 	-0.503209 	1.740447 	0.000000 	0.000000 	-1.454706 	0.695283 	-1.348628 	1.172933 	0.545643 	-0.502132 	-0.302301 	0.304345 	-1.096607 	1.063528 	0.000000 	-2.624823 	0.352086 	1.637591 	1.217697 	0.584955 	1.064845 	-1.912980 	
-1.097785 	-1.261186 	0.345735 	0.000000 	2.236203 	-1.989543 	-0.598373 	-0.832894 	-0.425894 	-2.563708 	-0.206316 	3.104323 	0.606777 	0.474357 	0.739904 	-0.750040 	-0.496961 	0.829766 	0.694783 	-1.302597 	0.717629 	0.112122 	-1.111652 	-0.800940 	1.687226 	0.653630 	0.000000 	1.552088 	-1.085021 	1.616961 	-0.974024 	0.147834 	
1.489511 	0.131288 	-1.434055 	-0.705342 	0.152930 	1.258631 	0.403990 	0.633900 	-0.652177 	-0.637104 	-0.369628 	-2.423682 	-0.388276 	-1.563389 	1.491520 	-1.322065 	2.603200 	0.865882 	1.384535 	-0.495227 	-1.487517 	0.000000 	0.370612 	0.144622 	0.000000 	0.730992 	-1.197451 	0.000000 	1.133359 	0.548180 	-0.295053 	0.188706 	
2.980509 	0.000000 	-1.802298 	3.015980 	-4.584852 	1.743877 	0.591435 	0.553469 	2.273540 	0.000000 	-0.810227 	-0.118585 	-3.990328 	2.210708 	2.961178 	-1.886920 	0.000000 	-3.523486 	1.295486 	0.071016 	0.506812 	2.034825 	-1.671255 	0.000000 	-0.765092 	0.000000 	0.000000 	-2.321506 	0.933682 	-3.321164 	1.841811 	1.718330 	
0.000000 	-1.050397 	-0.124569 	-0.702803 	-0.078414 	-1.060299 	1.718389 	0.000000 	0.935170 	-1.136500 	-0.373982 	-0.477856 	0.916113 	0.000000 	-0.425724 	-0.763919 	1.324696 	1.359657 	1.264322 	0.709957 	0.000000 	-2.273581 	0.881302 	0.000000 	-0.910685 	-0.804740 	-1.414052 	1.332456 	2.317435 	1.290342 	0.000000 	-0.642831 	
0.000000 	0.707831 	-0.529351 	-1.608519 	2.570403 	0.000000 	-0.349193 	0.000000 	0.000000 	-0.677752 	-2.891755 	-1.446382 	2.259325 	-1.570963 	1.884459 	0.274383 	0.147637 	1.882922 	1.137992 	-0.400288 	-0.400910 	-0.495201 	1.171986 	0.000000 	-1.604538 	0.000000 	-1.063193 	1.061025 	2.293211 	0.000000 	-0.162480 	-0.963023 	
0.759553 	0.228971 	0.000000 	-3.035120 	0.447241 	-0.369331 	2.259865 	1.736625 	0.000000 	-2.130285 	-1.140129 	1.113560 	-1.325829 	0.898593 	0.000000 	1.342862 	1.301201 	1.096836 	1.185793 	0.000000 	-0.308798 	0.609814 	-0.542569 	1.672963 	-1.038692 	-2.381351 	-2.407167 	3.682784 	1.180812 	0.077278 	0.407081 	-1.484981 	
0.000000 	2.701972 	0.230815 	-1.011956 	0.000000 	1.023029 	0.019733 	0.437766 	0.000000 	-0.471563 	-0.915354 	-0.448410 	-1.909670 	0.000000 	1.585228 	2.914820 	0.000000 	0.000000 	-2.026365 	0.661900 	0.000000 	3.159705 	0.000000 	1.574676 	-1.231860 	0.000000 	-0.907707 	0.000000 	-1.682562 	-3.489518 	0.239122 	0.000000 	
-0.613552 	0.352265 	0.000000 	-1.269867 	1.735046 	-1.844599 	-0.828901 	0.000000 	0.981905 	0.000000 	-0.745037 	1.474771 	1.746503 	0.359818 	-0.882710 	1.350229 	-1.966483 	1.639695 	0.000000 	0.461450 	0.662593 	-0.738967 	0.000000 	0.059868 	-0.893400 	-1.472953 	0.951625 	0.676122 	1.245263 	0.124198 	0.000000 	-1.702093 	
-1.260022 	-0.391473 	0.754723 	1.789277 	-0.863295 	0.759148 	0.000000 	-1.118405 	0.000000 	1.833227 	-0.981267 	-2.883172 	2.530435 	-0.318356 	0.000000 	-0.565208 	0.118415 	-1.075070 	-1.082394 	-0.050015 	0.600729 	-1.214850 	2.528223 	-1.206658 	-0.623843 	1.647602 	0.000000 	-1.828567 	0.362099 	-0.226571 	0.281611 	0.826952 	
1.594866 	-0.780306 	-0.759733 	-0.747369 	-1.756613 	-0.801855 	0.796746 	0.837099 	1.151781 	1.252550 	0.731123 	0.000000 	-1.679084 	1.300372 	0.101683 	-0.299356 	1.578369 	0.712125 	1.054450 	0.639428 	-0.590902 	-1.678893 	0.000000 	1.286169 	-1.606201 	-1.049962 	-0.501878 	1.241986 	0.881668 	-0.595474 	-1.572914 	1.023889 	
0.000000 	0.000000 	0.000000 	-0.757870 	-0.786030 	2.110053 	1.978319 	0.000000 	-0.519476 	-3.191282 	-1.220122 	0.000000 	0.000000 	2.763062 	0.000000 	0.695212 	1.518872 	-0.809806 	0.000000 	-2.695709 	-1.518317 	3.933738 	-0.542804 	1.325130 	1.280946 	-2.673700 	0.000000 	0.000000 	0.000000 	0.931325 	1.762448 	-1.976026 	
-0.544093 	-0.982502 	0.765074 	-0.859003 	0.000000 	0.000000 	-0.945590 	0.739961 	-0.541443 	2.487667 	0.000000 	-0.947590 	0.737327 	1.427291 	-0.440470 	1.770269 	1.117921 	0.000000 	0.570093 	0.048712 	-1.470586 	-1.095352 	1.066632 	1.438068 	-2.065196 	-1.394773 	0.000000 	1.750277 	0.000000 	0.590997 	-2.376439 	0.294926 	
-2.067956 	-1.147368 	1.829260 	0.821725 	-2.959009 	0.680784 	2.357747 	0.000000 	0.000000 	-0.851539 	0.000000 	-1.630266 	0.000000 	3.766124 	-0.873141 	2.191368 	3.011070 	-1.904347 	-1.635708 	0.000000 	-0.232074 	1.318227 	2.032104 	1.155752 	-0.811876 	-1.088228 	-1.825179 	0.666216 	-1.323350 	-0.117807 	0.000000 	-0.056142 	
1.221049 	-0.756760 	0.322714 	-1.500375 	0.000000 	0.913285 	1.294263 	0.424590 	-1.284955 	0.283728 	-1.443436 	0.162500 	-1.796882 	0.604969 	2.579276 	-0.836795 	2.371835 	0.000000 	1.301740 	-2.082269 	-1.111857 	0.046150 	0.000000 	1.638704 	-0.821729 	0.368462 	-2.127671 	3.326994 	-0.970127 	-0.543547 	-2.335163 	2.628650 	
-0.641666 	0.000000 	0.089406 	1.814051 	-0.831938 	-0.739589 	1.192933 	-3.156055 	3.081519 	-3.100982 	0.076064 	1.395848 	0.000000 	1.241827 	1.019313 	-0.634614 	-0.649166 	1.194970 	-0.336882 	0.820920 	-0.209436 	0.000000 	-0.509227 	0.654941 	-0.501031 	-1.327514 	1.106077 	-2.052384 	1.135645 	-0.624758 	0.360156 	0.000000 	
1.080352 	0.000000 	0.348242 	-0.142144 	-1.003330 	0.000000 	2.213733 	-0.295281 	1.094727 	0.000000 	1.010430 	0.275345 	-1.947741 	-1.890765 	-0.378509 	-1.438767 	0.050877 	0.613269 	1.065485 	2.351652 	0.000000 	-2.878744 	-0.451188 	0.589490 	-1.220868 	-0.375846 	-1.464604 	1.004117 	1.670021 	-0.184623 	0.279754 	0.989614 	
-0.763422 	-0.775569 	0.399648 	-1.396857 	0.533836 	-1.617633 	1.429304 	1.110438 	-0.492370 	-2.868065 	-1.552749 	1.904052 	-0.367316 	2.287174 	0.772027 	0.969373 	1.339818 	0.000000 	0.000000 	-1.389244 	1.434780 	1.577894 	0.000000 	0.000000 	0.608728 	0.000000 	-2.398677 	3.179399 	-1.085408 	0.000000 	0.000000 	-0.492692 	
-1.332553 	0.294200 	0.000000 	1.679593 	1.217875 	-0.316158 	-2.060715 	0.426824 	-0.356342 	-0.119741 	0.786665 	-1.956334 	0.819619 	-3.089332 	0.151622 	0.469909 	-0.190450 	-0.458937 	0.307002 	3.021182 	0.545735 	-1.078477 	0.625011 	-1.925752 	-0.334656 	2.240291 	-0.956487 	-1.141321 	0.540677 	0.626176 	0.534510 	-0.675930 	
