1.880220 	-1.179010 	1.162347 	0.000000 	0.811112 	0.352751 	-1.244496 	-0.703274 	1.292024 	0.418558 	0.806873 	-0.101481 	-0.871309 	-0.427731 	-1.225646 	-1.113542 	0.000000 	1.050630 	-0.557136 	-0.556402 	0.766399 	1.155535 	1.579940 	-0.053161 	0.000000 	-1.234636 	0.550257 	-0.322517 	-2.589680 	0.213126 	1.831816 	-0.268233 	-0.308339 	0.233104 	0.258333 	-1.287665 	0.175046 	1.585950 	0.000000 	-1.650014 	0.000000 	0.696072 	0.487321 	
2.069528 	0.000000 	1.580611 	-1.493395 	1.740100 	0.000000 	-2.731455 	-1.872403 	-2.017988 	0.087981 	0.000000 	-1.123094 	0.638063 	1.266098 	0.304911 	-0.651698 	1.982176 	-1.310937 	0.000000 	0.000000 	-2.198755 	-1.228382 	3.078984 	-0.287459 	1.560799 	-0.636371 	1.154293 	2.573474 	-0.392688 	0.053841 	-0.522363 	0.000000 	1.332863 	-0.325280 	0.296359 	1.386169 	0.539273 	2.315566 	0.000000 	-2.622423 	-1.743823 	-0.691732 	-0.387819 	
0.484873 	0.000000 	0.000000 	-1.029738 	0.781522 	1.328207 	0.376399 	-1.585300 	0.606519 	0.000000 	-0.676614 	0.000000 	0.000000 	-0.467755 	-1.631833 	-0.241143 	0.831160 	0.407876 	0.000000 	-0.919872 	-1.502643 	1.646225 	2.666767 	-0.772235 	0.000000 	0.814340 	0.000000 	1.568210 	-1.234537 	0.455610 	-1.626697 	1.178955 	-0.704471 	0.000000 	0.000000 	0.000000 	0.917757 	1.257396 	-0.861325 	-2.356030 	0.285602 	1.326703 	0.000000 	
1.441851 	0.710093 	0.000000 	0.000000 	2.532515 	0.000000 	-1.013825 	-0.386528 	0.000000 	0.000000 	0.284099 	-0.925878 	0.000000 	0.988770 	0.709599 	-1.226679 	-1.672987 	-0.886884 	-0.503669 	0.573567 	1.864282 	1.031436 	2.782361 	-2.255385 	1.264050 	2.008005 	-1.841362 	-1.491985 	-0.858906 	-0.730310 	0.000000 	0.314960 	0.593386 	-0.349059 	-1.360136 	-0.506213 	0.953468 	0.000000 	0.000000 	-1.456631 	-1.291148 	0.656081 	0.990216 	
3.453775 	0.976384 	1.905028 	-1.832576 	-0.309312 	-0.379605 	-1.923807 	0.000000 	-1.189029 	-1.582559 	2.406512 	-0.805833 	-1.024712 	1.852419 	1.846117 	-4.710586 	-0.704062 	0.000000 	-2.346223 	0.714406 	0.000000 	-1.279649 	0.000000 	-2.157795 	2.465013 	0.000000 	-0.350490 	0.000000 	-0.274150 	1.869216 	3.280279 	0.000000 	1.380138 	0.000000 	-0.732552 	-0.652524 	0.644894 	1.860024 	0.339032 	-1.348309 	-0.717148 	-0.838601 	1.899026 	
0.000000 	1.480642 	1.457243 	1.082446 	-1.239813 	0.928212 	1.231098 	0.907941 	-1.548475 	0.246110 	-1.506691 	0.483236 	-1.709327 	0.000000 	2.411610 	-0.378805 	-0.117792 	0.000000 	0.000000 	-0.621393 	0.614133 	-1.756293 	-1.170845 	0.000000 	1.402261 	-1.157445 	0.186984 	-1.489078 	0.370403 	0.000000 	0.000000 	-0.926907 	0.937544 	0.000000 	-0.542577 	-1.141248 	0.000000 	0.436915 	0.754995 	0.000000 	-0.313594 	1.649168 	0.000000 	
0.265741 	-0.184819 	1.060343 	2.495407 	-0.306740 	0.000000 	0.000000 	-2.050581 	0.479446 	-1.376971 	-1.034913 	2.086537 	-0.875998 	0.000000 	0.207946 	-0.361036 	-1.422057 	0.129898 	0.952569 	0.000000 	-1.093301 	-1.024401 	0.000000 	0.676244 	0.850026 	0.687296 	0.878539 	2.317884 	-1.400489 	0.173372 	-1.450328 	0.000000 	-2.247613 	-0.946925 	1.807935 	0.000000 	-0.593689 	2.169759 	1.034266 	-0.580820 	1.204308 	-1.672057 	0.529179 	
-0.356684 	0.000000 	-0.419003 	1.661158 	-0.565896 	0.000000 	-1.975598 	0.000000 	0.920770 	-0.201273 	0.978943 	-0.805268 	2.058706 	0.000000 	-1.053325 	0.000000 	0.000000 	-0.676860 	0.611756 	0.605496 	-2.997249 	-1.460246 	-1.097688 	0.836314 	-0.173675 	3.236514 	1.642899 	-0.899108 	-2.030062 	0.000000 	0.999904 	-2.257028 	1.213093 	0.000000 	0.000000 	0.000000 	0.000000 	0.207388 	1.244136 	1.061327 	0.884792 	-1.867912 	0.761125 	
0.802012 	0.000000 	0.000000 	0.000000 	0.000000 	-0.182317 	1.131035 	-0.773856 	-1.476675 	-1.563361 	2.181647 	-1.611332 	0.716292 	0.892098 	0.000000 	-1.099612 	0.000000 	2.045471 	-0.511655 	-0.917300 	0.588322 	0.652015 	0.000000 	0.564023 	0.962377 	0.876557 	0.536417 	1.339414 	0.000000 	-1.409779 	0.000000 	0.516481 	-1.254034 	-1.514604 	0.000000 	-1.023243 	1.081523 	0.000000 	-0.511231 	-0.471858 	-0.339077 	-0.456709 	1.126606 	
-1.412991 	0.370960 	1.172838 	1.234622 	-1.095616 	1.399782 	-1.438505 	-2.093408 	0.770246 	1.070115 	-1.581891 	-1.191341 	-0.833783 	2.238894 	-0.661047 	0.956427 	1.339869 	1.368126 	-0.945902 	-1.012777 	0.000000 	-0.171579 	0.226131 	1.410086 	1.128469 	-3.071448 	1.935524 	-1.227437 	-0.793760 	-1.956286 	0.789036 	3.341740 	0.665010 	0.688336 	0.000000 	0.000000 	0.000000 	-1.471797 	-0.187351 	-1.219064 	0.694806 	0.000000 	0.000000 	
-2.869965 	-0.952651 	0.564322 	1.900937 	-1.633498 	1.099518 	0.000000 	-1.482035 	0.000000 	-1.388549 	0.973082 	0.000000 	0.000000 	1.399042 	-1.188657 	0.490887 	-1.586005 	0.000000 	0.000000 	-0.546746 	-1.139601 	-2.496627 	0.000000 	2.309799 	0.899687 	0.717057 	1.260777 	1.651668 	-0.133716 	0.135659 	-0.470838 	1.231086 	-0.595538 	-0.620319 	0.965901 	0.845275 	-1.743338 	-0.446902 	1.038178 	0.666506 	1.445259 	0.000000 	0.000000 	
0.000000 	-0.731777 	0.295634 	2.202707 	-1.662431 	2.543766 	1.301153 	-1.072847 	1.310221 	-1.455653 	-1.726548 	0.000000 	-1.551523 	-0.658196 	-0.638195 	0.329589 	-0.081865 	0.348949 	0.790953 	-0.515917 	-0.745648 	0.868209 	0.190002 	0.000000 	0.000000 	-1.050349 	1.470920 	0.964574 	-1.899430 	-1.144742 	-1.471921 	0.741744 	-2.866885 	0.249450 	1.459353 	-0.855358 	1.147508 	2.217620 	1.651419 	0.000000 	1.398482 	0.000000 	0.374351 	
-1.610828 	0.325168 	-0.542786 	1.113053 	-1.558533 	1.322081 	0.000000 	-0.837472 	-0.371905 	-1.931534 	1.201566 	-0.347910 	1.441978 	-0.752737 	-0.951017 	1.015957 	-0.137503 	1.315108 	-2.314064 	0.000000 	0.000000 	-1.316291 	-1.312386 	1.467021 	-0.139199 	2.150960 	0.940327 	-0.246507 	-0.681556 	0.000000 	1.623128 	1.576481 	0.490773 	-0.911198 	0.000000 	0.000000 	-0.819217 	-1.376621 	0.663850 	0.000000 	0.644162 	1.011303 	0.000000 	
1.057309 	-1.133958 	-1.010919 	-0.051539 	-1.183678 	-0.120198 	0.781023 	0.309081 	0.000000 	-1.262080 	0.459901 	-0.090493 	0.737689 	-0.772031 	0.254810 	0.700596 	0.583010 	-1.443605 	0.545181 	-0.292235 	-1.725698 	-0.540229 	0.000000 	-0.855087 	-0.770370 	1.597012 	2.001169 	2.827527 	1.183356 	0.000000 	-0.187186 	-1.265676 	0.491315 	-0.780359 	1.258622 	0.776946 	0.480724 	0.768136 	0.099736 	-0.826171 	-0.234259 	-1.841202 	0.000000 	
-0.214303 	0.000000 	-0.383663 	0.156294 	-0.706346 	0.000000 	-1.004750 	1.130256 	-2.190959 	0.608827 	1.011428 	0.000000 	-0.180115 	0.000000 	1.641594 	0.000000 	-1.480728 	-1.199612 	-1.464297 	0.000000 	-1.959434 	-2.568865 	0.000000 	-0.220631 	0.000000 	2.416909 	0.676934 	0.685467 	1.538073 	1.163322 	0.801347 	-2.646944 	2.143409 	-0.722647 	0.335546 	0.000000 	-0.288781 	2.619417 	0.950473 	-0.373554 	0.828546 	0.606244 	0.203927 	
-0.236074 	-1.205998 	0.000000 	0.944075 	-1.042083 	-0.838846 	-2.005187 	-1.103180 	1.650116 	0.000000 	-0.972927 	1.098055 	0.802217 	0.000000 	-0.175094 	0.000000 	-0.267506 	0.248323 	0.353475 	0.689825 	0.602134 	0.494974 	0.000000 	-1.430538 	0.000000 	0.891676 	-1.364452 	0.657450 	-0.828907 	1.791805 	-0.627841 	1.088100 	0.453379 	-0.125129 	0.437429 	0.000000 	0.000000 	-0.491846 	0.000000 	-0.953244 	-0.230290 	-1.054869 	2.033268 	
-1.540882 	-1.071166 	-0.956259 	-1.264148 	0.000000 	1.162003 	1.078267 	0.000000 	0.624351 	0.792067 	-0.658189 	0.000000 	-0.103107 	-0.868149 	0.219137 	-0.687159 	-1.122723 	-1.029895 	-0.796499 	1.837797 	1.930685 	0.000000 	1.815788 	-1.271647 	0.000000 	-1.202830 	-2.466233 	0.000000 	0.000000 	2.008309 	0.000000 	0.216232 	-1.732493 	0.505895 	0.000000 	-0.919224 	0.839453 	0.536269 	0.720288 	0.756897 	0.000000 	1.599693 	1.377162 	
0.000000 	0.847548 	0.000000 	-0.563385 	-0.510704 	-0.345545 	1.776629 	0.000000 	0.955933 	-0.723166 	0.000000 	-0.206670 	1.224423 	-0.505986 	-1.008670 	-0.515255 	1.623291 	0.000000 	0.919376 	-0.720628 	-3.011377 	-0.478467 	-0.837193 	1.085796 	0.000000 	-0.289288 	2.271476 	0.500147 	0.000000 	0.000000 	0.410611 	0.649835 	0.921773 	0.632278 	-0.565858 	0.000000 	0.089647 	-0.996634 	-1.624853 	-0.512935 	0.516875 	-1.018289 	-0.629266 	
0.000000 	0.000000 	0.297999 	0.761838 	0.898032 	-0.723418 	-1.615498 	1.328828 	-2.230922 	0.430120 	0.000000 	-0.238923 	0.000000 	-1.553440 	1.183815 	0.840169 	-1.559397 	0.674765 	-0.465526 	-0.244007 	0.520048 	-0.112324 	-0.473626 	0.609432 	-0.508587 	0.469364 	-0.269510 	-1.100820 	0.861868 	0.665432 	-0.916991 	-0.756472 	2.164955 	0.000000 	-0.752796 	-1.663343 	-0.092659 	1.838195 	0.293884 	-0.866407 	0.884993 	2.350760 	0.000000 	
0.000000 	0.323951 	-0.677437 	0.000000 	1.764940 	0.000000 	2.189209 	0.000000 	-0.854482 	0.727314 	1.614010 	-0.544972 	0.000000 	-0.713550 	-1.581509 	0.000000 	-2.455685 	-0.421313 	-1.065094 	-1.693228 	0.000000 	1.467817 	1.520960 	1.002341 	0.481591 	1.148098 	0.000000 	0.932626 	1.172336 	-1.145724 	0.772783 	-1.033711 	0.159739 	-1.550630 	0.000000 	-1.077929 	0.000000 	1.056430 	-1.064015 	0.000000 	0.000000 	1.002341 	0.000000 	
