-0.864727 	0.781122 	-1.244842 	0.258144 	-1.486991 	1.653891 	2.989972 	-0.992053 	-0.086777 	-2.388307 	-0.250968 	-0.535824 	0.563444 	-2.421230 	1.014765 	-1.717056 	0.000000 	0.077646 	1.472609 	0.000000 	-0.510301 	0.000000 	0.584766 	-0.221808 	2.593745 	0.000000 	-2.195224 	0.000000 	0.000000 	0.295387 	2.956206 	0.991124 	0.731108 	0.815785 	1.968139 	-0.777574 	-2.035486 	1.336937 	-0.710257 	-1.918972 	-0.283278 	
0.000000 	-0.604082 	0.185923 	0.000000 	0.000000 	0.915404 	-0.275983 	0.126169 	0.000000 	-1.545934 	0.000000 	0.000000 	0.000000 	0.374149 	1.109472 	-1.252905 	-0.710680 	0.000000 	1.077987 	0.000000 	-0.363223 	-0.503871 	0.956679 	0.000000 	1.206041 	-0.372706 	-0.699103 	-0.659718 	0.257964 	0.921305 	1.151875 	0.000000 	-1.308690 	0.000000 	0.000000 	0.000000 	0.000000 	2.588230 	-2.818962 	0.695001 	0.000000 	
-0.687721 	0.171482 	-0.466652 	-2.231921 	-1.188704 	0.293905 	-1.999677 	0.000000 	1.492640 	0.755777 	-0.842806 	0.000000 	0.000000 	0.000000 	1.228478 	0.000000 	0.832507 	0.000000 	-1.070504 	0.000000 	0.000000 	-0.646584 	0.000000 	0.823121 	0.551832 	1.332689 	-1.481712 	1.230274 	-0.804620 	1.889316 	2.018774 	-1.260458 	-0.571509 	1.306418 	0.452405 	1.067961 	-0.606008 	0.000000 	-1.112360 	-0.906414 	0.000000 	
-1.517446 	-0.267692 	0.000000 	0.387098 	-1.562701 	-0.161676 	-1.317747 	-0.650365 	0.380264 	0.753046 	-1.348901 	1.255329 	0.366247 	0.723774 	0.763838 	-0.251150 	0.000000 	1.483965 	0.000000 	-1.048214 	2.403895 	1.490585 	-1.228468 	0.301172 	0.000000 	0.866031 	2.218540 	0.000000 	0.000000 	-0.924449 	-0.642972 	1.084938 	-1.223126 	0.000000 	0.000000 	-0.861557 	-0.780698 	0.824504 	-1.977285 	-0.723240 	1.097817 	
-1.991113 	1.481839 	0.981695 	0.467728 	-0.468591 	0.000000 	0.670989 	1.058001 	-0.349485 	0.000000 	0.217406 	-0.207788 	0.000000 	-2.144258 	2.125324 	0.000000 	0.695035 	0.000000 	1.266469 	-1.318362 	-0.741520 	0.776548 	-0.882418 	0.000000 	1.473145 	0.000000 	-1.525967 	-1.738889 	0.581441 	0.631556 	1.335796 	0.879022 	0.607918 	1.028296 	0.000000 	-1.124017 	-3.001992 	0.651236 	-0.256448 	-0.989064 	0.315395 	
0.000000 	0.000000 	-0.325059 	0.923058 	0.000000 	0.000000 	0.523320 	0.000000 	0.000000 	0.000000 	1.772639 	1.577176 	0.000000 	-1.984063 	1.319280 	-0.173662 	-1.555506 	0.000000 	2.031875 	0.000000 	0.000000 	0.000000 	-0.838914 	-0.938157 	-0.294507 	0.000000 	-0.295743 	-0.768564 	2.105142 	0.000000 	0.000000 	0.015302 	0.792500 	-1.287841 	-1.292021 	0.000000 	-0.329112 	-1.337390 	1.510929 	0.000000 	-0.723572 	
-0.693392 	0.828723 	0.000000 	-1.607367 	-2.130764 	-1.158282 	1.475041 	-1.099618 	-2.319167 	0.000000 	0.849382 	-1.623377 	-0.442401 	1.286217 	-2.056424 	0.527837 	0.579253 	0.387060 	0.705005 	0.000000 	0.855193 	-1.840084 	1.207147 	-0.941975 	1.946335 	-0.726041 	-2.566747 	-0.285421 	0.900068 	1.202164 	0.418305 	1.498394 	0.532678 	1.470386 	1.460835 	1.303084 	0.000000 	-2.552934 	1.662018 	-0.468018 	0.731404 	
0.835416 	-0.362040 	-0.580315 	-2.007894 	0.000000 	1.497233 	1.042151 	-1.087444 	1.512172 	-3.568799 	1.113507 	-1.251141 	1.080736 	-0.536645 	-0.714353 	0.298412 	0.972242 	0.051988 	1.429377 	1.573405 	-1.042044 	0.000000 	0.833879 	-0.331601 	0.728074 	1.052040 	0.000000 	-1.042826 	0.000000 	0.000000 	0.000000 	-0.728357 	2.611289 	-1.390397 	0.651655 	0.691469 	-1.853618 	-1.515992 	0.000000 	1.178889 	-0.963479 	
1.693797 	0.667136 	0.500912 	1.238277 	-1.236746 	0.251729 	0.659937 	-0.734905 	2.165833 	0.561952 	1.635746 	0.813473 	-2.015606 	0.000000 	-0.395291 	-0.875889 	-1.414374 	-0.645855 	-2.606660 	1.230003 	-0.337210 	-1.490213 	0.586326 	-0.670441 	-0.338352 	0.000000 	-0.279490 	1.061111 	-0.189009 	-1.893787 	0.280449 	-1.658193 	-1.720326 	0.000000 	1.808268 	0.000000 	0.385788 	0.866823 	0.847924 	1.233510 	-0.279350 	
1.143548 	0.316140 	-2.428339 	0.000000 	0.870254 	0.310679 	1.329050 	-1.110842 	-1.762907 	-1.011467 	0.000000 	0.583449 	1.267175 	-0.843528 	0.426133 	1.230469 	-0.600522 	-1.112344 	1.702696 	-0.456398 	-0.632211 	0.000000 	-0.661314 	0.000000 	0.000000 	1.103473 	-1.001609 	0.378299 	0.000000 	1.901719 	-1.421450 	0.269705 	0.000000 	-0.465162 	0.000000 	1.685711 	-0.287701 	-1.113621 	0.669638 	0.000000 	-0.607691 	
0.000000 	-0.488130 	0.000000 	2.375011 	0.000000 	2.128824 	-1.277385 	0.000000 	2.323745 	-0.379189 	-1.510700 	0.975958 	0.000000 	-0.496732 	-0.868324 	-0.576248 	0.000000 	-0.504572 	-1.525838 	0.000000 	0.971865 	1.435817 	0.000000 	1.966430 	0.000000 	0.779354 	1.261996 	0.552110 	-1.729782 	0.000000 	0.983257 	-0.539429 	0.340506 	-0.681993 	-1.575055 	-1.259548 	0.684929 	1.437348 	-0.747120 	-2.069102 	-1.404672 	
0.666133 	0.000000 	-0.563939 	1.162912 	0.000000 	-1.028889 	0.770509 	0.461078 	0.791256 	-0.750900 	0.714499 	1.346926 	0.567643 	0.052644 	-1.287179 	-1.039783 	-0.625189 	0.128215 	0.000000 	1.206617 	0.687120 	-1.142287 	1.634036 	0.624315 	0.000000 	0.849297 	0.905840 	-0.854725 	-1.196085 	-1.866340 	-0.386438 	0.461920 	-0.137771 	-0.683533 	-0.486369 	-1.750096 	1.627824 	-0.630971 	0.802430 	0.000000 	0.000000 	
-0.984537 	-1.492368 	-1.497934 	0.000000 	0.986103 	1.244676 	2.336097 	0.000000 	-1.833868 	-0.476721 	1.053823 	-0.549383 	0.000000 	0.835999 	0.504298 	-0.897538 	-0.746919 	1.159494 	2.241339 	-0.560038 	0.000000 	1.430606 	0.587127 	0.000000 	-1.468599 	-0.795624 	0.000000 	0.574006 	-0.286164 	-1.050973 	-0.397270 	0.055582 	-0.246870 	0.549271 	-0.878999 	0.636504 	-0.273634 	0.853241 	0.000000 	0.441566 	0.175292 	
1.228285 	0.000000 	0.893844 	2.074260 	-0.588300 	1.222044 	0.097881 	-0.434484 	0.928552 	-0.308839 	0.000000 	-0.563582 	0.000000 	0.994376 	-1.568283 	0.404236 	0.000000 	-2.122129 	0.000000 	0.368813 	1.243687 	1.062365 	0.000000 	0.000000 	0.000000 	1.528674 	0.983724 	0.000000 	-1.727068 	0.000000 	-2.280351 	-0.890997 	-0.837961 	0.000000 	-1.372982 	0.970250 	-0.622199 	0.000000 	0.632427 	0.000000 	-1.249100 	
-1.098422 	1.044690 	-1.313342 	0.166899 	1.186191 	-1.344637 	0.874787 	2.507576 	0.000000 	-0.615794 	2.076881 	1.043973 	-0.745963 	2.004546 	0.000000 	-0.925013 	1.043726 	1.700070 	1.458940 	-0.988111 	0.530935 	0.000000 	1.123738 	0.313397 	-0.824778 	0.000000 	0.000000 	-2.105333 	-2.113014 	-1.191065 	0.356497 	0.000000 	-1.481993 	0.000000 	-1.845697 	0.000000 	0.622317 	0.696799 	0.000000 	0.086744 	0.000000 	
-0.310011 	-2.656187 	0.000000 	1.189560 	-0.908314 	0.000000 	0.794168 	-0.560865 	0.000000 	0.880288 	-1.410276 	-0.188523 	1.293667 	-0.990117 	0.833523 	0.784908 	-1.685364 	0.652210 	0.000000 	-0.095624 	0.000000 	1.355441 	-0.042352 	1.090935 	0.000000 	0.000000 	0.000000 	1.223054 	1.515843 	0.000000 	-0.781687 	1.374858 	1.026435 	-0.645034 	-2.199276 	-2.382675 	0.000000 	0.873742 	-0.565508 	-1.605123 	2.125041 	
-1.552510 	0.000000 	0.000000 	-1.475053 	-1.925091 	-0.988459 	0.626213 	1.630939 	-0.736777 	0.151105 	-0.703193 	0.000000 	2.206831 	0.000000 	1.027149 	-1.085758 	1.359749 	0.000000 	3.206269 	0.791625 	0.000000 	-0.568133 	1.272345 	0.424536 	-1.221681 	0.965818 	0.649383 	-2.078295 	-0.511450 	-1.496795 	-1.652375 	2.194795 	0.000000 	0.000000 	1.303050 	1.254082 	-2.238879 	-1.431898 	1.963198 	0.000000 	0.000000 	
0.000000 	0.568685 	0.000000 	1.051484 	0.703547 	-0.581583 	-0.621455 	1.274949 	-1.529143 	0.000000 	0.565186 	1.424297 	-0.254213 	0.720330 	-0.828661 	-1.223217 	-1.595368 	-1.012242 	0.437642 	0.000000 	-1.015043 	-2.648061 	2.702336 	2.019978 	-0.622210 	0.206446 	-0.334593 	-2.014064 	-0.499886 	0.000000 	-0.931970 	1.158721 	-1.616875 	0.616681 	1.016716 	0.000000 	1.355043 	0.771126 	0.000000 	2.653318 	-0.637299 	
0.000000 	2.049844 	-1.606901 	1.421362 	-0.305026 	-1.356893 	0.000000 	0.974412 	-0.084107 	1.353163 	0.000000 	1.578561 	0.000000 	-0.726767 	-1.386673 	-1.580469 	-1.030669 	0.000000 	0.490773 	-1.842264 	1.543339 	-0.601917 	-0.490792 	-1.391241 	-0.185014 	0.425623 	0.000000 	0.457526 	0.000000 	0.000000 	0.000000 	0.183001 	0.125203 	0.544817 	0.000000 	0.921357 	1.195862 	-1.177129 	1.764463 	-0.550203 	-0.465626 	
-1.362696 	1.047732 	0.000000 	0.107631 	-0.431299 	-0.571825 	-0.604597 	1.016503 	-1.081359 	0.785150 	-0.565352 	0.000000 	1.391786 	-1.003358 	1.137388 	-0.906686 	0.000000 	0.883705 	0.000000 	-1.167230 	0.958013 	-1.419096 	1.571786 	0.000000 	0.898877 	-0.934751 	-1.519837 	-0.568741 	0.086452 	0.472870 	0.496825 	1.396330 	-0.533244 	1.123553 	0.380215 	-0.217914 	0.775860 	1.043740 	-2.028977 	-0.954702 	0.459551 	
