3.103890 	-1.036160 	2.714374 	1.184457 	-0.136500 	2.377723 	-2.231163 	0.319035 	-1.781218 	-1.112920 	0.428312 	-1.012954 	2.530378 	1.415113 	0.825809 	-1.374045 	1.264262 	-0.695193 	1.197265 	-1.941505 	0.378190 	-1.133290 	-1.462581 	-2.171354 	-1.279295 	0.000000 	-1.554372 	0.000000 	-2.392117 	-0.788416 	0.255984 	1.185685 	2.371562 	1.846368 	-1.617452 	0.731813 	1.213388 	-1.604392 	
1.489638 	0.120427 	0.706085 	0.958650 	0.000000 	0.000000 	-0.974195 	-0.925921 	0.506079 	0.925921 	0.000000 	-1.065375 	-1.682318 	0.000000 	0.788098 	1.426426 	0.000000 	0.000000 	0.000000 	0.106054 	0.523025 	0.000000 	-1.065192 	-0.578489 	0.560504 	1.192279 	-1.740844 	-1.110108 	-0.771988 	-0.500506 	1.061385 	-1.024800 	-0.088263 	-0.570623 	-1.163441 	1.423952 	1.950002 	0.311355 	
0.000000 	-1.337302 	0.000000 	-0.408762 	-0.399897 	-1.538647 	0.000000 	1.344853 	1.776382 	1.398675 	-1.811577 	1.090734 	0.000000 	1.292280 	-0.204368 	0.968541 	-2.390434 	0.000000 	-0.532054 	-0.391420 	-0.296167 	0.542345 	1.282884 	0.563724 	0.017573 	-2.348101 	0.000000 	0.000000 	3.533449 	-1.794097 	-0.976091 	-2.006409 	-1.319754 	2.999077 	1.011286 	1.059844 	-0.635134 	0.702446 	
0.687120 	-0.637768 	0.418716 	-1.156135 	-1.061442 	1.802863 	0.376848 	-0.568051 	0.000000 	0.873816 	0.000000 	0.000000 	-0.866055 	-0.711131 	0.000000 	0.000000 	0.747842 	1.191570 	-0.435893 	0.732117 	-0.883416 	1.632736 	-1.489821 	1.008050 	1.038840 	-0.572959 	0.452533 	0.771332 	-1.556038 	1.279182 	0.880304 	0.000000 	-0.423828 	0.000000 	-2.070353 	-0.086183 	0.076080 	0.000000 	
0.000000 	-1.422444 	0.178972 	0.000000 	-0.708821 	1.443775 	0.250496 	-0.473628 	-1.341748 	1.380963 	-0.814469 	-1.267751 	-1.667276 	0.262111 	0.000000 	1.433581 	0.464290 	0.000000 	0.615955 	0.346206 	-0.774988 	-0.312182 	-1.993146 	0.000000 	1.605104 	0.978592 	0.000000 	-0.333435 	-1.797154 	-0.407595 	2.129767 	0.000000 	-0.471591 	0.462166 	0.180913 	2.073895 	1.065232 	0.273729 	
0.000000 	-1.020313 	2.538886 	1.487046 	0.000000 	-0.963421 	0.000000 	1.329374 	-0.612135 	2.027748 	-1.048034 	-0.496803 	-0.497133 	0.000000 	-0.342360 	0.188073 	0.920272 	0.000000 	-2.309088 	-0.791298 	-0.248220 	0.000000 	1.683988 	1.420307 	0.000000 	0.000000 	-1.957243 	-1.671767 	1.144292 	-0.469413 	0.000000 	0.672338 	1.463143 	-0.997962 	0.793051 	-1.410429 	0.000000 	0.100394 	
0.000000 	1.341879 	-0.665659 	1.694665 	-0.532528 	-1.691175 	-0.300314 	0.394020 	1.025632 	-0.643376 	0.781884 	0.000000 	0.840400 	0.698705 	0.000000 	-1.556619 	0.000000 	0.000000 	0.000000 	-1.706797 	0.000000 	1.010662 	3.308351 	0.638079 	-2.988823 	-0.689426 	-1.051811 	-0.576102 	0.184972 	-0.317990 	-1.019680 	-0.304808 	1.108014 	-1.526030 	0.453924 	-0.985545 	0.268936 	2.301843 	
-0.650682 	-0.736215 	0.000000 	1.689432 	-0.890774 	0.000000 	1.269705 	-0.488138 	-3.740200 	0.000000 	0.887120 	1.187123 	1.046122 	0.000000 	0.000000 	-0.998702 	0.812979 	0.000000 	0.491792 	0.000000 	-1.996658 	0.587422 	-0.642710 	1.671179 	2.011806 	-0.684137 	0.000000 	-0.359044 	-1.176641 	0.599720 	1.176933 	-0.984660 	0.151359 	-1.183185 	2.035191 	-1.566446 	0.475555 	1.168833 	
1.522732 	-2.082536 	2.599569 	0.980486 	0.266719 	0.984707 	0.759844 	0.000000 	-1.554291 	0.103634 	-0.312106 	0.000000 	0.000000 	0.304017 	-0.500581 	0.663914 	1.440827 	0.234644 	-0.292890 	-0.987452 	-0.749893 	-2.593075 	-1.270910 	0.293389 	0.000000 	-0.048316 	0.330426 	-0.942706 	-0.822782 	-0.655825 	1.183978 	1.122853 	1.850606 	0.000000 	-0.974443 	0.000000 	1.017497 	-1.458836 	
1.079561 	-0.912214 	-0.605527 	1.099394 	0.111467 	0.602868 	0.162549 	-1.142722 	0.000000 	-0.657110 	1.521476 	0.000000 	-0.490176 	0.000000 	-1.242290 	0.000000 	1.599197 	0.166890 	0.000000 	0.000000 	-2.126241 	-2.918563 	-0.330847 	2.959994 	2.453947 	1.038951 	0.000000 	-1.361019 	-0.369724 	-0.378754 	2.378221 	-1.849329 	2.415922 	0.989603 	-1.933151 	-0.589094 	-0.833311 	-1.057911 	
1.691497 	0.000000 	5.199316 	2.604932 	2.701589 	0.000000 	1.097403 	1.418481 	-6.522876 	0.000000 	-1.846762 	-0.444702 	0.000000 	1.222764 	0.000000 	-1.494044 	0.000000 	-2.273307 	0.000000 	0.838406 	0.000000 	-3.444539 	0.000000 	-1.207544 	0.000000 	0.000000 	-3.356026 	-2.207089 	-1.097403 	0.699561 	2.348871 	2.105760 	0.000000 	0.000000 	3.028540 	0.000000 	0.000000 	0.000000 	
0.567399 	0.845091 	0.000000 	0.312429 	-1.165879 	-0.168557 	0.293264 	-0.689511 	0.000000 	-0.913900 	0.000000 	-0.683742 	0.808780 	0.000000 	-0.667395 	-0.864361 	-0.661722 	0.000000 	2.769291 	0.000000 	1.313906 	1.989137 	-0.958893 	-1.899862 	0.307849 	0.000000 	0.000000 	-0.505326 	-0.425386 	1.553873 	-0.099999 	-1.748977 	-1.732408 	0.000000 	0.605325 	-0.273867 	0.860112 	1.975973 	
0.746963 	1.525895 	1.210729 	-0.792416 	-0.486989 	-0.839144 	0.000000 	0.639956 	0.364716 	0.000000 	0.000000 	0.775362 	0.336577 	-1.019900 	-0.444116 	0.716656 	-0.661293 	-0.451838 	0.298870 	1.401370 	1.037950 	0.000000 	-1.345674 	0.000000 	0.000000 	-1.792314 	1.191919 	0.893529 	0.042990 	-0.336712 	-2.767247 	0.000000 	-0.584495 	0.485023 	0.298272 	0.853901 	-0.503041 	-0.765050 	
-1.747870 	0.979766 	-1.543054 	-0.552685 	-0.402433 	-0.400185 	-1.344015 	1.205552 	0.391875 	1.440823 	0.000000 	-0.184903 	0.496912 	0.126548 	0.683474 	-0.609380 	-0.761000 	-1.126834 	-1.117108 	-1.388598 	-0.937863 	0.818933 	2.146443 	0.688029 	-0.803814 	0.000000 	-0.460852 	1.271378 	-0.807528 	-0.722720 	-0.946016 	0.401703 	0.564773 	1.088784 	0.825816 	1.572554 	0.301719 	1.164919 	
0.693931 	-1.692634 	1.939045 	0.709325 	-1.287073 	1.170279 	0.217194 	0.825163 	-1.277305 	0.626295 	0.000000 	-1.058176 	-0.690884 	-0.230905 	0.000000 	0.162209 	0.588271 	0.789119 	-0.953504 	-1.065650 	-0.872954 	-0.582057 	-0.213280 	1.363846 	0.312491 	0.614449 	-0.159038 	0.310016 	-1.227856 	-0.756467 	0.607027 	0.848949 	1.860226 	0.000000 	-1.578783 	0.376711 	0.701709 	0.154578 	
-0.249926 	-1.250341 	-0.542475 	-1.575165 	-0.628067 	0.297688 	0.000000 	0.714061 	1.194457 	0.410709 	-1.223673 	0.661740 	1.798252 	1.794956 	-1.025862 	-1.285344 	0.000000 	0.726970 	0.000000 	2.337928 	0.000000 	3.093564 	0.000000 	0.122715 	0.000000 	-2.524392 	-1.151013 	0.443994 	1.510171 	0.000000 	-0.703599 	-1.930353 	0.057635 	1.311529 	0.831296 	-0.379000 	-1.700356 	-0.305245 	
0.423393 	-0.859163 	2.289470 	0.000000 	0.000000 	0.636427 	0.818143 	0.000000 	-1.751897 	0.657418 	-0.656150 	0.000000 	0.975124 	0.000000 	0.000000 	-1.113534 	-0.517459 	0.000000 	0.000000 	-1.966270 	-0.099919 	0.743334 	0.000000 	-1.709782 	0.000000 	0.000000 	-0.745679 	0.000000 	-1.252130 	1.769146 	0.998092 	0.000000 	0.000000 	0.000000 	-0.880239 	0.000000 	3.081511 	1.310806 	
0.759075 	-2.632673 	1.845354 	1.680624 	-0.672516 	-0.113311 	1.616312 	-0.894813 	-1.995750 	1.279915 	-1.044062 	1.316505 	0.000000 	1.601814 	0.000000 	0.337061 	1.295791 	1.331475 	0.000000 	-1.376937 	-1.622322 	1.007374 	0.000000 	0.908342 	-0.814712 	-2.329889 	-0.499799 	-1.451863 	-0.150243 	0.000000 	1.858949 	0.000000 	0.000000 	-2.085689 	0.787372 	-1.374308 	2.198395 	1.162746 	
-1.021741 	0.000000 	-1.163605 	0.000000 	1.938022 	-1.998462 	0.181568 	-1.348448 	-1.965419 	-0.234152 	0.000000 	3.224541 	0.000000 	1.109022 	1.179573 	0.239426 	-1.496475 	-0.355421 	0.000000 	1.908544 	-2.041942 	-1.730287 	-1.276848 	2.257662 	2.027461 	0.000000 	-1.139959 	0.415708 	1.356853 	0.000000 	1.464444 	-2.471838 	-0.485379 	-0.802848 	1.248872 	-0.276086 	1.900470 	-0.394706 	
-0.897662 	-1.506317 	0.000000 	0.000000 	0.000000 	1.620722 	1.228703 	0.000000 	-3.108530 	-1.663705 	0.988792 	0.000000 	1.369264 	0.000000 	0.000000 	-2.078315 	0.000000 	0.674158 	0.000000 	0.000000 	-0.911425 	0.000000 	0.000000 	0.000000 	1.842891 	1.122643 	0.000000 	1.056711 	-0.635034 	1.090438 	1.541037 	0.000000 	0.955156 	0.000000 	-0.477878 	-1.511902 	-0.354317 	0.000000 	
-1.501739 	-3.373514 	1.125115 	-0.467230 	-3.068716 	-0.583226 	0.000000 	1.675901 	1.261730 	2.120822 	-2.446711 	-2.024870 	0.304356 	1.551736 	-2.699554 	0.516323 	0.000000 	0.876934 	0.841770 	-1.216198 	-0.467505 	0.855661 	0.118549 	1.934200 	1.081337 	0.730243 	-0.358827 	-0.500787 	1.431935 	-1.297249 	0.000000 	-2.035152 	2.261766 	1.554170 	0.560652 	0.833330 	1.347388 	1.364567 	
