0.000000 	-2.349679 	0.000000 	0.000000 	0.000000 	0.000000 	0.000000 	0.000000 	0.000000 	0.000000 	2.349679 	0.000000 	-2.349679 	0.000000 	-2.349679 	0.000000 	2.349679 	0.000000 	0.000000 	0.000000 	0.000000 	2.349679 	2.349679 	0.000000 	0.000000 	0.000000 	-2.349679 	0.000000 	0.000000 	0.000000 	0.000000 	0.000000 	0.000000 	0.000000 	0.000000 	0.000000 	0.000000 	
0.345088 	-0.924057 	-1.045336 	-1.155686 	-0.215516 	-0.420949 	0.000000 	-0.920769 	-0.522827 	0.663423 	0.780952 	0.540370 	-1.595524 	0.179290 	0.790437 	0.000000 	1.324776 	0.092422 	-1.148564 	-1.079085 	0.564054 	-0.686798 	0.000000 	1.181170 	1.128258 	-0.868517 	0.000000 	-0.727023 	1.022360 	-1.589932 	0.641003 	1.636118 	0.718426 	0.000000 	1.353755 	-0.693368 	1.231340 	
-2.272179 	-0.707452 	-0.926029 	1.049223 	0.267976 	0.825033 	-1.167904 	-1.186681 	0.315826 	-1.067624 	0.957706 	-0.382504 	-1.285954 	0.888511 	-3.493510 	-0.698338 	2.302699 	2.374815 	1.384698 	0.681922 	-1.075288 	0.000000 	-0.677006 	1.843561 	2.082106 	1.982451 	0.251146 	0.000000 	-1.465211 	0.857570 	0.135168 	-1.159347 	-1.298161 	0.886237 	0.000000 	-0.232742 	-0.450449 	
1.975696 	-1.656989 	1.160834 	0.048779 	1.047430 	0.483368 	0.000000 	0.692831 	0.831954 	1.856125 	1.355764 	0.000000 	-0.723059 	0.000000 	0.000000 	-0.363419 	-0.650514 	0.000000 	-0.984534 	0.000000 	-0.182143 	2.322227 	1.558899 	-1.751767 	-1.211391 	0.679719 	-0.547691 	0.000000 	-1.844701 	0.571141 	-1.008880 	1.218404 	-1.125643 	0.000000 	-1.812157 	-0.879809 	-1.104662 	
1.280064 	-2.317847 	0.000000 	-1.561073 	-0.392804 	0.630645 	-3.304133 	2.431242 	0.931140 	-0.385421 	1.687202 	0.000000 	0.000000 	0.000000 	-0.893349 	0.447070 	-0.226656 	0.000000 	-1.953093 	0.777012 	0.000000 	-0.720083 	0.000000 	0.932846 	1.509973 	1.320753 	0.000000 	0.356188 	0.713153 	1.296767 	0.000000 	1.477366 	-4.307649 	-0.264211 	-1.521635 	1.907056 	0.944144 	
0.000000 	0.000000 	-1.286845 	1.209667 	1.361606 	0.411659 	0.000000 	-1.517318 	0.188724 	0.418783 	-0.411659 	-1.404196 	0.000000 	1.086090 	0.000000 	0.000000 	2.357574 	0.266839 	-0.819747 	-1.142005 	0.000000 	1.230401 	-1.767766 	-0.256387 	0.000000 	0.554924 	0.565123 	-1.934960 	0.137716 	-0.748008 	-2.642007 	0.000000 	1.861076 	1.935624 	0.078242 	-0.082189 	0.000000 	
-0.377365 	0.000000 	0.000000 	-0.779528 	0.922358 	-1.282502 	1.221928 	-0.951247 	-0.600858 	-0.238685 	0.272721 	0.444996 	-0.855510 	-1.007798 	0.252903 	-1.266285 	1.014947 	0.335766 	-0.699621 	-1.539125 	1.009781 	0.153713 	0.361050 	0.687663 	1.385663 	-1.332148 	0.000000 	1.773170 	0.658687 	-3.427321 	1.098491 	-0.187538 	2.852869 	-2.449779 	2.188111 	-0.782933 	1.387284 	
-0.772862 	1.309345 	-0.244534 	0.852378 	0.445031 	0.000000 	-1.104164 	-0.549511 	0.000000 	-0.662556 	-0.660831 	1.541245 	0.412022 	0.000000 	0.387195 	-1.973190 	0.000000 	0.000000 	0.487091 	1.207787 	-0.648514 	-1.755641 	0.309918 	0.412248 	-0.452553 	-0.540765 	1.052320 	0.955052 	-1.006050 	1.386171 	1.057482 	-1.004804 	0.681802 	-0.976449 	0.495735 	-0.555119 	-0.595386 	
-0.516155 	-0.449509 	-1.160254 	1.051580 	-0.814264 	0.546852 	-0.836738 	-0.582690 	0.000000 	0.436831 	0.761074 	-1.545256 	-1.293892 	1.458052 	-0.230246 	0.267279 	2.068882 	0.695311 	1.377395 	0.991644 	-0.858417 	-1.413810 	0.689820 	0.000000 	-1.101541 	-0.233128 	-0.284208 	-2.260781 	-0.639721 	1.942382 	0.677387 	0.000000 	1.179479 	2.663412 	-0.895230 	-1.090892 	-0.690331 	
2.457309 	0.437972 	-0.306902 	0.000000 	1.474027 	-0.923874 	-1.143519 	-0.283414 	0.000000 	1.408126 	0.485902 	-1.556679 	-0.516060 	1.944369 	-0.357797 	-1.753787 	-0.124654 	-0.669524 	-0.636072 	-0.578837 	0.000000 	0.581908 	-0.283050 	-1.399490 	-0.449434 	-0.916409 	0.642290 	1.169129 	-0.625608 	-0.641224 	-0.442104 	1.280519 	2.052860 	1.467442 	-1.191089 	-0.692771 	0.664536 	
0.000000 	-1.224325 	-1.404280 	1.522281 	0.358962 	-0.870964 	0.551363 	-0.915972 	-0.293546 	-0.755986 	1.255248 	0.000000 	0.776331 	2.027390 	0.000000 	0.000000 	1.017958 	-2.282343 	-1.233366 	0.429867 	0.840041 	0.325893 	-0.729242 	-0.845697 	0.000000 	-1.295730 	0.548327 	-0.242982 	1.746305 	-0.327468 	-0.546325 	-1.051237 	2.124193 	1.067023 	1.086770 	-0.122920 	-1.364267 	
-0.073045 	0.000000 	-1.141798 	-1.330985 	-1.010715 	0.000000 	0.000000 	1.181780 	0.884448 	2.747009 	0.795440 	-1.890340 	-0.267466 	-0.980382 	-0.403732 	0.395403 	1.293798 	0.000000 	0.000000 	1.494472 	-0.795440 	-0.270603 	0.255020 	-0.974890 	0.000000 	1.998837 	-1.461403 	0.000000 	-0.979223 	0.526244 	1.298948 	-1.515630 	0.000000 	1.850358 	-2.289302 	0.535122 	0.000000 	
0.000000 	0.000000 	-1.495746 	-0.416651 	0.000000 	0.000000 	0.000000 	-0.980488 	0.000000 	0.000000 	0.907003 	0.000000 	-0.514096 	2.199850 	0.000000 	-1.726674 	0.273077 	1.055396 	0.819170 	-1.875856 	-0.907003 	-1.252053 	-1.328601 	1.287603 	1.483472 	-1.803690 	2.474733 	0.000000 	-0.282209 	0.000000 	0.000000 	1.470464 	1.718775 	-0.726013 	0.341125 	-1.753675 	1.004904 	
1.947541 	0.370960 	-0.602096 	0.000000 	0.000000 	-0.727785 	0.000000 	2.709784 	-1.220608 	0.000000 	0.903248 	-3.571524 	1.094010 	-1.140958 	-0.935667 	-0.475127 	-2.426879 	-0.397835 	0.455111 	0.651284 	-0.546423 	0.000000 	0.497156 	-1.378217 	0.248956 	0.000000 	1.238999 	0.922956 	1.926713 	0.448496 	-0.560866 	-0.701858 	1.644856 	0.297810 	-0.618716 	0.566343 	0.000000 	
0.647986 	-2.430550 	-0.386040 	0.000000 	-0.910920 	-1.325623 	-0.520435 	0.000000 	0.000000 	-0.788723 	2.201452 	-1.053948 	-0.481719 	0.000000 	0.573564 	0.837496 	1.368415 	0.243865 	-1.644632 	-0.523544 	1.554721 	-1.388467 	0.535483 	0.000000 	1.585789 	0.000000 	0.290702 	-0.161520 	1.403861 	-2.346892 	1.482536 	0.000000 	1.179821 	0.000000 	0.491095 	0.000000 	0.395994 	
-0.573859 	0.811487 	-0.591442 	0.000000 	1.638160 	0.000000 	-0.555550 	-0.896786 	0.498047 	0.947237 	-0.681716 	2.230753 	0.522879 	-0.477637 	0.000000 	-1.758515 	0.331105 	0.114947 	-1.708727 	0.967334 	-0.129771 	-0.626100 	-1.097210 	0.473637 	1.266381 	1.034685 	1.170296 	1.724829 	-1.457248 	-0.774782 	0.934696 	-0.730317 	-0.704926 	-1.303979 	0.710980 	-0.721196 	-0.809609 	
-2.480994 	0.000000 	1.136486 	0.856718 	0.161990 	0.434466 	0.332541 	-2.871796 	0.368715 	-1.685087 	-0.434466 	2.592561 	-0.248458 	1.210942 	1.930746 	-1.786239 	0.109865 	0.000000 	1.386056 	-0.418795 	0.000000 	-0.619385 	0.000000 	1.341815 	-0.888041 	-0.958021 	0.536931 	0.000000 	-1.584181 	1.499027 	-0.720351 	-0.814018 	0.519390 	-0.923066 	1.171146 	-0.448543 	0.000000 	
-0.854520 	0.344320 	-0.981330 	0.800096 	1.694708 	0.387937 	-0.967831 	1.247255 	0.993134 	-0.457495 	-1.341398 	-0.604439 	1.130713 	0.000000 	0.503397 	0.645130 	2.336506 	0.000000 	-1.046597 	0.615424 	0.609141 	-0.696842 	-1.574772 	0.000000 	-0.827334 	-1.285150 	-0.280556 	-1.221942 	0.642673 	-0.535774 	0.000000 	0.000000 	0.777911 	0.000000 	0.626689 	0.274865 	-0.586303 	
0.350703 	0.000000 	-0.334540 	0.000000 	2.525160 	0.763772 	-1.566794 	0.960423 	-0.214661 	1.361260 	0.000000 	-2.399618 	-1.208826 	0.000000 	-0.610881 	-1.698106 	0.871182 	0.850047 	0.000000 	1.430752 	-0.763772 	-0.343650 	0.538585 	0.000000 	-0.838135 	-0.366184 	0.000000 	0.000000 	-0.812058 	0.965611 	0.000000 	0.736985 	0.979836 	0.868261 	-0.403481 	-1.137584 	0.000000 	
-1.214344 	0.694023 	0.287711 	-0.813170 	0.326490 	0.319216 	0.000000 	1.665480 	0.442378 	0.382740 	-0.571341 	0.939505 	-1.272460 	-1.919118 	-1.438845 	0.000000 	0.000000 	2.065562 	1.630050 	0.896274 	-0.441898 	0.000000 	0.761320 	1.079253 	0.000000 	-0.367289 	-1.439937 	0.487549 	-1.501594 	0.000000 	2.193232 	0.779514 	-1.970353 	-1.241560 	0.628200 	-0.646244 	-0.390390 	
