1.232627 	0.000000 	0.000000 	0.000000 	-1.379201 	0.000000 	2.600098 	0.000000 	0.000000 	1.344681 	0.000000 	-2.726540 	3.281394 	0.000000 	-0.697968 	-0.773031 	0.956959 	0.000000 	-4.206404 	0.000000 	1.933734 	0.000000 	0.000000 	0.000000 	0.000000 	0.000000 	-1.563830 	0.000000 	0.000000 	-1.902350 	0.000000 	0.000000 	0.000000 	-1.910062 	-0.010307 	1.526302 	0.000000 	0.000000 	0.000000 	-2.300821 	6.543786 	1.756000 	0.490060 	-1.515812 	
0.000000 	0.359883 	0.000000 	-0.293515 	0.000000 	0.760171 	0.223104 	-0.731623 	1.173576 	-0.130730 	-0.997014 	0.000000 	-0.113237 	-0.554614 	0.000000 	-2.034454 	0.000000 	-1.085268 	-1.681572 	0.747238 	-1.209484 	0.482147 	0.622546 	0.000000 	0.000000 	0.000000 	0.548397 	0.740885 	1.333742 	-0.810863 	0.424459 	0.000000 	-0.665358 	1.791194 	0.000000 	0.386827 	0.146661 	1.663528 	0.000000 	-0.513880 	1.308228 	-0.106723 	-1.257789 	-0.114733 	
0.538659 	0.000000 	0.898860 	-0.980795 	-1.238140 	0.584308 	0.591074 	-1.175405 	0.000000 	-0.395878 	0.000000 	1.042162 	0.000000 	0.000000 	-1.254989 	0.000000 	0.000000 	-0.813295 	-1.753687 	0.000000 	-0.599183 	0.817942 	-0.563615 	0.000000 	0.115723 	-0.283050 	0.069131 	1.303946 	-0.734204 	1.595603 	-0.564716 	0.231212 	0.000000 	0.115787 	-0.208157 	0.544451 	0.000000 	1.021203 	1.072921 	0.512992 	0.000000 	0.000000 	0.772592 	-0.659925 	
1.219474 	-0.119718 	0.000000 	1.361449 	0.533278 	0.379792 	0.000000 	0.486170 	-0.259248 	-1.070407 	0.536523 	-0.548197 	0.000000 	-1.053541 	-0.738860 	0.588039 	0.687734 	0.871736 	0.570220 	-0.266797 	0.709510 	-0.760200 	0.000000 	0.052644 	0.000000 	0.000000 	1.062429 	0.622756 	0.667822 	0.000000 	-1.503397 	0.138798 	-1.122936 	0.000000 	-0.572610 	-0.507020 	0.519640 	-0.085358 	-1.156881 	-0.793674 	0.844657 	-1.083621 	1.499213 	-0.815555 	
1.859574 	0.000000 	0.540788 	1.693503 	-2.264266 	0.131665 	0.815682 	0.000000 	0.274214 	0.240685 	0.239895 	0.000000 	1.928406 	0.290968 	-1.080048 	-0.773286 	-0.418088 	0.000000 	-0.423978 	0.000000 	-1.353629 	0.875657 	0.592173 	0.000000 	0.824725 	0.000000 	-0.395285 	-0.430611 	0.833163 	-0.814012 	0.000000 	0.000000 	-1.261131 	1.147430 	0.000000 	0.000000 	-0.586542 	0.321327 	1.699221 	-0.892782 	-0.246530 	0.000000 	-0.135101 	-0.799406 	
1.547164 	-0.428504 	0.000000 	1.685001 	-0.522234 	0.855680 	0.000000 	-1.190218 	1.012644 	-1.027157 	0.887043 	-0.681133 	0.000000 	-0.307388 	-0.623570 	0.329047 	-0.301969 	1.161327 	0.000000 	0.000000 	0.677249 	0.699809 	-0.108960 	0.000000 	-0.726134 	-0.348601 	-1.228547 	1.707937 	1.628181 	0.000000 	0.000000 	0.000000 	0.000000 	-0.145183 	-1.366013 	0.858853 	-1.509949 	0.000000 	0.173385 	-0.614228 	0.000000 	-1.761683 	0.000000 	0.694873 	
1.698474 	-0.947772 	1.154116 	0.805918 	0.000000 	0.427612 	0.690209 	0.262967 	0.915494 	0.000000 	0.000000 	0.000000 	0.624942 	-0.691082 	1.329296 	0.466912 	-1.043182 	0.470059 	0.000000 	0.421282 	0.091879 	-0.671726 	-0.268417 	0.000000 	0.217852 	-2.406566 	0.745585 	1.631450 	-1.163984 	-1.131678 	0.463712 	1.014358 	0.000000 	-1.040199 	-1.198332 	0.798740 	1.328349 	0.000000 	0.000000 	0.000000 	-0.924202 	-1.707963 	0.000000 	-1.616668 	
1.141128 	0.000000 	-0.355757 	0.000000 	0.000000 	0.855505 	0.692404 	0.650009 	0.299351 	0.000000 	0.000000 	-0.217316 	0.000000 	0.000000 	-0.744529 	-1.220034 	0.000000 	-0.455516 	1.447605 	0.000000 	-0.908819 	-0.949349 	0.000000 	-0.620013 	0.000000 	0.863390 	-1.839828 	0.660845 	0.000000 	0.000000 	1.198574 	0.000000 	-1.653307 	0.512220 	-1.765669 	0.806205 	0.000000 	0.000000 	1.162462 	-1.006403 	0.000000 	1.002166 	0.000000 	2.035046 	
1.770273 	-0.082975 	1.217556 	0.000000 	-0.165885 	0.000000 	0.494491 	-0.303869 	1.465451 	0.218104 	-1.560791 	0.000000 	-0.415484 	-0.227463 	0.000000 	-1.995175 	-0.643358 	0.000000 	1.306889 	-0.899000 	0.000000 	1.325188 	0.000000 	0.000000 	-0.688237 	0.902357 	0.000000 	0.000000 	0.000000 	-1.905402 	0.000000 	-1.974656 	-0.213242 	0.000000 	0.370730 	0.621299 	0.417460 	1.609420 	1.029113 	0.000000 	0.344303 	-0.545721 	0.000000 	-0.769882 	
-0.600670 	0.000000 	0.000000 	1.012715 	-1.312083 	0.183367 	0.631111 	1.618029 	-0.065724 	0.563520 	-1.552943 	-0.638796 	-1.077623 	0.000000 	-1.158313 	0.000000 	0.000000 	1.920979 	1.352407 	-0.984893 	0.000000 	0.564285 	0.956461 	0.000000 	0.983619 	0.000000 	0.544127 	-2.906154 	1.198206 	0.273116 	0.000000 	-1.659292 	-0.172336 	0.922347 	0.253043 	0.805616 	-1.880205 	-0.720495 	0.000000 	0.379814 	0.000000 	0.449218 	0.000000 	0.190386 	
0.745168 	-0.317574 	-0.571065 	0.671602 	-0.382994 	1.254414 	0.167807 	-0.258447 	0.641441 	-1.397681 	-1.275510 	0.496962 	0.000000 	0.000000 	0.000000 	0.000000 	0.534349 	0.000000 	-1.221950 	-0.854897 	0.305158 	0.000000 	-0.657091 	0.000000 	0.000000 	0.000000 	-0.522474 	0.439598 	1.258155 	0.000000 	0.000000 	1.340999 	0.000000 	0.664928 	0.988736 	0.480848 	0.000000 	-0.194073 	-0.653271 	0.000000 	0.574972 	-1.966152 	0.000000 	0.000000 	
0.431112 	0.000000 	0.000000 	-0.779602 	0.000000 	0.000000 	1.162666 	-0.677774 	-0.067397 	-1.410750 	1.034512 	0.748465 	0.368079 	0.000000 	0.469034 	1.280815 	0.519239 	0.000000 	0.000000 	-0.961604 	0.522273 	-0.308612 	-1.959582 	-1.069698 	0.673610 	-0.755372 	1.007153 	1.127681 	0.000000 	0.685704 	-1.349995 	0.000000 	-1.019957 	-0.697372 	-0.717241 	-0.536345 	-0.600427 	1.215589 	0.000000 	0.505552 	1.087615 	0.627308 	0.000000 	0.000000 	
-0.287482 	0.224502 	0.814500 	0.000000 	0.586780 	0.563383 	-0.052448 	0.000000 	0.000000 	1.183299 	0.336824 	1.533117 	0.000000 	-1.281858 	0.559504 	0.742813 	-0.650294 	0.000000 	-1.756829 	1.017366 	-1.225347 	0.292208 	0.000000 	0.393989 	1.247577 	-0.835761 	1.542909 	0.000000 	0.657686 	-0.878988 	-1.353391 	0.000000 	-1.016245 	0.424513 	0.000000 	-1.020867 	0.000000 	0.706281 	0.000000 	-0.898482 	0.254660 	-0.273911 	0.795922 	-1.663805 	
1.110630 	0.000000 	0.000000 	-0.683942 	-0.285030 	-0.452610 	-0.284406 	1.325295 	-0.777525 	-1.222940 	0.000000 	-0.806672 	0.000000 	-0.237708 	-1.693910 	1.213016 	-1.561922 	2.008640 	0.785192 	0.165640 	0.000000 	-2.068960 	-0.778284 	-0.450108 	0.861461 	-0.199565 	0.481082 	0.824293 	0.093735 	1.806220 	0.521355 	-0.207443 	0.140641 	0.000000 	-1.083355 	0.000000 	-1.658645 	0.322008 	0.384781 	1.212687 	0.000000 	0.000000 	1.592957 	0.000000 	
0.000000 	2.111768 	0.000000 	-0.898267 	1.061377 	1.984869 	1.110960 	1.278279 	-0.913258 	0.000000 	-1.349463 	-0.973481 	-0.602971 	0.000000 	0.000000 	0.000000 	1.402435 	0.000000 	0.000000 	0.432635 	-0.174707 	-0.055437 	-0.459792 	1.323904 	-0.888124 	-1.796733 	-0.156153 	0.575363 	1.021127 	-0.767989 	0.000000 	0.000000 	0.265413 	-1.169072 	0.000000 	0.000000 	0.000000 	1.354371 	-1.377932 	0.177213 	-0.409182 	0.000000 	0.424698 	-0.440687 	
-0.968735 	1.405548 	-1.478088 	-0.284802 	-0.525921 	-0.525483 	0.000000 	0.000000 	-0.342599 	-1.281160 	-0.131771 	0.000000 	-0.550395 	0.000000 	-0.408583 	0.000000 	0.000000 	0.000000 	0.717737 	0.461407 	0.000000 	0.701374 	-1.469526 	0.659484 	1.187223 	-0.413887 	-0.441461 	1.073760 	1.015834 	0.717541 	0.000000 	0.978401 	-0.408932 	0.535389 	-0.961043 	0.000000 	0.105776 	-0.945436 	1.156532 	-0.295608 	0.000000 	0.644868 	1.131623 	0.085767 	
-0.289156 	-0.309679 	1.538204 	-0.345181 	1.182841 	0.000000 	0.000000 	0.000000 	-0.206159 	0.860446 	-0.596931 	0.000000 	-0.305507 	-1.048476 	0.975207 	0.000000 	-0.514945 	1.040529 	0.456879 	-0.455538 	-0.271485 	-0.671175 	0.000000 	-0.403421 	0.000000 	0.000000 	0.188601 	0.481799 	-1.260865 	0.000000 	0.938437 	-0.489782 	0.378501 	-0.965334 	-0.592277 	0.669411 	-0.789062 	0.000000 	-0.161881 	0.154602 	-0.457149 	-0.448418 	0.000000 	0.671750 	
1.939435 	0.000000 	0.000000 	0.191129 	-0.911442 	0.173688 	0.286166 	0.807407 	-0.559251 	-0.139465 	0.611138 	-0.474324 	1.573646 	0.569621 	0.000000 	0.000000 	0.577310 	0.000000 	-0.899918 	-0.517509 	0.109374 	0.000000 	-1.104938 	-1.140841 	0.000000 	0.487902 	-1.446748 	-0.467993 	0.551226 	-0.910361 	-0.188637 	0.734474 	0.000000 	-0.998983 	1.506679 	-0.509931 	-0.467045 	0.000000 	0.674380 	-0.388998 	1.087127 	0.218121 	0.931494 	0.000000 	
