-0.802000 	0.166667 	-0.104052 	0.000000 	-0.816832 	-0.129348 	-1.612055 	-0.612004 	-0.420404 	0.000000 	-0.066839 	-0.666800 	0.526898 	-0.627925 	0.251129 	0.321135 	-0.767778 	-0.673514 	-0.481751 	0.989848 	0.733203 	2.201036 	-0.107527 	-0.723345 	-0.370414 	0.730239 	0.639424 	-0.424562 	-1.173175 	0.280536 	-1.108203 	1.054857 	1.403548 	0.000000 	1.389267 	0.000000 	0.000000 	0.000000 	2.179972 	-0.716322 	0.708646 	0.505307 	
-0.346315 	0.000000 	0.338031 	-1.066565 	0.000000 	0.361681 	0.000000 	0.410286 	-0.658537 	0.572224 	-0.966426 	-1.612874 	0.000000 	1.171178 	-0.518639 	-0.655623 	0.311077 	1.858135 	-0.976137 	-0.105739 	-0.465849 	-0.393699 	0.663132 	-1.030318 	0.752304 	-0.385129 	-1.206050 	2.048244 	0.000000 	2.182811 	0.000000 	0.883494 	0.137298 	-1.954795 	1.499607 	0.103253 	1.451306 	-1.771726 	-1.304543 	0.000000 	1.963753 	0.233962 	
0.460922 	1.099463 	0.963622 	-1.095959 	-0.121920 	-1.072918 	-2.324155 	-0.899135 	-0.831987 	0.548771 	-0.295343 	-0.382392 	0.000000 	0.000000 	0.443200 	0.000000 	-0.071403 	-1.379215 	0.000000 	-0.731086 	1.361545 	1.189569 	0.539257 	-0.142628 	1.655702 	0.181275 	-0.845340 	0.000000 	0.931307 	-0.767023 	2.852534 	0.330082 	1.114603 	1.032099 	-0.217132 	1.679980 	-0.905177 	-1.754744 	-0.591007 	0.000000 	-0.748911 	-0.442211 	
0.000000 	-1.270415 	0.286360 	-0.796917 	-1.045487 	0.736599 	1.003036 	1.693430 	-0.237885 	0.547175 	-3.617299 	1.036997 	0.489745 	0.000000 	1.291583 	2.284858 	-1.430461 	0.000000 	-0.707771 	2.591947 	-0.677930 	-0.575463 	1.914078 	0.000000 	-0.452180 	-1.536763 	0.339037 	0.911980 	0.000000 	1.825882 	0.245169 	-1.034332 	2.427842 	0.000000 	-2.674776 	0.000000 	1.623168 	0.000000 	-0.502992 	-0.854693 	-1.134046 	-1.722530 	
0.112980 	0.000000 	-1.828383 	0.000000 	0.328142 	2.292466 	1.654029 	0.310377 	2.399358 	0.000000 	-0.299147 	-0.969700 	0.000000 	0.300997 	2.798111 	0.000000 	0.696666 	0.000000 	0.740272 	0.000000 	0.000000 	0.000000 	-1.328179 	0.000000 	-0.479193 	-0.726244 	-1.119116 	-0.670995 	0.000000 	-3.427043 	-0.242348 	2.952031 	-1.463101 	1.468563 	-0.843655 	-1.878918 	-1.039061 	0.684743 	-0.323404 	-0.234577 	-1.606607 	0.483920 	
-1.735464 	0.000000 	0.000000 	-0.823987 	0.481137 	0.000000 	-0.992621 	-1.136611 	-1.280796 	-0.744870 	0.000000 	0.000000 	0.396514 	1.505766 	0.000000 	0.000000 	1.495615 	-0.511281 	0.583191 	0.628635 	0.000000 	1.534743 	0.000000 	1.244343 	0.113352 	0.000000 	-0.335205 	0.000000 	-1.333936 	0.393600 	-0.755358 	1.845499 	-0.946648 	0.000000 	0.000000 	0.000000 	0.000000 	-1.330856 	0.000000 	0.825687 	-0.184977 	1.433073 	
1.537054 	-0.397966 	-0.069456 	0.000000 	-0.862082 	0.000000 	-0.074724 	-0.391636 	0.000000 	1.383485 	-0.465172 	0.000000 	0.116285 	0.000000 	0.419023 	2.149332 	-1.809535 	-1.003274 	-0.488583 	1.464702 	0.000000 	-0.761922 	0.911052 	-2.538115 	0.000000 	0.000000 	0.000000 	0.000000 	-0.402389 	0.801819 	1.518022 	-2.561078 	1.996235 	0.753697 	0.338997 	0.897405 	0.000000 	0.352372 	1.317022 	-0.858557 	-0.692801 	-0.605274 	
-0.977416 	2.166264 	0.864269 	0.728876 	-0.889564 	0.509084 	0.442743 	-1.691150 	-1.572500 	0.000000 	0.893084 	0.000000 	-0.468817 	1.514665 	-0.075540 	0.000000 	-0.403799 	-0.992774 	-2.056637 	-0.854066 	1.150372 	-1.162451 	0.000000 	0.000000 	0.453362 	0.000000 	-0.382827 	1.305379 	0.929682 	-0.704288 	0.541164 	0.697798 	0.000000 	1.251373 	0.680796 	0.132499 	-1.434081 	-2.852834 	0.000000 	-0.380841 	0.482035 	2.412082 	
-0.723714 	0.290555 	0.000000 	-1.121990 	-0.437305 	0.218117 	-1.297603 	0.000000 	-1.039317 	-1.725741 	-0.518106 	-0.449763 	-0.457114 	0.279670 	-1.197686 	0.770625 	0.809805 	-0.557948 	0.900813 	0.000000 	2.338535 	2.013742 	1.452410 	2.038826 	-0.110422 	-0.599709 	0.722308 	0.460865 	-1.073731 	-0.445849 	1.079156 	0.445882 	-0.141363 	0.000000 	-0.779829 	0.000000 	-0.382202 	-0.517523 	-0.496988 	0.000000 	0.166011 	-0.167962 	
0.656159 	0.534782 	0.000000 	0.456096 	0.000000 	0.410584 	-0.403445 	0.000000 	-1.178342 	-0.235277 	1.662666 	-1.435548 	-0.769459 	-1.437649 	-2.512117 	0.763836 	1.253254 	0.737840 	-1.434414 	0.000000 	1.536135 	0.000000 	-0.126902 	-0.726789 	-0.795183 	1.485760 	-0.333657 	-1.466378 	-0.501001 	-0.160933 	-1.775646 	0.538006 	0.661006 	0.000000 	1.335559 	-1.397104 	0.000000 	1.203624 	0.386887 	-0.983693 	3.476146 	0.324368 	
1.531081 	1.713468 	0.858778 	0.000000 	0.735597 	-0.129546 	-0.295085 	-1.292327 	0.000000 	1.667393 	0.606831 	-0.109372 	-0.904157 	1.318401 	0.000000 	0.000000 	-0.859456 	-2.789708 	-2.792834 	-0.964007 	1.866671 	0.382993 	1.305688 	0.000000 	-1.135274 	-0.309528 	-0.671132 	1.054098 	-0.841002 	-0.515420 	-0.534633 	-1.127934 	1.414313 	1.114387 	0.000000 	0.354938 	-0.797946 	-1.577165 	1.251521 	0.000000 	1.034442 	0.056178 	
0.000000 	-0.418047 	-1.259144 	-0.849520 	0.000000 	1.042703 	1.932380 	-0.135647 	0.000000 	0.000000 	0.774648 	-1.170001 	0.109112 	1.357369 	1.084415 	0.517649 	0.000000 	-0.858417 	0.000000 	1.975593 	0.000000 	-0.726333 	-1.691081 	-2.861300 	0.000000 	-0.657311 	-0.064129 	-0.269591 	-0.051359 	0.228905 	0.251766 	0.000000 	-0.684206 	-0.585147 	0.000000 	1.528874 	0.000000 	0.591424 	1.105561 	0.834171 	-0.966428 	1.895000 	
-1.089986 	-2.147097 	0.000000 	-0.432348 	0.000000 	-0.182051 	0.000000 	0.498963 	0.000000 	-1.295870 	1.693843 	1.132312 	0.000000 	1.080067 	1.666774 	-0.280265 	0.552678 	-1.794949 	0.360969 	0.000000 	-0.252122 	0.343136 	-0.602285 	-0.506626 	-1.047893 	0.586185 	0.324224 	-0.420234 	0.000000 	-0.477677 	1.488105 	0.000000 	0.000000 	-1.214231 	1.500845 	1.008643 	-0.481867 	-0.958309 	0.000000 	2.067733 	-1.770528 	1.551181 	
0.000000 	0.705992 	0.841712 	-1.417002 	0.336705 	0.000000 	-1.071965 	0.000000 	-1.502102 	0.932162 	0.672133 	-1.439957 	1.065905 	0.930540 	0.000000 	-0.215448 	1.848407 	-0.446916 	-0.746047 	-0.978371 	-0.300853 	1.684674 	0.000000 	-0.673618 	0.000000 	-1.200313 	-0.636956 	0.000000 	0.906599 	1.218943 	0.905595 	0.821358 	0.000000 	-1.840701 	0.000000 	1.099599 	0.000000 	-0.689105 	0.000000 	1.497131 	-0.823637 	0.000000 	
0.000000 	-0.425699 	0.000000 	-1.861706 	-1.021273 	-0.629291 	-1.311228 	-0.845001 	0.000000 	-1.521541 	1.568883 	-0.720096 	1.373145 	2.018382 	-2.513116 	0.490882 	1.494717 	0.000000 	1.083254 	0.000000 	1.266346 	2.267720 	0.000000 	0.156231 	0.000000 	-1.004881 	0.229334 	1.378755 	-2.046839 	1.968117 	0.191761 	0.000000 	-0.577126 	-1.173310 	1.564695 	0.523595 	0.699576 	-0.354358 	0.000000 	-0.342474 	0.156517 	0.000000 	
-1.165275 	0.000000 	-2.529830 	0.448800 	-2.586929 	-0.763569 	-3.224589 	-0.154561 	0.697860 	0.651300 	1.075935 	1.072692 	0.780309 	0.000000 	1.447942 	2.639058 	0.108746 	-1.240453 	0.722034 	2.375091 	0.000000 	3.110436 	2.173229 	0.856881 	0.327086 	0.992860 	-1.148736 	-1.025118 	-2.536274 	-1.431471 	1.292923 	1.295338 	1.703820 	0.583913 	-1.183192 	-1.022236 	-0.606005 	-1.242362 	1.383333 	-0.464632 	-1.921155 	0.000000 	
-1.558075 	0.000000 	0.689818 	0.485261 	-1.706166 	0.404847 	-0.064468 	0.000000 	0.000000 	-0.137971 	0.000000 	0.812142 	0.753390 	0.000000 	0.130091 	0.000000 	-1.340964 	-1.760821 	-0.372726 	1.688884 	1.069333 	0.000000 	-0.314061 	0.000000 	0.000000 	-0.143546 	0.384082 	0.767565 	0.000000 	0.000000 	0.344620 	1.268183 	1.423300 	0.763536 	0.958492 	0.000000 	-1.211965 	-2.528684 	0.153286 	-0.928003 	-0.142372 	1.809206 	
-0.110483 	0.000000 	-1.221952 	1.308325 	-0.859841 	0.746280 	-0.758547 	0.586951 	0.397697 	1.747138 	0.000000 	-1.308323 	1.070088 	-0.248680 	0.000000 	-0.172263 	0.333800 	-0.440804 	0.583364 	0.302622 	-0.588169 	0.603032 	-0.275417 	0.000000 	1.291832 	-2.335819 	0.873641 	0.545871 	0.000000 	0.582401 	0.761436 	0.000000 	1.285091 	0.000000 	0.617158 	-0.503146 	-1.585155 	-1.090378 	1.861011 	-0.664345 	-0.734834 	-0.738138 	
0.000000 	-1.003418 	0.557780 	-1.742381 	-1.918600 	-0.827457 	0.000000 	0.000000 	0.000000 	0.442845 	0.000000 	-0.302081 	0.985878 	-2.322092 	-1.637315 	0.000000 	-1.531322 	1.135298 	1.413408 	2.891282 	2.056359 	1.702370 	0.680589 	-0.411458 	0.987310 	-1.037427 	1.356483 	0.000000 	-0.423661 	0.628980 	1.457202 	-0.733660 	0.454826 	-2.465673 	0.534419 	1.526964 	0.112973 	0.000000 	0.096364 	-0.151672 	0.101303 	0.000000 	
-0.557821 	-1.057656 	1.208784 	-0.760597 	0.000000 	0.000000 	0.918321 	-2.001813 	-0.537020 	0.000000 	0.000000 	1.098384 	1.658806 	-1.146526 	0.000000 	0.000000 	0.516165 	0.625471 	0.865566 	2.064940 	0.000000 	0.295423 	-1.060495 	0.629118 	0.000000 	0.251045 	0.701390 	-1.811009 	-0.935244 	-0.428911 	-1.976884 	0.798989 	-1.102854 	0.040988 	0.747342 	0.000000 	-0.351049 	0.220296 	0.366142 	-0.129359 	0.304352 	0.841779 	
