0.000000 	1.331049 	0.917900 	0.000000 	-0.697328 	0.000000 	-0.333991 	-1.162349 	-1.542769 	0.000000 	-0.161104 	0.000000 	0.000000 	-1.137233 	0.406802 	-0.169560 	0.000000 	0.000000 	0.067348 	-0.395534 	2.042857 	0.000000 	0.000000 	-1.288434 	0.674355 	-1.280406 	-0.213443 	0.000000 	0.000000 	1.066231 	0.000000 	0.040977 	1.431624 	1.815381 	0.000000 	0.000000 	-0.865650 	0.000000 	0.000000 	-1.539948 	0.000000 	-1.046604 	0.322816 	0.000000 	1.524855 	0.000000 	0.000000 	-0.049518 	0.624071 	
0.000000 	1.441416 	0.000000 	0.844015 	0.000000 	-0.946182 	0.459681 	-0.322873 	-0.372355 	0.317195 	-0.767866 	0.000000 	0.391203 	-1.360752 	1.599871 	0.000000 	-0.839854 	0.000000 	0.599381 	0.000000 	0.000000 	-0.518527 	0.000000 	0.202329 	1.153914 	0.466700 	0.000000 	-0.930868 	0.627455 	0.595180 	0.000000 	-1.099704 	0.000000 	0.551855 	-0.728245 	1.674264 	0.587818 	0.000000 	1.267700 	0.000000 	-1.219550 	-0.823783 	-1.245224 	-0.274488 	0.889608 	-1.871659 	0.858551 	-1.831749 	1.342901 	
-1.228510 	2.224438 	0.000000 	-0.181631 	0.000000 	-0.651569 	0.904346 	0.000000 	0.334385 	-1.327590 	0.654306 	0.923233 	0.940415 	-1.014989 	0.000000 	0.204249 	0.335205 	-1.037775 	1.549937 	-0.793749 	0.533008 	0.000000 	0.000000 	0.222623 	0.000000 	-0.741051 	0.593891 	-0.488230 	0.000000 	0.619895 	0.833068 	-1.813507 	-0.237414 	0.925587 	0.979384 	-0.898224 	1.318995 	0.000000 	0.271314 	-0.394381 	-0.531357 	-0.867319 	-1.445695 	1.021784 	0.053399 	-0.205964 	0.844223 	0.074799 	-1.126175 	
0.230270 	0.000000 	2.176147 	0.802558 	1.121175 	0.533780 	0.696743 	-1.909734 	-0.570789 	0.000000 	0.000000 	0.000000 	-0.738496 	0.000000 	0.000000 	0.000000 	0.000000 	1.318909 	0.521100 	-1.039379 	0.000000 	0.292068 	-0.999771 	0.000000 	0.071491 	0.084403 	0.588878 	0.000000 	1.253320 	-0.500142 	0.707279 	-1.076761 	1.247426 	0.000000 	0.000000 	-0.977661 	-1.779804 	0.000000 	0.000000 	-1.740368 	0.000000 	0.000000 	0.424626 	-0.579279 	0.000000 	-0.766550 	0.000000 	0.488993 	0.000000 	
-1.874224 	0.000000 	0.000000 	0.736300 	0.468618 	-0.616069 	-1.213709 	0.000000 	-1.043108 	0.249214 	0.000000 	-0.756180 	0.000000 	-0.316763 	0.997282 	0.000000 	-1.315198 	-1.315180 	-1.037292 	0.458894 	0.658087 	0.000000 	0.000000 	-0.953732 	1.138887 	0.000000 	1.033161 	-0.238136 	2.178609 	0.507863 	0.779782 	0.000000 	0.000000 	-0.552044 	0.000000 	1.464890 	0.344920 	0.000000 	1.044779 	-0.254829 	0.000000 	-0.270815 	0.000000 	-0.341937 	0.156472 	0.462203 	-1.178623 	0.482251 	1.010273 	
1.399529 	-1.107035 	-0.475941 	-0.593648 	-1.243121 	0.439064 	0.000000 	-0.229578 	-0.874262 	0.000000 	0.000000 	0.000000 	0.089477 	-1.511397 	0.829421 	0.000000 	0.000000 	1.540159 	-0.967743 	0.000000 	0.398989 	0.449562 	-0.692194 	-1.271190 	-0.129524 	0.867027 	-0.244435 	0.000000 	0.387843 	0.394884 	0.703258 	1.373120 	0.771550 	0.621012 	-0.571983 	0.000000 	-0.544069 	0.854613 	0.319846 	-2.413156 	0.000000 	1.491971 	-0.546287 	0.893855 	-0.115670 	0.000000 	0.000000 	0.666951 	0.000000 	
0.828169 	0.878338 	0.000000 	0.577832 	0.977621 	0.549901 	0.488365 	-0.292217 	1.491897 	-0.776873 	-0.692573 	0.000000 	-0.200321 	-1.236244 	0.617943 	0.321313 	0.307889 	-0.425085 	0.629665 	-0.952276 	-0.542328 	1.260172 	0.312911 	0.170534 	0.000000 	0.740632 	0.468635 	-1.941306 	0.954428 	0.627660 	1.602120 	-0.927349 	0.000000 	-0.683283 	-0.937981 	-1.680708 	-0.676275 	0.983939 	0.000000 	-1.314213 	-0.147888 	0.000000 	0.000000 	0.000000 	-0.509192 	0.000000 	0.657676 	-0.290345 	0.000000 	
0.000000 	0.000000 	-1.016994 	1.749254 	0.879614 	0.498796 	0.000000 	0.000000 	0.000000 	0.000000 	0.000000 	0.000000 	0.000000 	-1.242691 	0.000000 	1.540507 	-1.750347 	-0.731477 	0.000000 	0.000000 	0.000000 	0.000000 	0.000000 	0.000000 	-1.248685 	0.153423 	1.259247 	-0.651127 	1.816228 	-1.046172 	-1.163029 	-1.208311 	-0.805153 	0.000000 	0.577239 	0.639516 	0.883083 	-0.197052 	1.448787 	0.000000 	-0.875805 	0.070836 	0.000000 	1.343485 	0.000000 	-1.691410 	0.113912 	0.000000 	0.870733 	
-0.654473 	1.929687 	-0.125613 	-1.050096 	1.096926 	-0.125831 	0.532591 	0.600698 	1.039548 	-0.108932 	0.000000 	-2.111625 	-0.420342 	0.000000 	0.000000 	1.053031 	0.860199 	-0.367558 	1.187700 	-0.829530 	-1.177934 	-0.352602 	0.552900 	0.000000 	1.052173 	0.000000 	0.000000 	0.000000 	-0.864327 	0.000000 	0.799245 	-0.422283 	0.226251 	0.000000 	0.000000 	0.000000 	0.000000 	1.281679 	-0.895124 	0.453758 	0.000000 	-0.825416 	-1.217363 	-0.623644 	-0.741321 	0.000000 	0.825191 	-0.927791 	0.981205 	
-0.391104 	0.000000 	0.000000 	-1.738514 	0.000000 	0.000000 	-0.341835 	0.266087 	-0.787097 	-0.421110 	0.226754 	0.527007 	0.486259 	0.000000 	0.696940 	-2.019528 	-1.217302 	1.185408 	1.162285 	0.000000 	0.717203 	-1.250059 	-0.877303 	1.222959 	0.940993 	-1.178151 	-0.910398 	1.651888 	-1.356246 	0.581822 	0.000000 	0.708081 	-0.686027 	0.000000 	-0.747936 	0.884825 	0.000000 	0.000000 	0.000000 	0.902950 	0.000000 	-0.958595 	0.000000 	-0.665831 	-0.076628 	1.831834 	0.642961 	0.000000 	0.974807 	
-1.084325 	0.000000 	-1.058115 	-0.070243 	1.222575 	0.230881 	0.442125 	0.775403 	-0.165008 	0.000000 	0.422025 	0.000000 	0.222258 	0.000000 	1.005720 	1.317855 	-1.534535 	0.518046 	1.740501 	-0.681380 	0.000000 	-0.695773 	-0.793063 	0.286501 	-0.057275 	0.473035 	1.201926 	0.000000 	-0.760817 	-1.610176 	0.000000 	0.656044 	-0.355099 	-0.489585 	0.865868 	0.000000 	0.921201 	0.726291 	-1.195169 	0.995934 	0.325781 	0.000000 	0.000000 	-0.547818 	-1.441694 	-1.069529 	0.000000 	-1.166762 	1.386950 	
0.039278 	0.471770 	0.000000 	-1.183264 	1.625731 	0.863340 	1.440588 	-0.564935 	-0.352846 	0.821168 	0.391504 	0.000000 	0.000000 	-1.770902 	0.000000 	1.498636 	0.369405 	0.000000 	0.407058 	-1.433918 	0.000000 	0.000000 	-0.974646 	0.000000 	0.600683 	0.000000 	0.000000 	0.152113 	0.000000 	-0.623552 	0.000000 	-0.410269 	-0.674946 	0.000000 	0.000000 	-0.951943 	0.000000 	1.242632 	-0.859558 	0.304969 	0.628544 	0.000000 	0.000000 	1.202289 	-2.011251 	0.905723 	1.199675 	-0.929598 	-0.491447 	
-0.335011 	-0.165850 	0.310420 	0.552530 	-1.403238 	-0.926959 	0.426467 	-0.588986 	-0.431802 	0.000000 	0.109249 	-0.486233 	0.446637 	-1.580139 	0.813632 	0.000000 	0.405264 	-0.602217 	0.000000 	0.847316 	0.592544 	0.000000 	-0.514134 	-1.943740 	0.000000 	1.112551 	2.090055 	0.149014 	0.273445 	1.256022 	0.489908 	1.089918 	0.746942 	0.706842 	-0.576450 	0.827996 	0.347928 	0.000000 	0.297996 	-2.333243 	0.116916 	0.799185 	-0.604628 	0.579131 	-0.079951 	-0.673806 	0.000000 	0.000000 	-0.561030 	
-0.422061 	-0.930356 	0.000000 	-0.552614 	0.000000 	-0.459307 	0.000000 	-0.618430 	0.000000 	0.000000 	-1.263045 	0.000000 	0.000000 	0.000000 	0.000000 	-1.920949 	0.000000 	0.000000 	0.000000 	0.986107 	0.000000 	-0.730777 	-1.246406 	0.000000 	0.000000 	1.562980 	0.000000 	0.997607 	0.000000 	0.000000 	0.355924 	0.997151 	-0.800874 	0.278449 	0.000000 	2.971632 	2.253724 	-0.850959 	0.262741 	0.000000 	-0.319907 	1.068284 	0.000000 	0.000000 	-0.747261 	0.000000 	0.000000 	0.000000 	0.000000 	
0.000000 	1.127829 	-1.783273 	0.181854 	-0.530927 	-1.303738 	0.336935 	0.269941 	-0.492717 	-0.482381 	0.000000 	0.000000 	-1.288100 	0.817919 	0.551249 	-0.422865 	0.500712 	-0.486749 	-1.068189 	-1.160285 	-1.376390 	0.759787 	-0.169763 	0.072719 	0.000000 	0.135275 	-0.120165 	0.322930 	0.000000 	0.631440 	0.867327 	1.059683 	-0.525067 	1.614348 	0.696465 	-0.452155 	0.000000 	-0.336382 	1.369553 	1.255145 	-0.844206 	0.722680 	0.151040 	0.508947 	-0.354688 	0.000000 	-0.826854 	0.000000 	0.000000 	
-0.722491 	-1.239648 	0.000000 	0.000000 	0.000000 	-0.683715 	0.377871 	0.621716 	-0.980635 	1.430913 	0.000000 	1.114609 	1.357946 	-0.219080 	-0.121754 	-0.750240 	-0.128547 	0.000000 	0.000000 	0.627817 	0.417004 	-0.508290 	-0.943902 	0.000000 	0.724976 	0.000000 	-0.653668 	0.667716 	0.867113 	0.000000 	1.567321 	1.075908 	-1.176460 	-0.661635 	-1.194630 	1.265898 	0.857214 	0.000000 	-0.809931 	-0.502315 	0.000000 	0.126188 	0.511589 	0.000000 	-1.325842 	0.997034 	0.000000 	-0.963685 	-0.317083 	
0.000000 	0.879964 	-0.884130 	0.000000 	-0.277944 	-2.291383 	0.421819 	0.633534 	0.000000 	1.155765 	0.000000 	-0.695522 	1.309428 	0.000000 	0.000000 	0.000000 	0.000000 	0.000000 	0.680963 	-0.182415 	-0.977580 	-1.310551 	0.000000 	0.599844 	0.000000 	0.000000 	0.000000 	0.000000 	0.000000 	0.000000 	0.000000 	-0.137613 	0.000000 	0.000000 	0.000000 	0.089485 	0.000000 	1.291702 	0.438796 	0.000000 	0.000000 	-1.143634 	-0.514528 	1.598569 	-1.908165 	-0.781056 	1.494643 	0.000000 	0.000000 	
0.831793 	1.104689 	-1.054784 	-0.830004 	-0.398732 	0.902121 	-0.916788 	0.540199 	1.285508 	-1.125664 	-1.246092 	0.817286 	-1.050480 	-0.104398 	1.400477 	0.860369 	-0.951503 	-1.194887 	0.549413 	0.690411 	0.814675 	-1.064116 	0.000000 	-0.369354 	0.979252 	0.000000 	-0.578323 	0.000000 	0.000000 	0.645570 	0.000000 	0.600532 	-0.296811 	0.309795 	0.000000 	0.543562 	0.804974 	-1.335834 	0.641242 	-0.394513 	0.000000 	0.904145 	0.000000 	0.000000 	0.216534 	0.251737 	0.000000 	-1.485635 	0.704149 	
-1.118136 	-0.986287 	0.000000 	0.220324 	-1.320125 	-0.517271 	1.215762 	0.969042 	1.410945 	0.000000 	0.000000 	0.649221 	1.010043 	0.000000 	0.187020 	-0.431647 	0.631686 	0.501726 	-1.503690 	0.000000 	-1.052992 	0.000000 	0.825622 	-0.236480 	-0.827881 	1.256950 	0.272761 	-0.471991 	0.620370 	-1.288254 	0.472876 	-0.689288 	0.847845 	-1.558748 	0.000000 	0.427342 	0.670404 	0.000000 	0.000000 	-0.399695 	0.000000 	0.467241 	0.000000 	0.000000 	-0.084667 	0.000000 	-0.572425 	0.000000 	0.000000 	
0.000000 	-0.618825 	-0.865782 	0.341695 	0.591739 	1.278498 	0.465905 	0.000000 	-1.539841 	0.000000 	-0.565802 	0.000000 	-0.503906 	-1.202869 	-0.144312 	0.499365 	0.000000 	0.000000 	-0.730785 	-0.899914 	0.601700 	0.146125 	0.000000 	0.000000 	1.527698 	-0.719645 	-0.317664 	-0.987082 	0.000000 	1.118197 	0.538314 	-1.891465 	0.000000 	1.278945 	1.008349 	-1.031712 	0.547981 	0.120379 	0.685823 	1.161836 	-0.848596 	-0.270448 	0.924924 	0.000000 	-0.381236 	0.000000 	-0.425600 	0.247971 	1.031214 	
