0.902074 	-1.741349 	0.000000 	0.407027 	0.490972 	1.361230 	1.637398 	-1.653334 	0.000000 	2.306888 	0.714098 	-2.873156 	-0.499911 	-1.070240 	-2.148240 	0.872794 	2.798283 	1.049220 	0.000000 	-2.109260 	0.000000 	0.194668 	-0.367686 	-0.553272 	1.381418 	1.718810 	0.000000 	0.247751 	-0.998422 	0.000000 	-1.915036 	-0.925773 	-0.263329 	1.511926 	-0.086086 	0.000000 	
0.818906 	-1.600372 	0.000000 	1.159148 	0.648622 	0.839028 	-1.630251 	1.522701 	0.389614 	-1.023760 	0.000000 	0.000000 	-0.793642 	1.361149 	1.917706 	0.000000 	0.450556 	-1.002889 	-1.638712 	0.000000 	0.884289 	-0.038420 	0.497368 	-1.655824 	-0.981894 	1.613690 	0.933061 	0.674641 	0.000000 	0.907789 	-0.347747 	1.028013 	-1.917416 	-2.020125 	-0.396197 	0.248036 	
0.000000 	1.739676 	0.478566 	-0.453618 	0.667069 	1.176378 	1.680228 	-1.141669 	1.450547 	0.221479 	1.395724 	-0.700436 	-2.061792 	-0.178004 	0.000000 	0.000000 	0.000000 	0.000000 	-0.394517 	-1.371791 	0.000000 	-1.448837 	-0.857711 	-0.095482 	1.258321 	0.396332 	-0.398549 	-0.734010 	0.000000 	-0.281006 	0.000000 	0.662569 	-0.555667 	0.748836 	0.000000 	-1.304793 	
0.589389 	0.648238 	0.000000 	0.000000 	-0.588898 	0.000000 	-0.774802 	0.000000 	2.348287 	-2.163548 	0.896258 	0.000000 	-1.657859 	-1.603833 	3.748115 	0.000000 	0.235503 	0.000000 	0.000000 	0.000000 	1.679154 	0.270948 	0.765272 	-1.756117 	-0.634840 	0.000000 	0.253324 	0.000000 	-0.082264 	1.160947 	-1.476118 	2.237718 	-0.410909 	0.000000 	-2.562895 	-0.253324 	
0.000000 	-0.522843 	-0.439315 	0.967003 	0.909164 	1.926507 	1.739687 	-1.531378 	0.584855 	0.585576 	0.000000 	-2.276697 	-1.596143 	-0.695552 	0.994953 	0.000000 	1.267886 	1.663485 	0.428033 	0.000000 	0.258647 	-0.826969 	0.432117 	-1.529343 	0.729674 	2.328796 	0.789505 	-0.215162 	-2.177888 	1.033029 	-1.607428 	0.742668 	-1.885982 	0.000000 	0.000000 	0.000000 	
0.837917 	0.284251 	-0.480008 	0.569240 	-0.789469 	0.388714 	0.000000 	-0.707141 	1.645101 	0.943336 	0.329616 	0.899603 	-0.821068 	-1.801257 	2.186032 	-1.229489 	0.138500 	0.000000 	-1.599529 	1.424646 	0.000000 	0.000000 	-1.426889 	-1.051387 	-1.745106 	0.000000 	-0.194513 	1.781686 	-0.332387 	1.386451 	0.202099 	0.996493 	0.000000 	0.000000 	0.000000 	-0.613795 	
-0.680134 	-0.190403 	0.000000 	1.700600 	0.571554 	0.000000 	0.000000 	0.261055 	1.201712 	-1.000732 	0.804918 	-0.330577 	-2.458325 	0.205616 	-0.599973 	-0.405492 	-0.265709 	0.416543 	0.852992 	0.000000 	0.000000 	0.937832 	-0.897040 	-1.259962 	-1.886439 	0.674813 	1.489649 	0.000000 	0.626608 	1.152308 	0.316146 	1.084902 	0.000000 	-1.100051 	0.000000 	-0.059021 	
0.451786 	-1.342785 	-0.403549 	-0.701570 	1.818569 	-1.051028 	-0.405547 	-1.719684 	-0.723898 	2.525483 	-1.351762 	1.225485 	2.308051 	-2.130655 	0.000000 	0.628581 	1.882685 	1.923754 	-1.281033 	2.239882 	-0.805344 	-0.066026 	0.402328 	0.000000 	-0.739927 	-1.366765 	-1.083315 	0.750751 	-2.431490 	1.350088 	-0.160558 	-0.249580 	0.554885 	0.616544 	-0.394759 	0.695863 	
-0.893812 	-2.146539 	0.960785 	0.077730 	1.291023 	-0.699539 	-0.426726 	-0.547718 	0.367116 	1.142507 	0.489858 	-0.548666 	-1.245855 	1.036156 	-0.158827 	0.471871 	1.514996 	1.913176 	-1.443753 	1.456186 	0.000000 	0.000000 	-0.684842 	-0.658352 	-2.684402 	-0.239542 	0.000000 	0.138675 	0.721215 	0.906867 	1.844765 	-0.427372 	0.608482 	-1.787311 	0.000000 	2.074731 	
1.276538 	1.731994 	-0.435639 	-1.806148 	-1.809817 	0.000000 	1.855980 	-0.250640 	0.000000 	0.945885 	-0.473389 	-2.257043 	0.000000 	0.274432 	0.000000 	-1.916009 	-0.393822 	0.000000 	0.310076 	1.284884 	-0.124009 	0.000000 	-0.695245 	-1.550971 	1.637770 	0.000000 	0.000000 	0.317404 	0.828287 	-1.296355 	-0.533255 	0.000000 	0.000000 	1.257284 	0.652106 	1.435399 	
-0.708586 	1.400587 	-0.941452 	0.000000 	-1.223308 	1.442350 	1.824585 	-1.348951 	0.000000 	1.139022 	-0.280313 	-0.500898 	-1.479367 	0.000000 	2.717850 	-1.346505 	0.000000 	1.832958 	-0.435893 	2.284293 	-0.787366 	-1.100924 	-1.700196 	-0.770781 	-0.795207 	0.000000 	0.000000 	1.039441 	-0.718305 	1.767563 	1.275673 	0.000000 	-0.316574 	0.000000 	0.739393 	0.000000 	
-0.830185 	-0.909693 	1.161939 	-0.996551 	0.909693 	0.000000 	-1.098370 	-1.426638 	-2.776913 	-0.420932 	0.162616 	-1.964246 	0.258336 	1.882636 	0.000000 	0.415864 	-0.510573 	2.229967 	-0.236104 	0.606203 	0.000000 	0.000000 	2.364754 	0.000000 	1.333893 	-1.016088 	0.000000 	0.000000 	0.577527 	0.000000 	0.000000 	-1.010500 	0.246658 	0.802307 	0.857142 	0.000000 	
0.738595 	3.368722 	-0.547821 	-1.829973 	0.181216 	0.475862 	0.000000 	0.000000 	0.326454 	-1.561943 	-0.496040 	0.000000 	-1.928044 	1.668825 	1.403693 	-0.490326 	-0.424725 	-0.833898 	-0.564575 	0.521992 	-0.758330 	-0.558870 	-0.482556 	-2.106561 	0.505436 	-0.646338 	0.441757 	0.604287 	1.467818 	0.518937 	1.201780 	1.866012 	-0.649001 	0.836529 	-0.676067 	-1.206326 	
0.000000 	-0.402641 	-0.663829 	0.906172 	-1.792903 	0.756527 	0.508823 	-0.748119 	-1.855871 	1.168866 	-2.371465 	-1.134208 	2.040833 	0.000000 	1.474378 	0.893276 	0.436463 	0.592700 	0.000000 	0.000000 	-0.535669 	-0.306214 	1.772387 	0.000000 	0.712856 	1.955951 	0.696324 	1.540905 	-1.546666 	-1.360928 	-0.566266 	-0.508825 	-1.721687 	-0.394809 	0.509156 	0.739995 	
0.000000 	1.530249 	-0.343025 	0.000000 	-1.728696 	0.000000 	1.852697 	0.560639 	-0.633286 	1.894104 	-1.463381 	-0.148873 	1.461520 	-0.327035 	0.000000 	0.000000 	-0.831131 	2.079991 	0.000000 	1.044129 	-0.798663 	-0.552037 	0.000000 	-0.849920 	0.786019 	0.000000 	0.188923 	0.933894 	0.495588 	-2.366457 	-0.831887 	-0.644685 	-1.275509 	-1.162197 	0.000000 	1.465173 	
0.180667 	-2.638531 	-1.074102 	0.407660 	-1.255920 	1.998922 	-0.242548 	1.029711 	-0.587452 	-0.241810 	0.000000 	-1.689598 	-0.582821 	0.788394 	2.149280 	-0.124443 	1.339248 	0.256171 	0.000000 	0.000000 	1.060456 	0.225181 	0.000000 	-0.154885 	0.321660 	1.784337 	0.000000 	0.000000 	-0.677333 	1.803040 	-1.251047 	-1.236351 	-0.662645 	0.000000 	0.000000 	0.764778 	
0.000000 	0.542684 	0.590812 	0.555593 	-1.570553 	-0.259599 	0.703201 	0.000000 	1.503339 	0.537147 	1.547451 	-0.568522 	-1.275951 	-0.364427 	1.946383 	-1.923811 	-2.070475 	0.000000 	-1.112109 	0.761365 	0.786081 	-0.286687 	-1.084538 	-0.074600 	0.000000 	-0.200519 	-0.066106 	0.000000 	0.339839 	-0.434650 	0.000000 	0.488279 	0.049065 	-0.559260 	1.317012 	0.862675 	
0.647872 	0.000000 	0.000000 	-0.417202 	-0.721259 	0.000000 	0.662138 	0.163338 	-2.200801 	0.701155 	-0.133148 	-2.831497 	0.349170 	2.571715 	0.437586 	-1.868705 	-0.613733 	0.000000 	-0.387413 	1.026252 	0.000000 	0.000000 	-0.080544 	-1.227614 	1.944607 	0.000000 	0.882624 	0.000000 	-0.332951 	-0.140342 	0.000000 	-0.379360 	-0.643606 	0.000000 	1.710050 	1.948872 	
0.000000 	-1.559809 	0.372557 	-1.172109 	0.234682 	0.000000 	0.000000 	-1.202700 	0.000000 	0.758592 	1.188815 	-3.612847 	-2.886906 	3.061102 	3.594558 	0.707897 	2.551216 	0.000000 	-2.726672 	-0.787244 	0.777100 	-0.714027 	-0.780544 	-0.684821 	0.758673 	0.344281 	0.000000 	-0.980322 	-1.176339 	2.067623 	1.732793 	0.510624 	0.000000 	0.313093 	0.000000 	2.927198 	
-1.138467 	0.000000 	1.310061 	-1.418427 	1.769684 	-0.624056 	-1.218765 	-2.160518 	1.011253 	-0.898941 	1.062946 	1.320546 	-1.076331 	-1.469844 	-0.623141 	0.512810 	-0.111076 	1.823581 	0.000000 	1.290787 	0.000000 	0.000000 	0.760700 	0.681408 	-1.990052 	-1.958612 	-1.337903 	0.000000 	1.547360 	0.816950 	1.150547 	0.000000 	2.130359 	1.158387 	-0.582025 	-1.827035 	
