-1.043256 	1.868901 	-0.762449 	0.000000 	0.314339 	0.000000 	0.707627 	1.196002 	1.112283 	-1.065621 	0.000000 	0.000000 	-0.487471 	0.000000 	0.000000 	-1.380770 	-1.083214 	-0.540916 	0.000000 	-0.591199 	-0.901063 	1.137526 	-0.805742 	0.000000 	1.382750 	-0.311822 	-0.203523 	-0.402012 	0.000000 	-0.707141 	0.000000 	0.809224 	-0.127687 	0.527730 	1.244540 	-0.391802 	0.000000 	0.000000 	0.000000 	-0.825645 	1.030936 	0.845023 	0.437747 	0.952739 	-1.357502 	0.000000 	
0.319778 	1.073987 	0.307749 	0.450647 	0.000000 	-1.162202 	0.000000 	0.000000 	1.280025 	0.000000 	-0.415204 	-0.584268 	0.992196 	-0.601186 	0.000000 	-0.442764 	-1.287392 	0.846670 	-0.378149 	0.946608 	0.686198 	0.000000 	-1.102027 	1.289553 	-0.902890 	-0.681656 	-0.987375 	0.611426 	0.000000 	0.000000 	-0.983916 	1.402518 	-0.229260 	-1.453076 	0.000000 	-0.492149 	0.113874 	0.080322 	-0.897534 	-0.112022 	-1.011389 	1.026487 	1.544668 	0.994806 	-0.612273 	1.320994 	
-1.191634 	0.186751 	0.893199 	0.000000 	1.119230 	-0.996211 	0.000000 	-0.607578 	0.744009 	-1.291030 	0.102741 	-0.890400 	1.130572 	-0.356833 	-0.697440 	0.550889 	-1.647282 	1.059637 	0.652959 	1.101015 	-0.426185 	0.000000 	0.520028 	0.000000 	-1.420411 	0.000000 	-0.640694 	1.078106 	0.494133 	0.703712 	0.000000 	1.017538 	1.199036 	0.000000 	0.000000 	-0.124756 	0.627130 	0.000000 	0.000000 	0.351924 	-1.297696 	-1.631959 	1.305619 	0.000000 	-0.326648 	-1.359787 	
1.082229 	-0.453484 	0.747612 	-0.856707 	-1.515043 	1.379299 	0.000000 	-1.140098 	-1.037149 	0.676304 	0.000000 	0.271620 	-0.395033 	0.185775 	-1.357736 	0.995163 	1.147033 	-0.764399 	-0.414904 	0.000000 	-0.995728 	0.000000 	0.000000 	-0.236172 	-0.567238 	0.434158 	0.000000 	1.025985 	0.067917 	0.000000 	0.202070 	-1.220307 	0.000000 	-0.707491 	0.752056 	1.315376 	-0.575832 	-0.415911 	0.000000 	0.000000 	-0.120539 	0.732174 	-0.234742 	0.309544 	0.000000 	2.077919 	
0.000000 	0.000000 	1.356672 	-0.454574 	-1.175657 	0.000000 	-0.447427 	0.948392 	0.000000 	0.000000 	0.000000 	0.000000 	-0.655286 	-0.541005 	0.000000 	0.795706 	0.000000 	0.000000 	0.000000 	0.814580 	0.000000 	-2.087925 	0.252679 	0.000000 	0.000000 	-1.324826 	-0.477839 	1.809953 	1.144160 	0.000000 	0.912123 	-0.633788 	0.937688 	0.000000 	-1.665335 	2.989958 	0.000000 	0.000000 	1.379259 	-0.912150 	-1.697910 	0.000000 	0.935400 	-1.275209 	0.000000 	0.000000 	
0.524306 	0.000000 	-0.865548 	0.000000 	0.000000 	-0.399944 	-1.057230 	-0.673110 	-1.213716 	1.697400 	0.749777 	1.022313 	0.000000 	-0.536179 	1.678414 	0.000000 	-0.927216 	0.000000 	-1.136970 	0.314635 	0.995921 	1.305813 	0.000000 	0.000000 	-0.715890 	0.000000 	-0.139210 	0.000000 	-0.828627 	-0.588346 	0.612664 	1.294476 	0.270052 	-1.045001 	-0.516498 	-1.047259 	0.000000 	0.000000 	-0.229047 	0.000000 	1.056951 	0.591263 	0.000000 	-0.175345 	0.439038 	0.000000 	
1.043759 	-1.265196 	-0.092271 	-0.631813 	0.000000 	-1.240021 	0.827394 	-1.430777 	-0.367233 	0.000000 	0.441290 	-0.407394 	1.108019 	-1.901893 	-0.587462 	0.878253 	0.000000 	0.669302 	0.000000 	0.968255 	1.215889 	1.003115 	0.000000 	0.000000 	0.064118 	0.000000 	0.286167 	0.640086 	-0.239241 	0.000000 	0.000000 	0.863217 	-2.091998 	-1.071556 	0.000000 	0.325553 	0.404748 	-0.314131 	-0.610849 	0.535567 	0.620457 	-1.450612 	0.529689 	-1.151211 	1.753843 	0.612398 	
0.889021 	-0.205089 	0.732990 	-0.781570 	1.202313 	-1.120947 	1.168172 	0.000000 	-1.239697 	0.407072 	-0.478393 	-0.251766 	1.330820 	0.000000 	0.000000 	0.000000 	0.403790 	-0.314174 	0.841577 	0.872012 	0.568839 	0.000000 	0.980957 	0.000000 	-0.337850 	-0.275636 	0.000000 	0.163060 	0.000000 	-0.491694 	-1.321013 	0.000000 	-0.303551 	-2.130721 	0.000000 	0.000000 	-0.771680 	-0.606318 	0.000000 	0.401823 	1.540044 	1.331319 	-0.821458 	-1.557608 	0.974413 	-0.790337 	
-0.742380 	0.786465 	0.545960 	-0.350712 	-0.546346 	0.370372 	-0.781615 	1.255506 	0.266399 	0.747133 	0.243009 	-0.317902 	-1.243047 	-0.382504 	1.803172 	0.000000 	-0.252010 	0.940714 	-0.526769 	1.029893 	0.427487 	0.184844 	0.197515 	0.000000 	1.026094 	-1.326193 	-0.541491 	1.099523 	-1.143592 	0.669053 	0.712466 	0.000000 	-0.699468 	0.250935 	0.234952 	-0.807975 	1.044384 	-1.065233 	-0.763212 	0.835450 	-0.143746 	0.000000 	-0.908808 	-0.682639 	-0.257561 	-0.804417 	
0.668009 	1.768848 	0.214391 	0.640299 	-0.489075 	0.000000 	-1.559454 	0.000000 	-0.559752 	0.000000 	0.000000 	1.388858 	-0.339373 	0.814613 	0.547633 	-1.224443 	-0.305876 	0.000000 	-0.752660 	-1.225981 	-0.986679 	0.000000 	0.835248 	-1.762631 	0.000000 	0.346441 	0.754546 	0.660037 	0.000000 	0.580275 	-0.835368 	0.000000 	1.520784 	0.000000 	-0.559827 	0.792186 	1.478647 	-0.848829 	-0.571908 	0.000000 	-0.459352 	0.000000 	0.000000 	0.000000 	-1.163707 	1.573309 	
0.000000 	0.392053 	-0.511491 	0.000000 	-1.275412 	0.000000 	-0.264546 	-1.788197 	0.175434 	2.503054 	0.000000 	0.000000 	0.000000 	-0.244681 	0.576713 	0.000000 	0.000000 	0.000000 	-1.038997 	0.625062 	1.345709 	-1.509034 	0.725735 	0.666760 	0.000000 	-0.714579 	0.425898 	0.000000 	0.000000 	-1.938455 	0.000000 	1.582143 	1.324128 	-0.274437 	0.510119 	0.000000 	-0.427428 	0.000000 	-0.694399 	0.646942 	0.336082 	0.328215 	-0.853639 	-0.286963 	0.000000 	0.000000 	
0.000000 	0.361010 	0.000000 	-0.414683 	-1.277209 	0.000000 	0.518730 	0.000000 	0.563458 	0.000000 	0.148666 	0.000000 	0.000000 	0.000000 	1.068729 	0.000000 	-0.388797 	0.219676 	0.154728 	1.965666 	2.063006 	-0.918412 	-1.295298 	0.289459 	0.475036 	-1.399089 	0.000000 	0.285429 	-0.433608 	-0.908079 	0.000000 	1.585971 	1.061301 	0.000000 	0.000000 	-0.333503 	0.000000 	-0.515738 	0.337348 	0.000000 	-0.148775 	0.483849 	-0.434502 	-0.229392 	-1.415590 	-0.766085 	
0.000000 	0.000000 	0.154087 	-0.546617 	0.000000 	0.000000 	-1.021342 	-0.964312 	0.000000 	0.000000 	0.564241 	0.000000 	-0.851640 	-1.948392 	0.000000 	0.000000 	-0.961876 	1.437835 	-1.952029 	0.677962 	-1.068250 	1.270430 	0.048111 	-0.734207 	1.630783 	0.000000 	1.790623 	0.000000 	-0.029880 	-1.246663 	1.137987 	0.000000 	-1.420478 	0.000000 	1.248401 	0.000000 	1.101125 	0.000000 	-1.440563 	0.814041 	0.392530 	0.996217 	0.274175 	-0.258297 	0.000000 	1.468346 	
0.000000 	0.000000 	-0.154289 	0.441854 	1.054527 	-0.162639 	0.415673 	0.000000 	0.000000 	-1.483759 	-0.573077 	1.401303 	0.000000 	-0.515348 	0.000000 	-1.688869 	-0.471215 	-0.816803 	0.186552 	0.310660 	-0.971067 	0.000000 	-0.845490 	-1.369183 	0.000000 	0.405005 	0.395825 	0.727481 	-0.814364 	0.000000 	-0.186552 	0.000000 	2.313835 	-0.307565 	-0.748359 	0.941484 	0.431793 	0.000000 	-0.517893 	0.000000 	0.000000 	0.483917 	2.233656 	0.897776 	0.966639 	-1.210061 	
1.204328 	-1.463192 	1.827653 	0.000000 	-0.723836 	-0.218015 	0.000000 	-0.134437 	-0.821558 	-0.882299 	1.094343 	0.000000 	0.000000 	-0.162277 	0.238563 	-1.006096 	0.913808 	-1.157423 	0.000000 	0.000000 	-0.385835 	0.000000 	0.223437 	0.000000 	1.632518 	0.000000 	0.000000 	0.000000 	-0.544961 	0.000000 	-1.273145 	0.000000 	-1.642190 	0.000000 	-0.466776 	1.385641 	0.000000 	0.971199 	0.972048 	0.560809 	0.000000 	0.000000 	-0.796165 	0.000000 	0.000000 	1.346422 	
-0.039167 	-0.388454 	-0.365187 	0.865905 	-1.016178 	0.292487 	0.000000 	-1.019033 	0.624766 	-0.606518 	0.341427 	0.231647 	-0.066656 	0.567886 	0.166243 	-0.476241 	0.919779 	-0.641189 	1.245790 	-0.538917 	1.090560 	0.461437 	-0.529611 	-0.477426 	0.521031 	-0.531389 	-1.151128 	1.098055 	-0.209599 	0.000000 	-0.818170 	0.845819 	0.772075 	-0.119875 	-0.660241 	0.666566 	-0.444747 	0.000000 	-0.820350 	0.000000 	-0.880890 	-0.619751 	1.365924 	0.000000 	0.300961 	1.096402 	
0.000000 	0.000000 	0.607019 	0.744997 	-0.778986 	-0.091209 	-0.533167 	0.000000 	0.000000 	0.000000 	-0.452458 	0.000000 	-1.347356 	0.608192 	0.498414 	-1.352016 	1.113572 	0.000000 	0.000000 	0.495008 	-0.759823 	-0.336913 	-0.231521 	0.000000 	0.000000 	0.000000 	0.000000 	0.000000 	0.651911 	-1.291890 	-1.343770 	0.256728 	1.164512 	-0.724746 	-1.235859 	0.737444 	0.864947 	0.549129 	1.287077 	0.794641 	0.000000 	1.448099 	-0.438732 	1.570570 	-1.496224 	0.141018 	
0.305912 	-0.035135 	-0.774189 	1.016709 	0.000000 	-1.092069 	-1.328772 	1.106360 	1.224626 	1.115909 	-0.638185 	0.000000 	-0.720135 	0.613751 	1.422450 	-0.615695 	2.205015 	0.614691 	0.405322 	-1.739871 	0.398929 	-0.059418 	0.000000 	-0.548455 	0.874242 	-1.343190 	-0.550767 	-0.564956 	0.953675 	0.995708 	-0.676099 	-1.177734 	-1.599461 	-1.460910 	-0.550818 	0.000000 	0.726849 	0.000000 	0.488506 	0.000000 	-0.851451 	1.255296 	-0.876609 	0.551920 	0.985331 	0.481786 	
0.000000 	0.000000 	0.540653 	-0.741914 	0.000000 	-1.064008 	0.000000 	-1.606494 	0.160601 	0.000000 	0.096102 	0.859709 	1.617678 	0.000000 	-0.433336 	-0.819050 	0.000000 	-0.923327 	0.000000 	-0.592773 	-1.007559 	2.126111 	0.638027 	-1.257390 	0.000000 	0.000000 	-1.107490 	0.000000 	0.000000 	0.598963 	0.000000 	-0.166380 	0.366714 	-1.693940 	1.754343 	0.000000 	-1.330074 	0.000000 	0.000000 	0.000000 	0.000000 	1.758027 	0.770214 	1.482375 	0.000000 	1.352733 	
0.000000 	0.000000 	-0.997385 	-0.687249 	-1.160009 	-1.351010 	-0.924419 	0.000000 	0.000000 	0.909545 	-0.771677 	1.069950 	0.000000 	-0.834260 	1.540324 	-0.740042 	1.414348 	0.553410 	-1.242917 	0.000000 	0.000000 	-0.770358 	1.396896 	0.129454 	0.000000 	-0.663583 	0.101911 	1.059271 	-0.672550 	0.000000 	0.649367 	-0.808828 	-0.386485 	1.855082 	-1.386639 	0.000000 	0.000000 	0.593550 	0.858686 	0.000000 	1.354726 	-0.352792 	0.000000 	0.995480 	0.000000 	-0.257649 	
