1.202644 	0.720053 	1.020243 	-1.793033 	0.578081 	0.319269 	0.492331 	0.000000 	1.531331 	-1.957556 	-1.540844 	-0.519818 	1.526363 	-2.239493 	1.092801 	0.000000 	0.000000 	-0.544025 	-0.494570 	-0.587549 	-1.029942 	-0.641796 	2.337517 	0.000000 	0.749678 	-0.508068 	-0.253391 	-0.810380 	-0.712793 	0.000000 	-0.229772 	1.522670 	1.331801 	0.524976 	-1.160449 	-0.206490 	-1.013591 	0.582325 	1.534063 	0.931516 	-0.827902 	-0.906903 	
0.000000 	1.520780 	-1.080290 	-1.528591 	-0.651725 	0.554773 	0.840764 	-0.054878 	-0.385272 	-0.794624 	-1.175004 	0.000000 	-1.361176 	0.706613 	-0.645751 	-1.598494 	0.491104 	-0.182884 	-0.874340 	0.000000 	0.000000 	-1.395867 	0.909656 	-0.916339 	-1.112429 	0.000000 	0.935501 	0.650439 	1.645805 	-0.620131 	1.720305 	-1.516677 	1.438464 	0.000000 	2.490217 	0.880749 	2.548676 	-0.691218 	-0.361630 	0.000000 	0.770116 	-0.592915 	
0.000000 	0.638836 	1.417345 	-2.281536 	0.000000 	0.000000 	-0.687094 	0.475799 	0.000000 	-0.262058 	-0.153909 	-0.971555 	0.428584 	0.000000 	0.361139 	-0.229691 	-0.208390 	-0.089539 	-1.470146 	0.000000 	-1.004159 	0.000000 	1.267350 	0.930434 	0.578143 	0.664784 	0.924347 	-1.252713 	0.000000 	-0.865102 	1.387759 	1.236418 	0.000000 	0.000000 	0.963002 	-2.073575 	0.865029 	0.000000 	0.000000 	0.097437 	2.170449 	-1.987629 	
1.083497 	0.059746 	0.000000 	0.892136 	-0.663070 	0.959361 	-1.336821 	1.194545 	-1.241643 	-0.852870 	0.057069 	0.000000 	0.000000 	0.000000 	0.000000 	2.097923 	0.000000 	2.703010 	-2.599798 	0.000000 	-1.110368 	0.749052 	-2.957865 	1.822639 	0.930086 	2.383441 	0.000000 	-0.594664 	-0.484464 	0.536559 	0.633314 	1.056742 	-1.511340 	1.075044 	-2.068045 	0.000000 	-0.936813 	-0.540460 	0.221491 	-1.588708 	0.771705 	-1.398381 	
-1.372046 	0.113661 	-1.281151 	-0.468338 	0.000000 	-0.291390 	0.126204 	0.000000 	-0.449973 	0.000000 	0.634885 	1.961735 	0.441449 	0.000000 	-0.625711 	0.552480 	0.622694 	0.214828 	0.797912 	-0.549262 	1.609444 	0.000000 	-0.608040 	1.093074 	-1.541310 	1.324123 	-1.225482 	-0.638105 	-0.932114 	0.883832 	0.603682 	-0.889396 	-0.303140 	-2.098116 	0.722822 	1.053449 	1.271274 	0.644474 	-1.514125 	-1.106414 	1.038250 	0.478003 	
1.163362 	0.000000 	0.000000 	0.000000 	1.307754 	2.101973 	1.323029 	0.000000 	1.170803 	0.000000 	-0.641043 	1.208682 	-0.925772 	0.000000 	0.195850 	-0.534605 	-1.571931 	-2.623661 	-1.627939 	1.608567 	1.296636 	0.000000 	-0.240921 	0.000000 	-1.914908 	0.495986 	-0.407011 	0.918786 	0.917620 	0.865522 	0.000000 	-1.055779 	-1.938491 	-0.961868 	1.026128 	0.152588 	0.000000 	0.000000 	0.612687 	-0.959522 	-0.115785 	0.551293 	
-1.007564 	1.421211 	-1.646954 	-0.827926 	2.224998 	-0.948155 	-1.306438 	0.000000 	0.000000 	1.958004 	0.000000 	0.888778 	0.000000 	-0.696478 	-1.569820 	-0.942074 	-1.408896 	1.652608 	-1.988085 	1.276014 	-0.112075 	0.216029 	-0.552038 	0.000000 	1.623343 	-0.442975 	-0.601072 	-0.145498 	0.000000 	-0.820237 	1.180006 	0.268286 	-1.401870 	0.000000 	-0.583191 	0.000000 	1.909198 	0.000000 	-0.610939 	1.199987 	1.053323 	0.751129 	
-1.787925 	0.408266 	-1.092161 	0.155790 	0.407658 	0.000000 	-2.372115 	1.276102 	-2.188440 	1.495775 	-1.429709 	-0.387576 	-1.757274 	0.496787 	0.919971 	0.000000 	-1.212728 	0.000000 	0.212832 	0.183504 	1.153446 	2.213056 	-1.100920 	0.707533 	1.241641 	-2.112066 	0.631885 	-0.732735 	0.168568 	-2.099157 	1.136579 	1.239796 	0.000000 	1.144621 	0.000000 	-0.649822 	0.000000 	0.439278 	0.000000 	1.621649 	-0.689083 	1.064353 	
0.000000 	-1.431776 	2.544800 	1.029977 	0.286047 	-0.345577 	-0.702092 	0.000000 	-0.625290 	0.662325 	0.731655 	0.920064 	1.513628 	0.810183 	-0.627551 	2.067766 	-0.200585 	-1.727456 	0.742552 	1.256336 	-0.802574 	-0.633664 	0.793545 	-0.062178 	-1.473430 	0.820697 	0.166566 	0.000000 	-0.938220 	2.522023 	-0.374080 	0.000000 	-1.430289 	-0.823525 	-1.967477 	-1.294133 	-1.475082 	-0.200103 	0.300393 	-0.167337 	-0.083674 	0.759817 	
-0.759325 	-1.787578 	0.000000 	-1.798663 	1.032031 	-0.305776 	0.170039 	1.020042 	1.831824 	0.215093 	0.924311 	-0.147563 	1.622452 	1.227903 	0.710427 	0.000000 	-1.295752 	-1.380384 	-0.368322 	0.923918 	-3.040593 	0.441572 	2.000917 	0.540243 	-2.165099 	0.951278 	-0.067115 	0.686241 	0.088407 	-1.212470 	-0.639460 	0.228265 	0.000000 	0.000000 	0.816628 	2.300146 	-2.045799 	-0.415553 	0.491191 	0.508108 	-0.540166 	0.224117 	
0.160560 	-0.420750 	0.000000 	1.789038 	-0.997655 	-0.736052 	-0.525569 	0.000000 	0.000000 	-1.042782 	0.000000 	1.663813 	0.230741 	-0.897011 	-0.920336 	0.000000 	-0.438997 	0.869176 	0.719595 	0.000000 	0.700359 	-0.977537 	-1.976782 	-1.225687 	-1.314414 	0.660676 	0.000000 	0.472350 	0.701299 	2.114855 	-0.332543 	-1.031766 	-0.255089 	-0.112727 	-0.600616 	1.716459 	0.611323 	0.000000 	0.430624 	-0.158297 	0.671960 	0.000000 	
-0.600826 	1.802723 	0.000000 	0.000000 	0.000000 	0.136407 	-1.046866 	0.000000 	0.000000 	0.152489 	-0.855690 	1.301906 	0.000000 	0.000000 	0.000000 	0.000000 	-1.326997 	0.000000 	-1.512801 	0.000000 	0.352425 	0.000000 	1.294334 	-1.417976 	0.811721 	-0.250793 	1.379554 	-1.158770 	-0.367497 	-0.739924 	0.000000 	0.000000 	1.043061 	-0.539797 	0.103775 	-0.193246 	0.000000 	0.579269 	-0.582429 	1.111871 	0.677406 	0.000000 	
1.561689 	2.614177 	-0.718463 	0.531621 	1.300712 	0.686406 	0.000000 	-1.944361 	0.000000 	-0.580773 	-1.094691 	0.891646 	0.329297 	0.000000 	1.860173 	-0.472962 	-1.392665 	-1.420803 	-1.917823 	0.441235 	2.046128 	-0.327194 	0.524087 	-0.436394 	1.276623 	-0.900274 	0.000000 	-0.369656 	0.000000 	-1.115591 	0.132227 	0.000000 	0.000000 	-1.051936 	-1.030573 	-0.441180 	0.000000 	0.820927 	1.003543 	0.909304 	-1.832281 	0.730127 	
0.000000 	1.728267 	0.458636 	-1.576005 	-1.009348 	-0.694370 	0.000000 	0.000000 	2.143119 	-1.250582 	0.920637 	-0.723884 	0.000000 	1.566250 	0.000000 	0.702797 	0.000000 	-1.183314 	-2.480498 	-1.531970 	1.428297 	0.000000 	0.254976 	0.306931 	-0.504987 	3.750632 	-0.190725 	-2.219935 	0.000000 	0.000000 	0.000000 	-0.575502 	-0.920773 	-2.742108 	2.486485 	-0.540327 	-0.542571 	1.688660 	0.000000 	1.073119 	1.423278 	0.826501 	
1.015982 	0.000000 	-0.709699 	-0.779482 	-0.772121 	-1.483962 	-0.330043 	-0.329344 	2.329648 	0.000000 	2.000140 	-1.959483 	0.822442 	2.330892 	0.000000 	0.000000 	0.000000 	-0.565777 	-1.075414 	-1.995685 	-0.798284 	0.000000 	1.489763 	1.633593 	-1.167564 	2.957635 	-0.078549 	-0.755448 	0.000000 	0.000000 	-1.144716 	1.443305 	0.000000 	-0.391102 	2.423810 	0.000000 	0.144883 	-0.829599 	0.000000 	0.000000 	0.248052 	-1.838427 	
1.673945 	0.530559 	0.983162 	0.000000 	0.787783 	0.429406 	0.878586 	-1.486739 	0.232528 	-1.013540 	-0.109520 	-1.220503 	0.886575 	1.105829 	0.000000 	0.000000 	0.000000 	-0.345684 	-1.754975 	0.000000 	0.719066 	0.000000 	0.000000 	-1.784538 	1.945767 	-0.798131 	-0.385268 	0.079669 	0.865175 	-0.793259 	-0.495853 	-0.443846 	-0.346221 	0.000000 	-0.421149 	-0.674867 	-1.460007 	0.854932 	0.535455 	0.479288 	-0.880072 	1.939073 	
0.000000 	0.000000 	-2.142240 	-2.236947 	2.759002 	1.960517 	-1.012490 	1.620941 	-2.104856 	0.000000 	0.169937 	2.238853 	0.646249 	1.841025 	1.290990 	1.152937 	-0.985183 	-1.013399 	-1.776826 	2.053250 	-1.142150 	-0.579273 	0.114431 	0.814302 	-1.973506 	0.000000 	-2.304149 	0.000000 	-0.147893 	0.000000 	0.154369 	-0.802235 	-0.283487 	0.000000 	0.385971 	2.826077 	0.167795 	-0.682046 	0.000000 	-2.433995 	1.388571 	0.000000 	
0.000000 	0.890717 	1.428340 	0.059292 	-1.411284 	0.727739 	-0.165272 	-0.296878 	2.660541 	-1.361176 	-1.323262 	0.797185 	0.801210 	-1.752415 	0.000000 	0.000000 	-2.119078 	-0.682119 	-1.058490 	-1.887742 	0.294995 	0.643977 	2.146129 	0.290268 	0.000000 	0.000000 	1.300562 	-1.040739 	0.000000 	0.000000 	-0.349942 	2.604608 	0.605411 	0.000000 	0.988611 	-0.327980 	0.215467 	0.000000 	0.000000 	-0.687192 	1.308778 	-2.066519 	
-0.303205 	-0.918284 	-0.552403 	2.202051 	-0.951682 	-1.665496 	0.000000 	-1.884043 	0.916211 	1.458340 	2.862925 	0.654396 	3.422734 	0.000000 	-0.597049 	-1.377137 	0.760565 	1.815515 	1.064080 	-0.059242 	1.444197 	0.000000 	-1.378584 	0.000000 	0.974548 	1.449040 	-0.502838 	0.655359 	-0.770423 	-1.713975 	-1.421986 	-1.841966 	0.602708 	-2.967677 	-1.264860 	0.928170 	3.241179 	-1.072314 	-1.467519 	0.000000 	0.294483 	-0.942973 	
0.531538 	0.463835 	-0.165949 	0.722122 	0.000000 	-0.475680 	0.000000 	-1.208397 	-0.151844 	0.302937 	1.249016 	0.482513 	-1.134434 	1.494333 	1.475323 	-1.143475 	0.000000 	-1.049689 	-0.178321 	0.000000 	1.342000 	0.000000 	0.000000 	-0.568462 	0.180136 	0.247635 	1.202129 	-0.944450 	0.532046 	0.000000 	-1.149959 	-0.740417 	1.016664 	-1.162403 	1.437356 	-1.197767 	0.000000 	1.404385 	-1.101840 	-1.047478 	0.488584 	-0.885068 	
