0.000000 	-0.132478 	0.430363 	0.932083 	0.000000 	0.859029 	-1.384274 	0.000000 	-1.005967 	0.481050 	0.284078 	0.000000 	0.000000 	-0.990073 	0.464037 	-0.922334 	0.000000 	-1.268289 	0.000000 	2.193301 	0.000000 	-0.833632 	0.369596 	-1.094591 	0.937933 	0.545512 	-0.612897 	-0.226049 	0.000000 	1.106058 	-0.350989 	-1.726728 	0.787239 	1.350068 	0.000000 	0.000000 	0.978721 	0.000000 	0.000000 	0.000000 	0.000000 	0.000000 	0.419024 	-0.711633 	
0.248248 	0.000000 	-0.196619 	0.000000 	0.000000 	0.000000 	0.000000 	1.572296 	1.472850 	1.140900 	0.353362 	-1.342363 	-1.151582 	1.529555 	-0.858785 	-1.045882 	-0.298783 	0.000000 	-1.982233 	0.944097 	1.157664 	1.539107 	0.746655 	0.503947 	0.000000 	-0.063749 	-0.689161 	0.000000 	-0.495909 	-0.265825 	-0.597073 	-2.067836 	0.668279 	0.104234 	0.524417 	-0.289016 	0.591959 	0.447738 	-1.346679 	0.597199 	0.513412 	-1.541530 	-0.294060 	0.585999 	
0.988702 	-1.178467 	0.000000 	-0.499988 	-0.586494 	0.535537 	0.000000 	-1.014170 	0.895526 	-0.877708 	0.110822 	0.000000 	0.837151 	-0.901932 	-0.370373 	0.000000 	0.000000 	0.000000 	0.000000 	0.000000 	-0.564096 	1.724037 	-0.338761 	1.577350 	0.887514 	-0.929542 	1.439953 	0.532108 	-0.917410 	1.612842 	-1.469601 	-1.245404 	0.983435 	0.000000 	0.000000 	0.000000 	0.504872 	-1.221205 	-1.067661 	0.000000 	0.470481 	0.815120 	0.000000 	0.000000 	
-0.733309 	0.976203 	0.000000 	-0.902007 	0.000000 	-1.018384 	-1.167979 	-0.339380 	0.586219 	1.086475 	0.807916 	0.000000 	-0.164412 	0.640644 	0.952434 	-0.929532 	-0.846815 	-0.954487 	0.000000 	0.850626 	0.000000 	0.728531 	0.737018 	-0.703756 	0.000000 	0.000000 	0.732801 	0.793742 	0.246204 	-1.707094 	0.892528 	0.529250 	0.858909 	0.377587 	-0.900519 	0.000000 	0.560728 	-0.532425 	0.289046 	0.178889 	0.348882 	0.000000 	-0.467520 	-0.341314 	
0.000000 	0.806850 	-0.553004 	-0.119041 	0.580733 	0.000000 	0.930685 	0.000000 	1.408148 	0.000000 	-0.655074 	-0.427896 	0.000000 	0.205686 	0.000000 	0.000000 	-2.078823 	-0.930685 	2.225519 	0.512515 	-0.708475 	-0.278032 	0.000000 	0.501425 	0.000000 	-1.919850 	2.757611 	-0.597202 	-1.294834 	0.000000 	0.000000 	0.000000 	0.000000 	0.000000 	0.000000 	0.000000 	-1.217399 	0.770547 	0.000000 	0.746417 	0.783363 	0.000000 	0.798417 	-0.546404 	
1.283266 	0.214665 	1.320718 	-0.606283 	0.000000 	-2.271550 	-0.987307 	-1.449933 	0.000000 	0.000000 	0.000000 	1.722791 	-0.583349 	0.000000 	0.000000 	0.000000 	-1.305462 	0.000000 	0.750017 	-0.820444 	0.000000 	0.107790 	1.618029 	-0.154835 	0.508520 	0.593593 	0.000000 	0.736167 	0.000000 	-0.432987 	1.008360 	1.390630 	0.000000 	-0.355718 	-1.415244 	0.371933 	0.000000 	0.000000 	0.074141 	0.000000 	-0.661754 	-0.376641 	0.000000 	0.000000 	
0.000000 	0.901011 	-0.793788 	-0.630946 	-0.903497 	-1.598495 	-1.197177 	-1.201478 	0.000000 	0.492627 	0.538927 	1.296515 	0.000000 	0.609116 	0.370546 	-0.429949 	0.466669 	-0.323291 	0.000000 	0.000000 	0.000000 	0.990890 	0.000000 	-0.501996 	0.000000 	0.000000 	-0.483859 	0.000000 	1.032143 	-1.201080 	1.457791 	1.736305 	0.000000 	0.000000 	0.000000 	-1.020963 	1.217158 	-1.003494 	0.000000 	0.000000 	-0.953257 	0.000000 	0.000000 	1.382294 	
0.000000 	0.508839 	-0.197956 	1.086414 	0.000000 	0.894931 	-0.898074 	0.000000 	0.535259 	1.543715 	-0.583435 	0.000000 	-0.697054 	0.000000 	-0.399204 	0.433349 	-0.314137 	-1.831993 	0.000000 	0.000000 	-0.185313 	0.637391 	-0.921546 	0.000000 	-0.089992 	-0.484135 	1.002463 	-0.887409 	0.985332 	0.455316 	0.518120 	-0.563727 	0.000000 	0.747589 	0.756719 	-0.542704 	0.000000 	0.485632 	-0.657757 	-1.203988 	-0.786987 	-0.257887 	0.775820 	0.259847 	
-0.978194 	1.662265 	0.000000 	-1.067255 	0.509132 	0.000000 	-0.364978 	0.545268 	0.000000 	1.504050 	0.656483 	-0.563790 	0.000000 	0.000000 	0.000000 	-1.632128 	-0.586399 	-0.843448 	0.456074 	0.521929 	-0.628461 	0.588163 	-1.327827 	-0.889491 	0.607299 	0.000000 	0.536296 	0.624431 	0.038821 	-1.378647 	0.000000 	0.540558 	-0.722571 	0.967146 	0.527963 	1.102232 	0.000000 	0.716166 	0.869903 	0.000000 	-0.599931 	1.284495 	-1.003803 	-0.307249 	
0.000000 	0.000000 	0.384439 	0.585444 	1.021271 	0.746804 	0.627782 	-2.181706 	-0.532586 	-0.170826 	0.000000 	1.441051 	0.000000 	-0.786835 	0.000000 	-0.684831 	-0.549197 	0.000000 	1.254768 	0.355251 	-1.228981 	-0.429287 	0.000000 	-0.796416 	1.289492 	0.000000 	1.850153 	-0.960371 	0.701711 	0.000000 	0.000000 	-0.145671 	0.396050 	-0.932161 	-0.525503 	0.000000 	0.000000 	-0.941065 	-0.278241 	0.513955 	0.696282 	0.000000 	0.000000 	0.000000 	
0.000000 	0.000000 	0.180222 	0.489218 	0.000000 	1.924667 	0.000000 	-1.013217 	1.537835 	0.771784 	-0.566590 	-1.102048 	0.000000 	-1.436535 	0.000000 	0.000000 	-1.219648 	-1.118053 	0.000000 	0.508849 	0.000000 	0.425439 	-0.975461 	0.431043 	0.000000 	0.000000 	2.447583 	0.000000 	1.359486 	0.547528 	0.000000 	-0.160601 	0.000000 	0.911547 	-0.809088 	0.072042 	-1.970949 	0.000000 	0.000000 	-0.763310 	0.000000 	1.219272 	-0.390228 	-0.384760 	
-1.077831 	0.000000 	-0.960747 	-1.590994 	-0.836108 	0.000000 	0.677829 	0.843518 	0.794057 	-1.798644 	-0.636839 	-1.339017 	1.149855 	0.352299 	1.343520 	0.000000 	-0.678367 	-0.142185 	0.863858 	1.753223 	0.000000 	-0.904833 	0.000000 	0.000000 	1.086816 	-0.923527 	0.687015 	0.593799 	0.161429 	0.000000 	-0.743139 	0.607855 	0.000000 	0.000000 	0.000000 	-1.776902 	0.000000 	-1.016305 	1.188211 	0.000000 	1.225314 	0.919323 	1.003787 	0.000000 	
0.807832 	0.000000 	1.190404 	-1.919010 	-0.863754 	-1.754138 	0.180499 	-0.191183 	0.000000 	0.000000 	0.000000 	0.000000 	1.683698 	-0.325441 	0.000000 	0.000000 	1.000829 	0.000000 	-1.449716 	0.000000 	0.000000 	1.019140 	0.201846 	0.990026 	0.510224 	0.279365 	-0.491317 	0.000000 	-0.850631 	0.550578 	-0.643266 	-1.083241 	0.000000 	-0.249303 	0.000000 	-0.361043 	1.371871 	0.134455 	-0.405636 	0.819018 	0.000000 	0.000000 	-1.326688 	1.071404 	
-1.413441 	0.000000 	0.879534 	0.816818 	0.000000 	0.607204 	0.000000 	0.000000 	0.000000 	0.000000 	-1.300671 	-1.151507 	0.000000 	-1.912758 	0.000000 	0.000000 	1.165096 	0.000000 	0.368738 	-0.559551 	-0.171470 	0.960327 	-1.611971 	0.797658 	-0.567852 	1.452100 	1.488988 	0.000000 	0.000000 	0.000000 	-1.179526 	-0.736008 	1.044703 	0.000000 	0.442792 	0.000000 	0.505572 	-0.698831 	0.319178 	0.000000 	-0.913095 	1.871854 	0.753752 	-0.939820 	
-0.693448 	0.000000 	-1.548274 	0.000000 	0.755940 	1.105029 	-0.409886 	0.000000 	-1.412245 	0.661071 	1.921774 	0.346805 	1.500956 	1.287193 	-1.291025 	0.000000 	0.170648 	-0.523033 	-0.353107 	-2.025504 	-0.268804 	0.876704 	-0.161956 	0.000000 	-0.521281 	-1.079953 	0.000000 	0.000000 	0.000000 	-1.695828 	0.000000 	0.000000 	-0.592440 	0.726230 	0.821294 	1.497456 	1.185377 	0.000000 	0.671890 	1.245240 	0.143754 	0.000000 	-1.722670 	-1.001099 	
0.000000 	0.157095 	0.000000 	-0.519187 	1.339057 	0.712273 	0.882803 	0.144537 	-1.236331 	0.000000 	0.176544 	-2.120015 	-0.249275 	0.000000 	-0.312121 	0.785787 	0.000000 	-0.889258 	0.816530 	0.846688 	-0.391170 	0.000000 	-0.301896 	0.568934 	-0.714086 	0.875869 	0.661211 	-1.318054 	0.000000 	2.245316 	0.249556 	-0.369270 	0.177466 	-0.632506 	0.000000 	2.207620 	-1.004301 	-0.230517 	-1.236533 	0.000000 	-1.362017 	0.442134 	-1.205371 	0.691727 	
0.000000 	0.000000 	0.000000 	-0.544655 	-1.511002 	-0.219503 	-0.761444 	0.420924 	0.575405 	-1.110156 	-0.376127 	-0.971607 	0.000000 	0.000000 	0.000000 	0.000000 	0.000000 	0.000000 	0.718583 	1.588626 	1.704497 	0.000000 	-0.111095 	0.000000 	1.149021 	1.141236 	-0.419034 	0.000000 	-0.029360 	0.748439 	-1.626900 	-0.818432 	0.000000 	1.623772 	0.000000 	-0.886651 	1.595009 	0.000000 	-0.446533 	0.000000 	-1.608424 	0.836804 	0.595633 	0.000000 	
0.000000 	0.000000 	0.809198 	-1.140806 	-0.605088 	-0.879204 	0.000000 	0.375115 	0.000000 	-0.373897 	-1.267802 	0.000000 	1.319208 	-0.556446 	0.733978 	-1.126697 	0.218015 	0.000000 	0.000000 	-0.717302 	-0.843705 	0.000000 	-1.747939 	0.907680 	1.349380 	0.000000 	0.000000 	0.000000 	-0.661507 	0.000000 	-0.572924 	0.000000 	-0.658918 	0.473385 	1.516927 	-1.790501 	0.295813 	0.810987 	1.292283 	1.538891 	-0.562351 	1.140684 	0.925615 	0.000000 	
0.000000 	0.000000 	0.000000 	0.572456 	0.456109 	0.000000 	-0.860365 	-1.099368 	0.000000 	0.311255 	0.786508 	1.105824 	-0.146486 	-0.246654 	0.000000 	0.000000 	-0.253718 	0.290316 	0.759022 	-0.657021 	-0.923850 	0.868466 	0.000000 	0.000000 	-0.421601 	0.000000 	1.395532 	1.054576 	-1.007958 	-0.756024 	-0.314754 	-0.217901 	0.893220 	0.000000 	-1.033042 	1.604300 	0.342239 	0.000000 	-0.658377 	0.000000 	0.000000 	1.134971 	0.000000 	-1.841084 	
