-0.722761 	-0.990070 	-1.418806 	-0.454768 	0.000000 	0.507923 	0.251115 	1.773333 	0.000000 	0.830217 	1.618286 	0.000000 	-2.000969 	-0.088453 	-0.588803 	-1.986010 	0.000000 	-0.292519 	0.000000 	-1.399071 	1.282501 	1.742470 	-0.883502 	0.000000 	0.496171 	-0.797283 	-2.223253 	2.531686 	0.968032 	0.773641 	0.000000 	0.000000 	1.603721 	0.000000 	0.950056 	0.877436 	0.858215 	0.000000 	0.000000 	-2.311188 	-0.559973 	
2.084048 	-0.414467 	-2.210839 	-0.828220 	0.000000 	0.516599 	-1.253674 	-0.684652 	1.655164 	-0.357486 	0.262682 	-0.058197 	1.173423 	-0.248693 	1.120084 	1.728132 	0.376431 	0.000000 	0.819387 	-0.801993 	-0.196698 	0.000000 	-0.758026 	-0.787694 	-0.347376 	0.629244 	0.812420 	-0.815377 	-1.369428 	-1.572341 	-1.591536 	1.107662 	-0.302164 	1.177040 	0.940943 	0.000000 	-1.123984 	-0.578759 	1.243567 	1.080503 	1.428820 	
1.804625 	-1.645388 	-0.354202 	0.000000 	-0.767558 	0.000000 	-1.037066 	0.556106 	3.916747 	0.966383 	0.000000 	0.000000 	1.996346 	0.663056 	0.904594 	2.344167 	0.000000 	-1.304762 	0.000000 	-0.198825 	-1.219162 	1.110980 	1.051037 	-0.253055 	0.258454 	0.000000 	0.000000 	0.000000 	0.592476 	0.000000 	-1.811491 	-0.810850 	-1.690477 	1.576607 	0.000000 	-1.961217 	0.000000 	-1.739596 	-1.580318 	1.630721 	-0.761973 	
-0.431211 	0.000000 	-0.182866 	-0.387330 	-0.424675 	1.479676 	0.157070 	-1.032659 	0.000000 	-0.608603 	-2.931939 	1.103732 	-0.873151 	-1.836257 	0.323975 	1.689462 	-1.553646 	-0.584824 	-1.260486 	0.550332 	1.619653 	0.610430 	-1.125349 	0.498301 	0.000000 	0.000000 	0.156917 	0.000000 	1.209561 	1.658033 	1.665495 	-1.369045 	-0.685929 	1.084469 	-0.571887 	-0.226501 	0.713670 	0.959637 	0.766696 	0.550112 	0.000000 	
-0.419477 	0.000000 	0.000000 	1.607090 	-0.378207 	1.214387 	-0.779396 	0.000000 	1.502469 	0.965768 	-0.687412 	0.000000 	2.623488 	-0.345742 	-1.093968 	2.070576 	0.000000 	-0.878432 	0.484153 	-0.202179 	0.000000 	0.692436 	-0.458923 	-0.467414 	-0.694852 	-2.083922 	-0.391813 	-0.500551 	-0.290310 	1.057802 	-2.561582 	0.879668 	0.891525 	0.260091 	0.996110 	-1.264610 	0.000000 	0.567182 	-0.289465 	0.721606 	0.000000 	
-0.925311 	-1.441143 	0.848427 	-1.146646 	0.000000 	0.454103 	1.172637 	1.213754 	-1.071490 	0.092164 	0.216965 	-1.665407 	1.925545 	-0.257486 	0.000000 	1.107024 	0.602815 	0.000000 	-0.955978 	1.108226 	-1.764132 	0.000000 	0.000000 	0.000000 	2.108090 	0.565891 	0.934516 	0.542135 	0.000000 	0.648855 	0.841124 	-0.665779 	0.000000 	0.711501 	-0.315427 	-2.296960 	-0.201815 	-1.200039 	0.000000 	0.000000 	0.763142 	
0.800815 	0.000000 	-2.351468 	-1.132314 	-0.552857 	0.000000 	0.225372 	-2.539095 	0.771286 	0.169252 	1.855782 	0.387683 	0.398759 	1.347711 	1.532205 	1.400759 	0.044696 	-1.040231 	-0.615500 	0.356760 	-0.444940 	0.625787 	-1.073203 	-0.792406 	0.671288 	0.658984 	2.109655 	-1.741824 	0.000000 	0.000000 	1.329720 	0.912694 	-1.236106 	-1.929851 	0.000000 	-1.373786 	-0.449018 	0.399728 	0.864626 	0.000000 	0.388772 	
-0.413613 	1.021857 	-3.032152 	0.000000 	-0.322323 	1.094384 	-1.125955 	1.159216 	1.088406 	0.000000 	0.000000 	-0.774857 	1.237847 	-1.394015 	0.427902 	1.387393 	0.955766 	-0.489713 	0.000000 	-0.202472 	0.000000 	0.698230 	-2.228384 	-1.034053 	-0.871994 	-0.750499 	-0.109087 	0.465632 	0.000000 	0.493694 	-1.036824 	0.832195 	0.542672 	0.000000 	2.118695 	-0.609435 	0.000000 	0.730930 	2.252401 	0.000000 	0.000000 	
0.944372 	0.000000 	-1.159485 	-1.252755 	1.133002 	-1.019581 	0.000000 	-1.442571 	1.562976 	2.136976 	0.000000 	0.000000 	0.000000 	2.410524 	-0.361230 	0.138823 	0.347343 	0.671625 	-0.867257 	-1.372863 	1.662003 	0.000000 	0.979859 	-0.410811 	0.557195 	-0.357620 	0.000000 	-2.085125 	0.000000 	2.531075 	-0.202005 	0.245872 	2.036001 	-1.726978 	-2.998074 	-0.915743 	0.000000 	1.277433 	-1.475573 	0.000000 	0.000000 	
0.454630 	0.000000 	-1.621861 	-0.309582 	0.129196 	1.605457 	0.798120 	1.127697 	2.293853 	0.427612 	-0.721253 	-0.946836 	-0.487381 	-1.038604 	-0.393620 	1.705572 	-1.106557 	-0.692390 	-0.152063 	-0.436031 	-1.307125 	0.176003 	-1.802385 	-1.235860 	0.000000 	-1.013369 	0.935527 	2.519183 	-0.836221 	-0.356496 	0.236598 	0.075761 	0.861333 	-0.499505 	0.297502 	0.189979 	1.492592 	-1.221957 	1.199254 	-0.609815 	2.073440 	
-0.580448 	0.000000 	0.000000 	1.105994 	-1.202390 	0.481909 	0.000000 	-0.651240 	0.000000 	1.960521 	0.000000 	-1.461807 	2.075085 	0.000000 	-1.631520 	1.261030 	-0.955741 	0.000000 	1.156914 	1.072475 	-1.685195 	0.000000 	-0.542657 	0.405956 	0.000000 	-0.468103 	1.216635 	0.229571 	-2.174905 	0.841621 	-1.153250 	1.039301 	1.134033 	1.154326 	0.303325 	-1.294236 	-0.583780 	0.662264 	0.905597 	0.602658 	-0.709530 	
-1.243137 	-1.916908 	3.230918 	0.909271 	0.293329 	0.000000 	0.858669 	0.788498 	-3.180955 	-0.203209 	-0.807830 	2.296118 	0.951711 	-0.687701 	0.046309 	-0.480936 	0.000000 	0.000000 	-0.867044 	0.169550 	1.410879 	0.000000 	0.000000 	-0.988025 	0.104923 	-1.397943 	-1.023003 	0.000000 	0.000000 	0.579811 	-1.588862 	0.000000 	0.000000 	2.212585 	0.000000 	0.000000 	-0.290801 	0.443002 	0.000000 	1.241326 	-0.592462 	
-0.993985 	-1.601414 	1.350001 	0.000000 	0.000000 	0.928714 	0.547409 	0.000000 	-0.553738 	1.573728 	-0.740963 	0.364909 	0.000000 	0.000000 	-1.240168 	1.238342 	-0.160071 	0.000000 	0.720261 	-1.410173 	0.507585 	1.276656 	-1.086951 	-0.297444 	0.098936 	-1.167812 	-0.268487 	0.000000 	-0.135487 	1.168905 	-0.969946 	1.039218 	1.701449 	1.578083 	0.445484 	-0.715228 	-0.849556 	-1.082624 	0.000000 	0.453913 	1.264403 	
0.000000 	0.151497 	0.384223 	-0.648230 	0.734466 	0.964661 	-0.695287 	1.939568 	1.144332 	-1.148644 	0.403458 	-1.590426 	0.705433 	-0.149540 	1.038857 	-0.792188 	0.000000 	1.016719 	0.409775 	0.630169 	-0.601614 	0.682020 	0.588405 	-0.654885 	1.102109 	0.000000 	-1.504845 	0.000000 	0.000000 	0.963026 	-2.007616 	0.566144 	0.614275 	0.000000 	-0.353975 	-0.629302 	0.000000 	-2.132426 	0.325667 	0.000000 	-1.088536 	
0.845342 	-2.117755 	2.025557 	0.661659 	-1.655184 	0.000000 	0.242279 	-2.349875 	0.629888 	-0.312668 	-0.682424 	0.000000 	0.567130 	1.099089 	-1.322138 	-0.744918 	0.000000 	0.000000 	0.664584 	-0.224670 	-0.310800 	-0.403379 	0.784474 	0.000000 	0.000000 	0.899927 	0.000000 	-0.473757 	1.030082 	-0.994021 	0.000000 	1.497013 	-0.797892 	0.151446 	0.000000 	0.456278 	0.628011 	-1.677619 	-1.533825 	0.777461 	1.612744 	
1.271997 	0.000000 	-0.378171 	0.575012 	-0.468220 	0.365071 	-1.018300 	-0.994819 	1.333067 	-0.345026 	-3.092140 	1.290142 	1.800933 	-0.327423 	0.000000 	1.199984 	0.713853 	-0.571019 	0.443416 	-0.882256 	0.484138 	0.000000 	-0.982850 	-2.023146 	-0.969519 	-1.116980 	1.015001 	-0.374492 	-1.200707 	1.637713 	-1.044788 	0.983075 	0.540713 	0.685723 	-0.881221 	0.000000 	0.000000 	1.520892 	0.669911 	0.148087 	1.453641 	
-1.623013 	1.742829 	-2.798603 	-1.404406 	0.000000 	0.941099 	1.589465 	-0.527996 	-0.768223 	0.180417 	0.740887 	-2.161131 	0.000000 	-1.065484 	-1.540642 	0.333064 	0.580834 	1.186862 	-1.196414 	1.039082 	0.241702 	-1.399908 	-1.033715 	-0.280696 	-1.141169 	0.000000 	1.815085 	0.000000 	-0.502620 	0.116044 	1.412923 	0.604597 	1.636691 	-2.023936 	1.321909 	-0.083095 	0.616114 	0.559403 	2.398464 	1.201192 	0.000000 	
-0.888870 	-0.541061 	0.398268 	0.000000 	0.000000 	-0.740623 	0.579601 	-1.473308 	0.000000 	1.459898 	-0.725482 	0.000000 	0.563833 	0.305477 	-2.488712 	1.761376 	-0.122328 	0.949631 	0.000000 	-0.635226 	1.941312 	0.000000 	0.000000 	-0.445395 	0.000000 	-0.903778 	0.870921 	-1.485967 	1.681883 	0.686232 	0.000000 	-0.997811 	1.887807 	-0.926136 	0.526815 	-0.644349 	0.942057 	0.000000 	-0.961509 	0.000000 	1.095342 	
0.000000 	0.415922 	-0.676504 	-1.268635 	-1.389109 	-1.052849 	1.154655 	0.552755 	1.673051 	0.714145 	-1.608424 	0.308655 	1.060758 	0.000000 	0.000000 	1.738422 	1.376640 	-0.580887 	-0.491233 	0.260947 	0.521328 	2.433673 	-1.899802 	-2.814323 	-0.105657 	0.272804 	0.974596 	0.401063 	1.758269 	2.033262 	0.000000 	-0.750178 	-0.290721 	-0.841748 	-0.802977 	-0.305574 	0.000000 	-1.330309 	0.256501 	0.000000 	0.000000 	
-1.187755 	-0.711835 	0.944468 	0.000000 	1.839540 	0.419515 	0.759411 	-0.578431 	-1.058349 	0.000000 	0.855447 	0.000000 	1.696110 	-0.315628 	-0.398906 	1.548458 	0.172167 	0.498388 	-0.456457 	-0.530476 	-0.777377 	-1.314113 	0.135962 	-0.129710 	0.000000 	-0.932735 	2.184656 	-1.077455 	0.000000 	-0.478462 	0.910475 	-0.726898 	0.968614 	-1.373898 	0.000000 	-0.971153 	-0.511554 	-0.282503 	-0.241906 	0.000000 	2.243035 	
