0.594724 	0.000000 	1.483482 	0.000000 	0.433518 	-0.185776 	0.963303 	0.329136 	0.000000 	-0.448385 	0.000000 	0.000000 	0.000000 	0.541895 	-1.900400 	-0.170813 	-0.410616 	-0.754260 	0.968245 	0.000000 	-0.844486 	0.308391 	-1.749329 	-0.302952 	0.688148 	-0.478942 	0.550285 	-0.460626 	1.652431 	-1.228351 	0.000000 	0.655203 	0.302966 	-0.908748 	-0.314171 	-1.073101 	0.000000 	0.152204 	0.777305 	0.000000 	-0.567229 	0.664701 	0.000000 	1.044852 	-0.654946 	1.230138 	0.594531 	0.000000 	1.018261 	0.000000 	-1.359358 	
0.000000 	0.747425 	0.000000 	0.000000 	-1.225169 	-0.296272 	-0.549318 	0.000000 	-0.457283 	0.209352 	0.154030 	0.000000 	0.950877 	-1.312185 	0.000000 	0.000000 	1.269688 	0.000000 	0.060871 	-1.261299 	0.789777 	0.841184 	-0.800093 	-0.850934 	0.836156 	0.000000 	-2.064882 	-0.066145 	0.540699 	-0.242065 	1.180808 	0.000000 	0.478741 	1.034398 	-1.125304 	1.292339 	0.000000 	0.000000 	0.427097 	0.000000 	0.000000 	-0.758092 	1.013273 	0.000000 	0.980612 	-0.571485 	0.000000 	-1.788182 	-0.583539 	-0.172534 	1.423293 	
0.000000 	-0.376840 	0.977910 	-0.140787 	-1.006358 	0.000000 	0.573725 	0.381837 	-1.239644 	0.432962 	0.000000 	0.339107 	0.000000 	-0.506389 	-0.631421 	0.438011 	-0.311929 	-0.303693 	0.515745 	-0.263905 	0.086286 	0.000000 	-1.239245 	0.647883 	1.249718 	-0.181055 	0.187035 	-1.366142 	0.000000 	-0.397303 	-0.456120 	0.765157 	-0.269979 	-0.070856 	-0.493791 	0.000000 	-0.624327 	1.599319 	1.302594 	-0.443901 	-0.520539 	0.000000 	0.527452 	-0.309943 	0.000000 	0.962976 	0.000000 	0.736320 	-0.974101 	0.848697 	0.536937 	
-0.649629 	0.099513 	-0.096437 	-1.192064 	-1.888971 	-0.652456 	-1.243870 	0.099431 	-0.852455 	1.196991 	0.885941 	0.000000 	0.000000 	-0.358235 	-0.763549 	-1.263147 	0.000000 	0.592897 	1.245492 	0.000000 	0.000000 	0.769073 	0.000000 	0.279542 	0.626800 	0.331365 	-0.531673 	-0.747169 	1.368226 	-1.012136 	0.754152 	0.966943 	-1.296369 	0.000000 	1.307523 	0.000000 	-0.805070 	0.953277 	0.000000 	0.967720 	0.000000 	0.000000 	0.893647 	-0.714061 	0.442822 	0.000000 	1.384266 	-0.536773 	0.000000 	1.140507 	-1.631834 	
1.612468 	0.692732 	-0.281250 	1.083864 	0.823023 	-0.467631 	0.000000 	-0.412424 	0.000000 	0.000000 	0.340761 	0.000000 	-0.943953 	-1.741445 	-0.790565 	-0.685925 	-0.426758 	0.451946 	0.000000 	-0.609675 	-0.180898 	0.772856 	0.259266 	1.305016 	-0.634708 	0.346871 	-0.713769 	1.755263 	0.082321 	0.751693 	0.000000 	0.000000 	0.977224 	1.064474 	-0.262576 	0.000000 	0.294977 	-1.544474 	0.000000 	-0.495934 	0.476827 	-0.195559 	-0.633236 	0.473402 	-1.562910 	-1.227095 	0.391797 	1.270376 	0.152948 	0.320882 	-0.926860 	
0.000000 	0.466635 	1.087366 	0.411817 	0.000000 	0.000000 	-0.529396 	0.466090 	0.000000 	0.769071 	-0.269180 	-0.141303 	-1.721732 	-1.274311 	0.000000 	0.000000 	-0.998139 	0.000000 	0.769383 	-0.711846 	0.000000 	0.000000 	1.157840 	0.000000 	0.000000 	1.585582 	-0.612158 	0.000000 	-1.114994 	0.927642 	0.000000 	-0.415138 	1.303975 	0.000000 	-0.746622 	0.423234 	-0.177080 	0.000000 	-0.896579 	0.118344 	-0.780980 	-0.835818 	-0.205678 	1.221077 	0.921023 	0.000000 	0.948069 	0.991867 	0.634234 	-1.326382 	-0.481104 	
0.000000 	-0.968386 	-1.209384 	0.000000 	0.000000 	0.000000 	0.386011 	2.318731 	0.000000 	0.252497 	-0.985774 	0.000000 	0.915988 	-0.485068 	1.525668 	0.000000 	-1.482889 	-0.963922 	0.964238 	0.000000 	-1.090045 	0.000000 	0.000000 	-0.174314 	0.844104 	-1.839565 	0.720550 	-0.809027 	0.000000 	-1.092693 	-1.924429 	0.000000 	0.000000 	-0.663984 	2.331802 	0.000000 	0.000000 	-0.515087 	0.000000 	1.658246 	-1.471542 	1.098032 	0.000000 	0.373510 	0.000000 	0.835894 	0.000000 	-0.201554 	0.454220 	0.188375 	0.805624 	
-0.219449 	0.000000 	0.227497 	-0.233632 	-0.154606 	-0.174898 	-0.788063 	0.230101 	0.222580 	0.000000 	0.000000 	0.000000 	0.000000 	-0.131876 	0.000000 	0.405492 	0.000000 	-1.303059 	0.989715 	-0.988145 	-0.826801 	0.000000 	0.713699 	0.645875 	-1.001427 	0.722720 	0.000000 	-0.250986 	0.793913 	0.989223 	0.000000 	-1.001799 	1.768966 	-0.808145 	-0.668101 	0.000000 	0.282173 	0.000000 	-1.448273 	0.682157 	-0.968020 	0.135659 	0.889868 	0.000000 	0.000000 	1.032955 	1.384273 	-0.383665 	1.539122 	-0.738219 	-0.825043 	
-1.431151 	-0.559243 	-1.345814 	1.156347 	-0.458168 	0.000000 	0.586089 	0.988167 	-2.065681 	0.000000 	-0.243914 	0.000000 	1.586460 	1.000743 	-1.254835 	0.000000 	0.372301 	0.000000 	0.000000 	1.114377 	-0.722932 	-0.463729 	0.000000 	-0.330833 	0.000000 	1.288421 	-1.321861 	0.926572 	0.000000 	0.449044 	0.037507 	-0.625231 	0.871561 	0.000000 	0.000000 	0.668875 	0.713313 	0.000000 	-0.111894 	-0.491136 	1.438789 	0.000000 	1.296897 	-1.646727 	-0.381656 	0.147239 	0.000000 	0.246837 	-1.746844 	0.363520 	-0.216193 	
0.149981 	0.000000 	0.976121 	0.163440 	0.498380 	0.297400 	0.000000 	0.778286 	1.693086 	0.000000 	0.239925 	-0.441796 	0.000000 	0.000000 	0.920501 	0.716368 	1.301780 	0.000000 	-0.373988 	0.000000 	0.000000 	-0.624454 	0.000000 	0.535130 	0.774572 	-0.178005 	-0.393627 	1.204218 	-0.528790 	-2.138993 	0.000000 	0.000000 	0.000000 	-0.774559 	0.000000 	-0.638121 	-1.143670 	0.785201 	-1.143709 	-2.885292 	0.208767 	1.324556 	-1.480842 	0.000000 	0.531120 	1.016016 	0.000000 	-0.459065 	-0.650563 	0.000000 	0.000000 	
-1.767062 	0.322267 	-0.599860 	0.000000 	0.839102 	0.638016 	-1.065722 	-0.261922 	0.519579 	-0.840029 	0.000000 	0.000000 	-0.901287 	0.700004 	-0.109892 	-1.460924 	0.000000 	0.697352 	0.850504 	1.844773 	0.150978 	0.661897 	0.000000 	-0.865218 	0.000000 	-0.795684 	-0.534053 	0.384637 	0.000000 	0.000000 	1.427742 	-1.110638 	0.154771 	1.252915 	-0.058977 	1.030875 	0.596019 	-1.899142 	0.494459 	0.000000 	0.737422 	1.282122 	0.000000 	-0.747896 	0.000000 	-1.034126 	-1.010840 	0.000000 	-0.875375 	0.474056 	0.573062 	
0.000000 	-0.099291 	-0.216624 	-0.744480 	-0.887395 	0.000000 	0.000000 	0.523372 	0.838362 	0.729738 	1.143199 	-1.111240 	1.011042 	-1.126942 	1.217095 	0.000000 	0.000000 	-0.302270 	-1.454804 	-0.618190 	-0.267085 	0.000000 	0.000000 	0.000000 	0.169300 	1.101978 	-0.666147 	-0.135525 	0.000000 	-0.955815 	0.000000 	0.263192 	0.948446 	-0.501457 	1.592222 	-0.564663 	0.000000 	0.000000 	-1.499213 	0.000000 	1.103727 	-0.539378 	-0.521257 	0.804956 	0.063890 	0.000000 	0.652041 	0.000000 	-1.201468 	1.326340 	0.000000 	
0.000000 	0.246803 	2.180240 	0.000000 	-1.384534 	0.335116 	-0.279223 	0.093172 	1.603767 	-0.622611 	0.000000 	-1.417005 	-0.510403 	-1.521064 	-0.588100 	-1.648753 	-1.215036 	-1.191764 	0.000000 	0.000000 	0.492011 	0.922179 	0.000000 	0.672688 	0.215762 	0.000000 	-1.327009 	-1.091140 	0.000000 	0.834327 	0.705109 	0.342198 	0.000000 	0.784574 	0.883610 	0.771304 	0.607896 	0.000000 	0.119986 	0.000000 	-0.365706 	0.975586 	0.856385 	0.000000 	0.000000 	0.000000 	0.000000 	0.000000 	-0.949939 	1.287836 	0.000000 	
1.359414 	-0.297725 	0.000000 	0.000000 	0.933064 	-0.703044 	0.870564 	-0.531548 	0.000000 	0.314535 	0.000000 	1.324595 	-1.577463 	-0.572928 	0.635571 	-0.272934 	0.598188 	-0.946044 	0.910569 	-0.968287 	-1.282979 	-0.528566 	0.589858 	0.740712 	0.000000 	-0.872184 	0.490863 	0.000000 	0.000000 	0.340163 	0.000000 	0.000000 	0.456431 	0.000000 	-1.035947 	-0.564828 	0.976641 	-1.895635 	1.274492 	-0.768536 	-1.192384 	0.526351 	0.256125 	0.000000 	0.325844 	0.052788 	-0.459056 	0.000000 	0.553673 	1.582938 	0.657501 	
0.000000 	0.297549 	0.000000 	-0.301496 	0.000000 	0.676404 	-1.093555 	1.071117 	0.178500 	1.417198 	-0.623106 	0.000000 	-1.053918 	0.274827 	0.590439 	0.572894 	-1.013562 	-1.099202 	-0.452069 	-0.226970 	-0.940031 	0.000000 	0.000000 	1.461210 	-1.131109 	0.000000 	0.631077 	0.000000 	0.267684 	1.074612 	-0.461807 	-1.001536 	0.000000 	0.433869 	0.000000 	-0.898761 	1.437034 	-0.440369 	-0.668100 	0.543599 	0.518241 	0.000000 	-0.766002 	0.000000 	0.000000 	0.763252 	-0.658926 	-0.763653 	0.000000 	1.898841 	0.000000 	
0.000000 	-0.606293 	0.426853 	-0.681104 	1.041634 	0.000000 	0.000000 	-0.998395 	0.000000 	0.970027 	-0.698684 	0.744340 	0.000000 	1.083955 	-0.091550 	0.492091 	-0.693923 	-1.101358 	-0.491047 	1.247078 	0.877938 	-0.385257 	0.000000 	-1.056868 	0.036093 	-0.531889 	0.000000 	0.000000 	0.000000 	1.148478 	0.449410 	-0.073898 	0.000000 	-0.913597 	-0.657815 	-0.402080 	-0.696836 	0.000000 	0.560737 	-0.512619 	-0.225545 	1.396228 	0.000000 	-1.947958 	0.000000 	0.615252 	0.000000 	0.205908 	0.000000 	1.353496 	0.420592 	
0.000000 	0.000000 	0.821088 	0.000000 	0.812971 	0.358014 	0.846759 	-0.957541 	0.165311 	0.000000 	0.999114 	0.000000 	-1.008385 	-0.768210 	-1.178794 	0.000000 	-1.836291 	-0.176457 	1.560493 	0.301845 	0.000000 	0.290962 	-1.452343 	0.000000 	1.002616 	-0.893368 	1.175295 	0.000000 	0.000000 	1.215433 	-0.911503 	-0.708634 	-0.369511 	0.505191 	0.000000 	-1.103015 	0.000000 	0.000000 	0.673706 	1.259513 	0.000000 	0.810721 	-0.273691 	0.974971 	0.000000 	-0.672214 	-1.439566 	0.699172 	0.000000 	-0.289635 	0.000000 	
1.036108 	-0.842380 	-0.181421 	-0.082622 	0.834906 	0.913330 	0.854177 	0.000000 	0.000000 	-0.660832 	-1.102417 	0.000000 	1.406503 	0.000000 	0.000000 	1.492795 	-0.940309 	-1.095543 	0.069641 	0.000000 	0.671602 	-0.845193 	-1.503915 	1.074846 	-0.468725 	0.000000 	0.772048 	0.000000 	0.889603 	-1.094279 	-0.059734 	0.475883 	0.426242 	0.000000 	-0.581233 	0.000000 	0.000000 	0.000000 	0.428243 	-0.708595 	0.000000 	-0.667750 	-0.409268 	0.544118 	-0.758061 	1.582111 	0.573228 	-1.101199 	0.000000 	0.840764 	-0.898997 	
0.000000 	0.000000 	1.166153 	1.248729 	0.000000 	-0.587066 	0.000000 	0.294322 	0.000000 	-0.917504 	0.058780 	0.164115 	-0.172822 	-1.372887 	-0.311832 	0.000000 	-1.349078 	-0.620057 	1.740744 	-0.135175 	0.000000 	0.795383 	0.000000 	0.000000 	0.000000 	0.000000 	-0.637248 	0.832025 	0.000000 	1.294775 	-0.145508 	-1.037366 	1.393206 	0.345068 	-1.525045 	0.000000 	-1.273433 	0.000000 	0.000000 	0.540862 	-1.205436 	1.190965 	0.000000 	0.679405 	0.545227 	0.000000 	0.000000 	1.037061 	0.000000 	0.000000 	0.000000 	
0.450320 	1.066655 	-0.727268 	0.726658 	-0.685461 	1.296849 	0.276694 	-0.972891 	0.430210 	1.327255 	0.359012 	0.000000 	0.000000 	-1.047199 	0.000000 	-1.669359 	-0.451348 	0.311585 	0.000000 	-0.430032 	0.645550 	0.103027 	-0.891647 	0.000000 	0.277522 	-0.261445 	-0.170010 	0.000000 	0.980146 	0.000000 	0.931663 	1.223054 	1.265124 	-0.310406 	-1.349077 	0.987320 	-1.077616 	0.000000 	-1.147016 	0.000000 	0.000000 	0.362988 	-0.424912 	0.000000 	-0.960775 	-0.827491 	1.207593 	-0.454313 	-0.736841 	0.886759 	0.540333 	
