0.603831 	0.571506 	0.060812 	0.057981 	0.892013 	0.000000 	1.566010 	0.882440 	-1.823334 	0.000000 	0.652281 	1.159999 	0.424290 	0.000000 	0.943657 	2.069510 	-1.400362 	-0.695359 	0.000000 	-0.345203 	-0.878493 	-0.965433 	0.000000 	-0.128341 	-0.840758 	-0.435894 	0.000000 	0.052270 	-0.355861 	-1.539914 	1.333432 	-1.137224 	-0.504527 	1.376668 	-0.304673 	1.400250 	-0.215586 	-1.424555 	
-0.427477 	0.000000 	0.277554 	0.000000 	0.000000 	-0.372714 	1.464421 	0.772373 	0.489789 	-0.765714 	1.543074 	-1.173946 	-0.993193 	1.087501 	-0.889092 	-1.400251 	0.940483 	0.809901 	-0.468334 	0.000000 	0.683835 	0.792965 	1.672334 	0.000000 	0.000000 	-1.383427 	-1.179417 	0.000000 	-1.496516 	1.249236 	0.290146 	0.696039 	0.983769 	0.000000 	0.412870 	-0.171393 	-1.194127 	-0.426633 	
1.280364 	0.000000 	2.115076 	0.000000 	0.000000 	-0.562356 	0.000000 	-2.114560 	0.000000 	-2.214354 	0.000000 	3.635710 	1.936054 	2.996665 	0.000000 	-0.533039 	-2.196072 	0.000000 	0.000000 	0.000000 	-1.802244 	0.000000 	1.644825 	0.000000 	0.000000 	0.000000 	0.000000 	-3.031432 	-3.538549 	-0.505620 	0.000000 	-1.529815 	2.676699 	0.454448 	0.000000 	-0.375426 	2.728222 	0.000000 	
0.643352 	1.131691 	0.000000 	0.764694 	0.000000 	0.000000 	-1.749636 	-2.591143 	1.519859 	-1.440882 	0.896271 	-0.783949 	0.219903 	-0.518940 	0.000000 	0.000000 	0.000000 	1.264437 	-2.328560 	0.892024 	-0.691728 	-0.450064 	0.591583 	-0.484428 	1.739547 	1.143019 	0.000000 	1.482134 	0.554951 	0.000000 	-1.166865 	-1.687513 	0.683430 	-1.035208 	-0.388994 	0.000000 	1.188115 	0.000000 	
0.877845 	0.191306 	-0.625973 	-1.120265 	0.512268 	0.903196 	2.384470 	1.338858 	0.563178 	0.413457 	1.184970 	0.000000 	-1.429240 	-0.640087 	-0.715400 	-0.805077 	-0.422120 	0.869267 	0.627466 	0.730575 	0.000000 	0.689038 	-0.782023 	-1.604630 	-0.778776 	0.050590 	0.000000 	0.811634 	0.639444 	0.456772 	0.393230 	0.063370 	-1.172379 	0.517270 	-1.247195 	0.000000 	-1.248678 	-0.483313 	
2.633933 	-0.223145 	0.336119 	-1.673248 	0.496610 	0.991148 	0.608199 	-0.294003 	1.367470 	-0.832716 	0.000000 	0.000000 	-0.334224 	0.981453 	-2.318963 	-0.668623 	0.000000 	-2.697570 	0.000000 	0.702707 	-1.951706 	-1.470565 	0.800393 	-1.178063 	0.000000 	1.136230 	1.119516 	1.158922 	0.529958 	-1.145017 	-0.306129 	0.583522 	-0.160127 	1.581830 	0.705838 	0.891175 	0.511481 	0.000000 	
0.000000 	-1.171937 	0.000000 	-1.175888 	1.237574 	0.768921 	2.694996 	2.285825 	0.403016 	0.000000 	1.349939 	1.220230 	-1.141411 	0.000000 	0.000000 	0.000000 	0.668313 	-0.632553 	0.254400 	-1.031431 	0.000000 	2.308491 	2.095058 	-1.848443 	0.000000 	-3.015639 	0.154589 	-1.097836 	0.000000 	1.049544 	1.207778 	0.632553 	1.136781 	-1.232944 	0.000000 	0.448990 	-2.418511 	-0.689155 	
-0.814982 	0.885899 	1.049349 	-0.604561 	-0.793646 	-0.378853 	-0.832794 	-0.353039 	1.136044 	-1.123758 	1.039171 	-0.464443 	0.936746 	0.000000 	1.056437 	-0.172230 	0.851737 	1.832616 	-0.282454 	0.915518 	-1.396451 	-0.983163 	1.610292 	0.358083 	1.205877 	0.794047 	-1.464417 	1.181990 	-0.660883 	-0.203376 	-1.738772 	-0.927523 	0.542406 	-0.929716 	-1.325661 	0.000000 	0.587048 	-0.820363 	
0.000000 	0.866076 	0.702587 	-1.036143 	-1.479898 	-0.502535 	1.486281 	0.613835 	-1.022235 	1.123750 	-1.220167 	-1.753781 	-0.259245 	0.893390 	1.229293 	-2.061063 	0.000000 	-1.044308 	1.873042 	-1.111455 	0.000000 	1.395539 	0.000000 	-0.723338 	-0.541402 	0.924838 	-0.655550 	-0.938608 	1.153812 	0.000000 	0.000000 	1.629644 	0.000000 	0.000000 	0.000000 	0.381869 	0.000000 	0.000000 	
-1.312041 	0.000000 	-0.651853 	-0.317892 	0.365900 	-1.875294 	1.516608 	2.291917 	1.198443 	0.137811 	1.166610 	0.678766 	-1.147975 	1.190894 	1.170392 	0.000000 	-0.390088 	0.738008 	0.143998 	-1.792678 	0.000000 	0.000000 	0.101304 	0.243787 	-1.275370 	-0.807242 	0.977077 	0.000000 	-0.301467 	0.000000 	-1.107813 	0.520699 	0.708511 	-0.883676 	-0.164724 	0.632551 	-0.653694 	0.000000 	
1.294614 	-1.451028 	0.962367 	-0.809672 	1.524555 	0.000000 	2.007721 	0.763246 	0.804552 	0.513910 	0.000000 	0.832344 	-0.603072 	0.000000 	0.000000 	-0.373176 	-1.540871 	0.000000 	0.797119 	0.000000 	-0.456625 	1.907026 	0.383692 	-1.305337 	-1.589197 	0.000000 	0.792045 	-1.519545 	-0.420230 	0.090499 	-1.499915 	0.153849 	0.046426 	-0.701528 	0.571453 	0.000000 	0.000000 	0.783930 	
0.980393 	0.101148 	0.818045 	0.216776 	1.817829 	-0.761210 	1.922671 	0.361830 	0.645460 	0.246342 	1.208385 	-2.251508 	-1.522624 	0.000000 	0.000000 	-1.049784 	-0.941189 	-1.241785 	-0.871985 	-0.671298 	0.000000 	1.565909 	0.973822 	-1.118169 	-0.400159 	0.000000 	0.699991 	0.000000 	1.068806 	0.724835 	-0.599060 	1.464994 	0.182604 	-1.769824 	0.361138 	0.588215 	-0.425838 	0.000000 	
0.000000 	0.154675 	-0.831500 	-0.801980 	3.279220 	1.447347 	2.089918 	0.105760 	-0.773243 	0.501651 	0.984585 	-0.377486 	-1.736418 	-0.498930 	0.669768 	0.000000 	-0.515632 	1.269369 	-0.677319 	0.000000 	0.000000 	2.165337 	-0.984232 	0.000000 	-0.329487 	-1.561404 	0.594976 	-0.457421 	0.000000 	0.257794 	0.000000 	-0.942602 	0.810277 	-2.679845 	0.752287 	0.000000 	-1.404977 	1.014080 	
0.167208 	3.441127 	-1.301243 	0.000000 	0.000000 	-0.434762 	0.349424 	0.594404 	0.000000 	-2.134237 	1.447629 	-2.554775 	-2.045811 	1.045152 	-0.994662 	-0.616035 	1.879939 	0.549349 	-1.420362 	1.160829 	0.000000 	-1.570810 	-0.405759 	0.604055 	-0.168401 	-0.519763 	-0.526047 	2.549129 	-0.501789 	0.000000 	1.371700 	1.156965 	0.360121 	0.481166 	0.000000 	0.569452 	-1.498510 	-0.880657 	
0.000000 	-2.634247 	0.774475 	0.000000 	0.000000 	0.299010 	0.983585 	0.000000 	1.563277 	0.000000 	1.075542 	1.174612 	-0.433244 	0.000000 	-0.922858 	-0.814749 	0.000000 	0.000000 	0.000000 	-1.620957 	0.812233 	0.000000 	1.474261 	0.000000 	1.109718 	-0.623981 	1.089284 	0.000000 	0.503302 	1.926524 	-1.108133 	-0.294969 	0.324971 	-0.100059 	-1.241364 	-1.643666 	0.000000 	-0.869431 	
1.964179 	-0.882899 	1.225655 	0.360740 	-0.056266 	1.246441 	0.000000 	-2.569824 	0.992462 	-1.414163 	0.000000 	0.198415 	0.000000 	0.913932 	-0.650206 	-0.985791 	0.583503 	-0.917621 	0.000000 	0.526376 	-1.095637 	-2.265641 	1.303732 	0.665192 	0.439464 	0.512638 	-0.827985 	-0.168293 	0.000000 	-0.153674 	0.942715 	0.000000 	0.450005 	0.523882 	1.194959 	0.000000 	-0.445078 	-0.943295 	
-1.221729 	0.000000 	-0.510872 	-0.405644 	-0.470094 	0.000000 	1.398806 	0.765925 	-1.575536 	1.388491 	-0.239455 	-1.055815 	0.698346 	0.658707 	-0.181180 	-0.592991 	-1.106234 	-0.232479 	0.000000 	-0.276353 	0.632201 	1.088066 	1.199179 	0.457669 	0.000000 	0.330221 	-0.352795 	-0.517660 	-0.475943 	0.695856 	0.000000 	0.000000 	-0.690502 	1.170673 	0.000000 	0.000000 	0.000000 	-0.492622 	
0.000000 	0.484894 	-1.827218 	-3.326960 	2.458253 	2.240618 	1.190424 	0.000000 	0.169156 	0.054958 	0.814963 	1.323194 	0.000000 	2.405069 	-1.140469 	-0.733665 	-0.504555 	-1.384771 	-0.372657 	0.000000 	-2.793812 	0.228216 	0.184817 	0.000000 	0.635465 	-0.863610 	1.163846 	0.000000 	-0.933902 	-1.798080 	0.514035 	-0.977056 	1.949951 	-1.112474 	1.762253 	1.598454 	0.000000 	1.619821 	
1.413979 	1.004164 	1.129322 	0.000000 	-1.845683 	-0.912489 	0.000000 	0.000000 	1.104027 	-0.920295 	1.316831 	-1.814026 	-0.850559 	-0.445140 	0.463215 	-0.959588 	1.803525 	0.700948 	0.527289 	-0.598290 	0.000000 	1.567482 	0.000000 	-3.070791 	0.210096 	-0.444654 	-2.183266 	1.151452 	0.638150 	-1.138171 	0.000000 	0.000000 	1.357144 	0.000000 	0.587553 	1.441841 	0.000000 	0.317713 	
1.184234 	0.000000 	0.000000 	0.000000 	0.619053 	1.329172 	0.324243 	0.000000 	0.000000 	0.134610 	0.000000 	1.124845 	0.000000 	-1.442580 	-0.453363 	-0.020908 	0.000000 	0.000000 	0.000000 	1.756203 	0.000000 	2.852434 	0.000000 	-3.147567 	0.000000 	-1.329420 	-1.178359 	-1.710195 	0.000000 	0.451242 	2.507261 	0.143450 	0.000000 	-0.761449 	0.000000 	0.566919 	-1.185414 	0.641668 	
