0.485454 	1.311062 	-1.737055 	0.328085 	0.000000 	-0.629834 	-0.675260 	0.476799 	0.000000 	0.000000 	-0.802382 	0.620228 	-0.722821 	-0.427131 	1.403091 	0.490281 	0.000000 	1.672171 	1.587696 	0.000000 	0.000000 	0.522312 	0.369348 	-0.507165 	0.530338 	1.200069 	1.207551 	1.303083 	0.618110 	0.000000 	-2.163593 	0.000000 	0.538771 	0.000000 	-0.849932 	-0.417287 	-0.380743 	0.000000 	-1.496686 	-0.881986 	0.000000 	-1.154893 	0.000000 	0.000000 	-0.294732 	
0.813471 	0.904260 	-0.689426 	0.525128 	1.187356 	-0.467346 	0.000000 	-0.535637 	0.382251 	0.447692 	-0.814388 	0.286680 	-0.150000 	0.000000 	-0.494944 	-0.847210 	0.157588 	-1.043277 	-0.785674 	-0.944799 	0.000000 	-0.345620 	0.741807 	1.219944 	-0.279834 	0.000000 	-1.166181 	-0.377033 	-1.111163 	0.336594 	-0.620195 	0.000000 	1.633524 	1.200297 	1.874347 	1.263582 	0.000000 	0.000000 	-0.688841 	-0.098734 	0.000000 	0.641052 	0.000000 	-1.686386 	0.000000 	
-1.025263 	-0.471833 	-0.742771 	1.089110 	1.201318 	0.078533 	0.000000 	-0.676239 	-0.490276 	0.330278 	0.894570 	0.720377 	0.595166 	0.000000 	0.000000 	0.000000 	0.000000 	1.852429 	0.796214 	-0.955343 	0.624579 	0.910865 	0.159612 	0.000000 	-1.327869 	0.000000 	-0.620386 	-0.454498 	1.297988 	0.000000 	-0.659940 	-0.299535 	-0.395727 	0.556839 	-0.190496 	0.265480 	0.380683 	-1.578851 	0.890832 	0.000000 	-0.609243 	-0.549873 	1.428547 	-0.320832 	-1.383880 	
0.000000 	-0.705383 	0.000000 	-0.268421 	0.885876 	0.000000 	-1.513707 	0.000000 	0.375633 	0.000000 	-1.324637 	0.000000 	0.913800 	0.605722 	0.000000 	0.000000 	0.000000 	0.686961 	1.420579 	1.004002 	-0.449134 	0.890654 	0.972885 	-0.289977 	0.645427 	0.000000 	0.863162 	-0.379766 	-0.272247 	-1.011900 	0.000000 	0.686263 	-0.521043 	0.977260 	-0.065754 	-0.055313 	-0.641553 	0.000000 	-0.217559 	0.000000 	0.000000 	-0.639452 	-0.724562 	-0.480104 	-0.215719 	
1.266627 	0.000000 	0.000000 	-0.260829 	0.000000 	-0.146896 	0.000000 	0.482670 	-0.051696 	1.157738 	0.000000 	-0.902928 	0.587733 	1.042105 	0.635421 	1.339293 	-0.498042 	0.635496 	0.835385 	-0.784670 	-0.472515 	0.000000 	0.734166 	0.961589 	0.000000 	0.089172 	-0.974901 	-0.500532 	-0.164184 	0.000000 	0.000000 	1.979317 	0.242546 	0.000000 	0.692894 	-0.638882 	-1.804321 	-1.043593 	1.511050 	-0.556351 	-0.852864 	1.060733 	0.000000 	-1.865306 	-1.756228 	
-0.755350 	0.000000 	-0.561181 	0.000000 	0.945707 	-0.471402 	-0.944855 	0.654469 	0.000000 	0.000000 	-0.511946 	-0.645603 	0.000000 	0.684783 	0.196509 	-1.070953 	0.456271 	1.191665 	0.499334 	-0.543544 	0.000000 	0.000000 	0.000000 	-0.940362 	0.876584 	0.000000 	-1.194625 	0.000000 	0.000000 	0.000000 	-0.465765 	0.395375 	1.037749 	1.532980 	0.000000 	1.108155 	0.277761 	0.477590 	0.000000 	0.000000 	-0.784617 	0.521489 	1.065046 	-0.483581 	-0.524347 	
-1.097485 	0.588555 	0.729423 	-1.237170 	0.305447 	-0.885346 	-0.633975 	-1.482754 	-0.433507 	-0.661060 	0.095577 	0.000000 	0.000000 	0.407596 	0.000000 	0.000000 	0.491295 	0.527122 	0.000000 	0.000000 	0.000000 	0.215938 	0.000000 	-2.092280 	0.000000 	-0.050776 	0.000000 	1.677379 	0.000000 	0.578655 	0.000000 	0.284210 	0.794120 	1.009835 	1.744385 	0.000000 	0.901247 	0.857298 	0.256610 	0.000000 	0.000000 	0.051713 	-0.868634 	-0.839813 	0.000000 	
0.000000 	-1.652777 	0.000000 	0.420234 	-0.424040 	-0.173732 	0.000000 	0.590274 	-0.799398 	0.391745 	-0.423834 	0.000000 	0.000000 	-0.098980 	0.370070 	1.348354 	0.000000 	0.682960 	0.000000 	1.025306 	0.416770 	0.000000 	-0.289235 	1.396355 	0.000000 	-0.576390 	0.718454 	-1.045868 	-1.024720 	0.000000 	-1.359469 	0.000000 	0.980594 	1.060943 	-0.439503 	-0.275184 	-0.205751 	0.838725 	0.000000 	0.000000 	0.000000 	-0.932937 	0.000000 	-0.424825 	0.412688 	
-0.469079 	1.639689 	0.922428 	-0.807641 	0.000000 	0.000000 	0.000000 	-2.047019 	-0.271654 	0.000000 	-0.778538 	0.367391 	1.094882 	1.055667 	0.584023 	0.246636 	-0.869213 	0.445222 	1.579263 	0.000000 	-0.746620 	0.491227 	0.330765 	-1.517031 	0.000000 	0.494573 	1.342680 	1.388223 	-0.090764 	0.758953 	0.000000 	0.000000 	-1.821549 	0.000000 	0.835289 	-0.875540 	-0.535039 	0.000000 	0.000000 	0.000000 	0.000000 	0.000000 	-1.277159 	-0.824186 	0.000000 	
0.000000 	-1.496318 	-0.139103 	0.000000 	-0.741439 	-0.902156 	0.000000 	0.462277 	-0.723213 	1.893362 	0.000000 	0.343146 	-1.665977 	0.000000 	0.340836 	-0.106754 	0.289939 	0.884171 	1.018861 	1.634069 	0.000000 	-0.705043 	1.015442 	0.000000 	0.000000 	-0.382676 	0.000000 	0.755897 	0.000000 	0.000000 	-0.773507 	0.065867 	1.522711 	0.363802 	0.000000 	0.000000 	-0.065867 	-0.161518 	0.308558 	-1.696007 	0.000000 	0.000000 	0.420099 	0.000000 	0.000000 	
0.000000 	-1.154949 	-1.359976 	0.488562 	0.674416 	0.000000 	-0.562827 	0.731575 	0.000000 	0.848060 	0.656043 	0.714068 	-0.046963 	-0.431014 	0.887528 	0.000000 	0.000000 	2.093980 	0.000000 	0.000000 	0.000000 	-0.805641 	-0.221516 	0.956236 	0.319947 	-0.772459 	0.000000 	-0.630561 	0.000000 	0.000000 	-1.727718 	0.000000 	0.000000 	1.351514 	-0.667889 	2.140927 	-0.610248 	-0.190849 	0.000000 	-1.049318 	-0.305696 	0.121686 	1.178372 	0.000000 	-0.628669 	
0.000000 	1.203709 	0.000000 	0.000000 	0.058448 	0.000000 	-1.372844 	-0.530348 	0.000000 	-1.159216 	0.915232 	-0.265658 	-0.061581 	0.000000 	1.525881 	0.000000 	0.000000 	0.000000 	0.690525 	-1.019448 	-1.125347 	1.467651 	0.000000 	-0.793000 	0.555250 	0.000000 	-0.079982 	-0.872242 	0.288446 	0.740290 	0.913863 	0.184351 	-0.283865 	1.400068 	0.000000 	0.000000 	0.772126 	0.160224 	-0.673330 	0.644040 	0.000000 	-0.876496 	-1.538862 	-0.607722 	0.000000 	
0.000000 	0.000000 	0.108904 	0.335134 	0.000000 	0.625395 	0.000000 	0.653294 	0.211426 	1.206456 	-0.826287 	-1.289672 	-0.571109 	2.054639 	0.232789 	-1.035262 	-1.053634 	0.000000 	0.000000 	0.000000 	-0.624079 	0.000000 	1.810506 	0.555600 	-0.718648 	-1.145543 	-1.063887 	0.000000 	-0.528471 	0.670885 	0.000000 	0.902897 	0.609686 	1.052318 	2.410100 	0.000000 	0.000000 	-0.106875 	-0.572225 	0.457805 	-0.609715 	-0.174144 	0.000000 	-1.572630 	0.000000 	
-0.602197 	0.956457 	0.000000 	0.000000 	0.000000 	-0.408167 	0.447622 	0.631885 	1.194968 	-0.419262 	0.000000 	0.000000 	0.000000 	1.173258 	0.000000 	0.064987 	0.000000 	0.820075 	1.214198 	-0.263726 	0.844258 	0.176432 	-1.164167 	0.894517 	0.614636 	1.071304 	-0.432982 	-1.026104 	0.201055 	-0.832320 	-1.305163 	0.000000 	-1.215399 	-0.489159 	1.269689 	-0.191145 	0.000000 	0.820404 	-1.449255 	0.112620 	-0.813142 	0.432982 	-0.344903 	-0.481416 	-0.564712 	
0.000000 	0.906731 	-0.646995 	-1.249329 	-1.052770 	-0.333503 	-0.913480 	-0.196179 	-0.964519 	0.883704 	0.000000 	-0.886545 	-0.798968 	-0.716377 	1.791896 	-0.027701 	0.358973 	0.106766 	0.930687 	-0.701532 	0.745507 	-1.017793 	0.479925 	-0.319835 	1.571037 	0.833044 	0.000000 	1.741283 	0.740442 	0.557091 	0.279913 	-0.267200 	0.906778 	-0.449376 	-0.855243 	1.484400 	-0.184037 	-0.641141 	-0.387758 	-1.394432 	-0.600429 	1.700566 	0.547073 	-0.591588 	0.000000 	
0.000000 	0.000000 	0.701166 	0.000000 	0.744859 	0.563194 	-0.380182 	1.113882 	0.339333 	0.000000 	-0.659181 	-1.100283 	0.000000 	1.209783 	0.000000 	-1.235111 	-1.098610 	0.000000 	-0.160170 	0.000000 	-1.062532 	0.616543 	1.107103 	-0.689974 	-0.904049 	0.000000 	-0.641411 	0.000000 	0.000000 	-0.630854 	0.959801 	1.154662 	0.000000 	1.018329 	1.385073 	-0.224753 	0.000000 	0.000000 	0.000000 	0.056066 	-0.373119 	-0.513251 	0.000000 	-0.177816 	0.000000 	
-0.718767 	0.000000 	-0.583640 	0.000000 	0.209398 	1.450199 	-0.816132 	-1.233661 	0.714524 	0.000000 	0.809353 	0.471342 	0.000000 	0.000000 	0.000000 	0.985762 	0.000000 	1.502190 	0.000000 	0.000000 	0.000000 	-1.465889 	-0.094749 	0.000000 	-1.671388 	0.637526 	0.000000 	1.970734 	0.718767 	1.614055 	-1.417490 	1.280962 	0.000000 	0.000000 	-0.733721 	-2.700721 	0.000000 	0.000000 	0.000000 	0.000000 	0.691416 	-1.280962 	0.564809 	-0.776689 	0.549384 	
0.000000 	0.318313 	1.646464 	-0.474060 	-1.407168 	-0.873980 	0.000000 	0.670292 	-0.143105 	0.000000 	-0.557076 	-1.717711 	-1.531251 	1.760575 	-0.941320 	-0.191511 	0.247879 	0.000000 	0.777603 	0.289031 	0.346259 	0.000000 	-0.628548 	-1.080281 	0.853850 	0.708290 	-1.044250 	0.465711 	0.145764 	0.000000 	0.567925 	-0.962032 	1.556460 	-0.895427 	0.682560 	0.590812 	1.385486 	0.000000 	0.653488 	-1.039694 	-0.574150 	1.094855 	0.000000 	0.000000 	0.000000 	
-0.373791 	0.479080 	-0.832787 	0.000000 	0.123092 	0.439948 	0.079631 	1.104187 	-1.445922 	0.000000 	0.643539 	-0.975773 	0.309176 	1.104592 	1.134047 	0.614773 	-1.386738 	0.000000 	0.540370 	-0.224550 	0.000000 	0.148048 	0.163264 	0.000000 	0.000000 	-0.330185 	-0.554103 	-0.082719 	0.497754 	0.351935 	0.000000 	0.921912 	0.362385 	0.986421 	0.000000 	0.000000 	-0.367810 	-0.065329 	0.497621 	-0.331218 	0.000000 	0.000000 	0.531713 	-1.785188 	-0.680833 	
0.000000 	0.000000 	0.000000 	-1.111018 	0.000000 	0.104086 	-0.196685 	0.000000 	0.000000 	1.246842 	0.000000 	0.000000 	0.000000 	0.546099 	1.170680 	0.000000 	-0.942414 	1.620085 	0.000000 	0.718567 	0.000000 	-2.057999 	0.674467 	0.000000 	-0.284855 	1.780567 	0.000000 	2.102948 	0.000000 	0.000000 	-2.081015 	0.714126 	0.000000 	0.777378 	0.000000 	-0.120247 	-1.246854 	0.000000 	-0.340791 	-1.901396 	-0.116750 	1.643752 	0.000000 	-0.402982 	0.000000 	
