1.297266 	1.641383 	-0.576911 	0.000000 	0.000000 	0.000000 	0.934462 	-0.297770 	0.000000 	-1.051078 	1.104714 	2.131115 	0.000000 	0.477519 	0.000000 	2.452999 	-0.245943 	0.000000 	-1.079870 	-1.619392 	-0.959141 	0.000000 	2.415539 	-0.685435 	-0.796092 	0.000000 	1.366693 	-1.853269 	0.000000 	0.000000 	0.000000 	0.000000 	0.000000 	0.000000 	-2.046903 	1.332596 	0.262159 	-3.040177 	0.043693 	
1.060510 	0.639106 	0.000000 	0.961754 	-1.271906 	-1.617412 	-0.662178 	0.000000 	-1.840047 	-1.969335 	2.400441 	-1.042179 	2.704666 	1.331053 	1.535250 	-0.679792 	1.787117 	0.798523 	1.282101 	-0.422295 	0.000000 	-1.296661 	-2.580846 	0.000000 	1.179401 	1.113169 	0.000000 	1.030552 	0.288490 	-0.069712 	-0.240560 	0.000000 	-1.013084 	0.000000 	-1.207435 	-0.567458 	-0.933416 	-0.170371 	1.255914 	
0.819791 	-1.508860 	0.478564 	-0.783147 	0.343106 	-2.406675 	-2.890394 	2.857362 	-0.164776 	-0.545626 	0.144581 	1.246683 	0.000000 	3.066341 	2.894183 	0.000000 	0.236199 	1.820158 	0.000000 	-1.094705 	0.000000 	-0.560438 	-1.799670 	-0.834302 	0.000000 	0.000000 	0.000000 	0.000000 	0.000000 	-0.999604 	0.000000 	0.000000 	1.169974 	0.437005 	-1.359647 	0.000000 	-0.339964 	0.000000 	1.782363 	
0.000000 	0.000000 	-1.085744 	-0.249999 	0.730477 	-1.659725 	-0.753701 	0.000000 	-0.549916 	0.631402 	-1.060130 	-1.789731 	0.770954 	0.791355 	0.521368 	0.000000 	0.168512 	0.704738 	-1.020878 	-0.315262 	0.000000 	-0.787579 	-0.779541 	-0.593522 	1.971116 	0.211849 	0.682897 	1.099358 	-1.397681 	0.000000 	-0.777538 	0.771451 	0.838716 	0.000000 	0.840863 	0.747123 	1.417826 	1.612457 	-0.965921 	
-1.197601 	0.504911 	0.000000 	1.304668 	-1.205671 	0.000000 	1.186224 	-1.833139 	-1.517333 	0.654251 	0.400932 	-2.737252 	0.861913 	-0.431439 	-0.868770 	0.958243 	1.334118 	-0.414893 	0.000000 	0.000000 	-0.214887 	0.994764 	0.000000 	1.712355 	1.297942 	0.000000 	-0.691506 	0.000000 	-0.429172 	0.000000 	-1.239964 	1.049758 	1.128806 	-0.578103 	0.000000 	1.199781 	0.000000 	0.763256 	-2.267648 	
0.520394 	0.000000 	-1.080839 	0.000000 	0.267371 	-0.674517 	1.253785 	-0.912610 	-0.158809 	-2.003953 	1.558081 	-1.463166 	0.717400 	0.000000 	0.289048 	0.336523 	1.642367 	-1.067432 	0.000000 	0.171879 	0.115307 	-1.453152 	-1.463137 	2.551472 	0.000000 	-0.207887 	-0.481935 	1.432884 	1.002210 	2.042589 	0.000000 	-1.994545 	1.530023 	0.000000 	0.270177 	-0.674656 	-0.806365 	1.356436 	-1.973943 	
1.493929 	-1.055619 	-1.047542 	0.211807 	1.185390 	0.000000 	0.000000 	0.647172 	-1.378153 	0.127086 	0.000000 	1.600804 	1.926380 	-0.391491 	2.302541 	0.000000 	0.096772 	1.099071 	-1.088552 	-2.263541 	0.568386 	-0.941085 	1.249674 	1.169041 	-0.909204 	-0.839880 	-1.863255 	-1.372523 	-0.379469 	0.632008 	0.926349 	0.564134 	0.635288 	-0.551442 	-1.579280 	1.546350 	-1.934268 	0.000000 	0.358107 	
-0.390650 	-1.348229 	2.661051 	0.489451 	-4.644971 	-0.828712 	-0.645767 	1.889957 	-2.253506 	0.000000 	-0.320776 	-2.118869 	-2.453567 	0.897256 	0.000000 	1.027670 	2.154705 	0.000000 	0.227330 	-0.864350 	2.262156 	-1.114213 	-0.350145 	-1.724731 	1.810344 	1.217501 	-0.759937 	1.221323 	-0.595849 	0.000000 	0.000000 	1.740156 	0.373135 	0.000000 	1.812304 	-1.105123 	3.482424 	-1.292052 	-0.246218 	
-0.259432 	0.000000 	-2.219115 	0.494871 	1.765331 	-0.985216 	0.000000 	0.000000 	0.000000 	-0.881938 	0.882061 	-2.556674 	1.078647 	0.832973 	1.111194 	0.947194 	0.000000 	1.119185 	-0.840312 	-0.898001 	0.000000 	-0.701190 	0.000000 	2.343751 	0.000000 	-0.830019 	-0.438869 	0.000000 	-0.213193 	0.813304 	-0.863255 	-1.244873 	2.090550 	0.646498 	0.212799 	1.439000 	0.341612 	0.000000 	-1.597175 	
1.903145 	1.307529 	-1.746530 	0.000000 	0.460119 	0.310928 	0.000000 	0.000000 	-1.689111 	-2.042917 	-0.963119 	0.450312 	1.736082 	0.000000 	1.859655 	2.809071 	1.828883 	0.000000 	-0.041403 	-3.071472 	-0.665925 	-0.930414 	0.899045 	0.935424 	0.312772 	0.583880 	1.140299 	-0.897994 	0.000000 	0.443576 	1.033221 	0.000000 	-0.995750 	0.000000 	0.000000 	-1.262935 	1.027718 	-1.149710 	-1.393794 	
0.000000 	1.478548 	0.527495 	2.433180 	1.484530 	0.000000 	-1.375898 	-0.547380 	-0.685151 	-0.863568 	-0.617435 	0.000000 	2.447101 	-0.452749 	1.215055 	1.450656 	-0.218604 	-0.178663 	1.514004 	-1.660048 	-0.443238 	-0.086536 	0.444993 	1.518500 	0.000000 	0.000000 	1.176835 	-1.997908 	0.000000 	-0.262381 	-1.560392 	1.386802 	-0.417337 	-0.665857 	-0.968665 	-0.726681 	-1.244715 	0.243094 	-1.352541 	
-1.359405 	1.108494 	0.975179 	-0.443005 	-2.352611 	0.000000 	-0.637003 	-0.711839 	0.000000 	0.000000 	0.861033 	-1.752377 	2.116661 	1.917592 	-1.191253 	0.000000 	2.690334 	-1.458224 	0.866183 	1.951446 	0.662012 	1.365504 	-0.760193 	1.224840 	0.000000 	0.000000 	0.500530 	-0.691951 	0.000000 	0.000000 	0.824611 	0.683550 	-1.729538 	-0.887923 	-0.730151 	-1.017606 	0.000000 	-0.325009 	-0.857715 	
0.623797 	0.524087 	0.953606 	1.912064 	-1.407897 	1.029285 	1.859826 	1.049268 	-1.052027 	-1.231046 	-0.536470 	1.053699 	-0.984684 	-0.351133 	1.034023 	1.890968 	-0.056024 	-0.760679 	0.385538 	-0.528763 	0.618218 	-0.384529 	-0.466418 	0.188852 	0.508796 	-0.358085 	1.596110 	-0.184055 	-0.547638 	-0.379815 	-1.088756 	1.535805 	-1.120308 	-0.196763 	-1.557186 	-1.908271 	-0.525539 	0.276095 	-1.066851 	
-1.534199 	-1.033482 	-0.208726 	0.656757 	1.084589 	-0.737764 	-0.555776 	1.207472 	0.000000 	0.000000 	-0.573584 	0.000000 	0.483307 	-0.242049 	0.743679 	-0.272269 	0.424602 	0.000000 	0.563245 	0.000000 	1.030187 	-1.085053 	1.993754 	1.921311 	-1.521716 	-1.960669 	0.000000 	-0.158758 	-1.215718 	1.243223 	-0.603918 	-0.948470 	1.825766 	0.452840 	0.000000 	-0.577932 	0.690448 	0.000000 	-0.954752 	
1.385423 	1.897398 	-0.884505 	-2.202093 	0.633289 	0.284104 	0.000000 	-0.438881 	1.446957 	0.000000 	0.727998 	0.533752 	0.000000 	1.241312 	0.000000 	0.000000 	-0.562075 	1.379547 	-1.974848 	0.000000 	0.000000 	1.038130 	0.000000 	-0.728397 	-0.769130 	-1.225905 	2.030903 	-1.697715 	0.769130 	-0.790122 	0.975693 	0.000000 	0.000000 	-0.068211 	-1.222739 	0.768385 	0.718849 	-0.857632 	-1.386422 	
-1.156477 	0.000000 	1.473432 	0.528941 	0.505705 	-1.940700 	0.315377 	-0.760987 	-0.078477 	0.000000 	3.271934 	0.603319 	0.000000 	-0.196642 	-0.149461 	-1.955107 	-0.319708 	0.609932 	0.428864 	0.149461 	0.511871 	-1.298893 	0.000000 	-2.274417 	0.000000 	-0.681122 	0.000000 	1.042258 	0.000000 	1.923327 	0.000000 	-1.680654 	0.924563 	1.025721 	-0.839849 	0.000000 	0.000000 	-1.638750 	1.417116 	
-2.157773 	0.450669 	1.141479 	0.000000 	0.000000 	-0.991308 	0.219298 	-0.151150 	-0.906507 	1.217370 	-0.693043 	-0.933992 	0.000000 	0.383846 	-1.241261 	1.348669 	0.970316 	-0.551283 	-2.302827 	2.445843 	1.460387 	1.504261 	1.950324 	0.546688 	-0.552675 	0.177793 	1.913925 	-0.517124 	-2.602232 	0.000000 	-0.365852 	0.829452 	-0.439478 	0.876594 	0.116132 	-0.902881 	-2.374423 	1.208191 	-1.390210 	
1.993660 	0.000000 	0.165787 	1.613547 	-1.779343 	-1.053128 	0.829312 	-1.488468 	-2.012343 	-1.785023 	3.616760 	-0.430206 	0.000000 	0.000000 	-0.340923 	-0.842535 	0.959291 	0.000000 	0.966525 	-1.348776 	0.000000 	-2.459662 	-2.165166 	0.000000 	0.612503 	0.000000 	-3.088069 	1.052450 	3.242362 	1.016149 	0.000000 	0.000000 	2.473943 	-0.769133 	-0.525567 	2.143413 	0.000000 	-0.615692 	0.000000 	
0.000000 	1.108511 	-1.344499 	-0.121795 	-1.471234 	0.641985 	0.000000 	1.046930 	-0.448390 	-0.993060 	-0.883054 	0.737175 	1.133369 	0.573552 	-0.299278 	-0.765963 	1.429918 	0.548827 	0.793854 	0.852614 	0.967540 	-0.667260 	-2.201117 	-0.552677 	0.830985 	-1.444746 	0.198388 	-0.067226 	0.816796 	-0.436272 	1.701655 	1.134688 	-1.931829 	0.133327 	-1.294810 	-1.344385 	2.246794 	0.186725 	0.000000 	
0.000000 	0.000000 	0.000000 	0.000000 	-2.514367 	-0.955081 	0.090883 	1.926784 	-0.562476 	-2.029262 	-0.525391 	2.500388 	1.960001 	-0.879278 	0.000000 	0.773930 	2.501477 	-0.141029 	0.210131 	1.186230 	0.373752 	-0.874506 	0.549474 	1.107303 	0.000000 	1.516262 	0.618857 	0.000000 	-1.735705 	0.000000 	-0.796377 	0.000000 	-0.911470 	0.090261 	-2.979822 	-0.958813 	-1.583441 	0.491739 	1.904977 	
