0.0000 0.0001
1.0000 0.0001
2.0000 0.0001
3.0000 0.0001
4.0000 0.0001
5.0000 0.0001
6.0000 0.0001
7.0000 0.0001
8.0000 0.0001
9.0000 0.0001
10.0000 0.0001
11.0000 0.0001
12.0000 0.0001
13.0000 0.0001
14.0000 0.0001
15.0000 0.0001
16.0000 0.0001
17.0000 0.0001
18.0000 0.0001
19.0000 0.0001
20.0000 0.0001
21.0000 0.0001
22.0000 0.0001
23.0000 0.0001
24.0000 0.0001
25.0000 0.0001
26.0000 0.0001
27.0000 0.0001
28.0000 0.0001
29.0000 0.0001
30.0000 0.0001
31.0000 0.0001
32.0000 0.0001
33.0000 0.0001
34.0000 0.0001
35.0000 0.0001
36.0000 0.0001
37.0000 0.0001
38.0000 0.0001
39.0000 0.0001
40.0000 0.0001
41.0000 0.0001
42.0000 0.0001
43.0000 0.0001
44.0000 0.0001
45.0000 0.0001
46.0000 0.0001
47.0000 0.0001
48.0000 0.0001
49.0000 0.0001
50.0000 0.0001
51.0000 0.0001
52.0000 0.0001
53.0000 0.0001
54.0000 0.0001
55.0000 0.0001
56.0000 0.0001
57.0000 0.0001
58.0000 0.0001
59.0000 0.0001
60.0000 0.0001
61.0000 0.0001
62.0000 0.0001
63.0000 0.0001
64.0000 0.0001
65.0000 0.0001
66.0000 0.0001
67.0000 0.0001
68.0000 0.0001
69.0000 0.0001
70.0000 0.0001
71.0000 0.0001
72.0000 0.0001
73.0000 0.0001
74.0000 0.0001
75.0000 0.0001
76.0000 0.0001
77.0000 0.0001
78.0000 0.0001
79.0000 0.0001
80.0000 0.0001
81.0000 0.0001
82.0000 0.0001
83.0000 0.0001
84.0000 0.0001
85.0000 0.0001
86.0000 0.0001
87.0000 0.0001
88.0000 0.0001
89.0000 0.0001
90.0000 0.0001
91.0000 0.0001
92.0000 0.0001
93.0000 0.0001
94.0000 0.0001
95.0000 0.0001
96.0000 0.0001
97.0000 0.0001
98.0000 0.0001
99.0000 0.0001
100.0000 0.0001
101.0000 0.0001
102.0000 0.0001
103.0000 0.0001
104.0000 0.0001
105.0000 0.0001
106.0000 0.0001
107.0000 0.0001
108.0000 0.0001
109.0000 0.0001
110.0000 0.0001
111.0000 0.0001
112.0000 0.0001
113.0000 0.0001
114.0000 0.0001
115.0000 0.0001
116.0000 0.0001
117.0000 0.0001
118.0000 0.0001
119.0000 0.0001
120.0000 0.0001
121.0000 0.0001
122.0000 0.0001
123.0000 0.0001
124.0000 0.0001
125.0000 0.0001
126.0000 0.0001
127.0000 0.0001
128.0000 0.0001
129.0000 0.0001
130.0000 0.0001
131.0000 0.0001
132.0000 0.0001
133.0000 0.0001
134.0000 0.0001
135.0000 0.0001
136.0000 0.0001
137.0000 0.0001
138.0000 0.0001
139.0000 0.0001
140.0000 0.0001
141.0000 0.0001
142.0000 0.0001
143.0000 0.0001
144.0000 0.0001
145.0000 0.0001
146.0000 0.0001
147.0000 0.0001
148.0000 0.0001
149.0000 0.0001
220.0000 0.0038
205.0000 0.0046
217.0000 0.0049
207.0000 0.0050
231.0000 0.0050
158.0000 0.0051
181.0000 0.0051
203.0000 0.0051
219.0000 0.0051
160.0000 0.0052
192.0000 0.0052
209.0000 0.0052
188.0000 0.0053
150.0000 0.0054
166.0000 0.0054
151.0000 0.0056
155.0000 0.0057
184.0000 0.0057
213.0000 0.0058
215.0000 0.0058
161.0000 0.0059
180.0000 0.0059
227.0000 0.0061
214.0000 0.0062
154.0000 0.0063
172.0000 0.0063
175.0000 0.0063
177.0000 0.0063
238.0000 0.0063
194.0000 0.0064
229.0000 0.0065
162.0000 0.0066
182.0000 0.0066
233.0000 0.0066
235.0000 0.0067
173.0000 0.0068
224.0000 0.0068
232.0000 0.0068
185.0000 0.0069
152.0000 0.0070
210.0000 0.0071
236.0000 0.0071
199.0000 0.0072
208.0000 0.0072
230.0000 0.0073
159.0000 0.0074
195.0000 0.0074
221.0000 0.0074
239.0000 0.0074
178.0000 0.0075
193.0000 0.0075
183.0000 0.0076
170.0000 0.0078
176.0000 0.0078
186.0000 0.0080
201.0000 0.0080
216.0000 0.0080
164.0000 0.0081
196.0000 0.0084
234.0000 0.0085
156.0000 0.0087
223.0000 0.0088
237.0000 0.0090
174.0000 0.0094
83.0000 0.0100
82.0000 0.0102
77.0000 0.0104
78.0000 0.0108
92.0000 0.0111
87.0000 0.0112
99.0000 0.0113
112.0000 0.0115
149.0000 0.0115
115.0000 0.0116
86.0000 0.0118
225.0000 0.0118
171.0000 0.0119
75.0000 0.0120
69.0000 0.0122
11.0000 0.0123
58.0000 0.0123
189.0000 0.0125
109.0000 0.0126
50.0000 0.0127
108.0000 0.0127
35.0000 0.0129
202.0000 0.0129
30.0000 0.0130
179.0000 0.0130
97.0000 0.0134
94.0000 0.0136
67.0000 0.0137
63.0000 0.0138
31.0000 0.0145
62.0000 0.0145
129.0000 0.0151
48.0000 0.0154
205.0000 0.0156
100.0000 0.0157
26.0000 0.0158
122.0000 0.0158
127.0000 0.0158
9.0000 0.0160
128.0000 0.0160
71.0000 0.0162
39.0000 0.0163
95.0000 0.0163
23.0000 0.0167
110.0000 0.0167
98.0000 0.0168
1.0000 0.0169
7.0000 0.0169
57.0000 0.0169
84.0000 0.0169
133.0000 0.0171
64.0000 0.0172
74.0000 0.0172
96.0000 0.0173
91.0000 0.0174
124.0000 0.0174
131.0000 0.0175
45.0000 0.0178
217.0000 0.0178
0.0000 0.0180
37.0000 0.0180
126.0000 0.0181
220.0000 0.0181
140.0000 0.0182
41.0000 0.0183
113.0000 0.0183
145.0000 0.0184
14.0000 0.0188
181.0000 0.0188
188.0000 0.0188
44.0000 0.0189
191.0000 0.0189
68.0000 0.0193
214.0000 0.0195
107.0000 0.0197
222.0000 0.0197
161.0000 0.0198
180.0000 0.0198
6.0000 0.0199
147.0000 0.0201
125.0000 0.0202
90.0000 0.0204
227.0000 0.0205
184.0000 0.0206
203.0000 0.0206
132.0000 0.0207
192.0000 0.0208
83.0000 0.0209
17.0000 0.0210
8.0000 0.0211
52.0000 0.0213
105.0000 0.0214
65.0000 0.0216
79.0000 0.0216
173.0000 0.0216
32.0000 0.0217
137.0000 0.0217
152.0000 0.0217
158.0000 0.0217
182.0000 0.0217
163.0000 0.0219
12.0000 0.0220
211.0000 0.0220
229.0000 0.0220
77.0000 0.0221
38.0000 0.0222
21.0000 0.0223
162.0000 0.0223
164.0000 0.0223
213.0000 0.0224
20.0000 0.0225
40.0000 0.0225
104.0000 0.0228
185.0000 0.0228
28.0000 0.0229
231.0000 0.0230
238.0000 0.0230
207.0000 0.0231
215.0000 0.0231
219.0000 0.0231
99.0000 0.0232
136.0000 0.0234
141.0000 0.0234
27.0000 0.0235
82.0000 0.0236
112.0000 0.0236
43.0000 0.0237
78.0000 0.0237
3.0000 0.0238
157.0000 0.0240
166.0000 0.0240
11.0000 0.0242
13.0000 0.0242
33.0000 0.0242
172.0000 0.0242
183.0000 0.0242
239.0000 0.0244
80.0000 0.0246
195.0000 0.0246
149.0000 0.0247
169.0000 0.0249
204.0000 0.0250
69.0000 0.0253
86.0000 0.0253
146.0000 0.0253
197.0000 0.0253
50.0000 0.0254
201.0000 0.0254
19.0000 0.0255
237.0000 0.0255
16.0000 0.0257
235.0000 0.0257
199.0000 0.0260
18.0000 0.0262
233.0000 0.0262
58.0000 0.0263
67.0000 0.0263
209.0000 0.0263
75.0000 0.0264
5.0000 0.0266
92.0000 0.0266
115.0000 0.0267
142.0000 0.0268
109.0000 0.0269
135.0000 0.0271
178.0000 0.0271
196.0000 0.0271
42.0000 0.0272
73.0000 0.0272
108.0000 0.0272
60.0000 0.0273
175.0000 0.0274
148.0000 0.0275
156.0000 0.0275
205.0000 0.0275
210.0000 0.0275
129.0000 0.0278
224.0000 0.0279
30.0000 0.0280
87.0000 0.0280
31.0000 0.0281
101.0000 0.0281
97.0000 0.0282
216.0000 0.0282
236.0000 0.0283
94.0000 0.0284
143.0000 0.0284
63.0000 0.0285
35.0000 0.0286
46.0000 0.0287
76.0000 0.0287
71.0000 0.0289
85.0000 0.0290
150.0000 0.0290
198.0000 0.0291
220.0000 0.0291
179.0000 0.0293
36.0000 0.0294
114.0000 0.0294
53.0000 0.0295
47.0000 0.0297
127.0000 0.0297
49.0000 0.0298
64.0000 0.0298
83.0000 0.0298
177.0000 0.0298
116.0000 0.0299
122.0000 0.0299
159.0000 0.0299
192.0000 0.0299
7.0000 0.0300
25.0000 0.0300
96.0000 0.0300
223.0000 0.0300
193.0000 0.0301
214.0000 0.0301
167.0000 0.0302
62.0000 0.0303
110.0000 0.0303
181.0000 0.0304
217.0000 0.0304
232.0000 0.0305
15.0000 0.0306
128.0000 0.0307
124.0000 0.0309
188.0000 0.0309
57.0000 0.0310
26.0000 0.0311
171.0000 0.0311
98.0000 0.0312
74.0000 0.0313
189.0000 0.0313
95.0000 0.0314
180.0000 0.0316
234.0000 0.0316
202.0000 0.0317
93.0000 0.0318
126.0000 0.0318
91.0000 0.0319
48.0000 0.0320
113.0000 0.0321
121.0000 0.0321
184.0000 0.0322
100.0000 0.0323
203.0000 0.0323
9.0000 0.0325
133.0000 0.0325
182.0000 0.0326
225.0000 0.0326
152.0000 0.0327
174.0000 0.0327
45.0000 0.0328
23.0000 0.0330
77.0000 0.0330
161.0000 0.0330
168.0000 0.0330
39.0000 0.0331
6.0000 0.0332
41.0000 0.0332
140.0000 0.0333
99.0000 0.0334
1.0000 0.0335
186.0000 0.0335
164.0000 0.0336
0.0000 0.0338
145.0000 0.0338
173.0000 0.0338
44.0000 0.0339
147.0000 0.0339
134.0000 0.0340
82.0000 0.0341
131.0000 0.0342
229.0000 0.0343
14.0000 0.0345
72.0000 0.0347
84.0000 0.0347
112.0000 0.0347
107.0000 0.0348
162.0000 0.0348
176.0000 0.0348
213.0000 0.0348
29.0000 0.0352
78.0000 0.0352
11.0000 0.0353
86.0000 0.0355
185.0000 0.0355
56.0000 0.0356
227.0000 0.0356
37.0000 0.0358
149.0000 0.0359
67.0000 0.0362
50.0000 0.0364
132.0000 0.0364
68.0000 0.0365
55.0000 0.0366
166.0000 0.0366
22.0000 0.0367
237.0000 0.0367
12.0000 0.0370
139.0000 0.0370
158.0000 0.0370
123.0000 0.0371
79.0000 0.0373
52.0000 0.0374
105.0000 0.0374
155.0000 0.0375
215.0000 0.0375
32.0000 0.0376
69.0000 0.0376
160.0000 0.0376
205.0000 0.0376
109.0000 0.0377
28.0000 0.0379
125.0000 0.0379
8.0000 0.0380
238.0000 0.0380
92.0000 0.0382
195.0000 0.0382
208.0000 0.0382
83.0000 0.0383
108.0000 0.0383
207.0000 0.0384
54.0000 0.0385
40.0000 0.0386
65.0000 0.0386
115.0000 0.0386
170.0000 0.0386
17.0000 0.0388
219.0000 0.0388
239.0000 0.0389
58.0000 0.0390
137.0000 0.0390
90.0000 0.0392
38.0000 0.0393
30.0000 0.0394
130.0000 0.0394
201.0000 0.0394
75.0000 0.0396
191.0000 0.0398
94.0000 0.0399
129.0000 0.0399
31.0000 0.0403
97.0000 0.0403
214.0000 0.0403
35.0000 0.0405
63.0000 0.0405
87.0000 0.0405
235.0000 0.0405
20.0000 0.0406
192.0000 0.0406
220.0000 0.0406
217.0000 0.0407
136.0000 0.0408
154.0000 0.0408
178.0000 0.0408
34.0000 0.0409
231.0000 0.0409
172.0000 0.0410
181.0000 0.0410
103.0000 0.0411
21.0000 0.0413
188.0000 0.0414
183.0000 0.0416
80.0000 0.0417
104.0000 0.0417
233.0000 0.0417
43.0000 0.0422
110.0000 0.0422
211.0000 0.0422
64.0000 0.0423
71.0000 0.0424
196.0000 0.0424
7.0000 0.0425
13.0000 0.0425
182.0000 0.0425
210.0000 0.0425
82.0000 0.0427
127.0000 0.0428
57.0000 0.0430
77.0000 0.0430
163.0000 0.0430
128.0000 0.0431
179.0000 0.0431
199.0000 0.0431
62.0000 0.0432
99.0000 0.0432
141.0000 0.0432
175.0000 0.0433
9.0000 0.0434
194.0000 0.0435
33.0000 0.0436
156.0000 0.0436
96.0000 0.0437
184.0000 0.0438
216.0000 0.0438
98.0000 0.0439
74.0000 0.0440
122.0000 0.0440
152.0000 0.0440
180.0000 0.0440
209.0000 0.0441
73.0000 0.0443
112.0000 0.0443
124.0000 0.0443
144.0000 0.0443
26.0000 0.0444
16.0000 0.0447
161.0000 0.0447
95.0000 0.0450
126.0000 0.0450
11.0000 0.0451
224.0000 0.0451
27.0000 0.0452
203.0000 0.0452
164.0000 0.0453
41.0000 0.0455
78.0000 0.0456
177.0000 0.0456
19.0000 0.0457
202.0000 0.0457
133.0000 0.0458
222.0000 0.0458
18.0000 0.0459
45.0000 0.0459
113.0000 0.0459
229.0000 0.0461
173.0000 0.0462
143.0000 0.0463
3.0000 0.0464
86.0000 0.0464
149.0000 0.0465
140.0000 0.0466
213.0000 0.0466
14.0000 0.0467
91.0000 0.0467
150.0000 0.0467
50.0000 0.0468
236.0000 0.0468
23.0000 0.0469
145.0000 0.0469
159.0000 0.0469
189.0000 0.0469
48.0000 0.0470
147.0000 0.0470
67.0000 0.0472
83.0000 0.0472
205.0000 0.0472
44.0000 0.0473
142.0000 0.0473
5.0000 0.0476
221.0000 0.0476
135.0000 0.0477
100.0000 0.0478
171.0000 0.0478
204.0000 0.0478
6.0000 0.0479
162.0000 0.0482
227.0000 0.0483
109.0000 0.0484
223.0000 0.0484
232.0000 0.0484
53.0000 0.0485
218.0000 0.0485
39.0000 0.0486
107.0000 0.0486
215.0000 0.0486
185.0000 0.0487
1.0000 0.0489
58.0000 0.0491
0.0000 0.0492
92.0000 0.0492
60.0000 0.0493
69.0000 0.0495
237.0000 0.0496
42.0000 0.0497
158.0000 0.0497
30.0000 0.0499
195.0000 0.0500
214.0000 0.0501
212.0000 0.0502
192.0000 0.0503
207.0000 0.0503
181.0000 0.0505
68.0000 0.0507
193.0000 0.0508
225.0000 0.0508
84.0000 0.0510
238.0000 0.0510
52.0000 0.0511
157.0000 0.0511
166.0000 0.0511
217.0000 0.0511
108.0000 0.0512
129.0000 0.0512
174.0000 0.0512
188.0000 0.0512
197.0000 0.0513
37.0000 0.0514
201.0000 0.0514
118.0000 0.0515
97.0000 0.0516
94.0000 0.0517
219.0000 0.0517
31.0000 0.0519
148.0000 0.0519
63.0000 0.0520
115.0000 0.0520
35.0000 0.0521
220.0000 0.0524
234.0000 0.0524
239.0000 0.0524
12.0000 0.0525
75.0000 0.0525
77.0000 0.0526
82.0000 0.0526
85.0000 0.0528
101.0000 0.0528
49.0000 0.0529
106.0000 0.0530
93.0000 0.0531
132.0000 0.0531
182.0000 0.0532
146.0000 0.0533
99.0000 0.0535
125.0000 0.0537
17.0000 0.0538
28.0000 0.0538
87.0000 0.0538
131.0000 0.0538
235.0000 0.0538
57.0000 0.0539
112.0000 0.0541
114.0000 0.0541
7.0000 0.0542
180.0000 0.0542
8.0000 0.0546
40.0000 0.0546
137.0000 0.0546
152.0000 0.0549
127.0000 0.0551
128.0000 0.0551
226.0000 0.0551
83.0000 0.0553
105.0000 0.0553
76.0000 0.0554
110.0000 0.0554
32.0000 0.0555
46.0000 0.0555
233.0000 0.0555
78.0000 0.0557
124.0000 0.0558
98.0000 0.0559
164.0000 0.0559
172.0000 0.0559
64.0000 0.0560
71.0000 0.0560
74.0000 0.0560
47.0000 0.0561
149.0000 0.0561
184.0000 0.0562
156.0000 0.0564
178.0000 0.0564
203.0000 0.0564
79.0000 0.0565
65.0000 0.0566
179.0000 0.0566
9.0000 0.0567
11.0000 0.0567
86.0000 0.0569
50.0000 0.0570
183.0000 0.0570
161.0000 0.0571
173.0000 0.0571
205.0000 0.0573
36.0000 0.0576
126.0000 0.0576
229.0000 0.0576
96.0000 0.0577
26.0000 0.0578
211.0000 0.0579
231.0000 0.0579
104.0000 0.0581
67.0000 0.0582
122.0000 0.0582
38.0000 0.0583
136.0000 0.0583
95.0000 0.0584
210.0000 0.0584
62.0000 0.0585
138.0000 0.0585
216.0000 0.0585
80.0000 0.0586
162.0000 0.0586
121.0000 0.0587
176.0000 0.0587
41.0000 0.0588
90.0000 0.0588
196.0000 0.0588
214.0000 0.0588
109.0000 0.0589
175.0000 0.0589
21.0000 0.0590
20.0000 0.0594
192.0000 0.0596
91.0000 0.0598
209.0000 0.0599
58.0000 0.0600
145.0000 0.0602
186.0000 0.0602
227.0000 0.0602
147.0000 0.0603
199.0000 0.0603
23.0000 0.0605
160.0000 0.0605
213.0000 0.0606
224.0000 0.0606
237.0000 0.0607
14.0000 0.0608
43.0000 0.0609
215.0000 0.0609
181.0000 0.0610
44.0000 0.0611
92.0000 0.0612
189.0000 0.0613
195.0000 0.0613
69.0000 0.0614
108.0000 0.0614
168.0000 0.0614
113.0000 0.0615
191.0000 0.0615
31.0000 0.0616
140.0000 0.0616
133.0000 0.0617
141.0000 0.0617
202.0000 0.0617
129.0000 0.0618
22.0000 0.0619
77.0000 0.0619
188.0000 0.0619
217.0000 0.0619
185.0000 0.0620
169.0000 0.0621
30.0000 0.0622
82.0000 0.0622
48.0000 0.0623
15.0000 0.0624
6.0000 0.0625
99.0000 0.0625
13.0000 0.0626
158.0000 0.0627
0.0000 0.0628
220.0000 0.0628
45.0000 0.0629
73.0000 0.0630
208.0000 0.0630
94.0000 0.0631
5.0000 0.0632
83.0000 0.0634
107.0000 0.0634
100.0000 0.0635
177.0000 0.0635
182.0000 0.0635
166.0000 0.0636
171.0000 0.0636
115.0000 0.0637
63.0000 0.0638
112.0000 0.0639
163.0000 0.0639
236.0000 0.0639
1.0000 0.0640
18.0000 0.0643
97.0000 0.0643
198.0000 0.0644
75.0000 0.0645
27.0000 0.0646
39.0000 0.0646
68.0000 0.0646
35.0000 0.0647
180.0000 0.0647
223.0000 0.0647
150.0000 0.0648
16.0000 0.0649
57.0000 0.0649
159.0000 0.0649
201.0000 0.0649
207.0000 0.0649
25.0000 0.0650
232.0000 0.0652
52.0000 0.0654
170.0000 0.0654
152.0000 0.0656
78.0000 0.0659
72.0000 0.0660
33.0000 0.0661
238.0000 0.0661
149.0000 0.0662
239.0000 0.0662
222.0000 0.0663
7.0000 0.0664
11.0000 0.0665
56.0000 0.0667
87.0000 0.0667
164.0000 0.0667
12.0000 0.0668
128.0000 0.0669
86.0000 0.0670
124.0000 0.0670
84.0000 0.0671
205.0000 0.0671
98.0000 0.0672
50.0000 0.0673
110.0000 0.0674
37.0000 0.0675
137.0000 0.0675
235.0000 0.0675
64.0000 0.0677
203.0000 0.0677
219.0000 0.0678
184.0000 0.0679
17.0000 0.0680
161.0000 0.0680
19.0000 0.0681
67.0000 0.0681
42.0000 0.0683
74.0000 0.0683
135.0000 0.0684
28.0000 0.0686
127.0000 0.0687
173.0000 0.0687
132.0000 0.0689
192.0000 0.0689
71.0000 0.0690
167.0000 0.0690
162.0000 0.0691
229.0000 0.0691
214.0000 0.0692
225.0000 0.0694
174.0000 0.0695
156.0000 0.0696
3.0000 0.0699
8.0000 0.0699
58.0000 0.0699
178.0000 0.0700
179.0000 0.0700
65.0000 0.0702
125.0000 0.0703
234.0000 0.0703
60.0000 0.0704
109.0000 0.0704
123.0000 0.0704
131.0000 0.0704
233.0000 0.0705
142.0000 0.0706
193.0000 0.0706
204.0000 0.0707
148.0000 0.0708
155.0000 0.0708
96.0000 0.0710
183.0000 0.0710
40.0000 0.0711
41.0000 0.0712
26.0000 0.0713
82.0000 0.0713
154.0000 0.0713
116.0000 0.0714
122.0000 0.0714
126.0000 0.0715
9.0000 0.0716
54.0000 0.0716
99.0000 0.0716
197.0000 0.0716
77.0000 0.0717
105.0000 0.0718
172.0000 0.0718
62.0000 0.0719
83.0000 0.0720
92.0000 0.0720
143.0000 0.0720
181.0000 0.0720
188.0000 0.0722
237.0000 0.0722
129.0000 0.0724
31.0000 0.0725
147.0000 0.0725
53.0000 0.0727
69.0000 0.0727
216.0000 0.0728
217.0000 0.0728
175.0000 0.0729
213.0000 0.0729
14.0000 0.0730
95.0000 0.0730
227.0000 0.0730
196.0000 0.0731
114.0000 0.0733
195.0000 0.0733
108.0000 0.0734
210.0000 0.0734
79.0000 0.0736
23.0000 0.0737
182.0000 0.0738
112.0000 0.0739
231.0000 0.0740
32.0000 0.0741
55.0000 0.0741
30.0000 0.0742
130.0000 0.0742
136.0000 0.0742
215.0000 0.0742
104.0000 0.0743
145.0000 0.0743
199.0000 0.0743
211.0000 0.0744
44.0000 0.0745
113.0000 0.0746
209.0000 0.0746
139.0000 0.0748
185.0000 0.0748
63.0000 0.0749
80.0000 0.0749
220.0000 0.0749
4.0000 0.0752
85.0000 0.0752
94.0000 0.0752
51.0000 0.0753
180.0000 0.0753
6.0000 0.0754
29.0000 0.0754
49.0000 0.0754
133.0000 0.0754
194.0000 0.0755
78.0000 0.0756
91.0000 0.0756
134.0000 0.0756
149.0000 0.0756
166.0000 0.0756
140.0000 0.0759
189.0000 0.0759
224.0000 0.0759
0.0000 0.0761
97.0000 0.0761
115.0000 0.0761
13.0000 0.0762
21.0000 0.0762
48.0000 0.0762
75.0000 0.0762
90.0000 0.0762
146.0000 0.0762
158.0000 0.0762
205.0000 0.0762
86.0000 0.0763
101.0000 0.0763
35.0000 0.0764
57.0000 0.0764
11.0000 0.0765
20.0000 0.0765
202.0000 0.0765
93.0000 0.0766
45.0000 0.0767
152.0000 0.0767
38.0000 0.0768
201.0000 0.0768
100.0000 0.0769
164.0000 0.0771
1.0000 0.0773
107.0000 0.0774
184.0000 0.0774
192.0000 0.0776
50.0000 0.0778
203.0000 0.0778
110.0000 0.0779
124.0000 0.0779
207.0000 0.0779
7.0000 0.0783
98.0000 0.0783
214.0000 0.0783
76.0000 0.0784
39.0000 0.0786
64.0000 0.0788
161.0000 0.0790
177.0000 0.0790
229.0000 0.0790
239.0000 0.0790
68.0000 0.0791
128.0000 0.0792
173.0000 0.0792
232.0000 0.0792
43.0000 0.0793
67.0000 0.0793
87.0000 0.0793
171.0000 0.0794
176.0000 0.0795
236.0000 0.0796
36.0000 0.0798
74.0000 0.0798
235.0000 0.0798
52.0000 0.0799
83.0000 0.0799
109.0000 0.0799
127.0000 0.0801
191.0000 0.0801
82.0000 0.0803
223.0000 0.0803
99.0000 0.0804
162.0000 0.0804
238.0000 0.0804
77.0000 0.0805
58.0000 0.0808
144.0000 0.0808
12.0000 0.0809
18.0000 0.0809
141.0000 0.0809
27.0000 0.0810
73.0000 0.0810
219.0000 0.0810
181.0000 0.0814
188.0000 0.0814
137.0000 0.0817
96.0000 0.0818
159.0000 0.0818
28.0000 0.0819
71.0000 0.0819
47.0000 0.0820
33.0000 0.0821
156.0000 0.0821
150.0000 0.0823
178.0000 0.0826
17.0000 0.0827
112.0000 0.0829
233.0000 0.0830
9.0000 0.0832
31.0000 0.0832
37.0000 0.0834
84.0000 0.0834
157.0000 0.0835
163.0000 0.0835
121.0000 0.0836
186.0000 0.0836
5.0000 0.0837
34.0000 0.0837
122.0000 0.0837
237.0000 0.0837
132.0000 0.0838
92.0000 0.0841
108.0000 0.0841
125.0000 0.0841
129.0000 0.0841
217.0000 0.0841
46.0000 0.0843
126.0000 0.0843
179.0000 0.0843
26.0000 0.0845
69.0000 0.0845
182.0000 0.0845
160.0000 0.0846
213.0000 0.0846
41.0000 0.0848
208.0000 0.0848
16.0000 0.0849
172.0000 0.0849
220.0000 0.0849
180.0000 0.0851
40.0000 0.0852
62.0000 0.0852
149.0000 0.0853
14.0000 0.0854
195.0000 0.0854
216.0000 0.0854
227.0000 0.0854
22.0000 0.0855
65.0000 0.0856
86.0000 0.0856
103.0000 0.0856
225.0000 0.0857
30.0000 0.0859
63.0000 0.0859
94.0000 0.0860
205.0000 0.0860
78.0000 0.0861
15.0000 0.0862
42.0000 0.0862
11.0000 0.0863
95.0000 0.0863
196.0000 0.0864
19.0000 0.0865
234.0000 0.0865
215.0000 0.0866
23.0000 0.0867
192.0000 0.0867
105.0000 0.0868
152.0000 0.0869
174.0000 0.0869
147.0000 0.0870
145.0000 0.0871
164.0000 0.0872
44.0000 0.0874
183.0000 0.0875
35.0000 0.0876
131.0000 0.0876
135.0000 0.0876
185.0000 0.0876
97.0000 0.0877
50.0000 0.0878
214.0000 0.0878
222.0000 0.0878
175.0000 0.0879
166.0000 0.0880
199.0000 0.0881
83.0000 0.0882
133.0000 0.0883
75.0000 0.0884
184.0000 0.0884
203.0000 0.0884
8.0000 0.0886
32.0000 0.0888
104.0000 0.0888
82.0000 0.0889
115.0000 0.0889
168.0000 0.0889
124.0000 0.0891
57.0000 0.0892
189.0000 0.0892
209.0000 0.0892
67.0000 0.0893
77.0000 0.0893
0.0000 0.0895
3.0000 0.0895
211.0000 0.0895
229.0000 0.0895
201.0000 0.0897
204.0000 0.0897
7.0000 0.0899
111.0000 0.0899
80.0000 0.0900
99.0000 0.0900
161.0000 0.0900
113.0000 0.0902
207.0000 0.0902
193.0000 0.0903
64.0000 0.0904
79.0000 0.0904
87.0000 0.0905
109.0000 0.0905
110.0000 0.0905
143.0000 0.0905
98.0000 0.0906
142.0000 0.0906
202.0000 0.0906
91.0000 0.0907
173.0000 0.0907
231.0000 0.0908
128.0000 0.0909
221.0000 0.0909
58.0000 0.0910
6.0000 0.0911
60.0000 0.0911
74.0000 0.0911
140.0000 0.0911
170.0000 0.0911
127.0000 0.0912
158.0000 0.0912
210.0000 0.0912
107.0000 0.0913
136.0000 0.0913
45.0000 0.0914
188.0000 0.0914
162.0000 0.0916
181.0000 0.0916
1.0000 0.0917
100.0000 0.0917
48.0000 0.0919
224.0000 0.0919
239.0000 0.0926
21.0000 0.0927
112.0000 0.0927
39.0000 0.0928
13.0000 0.0929
238.0000 0.0929
171.0000 0.0930
235.0000 0.0931
20.0000 0.0932
68.0000 0.0932
177.0000 0.0932
90.0000 0.0933
31.0000 0.0934
219.0000 0.0934
154.0000 0.0935
52.0000 0.0936
156.0000 0.0936
71.0000 0.0938
197.0000 0.0939
43.0000 0.0940
96.0000 0.0940
182.0000 0.0942
72.0000 0.0945
92.0000 0.0945
217.0000 0.0945
25.0000 0.0946
129.0000 0.0946
237.0000 0.0947
148.0000 0.0950
180.0000 0.0950
53.0000 0.0951
108.0000 0.0951
149.0000 0.0951
232.0000 0.0951
86.0000 0.0952
12.0000 0.0953
205.0000 0.0953
220.0000 0.0954
146.0000 0.0955
69.0000 0.0957
78.0000 0.0957
155.0000 0.0957
192.0000 0.0957
236.0000 0.0958
28.0000 0.0959
85.0000 0.0959
38.0000 0.0961
83.0000 0.0962
178.0000 0.0962
11.0000 0.0963
73.0000 0.0963
122.0000 0.0963
126.0000 0.0963
9.0000 0.0964
56.0000 0.0964
198.0000 0.0964
138.0000 0.0965
17.0000 0.0969
94.0000 0.0969
233.0000 0.0969
30.0000 0.0970
26.0000 0.0971
137.0000 0.0971
159.0000 0.0971
179.0000 0.0971
213.0000 0.0971
214.0000 0.0971
41.0000 0.0972
63.0000 0.0972
37.0000 0.0973
114.0000 0.0973
62.0000 0.0974
227.0000 0.0974
82.0000 0.0976
95.0000 0.0976
93.0000 0.0977
152.0000 0.0977
14.0000 0.0978
18.0000 0.0978
164.0000 0.0978
223.0000 0.0978
10.0000 0.0979
24.0000 0.0979
215.0000 0.0979
125.0000 0.0980
169.0000 0.0980
191.0000 0.0980
195.0000 0.0981
50.0000 0.0982
77.0000 0.0984
172.0000 0.0985
33.0000 0.0986
101.0000 0.0986
97.0000 0.0987
166.0000 0.0987
99.0000 0.0990
141.0000 0.0991
203.0000 0.0991
65.0000 0.0992
76.0000 0.0992
147.0000 0.0992
23.0000 0.0993
196.0000 0.0993
67.0000 0.0994
150.0000 0.0994
27.0000 0.0995
84.0000 0.0996
109.0000 0.0996
132.0000 0.0996
49.0000 0.0998
35.0000 0.0999
184.0000 0.0999
229.0000 0.1000
57.0000 0.1001
5.0000 0.1002
44.0000 0.1002
75.0000 0.1002
116.0000 0.1002
216.0000 0.1002
176.0000 0.1003
58.0000 0.1004
64.0000 0.1004
124.0000 0.1004
175.0000 0.1005
185.0000 0.1005
115.0000 0.1006
183.0000 0.1006
36.0000 0.1007
133.0000 0.1007
98.0000 0.1008
167.0000 0.1008
40.0000 0.1009
145.0000 0.1009
105.0000 0.1010
188.0000 0.1010
181.0000 0.1011
0.0000 0.1012
7.0000 0.1012
128.0000 0.1016
161.0000 0.1016
162.0000 0.1016
199.0000 0.1016
173.0000 0.1017
201.0000 0.1017
110.0000 0.1018
55.0000 0.1019
112.0000 0.1021
74.0000 0.1022
87.0000 0.1024
225.0000 0.1025
45.0000 0.1027
174.0000 0.1027
209.0000 0.1029
127.0000 0.1030
163.0000 0.1030
113.0000 0.1033
187.0000 0.1036
123.0000 0.1037
8.0000 0.1038
91.0000 0.1038
140.0000 0.1038
121.0000 0.1039
86.0000 0.1040
217.0000 0.1040
83.0000 0.1041
135.0000 0.1041
31.0000 0.1042
47.0000 0.1042
234.0000 0.1042
207.0000 0.1043
6.0000 0.1044
131.0000 0.1044
211.0000 0.1044
158.0000 0.1045
205.0000 0.1045
16.0000 0.1046
149.0000 0.1047
208.0000 0.1049
32.0000 0.1050
107.0000 0.1050
108.0000 0.1050
42.0000 0.1051
186.0000 0.1051
192.0000 0.1051
80.0000 0.1052
182.0000 0.1052
210.0000 0.1052
220.0000 0.1053
92.0000 0.1054
104.0000 0.1054
129.0000 0.1054
235.0000 0.1054
189.0000 0.1056
202.0000 0.1056
96.0000 0.1058
180.0000 0.1059
237.0000 0.1060
71.0000 0.1061
214.0000 0.1061
54.0000 0.1062
78.0000 0.1062
231.0000 0.1062
1.0000 0.1063
69.0000 0.1063
219.0000 0.1063
11.0000 0.1064
68.0000 0.1064
238.0000 0.1065
239.0000 0.1065
48.0000 0.1066
100.0000 0.1066
82.0000 0.1067
94.0000 0.1067
160.0000 0.1067
52.0000 0.1072
224.0000 0.1072
39.0000 0.1073
194.0000 0.1073
213.0000 0.1073
3.0000 0.1074
136.0000 0.1074
156.0000 0.1074
77.0000 0.1075
171.0000 0.1075
29.0000 0.1076
13.0000 0.1077
60.0000 0.1077
63.0000 0.1077
152.0000 0.1077
218.0000 0.1077
50.0000 0.1078
19.0000 0.1079
12.0000 0.1080
79.0000 0.1080
99.0000 0.1080
193.0000 0.1081
178.0000 0.1084
227.0000 0.1084
30.0000 0.1085
122.0000 0.1085
130.0000 0.1087
21.0000 0.1088
67.0000 0.1089
20.0000 0.1090
164.0000 0.1090
126.0000 0.1091
203.0000 0.1091
26.0000 0.1093
97.0000 0.1093
179.0000 0.1093
9.0000 0.1094
222.0000 0.1094
14.0000 0.1097
58.0000 0.1099
109.0000 0.1099
204.0000 0.1100
229.0000 0.1100
233.0000 0.1100
142.0000 0.1102
41.0000 0.1103
195.0000 0.1103
17.0000 0.1106
62.0000 0.1107
28.0000 0.1108
177.0000 0.1108
46.0000 0.1109
172.0000 0.1109
166.0000 0.1110
181.0000 0.1112
188.0000 0.1112
35.0000 0.1114
57.0000 0.1114
137.0000 0.1114
215.0000 0.1114
124.0000 0.1116
143.0000 0.1116
173.0000 0.1116
184.0000 0.1117
232.0000 0.1117
75.0000 0.1118
90.0000 0.1118
112.0000 0.1118
23.0000 0.1119
43.0000 0.1120
115.0000 0.1120
185.0000 0.1120
53.0000 0.1121
64.0000 0.1121
83.0000 0.1121
147.0000 0.1122
161.0000 0.1123
162.0000 0.1123
98.0000 0.1124
196.0000 0.1124
7.0000 0.1125
95.0000 0.1125
157.0000 0.1125
15.0000 0.1128
134.0000 0.1128
133.0000 0.1129
144.0000 0.1130
37.0000 0.1131
212.0000 0.1132
86.0000 0.1134
170.0000 0.1134
65.0000 0.1135
236.0000 0.1135
145.0000 0.1136
159.0000 0.1136
128.0000 0.1137
216.0000 0.1137
110.0000 0.1138
192.0000 0.1138
38.0000 0.1139
74.0000 0.1139
183.0000 0.1139
223.0000 0.1139
44.0000 0.1140
125.0000 0.1141
201.0000 0.1141
0.0000 0.1142
205.0000 0.1142
27.0000 0.1144
22.0000 0.1145
149.0000 0.1145
87.0000 0.1146
113.0000 0.1147
127.0000 0.1147
132.0000 0.1147
139.0000 0.1147
175.0000 0.1147
214.0000 0.1148
217.0000 0.1148
105.0000 0.1149
150.0000 0.1149
31.0000 0.1150
92.0000 0.1152
78.0000 0.1154
73.0000 0.1155
129.0000 0.1156
140.0000 0.1156
199.0000 0.1156
45.0000 0.1157
141.0000 0.1157
220.0000 0.1157
82.0000 0.1158
91.0000 0.1158
182.0000 0.1158
18.0000 0.1161
180.0000 0.1161
191.0000 0.1161
11.0000 0.1162
40.0000 0.1163
108.0000 0.1163
148.0000 0.1165
77.0000 0.1166
197.0000 0.1167
69.0000 0.1168
84.0000 0.1168
71.0000 0.1170
99.0000 0.1170
6.0000 0.1172
152.0000 0.1174
158.0000 0.1174
237.0000 0.1174
33.0000 0.1175
36.0000 0.1176
94.0000 0.1176
146.0000 0.1177
209.0000 0.1178
207.0000 0.1179
85.0000 0.1180
114.0000 0.1181
96.0000 0.1182
103.0000 0.1182
168.0000 0.1182
50.0000 0.1185
235.0000 0.1185
30.0000 0.1189
104.0000 0.1189
202.0000 0.1189
63.0000 0.1190
67.0000 0.1190
1.0000 0.1191
107.0000 0.1191
210.0000 0.1192
238.0000 0.1192
239.0000 0.1192
164.0000 0.1194
225.0000 0.1194
176.0000 0.1195
203.0000 0.1195
8.0000 0.1196
213.0000 0.1197
5.0000 0.1199
131.0000 0.1199
219.0000 0.1199
100.0000 0.1201
101.0000 0.1201
68.0000 0.1202
109.0000 0.1202
189.0000 0.1202
83.0000 0.1203
52.0000 0.1204
155.0000 0.1204
227.0000 0.1204
58.0000 0.1205
97.0000 0.1205
188.0000 0.1206
122.0000 0.1207
156.0000 0.1207
211.0000 0.1208
181.0000 0.1209
163.0000 0.1211
229.0000 0.1211
234.0000 0.1212
195.0000 0.1215
9.0000 0.1216
39.0000 0.1216
56.0000 0.1217
112.0000 0.1217
16.0000 0.1218
184.0000 0.1218
26.0000 0.1219
76.0000 0.1219
93.0000 0.1219
178.0000 0.1219
12.0000 0.1221
32.0000 0.1221
14.0000 0.1222
41.0000 0.1222
48.0000 0.1222
126.0000 0.1222
35.0000 0.1223
135.0000 0.1224
179.0000 0.1225
192.0000 0.1226
231.0000 0.1226
47.0000 0.1228
154.0000 0.1228
173.0000 0.1228
215.0000 0.1228
124.0000 0.1229
162.0000 0.1229
136.0000 0.1230
166.0000 0.1230
80.0000 0.1232
171.0000 0.1232
57.0000 0.1233
62.0000 0.1233
86.0000 0.1233
174.0000 0.1233
208.0000 0.1234
224.0000 0.1234
34.0000 0.1235
79.0000 0.1235
64.0000 0.1236
49.0000 0.1237
161.0000 0.1237
28.0000 0.1238
17.0000 0.1239
72.0000 0.1239
147.0000 0.1240
13.0000 0.1241
233.0000 0.1241
7.0000 0.1242
205.0000 0.1242
128.0000 0.1243
177.0000 0.1243
214.0000 0.1245
82.0000 0.1246
115.0000 0.1246
20.0000 0.1247
75.0000 0.1247
133.0000 0.1247
23.0000 0.1249
78.0000 0.1250
149.0000 0.1250
98.0000 0.1251
172.0000 0.1251
196.0000 0.1251
185.0000 0.1252
92.0000 0.1254
95.0000 0.1254
137.0000 0.1254
217.0000 0.1254
21.0000 0.1255
31.0000 0.1255
220.0000 0.1255
74.0000 0.1256
180.0000 0.1256
42.0000 0.1257
127.0000 0.1257
11.0000 0.1258
182.0000 0.1258
19.0000 0.1259
77.0000 0.1259
25.0000 0.1260
44.0000 0.1260
129.0000 0.1260
110.0000 0.1261
201.0000 0.1261
106.0000 0.1264
108.0000 0.1264
193.0000 0.1264
87.0000 0.1266
99.0000 0.1267
145.0000 0.1267
152.0000 0.1269
3.0000 0.1273
198.0000 0.1273
237.0000 0.1273
50.0000 0.1274
121.0000 0.1274
186.0000 0.1274
160.0000 0.1275
90.0000 0.1276
37.0000 0.1278
123.0000 0.1278
83.0000 0.1279
94.0000 0.1279
216.0000 0.1279
232.0000 0.1279
61.0000 0.1281
125.0000 0.1281
207.0000 0.1281
91.0000 0.1283
183.0000 0.1283
113.0000 0.1284
175.0000 0.1284
0.0000 0.1286
65.0000 0.1287
69.0000 0.1287
140.0000 0.1287
67.0000 0.1289
63.0000 0.1291
43.0000 0.1292
132.0000 0.1292
143.0000 0.1292
105.0000 0.1293
96.0000 0.1294
118.0000 0.1294
142.0000 0.1295
71.0000 0.1296
236.0000 0.1296
116.0000 0.1297
30.0000 0.1298
45.0000 0.1298
109.0000 0.1299
164.0000 0.1299
199.0000 0.1299
209.0000 0.1299
159.0000 0.1301
181.0000 0.1301
188.0000 0.1301
203.0000 0.1301
58.0000 0.1302
235.0000 0.1302
60.0000 0.1304
204.0000 0.1304
223.0000 0.1304
158.0000 0.1305
112.0000 0.1306
6.0000 0.1307
38.0000 0.1307
221.0000 0.1307
53.0000 0.1308
222.0000 0.1309
73.0000 0.1310
169.0000 0.1311
213.0000 0.1311
219.0000 0.1312
84.0000 0.1314
150.0000 0.1314
229.0000 0.1315
18.0000 0.1316
192.0000 0.1316
40.0000 0.1319
227.0000 0.1321
238.0000 0.1322
86.0000 0.1324
104.0000 0.1324
97.0000 0.1325
41.0000 0.1326
189.0000 0.1326
156.0000 0.1327
55.0000 0.1328
82.0000 0.1330
173.0000 0.1330
122.0000 0.1331
35.0000 0.1332
184.0000 0.1333
100.0000 0.1334
162.0000 0.1334
214.0000 0.1334
68.0000 0.1335
124.0000 0.1335
141.0000 0.1335
195.0000 0.1335
239.0000 0.1335
1.0000 0.1336
205.0000 0.1336
107.0000 0.1338
202.0000 0.1338
52.0000 0.1339
78.0000 0.1339
126.0000 0.1339
26.0000 0.1340
14.0000 0.1341
27.0000 0.1343
191.0000 0.1343
215.0000 0.1343
9.0000 0.1345
33.0000 0.1346
149.0000 0.1346
57.0000 0.1347
161.0000 0.1347
77.0000 0.1348
210.0000 0.1349
179.0000 0.1350
12.0000 0.1352
7.0000 0.1354
39.0000 0.1354
64.0000 0.1354
178.0000 0.1354
148.0000 0.1355
217.0000 0.1355
98.0000 0.1356
92.0000 0.1357
180.0000 0.1357
8.0000 0.1358
62.0000 0.1358
128.0000 0.1358
182.0000 0.1358
225.0000 0.1358
99.0000 0.1359
211.0000 0.1360
31.0000 0.1363
32.0000 0.1363
48.0000 0.1364
83.0000 0.1364
115.0000 0.1364
129.0000 0.1364
167.0000 0.1365
46.0000 0.1366
85.0000 0.1366
133.0000 0.1366
75.0000 0.1367
11.0000 0.1368
166.0000 0.1368
220.0000 0.1369
74.0000 0.1372
147.0000 0.1372
22.0000 0.1373
17.0000 0.1375
110.0000 0.1375
152.0000 0.1375
157.0000 0.1375
185.0000 0.1375
231.0000 0.1375
23.0000 0.1376
131.0000 0.1376
144.0000 0.1377
233.0000 0.1377
28.0000 0.1378
108.0000 0.1378
50.0000 0.1379
95.0000 0.1379
201.0000 0.1379
80.0000 0.1380
5.0000 0.1381
127.0000 0.1381
146.0000 0.1381
170.0000 0.1384
197.0000 0.1384
136.0000 0.1385
234.0000 0.1386
237.0000 0.1386
145.0000 0.1387
196.0000 0.1388
224.0000 0.1388
29.0000 0.1389
67.0000 0.1389
51.0000 0.1390
69.0000 0.1391
171.0000 0.1391
20.0000 0.1392
94.0000 0.1392
114.0000 0.1392
44.0000 0.1393
87.0000 0.1393
112.0000 0.1393
16.0000 0.1394
36.0000 0.1394
176.0000 0.1394
109.0000 0.1395
172.0000 0.1395
194.0000 0.1396
181.0000 0.1399
188.0000 0.1399
13.0000 0.1401
58.0000 0.1401
192.0000 0.1401
138.0000 0.1403
30.0000 0.1404
164.0000 0.1404
63.0000 0.1406
207.0000 0.1407
15.0000 0.1408
137.0000 0.1408
101.0000 0.1409
54.0000 0.1410
163.0000 0.1410
177.0000 0.1410
235.0000 0.1411
0.0000 0.1413
71.0000 0.1414
113.0000 0.1414
168.0000 0.1414
216.0000 0.1414
79.0000 0.1415
175.0000 0.1415
203.0000 0.1415
213.0000 0.1415
174.0000 0.1416
229.0000 0.1416
82.0000 0.1417
45.0000 0.1418
91.0000 0.1418
193.0000 0.1419
96.0000 0.1421
135.0000 0.1421
93.0000 0.1423
214.0000 0.1423
37.0000 0.1424
21.0000 0.1425
183.0000 0.1425
199.0000 0.1425
205.0000 0.1425
65.0000 0.1426
86.0000 0.1426
140.0000 0.1426
209.0000 0.1426
158.0000 0.1427
125.0000 0.1429
162.0000 0.1431
76.0000 0.1433
90.0000 0.1433
132.0000 0.1433
173.0000 0.1434
47.0000 0.1435
227.0000 0.1435
6.0000 0.1436
184.0000 0.1436
77.0000 0.1437
232.0000 0.1437
42.0000 0.1438
4.0000 0.1439
78.0000 0.1440
195.0000 0.1440
83.0000 0.1442
130.0000 0.1442
97.0000 0.1443
149.0000 0.1443
161.0000 0.1443
35.0000 0.1444
41.0000 0.1446
99.0000 0.1446
122.0000 0.1447
219.0000 0.1448
124.0000 0.1449
236.0000 0.1450
19.0000 0.1451
182.0000 0.1451
56.0000 0.1453
57.0000 0.1453
239.0000 0.1453
156.0000 0.1455
105.0000 0.1456
189.0000 0.1456
208.0000 0.1456
238.0000 0.1457
49.0000 0.1458
92.0000 0.1458
126.0000 0.1458
154.0000 0.1458
11.0000 0.1460
129.0000 0.1460
180.0000 0.1460
73.0000 0.1461
107.0000 0.1461
84.0000 0.1463
3.0000 0.1464
52.0000 0.1465
64.0000 0.1465
215.0000 0.1465
217.0000 0.1465
26.0000 0.1467
31.0000 0.1468
159.0000 0.1468
223.0000 0.1468
1.0000 0.1471
7.0000 0.1471
14.0000 0.1471
98.0000 0.1471
143.0000 0.1471
152.0000 0.1471
186.0000 0.1471
104.0000 0.1472
108.0000 0.1472
43.0000 0.1473
100.0000 0.1473
179.0000 0.1473
9.0000 0.1474
40.0000 0.1474
68.0000 0.1474
128.0000 0.1474
220.0000 0.1474
134.0000 0.1475
155.0000 0.1475
160.0000 0.1475
202.0000 0.1475
38.0000 0.1476
150.0000 0.1476
190.0000 0.1476
18.0000 0.1477
75.0000 0.1477
62.0000 0.1478
50.0000 0.1480
115.0000 0.1480
178.0000 0.1480
204.0000 0.1481
226.0000 0.1482
12.0000 0.1483
166.0000 0.1483
74.0000 0.1484
112.0000 0.1484
147.0000 0.1485
67.0000 0.1486
237.0000 0.1486
39.0000 0.1487
110.0000 0.1487
53.0000 0.1488
69.0000 0.1488
192.0000 0.1489
222.0000 0.1489
60.0000 0.1490
48.0000 0.1491
142.0000 0.1491
210.0000 0.1491
109.0000 0.1492
181.0000 0.1492
185.0000 0.1494
188.0000 0.1494
127.0000 0.1495
139.0000 0.1495
94.0000 0.1496
164.0000 0.1496
58.0000 0.1499
133.0000 0.1499
121.0000 0.1500
27.0000 0.1502
82.0000 0.1502
231.0000 0.1502
23.0000 0.1504
32.0000 0.1506
201.0000 0.1506
17.0000 0.1507
95.0000 0.1507
28.0000 0.1508
33.0000 0.1508
145.0000 0.1508
233.0000 0.1508
8.0000 0.1509
87.0000 0.1509
211.0000 0.1509
141.0000 0.1511
196.0000 0.1512
30.0000 0.1513
63.0000 0.1513
214.0000 0.1513
83.0000 0.1515
191.0000 0.1515
205.0000 0.1515
80.0000 0.1516
86.0000 0.1517
229.0000 0.1517
207.0000 0.1518
225.0000 0.1521
224.0000 0.1522
44.0000 0.1523
77.0000 0.1524
203.0000 0.1524
116.0000 0.1526
131.0000 0.1526
216.0000 0.1526
71.0000 0.1527
25.0000 0.1528
78.0000 0.1530
72.0000 0.1531
171.0000 0.1531
213.0000 0.1531
235.0000 0.1531
184.0000 0.1532
103.0000 0.1533
172.0000 0.1533
99.0000 0.1534
149.0000 0.1534
20.0000 0.1535
162.0000 0.1535
234.0000 0.1535
97.0000 0.1537
123.0000 0.1538
96.0000 0.1539
136.0000 0.1539
173.0000 0.1540
35.0000 0.1541
91.0000 0.1546
175.0000 0.1546
0.0000 0.1547
113.0000 0.1547
137.0000 0.1548
148.0000 0.1548
230.0000 0.1548
11.0000 0.1552
218.0000 0.1552
227.0000 0.1552
45.0000 0.1553
161.0000 0.1553
195.0000 0.1553
158.0000 0.1554
182.0000 0.1554
13.0000 0.1555
5.0000 0.1556
180.0000 0.1558
124.0000 0.1559
140.0000 0.1559
176.0000 0.1559
183.0000 0.1559
37.0000 0.1560
174.0000 0.1560
209.0000 0.1561
163.0000 0.1564
31.0000 0.1565
65.0000 0.1565
129.0000 0.1565
199.0000 0.1565
57.0000 0.1566
92.0000 0.1567
217.0000 0.1567
41.0000 0.1568
152.0000 0.1569
219.0000 0.1570
6.0000 0.1571
85.0000 0.1571
177.0000 0.1571
108.0000 0.1573
112.0000 0.1573
114.0000 0.1573
122.0000 0.1573
239.0000 0.1573
132.0000 0.1574
79.0000 0.1575
50.0000 0.1577
64.0000 0.1577
90.0000 0.1578
128.0000 0.1579
192.0000 0.1580
7.0000 0.1582
16.0000 0.1582
21.0000 0.1582
107.0000 0.1582
125.0000 0.1582
220.0000 0.1582
101.0000 0.1584
237.0000 0.1584
26.0000 0.1585
215.0000 0.1585
67.0000 0.1586
179.0000 0.1586
198.0000 0.1586
98.0000 0.1587
181.0000 0.1587
36.0000 0.1588
188.0000 0.1588
14.0000 0.1589
156.0000 0.1589
238.0000 0.1589
126.0000 0.1590
109.0000 0.1591
135.0000 0.1592
232.0000 0.1592
52.0000 0.1593
82.0000 0.1594
83.0000 0.1595
94.0000 0.1596
74.0000 0.1597
110.0000 0.1597
193.0000 0.1598
9.0000 0.1599
12.0000 0.1601
58.0000 0.1601
62.0000 0.1602
69.0000 0.1604
84.0000 0.1604
75.0000 0.1605
205.0000 0.1605
104.0000 0.1606
127.0000 0.1606
166.0000 0.1606
214.0000 0.1606
105.0000 0.1607
147.0000 0.1607
164.0000 0.1607
189.0000 0.1607
202.0000 0.1607
185.0000 0.1608
146.0000 0.1609
178.0000 0.1609
1.0000 0.1610
86.0000 0.1610
100.0000 0.1612
223.0000 0.1612
22.0000 0.1614
34.0000 0.1614
42.0000 0.1614
55.0000 0.1614
133.0000 0.1614
236.0000 0.1614
59.0000 0.1615
77.0000 0.1615
115.0000 0.1615
30.0000 0.1616
68.0000 0.1616
39.0000 0.1617
63.0000 0.1617
93.0000 0.1617
157.0000 0.1617
40.0000 0.1619
229.0000 0.1619
46.0000 0.1620
48.0000 0.1623
99.0000 0.1625
203.0000 0.1627
169.0000 0.1628
23.0000 0.1629
149.0000 0.1629
73.0000 0.1630
78.0000 0.1630
159.0000 0.1630
87.0000 0.1631
18.0000 0.1632
76.0000 0.1632
145.0000 0.1633
207.0000 0.1633
47.0000 0.1634
201.0000 0.1634
38.0000 0.1635
197.0000 0.1635
71.0000 0.1637
150.0000 0.1637
95.0000 0.1638
17.0000 0.1640
162.0000 0.1640
170.0000 0.1641
212.0000 0.1641
213.0000 0.1641
97.0000 0.1642
143.0000 0.1642
208.0000 0.1642
43.0000 0.1644
173.0000 0.1644
182.0000 0.1644
184.0000 0.1644
19.0000 0.1645
196.0000 0.1645
32.0000 0.1647
210.0000 0.1648
44.0000 0.1649
235.0000 0.1649
28.0000 0.1650
3.0000 0.1651
233.0000 0.1651
35.0000 0.1652
96.0000 0.1653
11.0000 0.1655
144.0000 0.1658
211.0000 0.1658
172.0000 0.1659
124.0000 0.1660
129.0000 0.1660
195.0000 0.1660
231.0000 0.1660
180.0000 0.1661
227.0000 0.1661
8.0000 0.1662
80.0000 0.1663
161.0000 0.1663
194.0000 0.1664
49.0000 0.1665
91.0000 0.1665
92.0000 0.1665
112.0000 0.1665
204.0000 0.1665
160.0000 0.1667
167.0000 0.1667
217.0000 0.1667
31.0000 0.1669
152.0000 0.1669
216.0000 0.1669
113.0000 0.1672
192.0000 0.1672
15.0000 0.1673
45.0000 0.1673
50.0000 0.1673
57.0000 0.1673
154.0000 0.1673
224.0000 0.1673
20.0000 0.1674
108.0000 0.1674
175.0000 0.1674
142.0000 0.1675
158.0000 0.1675
83.0000 0.1677
220.0000 0.1677
221.0000 0.1678
225.0000 0.1678
33.0000 0.1679
64.0000 0.1679
181.0000 0.1679
0.0000 0.1680
188.0000 0.1680
82.0000 0.1681
136.0000 0.1682
186.0000 0.1682
60.0000 0.1683
131.0000 0.1683
171.0000 0.1683
237.0000 0.1683
41.0000 0.1684
67.0000 0.1684
118.0000 0.1684
128.0000 0.1684
140.0000 0.1684
199.0000 0.1684
215.0000 0.1685
7.0000 0.1686
122.0000 0.1686
137.0000 0.1688
109.0000 0.1689
141.0000 0.1689
234.0000 0.1689
27.0000 0.1690
219.0000 0.1690
26.0000 0.1691
98.0000 0.1691
191.0000 0.1691
6.0000 0.1692
37.0000 0.1692
183.0000 0.1692
239.0000 0.1692
58.0000 0.1693
121.0000 0.1693
214.0000 0.1693
56.0000 0.1694
168.0000 0.1694
54.0000 0.1695
14.0000 0.1696
53.0000 0.1696
209.0000 0.1697
77.0000 0.1699
65.0000 0.1700
205.0000 0.1700
10.0000 0.1701
86.0000 0.1701
177.0000 0.1701
13.0000 0.1702
174.0000 0.1702
222.0000 0.1702
110.0000 0.1703
164.0000 0.1703
94.0000 0.1704
179.0000 0.1704
238.0000 0.1704
69.0000 0.1705
5.0000 0.1706
62.0000 0.1706
74.0000 0.1706
30.0000 0.1707
99.0000 0.1707
156.0000 0.1707
107.0000 0.1708
9.0000 0.1710
125.0000 0.1711
148.0000 0.1712
75.0000 0.1713
126.0000 0.1713
115.0000 0.1714
166.0000 0.1715
78.0000 0.1716
106.0000 0.1716
147.0000 0.1717
185.0000 0.1717
229.0000 0.1718
127.0000 0.1719
132.0000 0.1719
149.0000 0.1719
155.0000 0.1719
63.0000 0.1720
79.0000 0.1721
189.0000 0.1723
232.0000 0.1723
52.0000 0.1724
203.0000 0.1724
2.0000 0.1725
12.0000 0.1726
104.0000 0.1726
130.0000 0.1726
176.0000 0.1726
24.0000 0.1727
84.0000 0.1729
163.0000 0.1729
202.0000 0.1729
21.0000 0.1731
90.0000 0.1731
100.0000 0.1731
193.0000 0.1731
105.0000 0.1732
162.0000 0.1732
133.0000 0.1733
48.0000 0.1734
97.0000 0.1734
29.0000 0.1735
68.0000 0.1735
178.0000 0.1735
182.0000 0.1736
39.0000 0.1737
138.0000 0.1737
201.0000 0.1738
1.0000 0.1740
213.0000 0.1740
23.0000 0.1742
25.0000 0.1743
184.0000 0.1743
35.0000 0.1744
87.0000 0.1744
173.0000 0.1744
114.0000 0.1745
11.0000 0.1746
16.0000 0.1746
207.0000 0.1746
223.0000 0.1747
71.0000 0.1749
112.0000 0.1750
85.0000 0.1751
123.0000 0.1751
145.0000 0.1751
83.0000 0.1752
135.0000 0.1752
180.0000 0.1752
236.0000 0.1752
95.0000 0.1755
159.0000 0.1755
101.0000 0.1756
192.0000 0.1756
44.0000 0.1757
235.0000 0.1757
40.0000 0.1758
129.0000 0.1759
196.0000 0.1759
195.0000 0.1760
217.0000 0.1760
111.0000 0.1761
92.0000 0.1762
124.0000 0.1762
108.0000 0.1763
152.0000 0.1763
82.0000 0.1764
181.0000 0.1766
17.0000 0.1768
72.0000 0.1768
31.0000 0.1769
36.0000 0.1769
161.0000 0.1769
227.0000 0.1770
50.0000 0.1771
18.0000 0.1772
96.0000 0.1772
188.0000 0.1774
233.0000 0.1774
210.0000 0.1775
57.0000 0.1776
214.0000 0.1777
220.0000 0.1778
91.0000 0.1779
67.0000 0.1780
28.0000 0.1781
73.0000 0.1783
231.0000 0.1783
150.0000 0.1784
77.0000 0.1785
216.0000 0.1785
113.0000 0.1786
237.0000 0.1786
20.0000 0.1787
64.0000 0.1787
70.0000 0.1787
86.0000 0.1788
158.0000 0.1788
45.0000 0.1789
58.0000 0.1789
172.0000 0.1789
205.0000 0.1790
7.0000 0.1792
128.0000 0.1792
38.0000 0.1793
32.0000 0.1795
109.0000 0.1796
146.0000 0.1796
99.0000 0.1797
98.0000 0.1798
175.0000 0.1799
41.0000 0.1800
43.0000 0.1800
0.0000 0.1801
80.0000 0.1801
94.0000 0.1801
211.0000 0.1803
122.0000 0.1804
199.0000 0.1805
140.0000 0.1806
164.0000 0.1806
239.0000 0.1806
14.0000 0.1807
19.0000 0.1807
69.0000 0.1807
93.0000 0.1807
78.0000 0.1809
42.0000 0.1810
134.0000 0.1810
8.0000 0.1811
26.0000 0.1812
171.0000 0.1812
110.0000 0.1814
215.0000 0.1814
30.0000 0.1815
219.0000 0.1815
63.0000 0.1816
74.0000 0.1816
116.0000 0.1816
137.0000 0.1816
179.0000 0.1816
149.0000 0.1817
197.0000 0.1817
103.0000 0.1818
6.0000 0.1819
139.0000 0.1819
208.0000 0.1820
3.0000 0.1821
115.0000 0.1822
75.0000 0.1823
224.0000 0.1823
9.0000 0.1824
143.0000 0.1824
238.0000 0.1824
166.0000 0.1827
229.0000 0.1827
209.0000 0.1828
62.0000 0.1829
203.0000 0.1829
33.0000 0.1830
83.0000 0.1830
127.0000 0.1830
136.0000 0.1830
185.0000 0.1831
234.0000 0.1831
49.0000 0.1832
126.0000 0.1833
183.0000 0.1833
47.0000 0.1834
112.0000 0.1835
182.0000 0.1835
22.0000 0.1836
131.0000 0.1836
147.0000 0.1836
162.0000 0.1836
160.0000 0.1837
97.0000 0.1838
156.0000 0.1839
192.0000 0.1840
225.0000 0.1840
184.0000 0.1841
11.0000 0.1842
37.0000 0.1845
65.0000 0.1845
177.0000 0.1845
107.0000 0.1847
170.0000 0.1847
173.0000 0.1847
204.0000 0.1849
13.0000 0.1850
125.0000 0.1850
60.0000 0.1851
82.0000 0.1851
71.0000 0.1852
180.0000 0.1852
79.0000 0.1853
35.0000 0.1855
133.0000 0.1855
213.0000 0.1855
76.0000 0.1856
178.0000 0.1856
217.0000 0.1856
12.0000 0.1857
27.0000 0.1858
46.0000 0.1858
189.0000 0.1858
201.0000 0.1858
1.0000 0.1859
23.0000 0.1859
188.0000 0.1859
87.0000 0.1861
152.0000 0.1861
129.0000 0.1862
132.0000 0.1862
52.0000 0.1863
68.0000 0.1863
181.0000 0.1863
207.0000 0.1863
214.0000 0.1863
104.0000 0.1864
105.0000 0.1864
195.0000 0.1864
31.0000 0.1865
84.0000 0.1865
108.0000 0.1865
202.0000 0.1865
100.0000 0.1866
174.0000 0.1866
92.0000 0.1867
124.0000 0.1868
191.0000 0.1868
48.0000 0.1869
51.0000 0.1870
161.0000 0.1870
232.0000 0.1870
39.0000 0.1872
95.0000 0.1872
50.0000 0.1873
67.0000 0.1873
77.0000 0.1873
90.0000 0.1873
220.0000 0.1873
157.0000 0.1874
227.0000 0.1874
186.0000 0.1875
5.0000 0.1876
57.0000 0.1876
44.0000 0.1877
55.0000 0.1877
58.0000 0.1877
141.0000 0.1877
53.0000 0.1878
235.0000 0.1878
86.0000 0.1880
145.0000 0.1880
163.0000 0.1881
99.0000 0.1882
15.0000 0.1883
205.0000 0.1883
196.0000 0.1884
237.0000 0.1884
142.0000 0.1885
148.0000 0.1887
193.0000 0.1887
236.0000 0.1887
7.0000 0.1891
154.0000 0.1891
64.0000 0.1892
109.0000 0.1892
21.0000 0.1893
56.0000 0.1893
128.0000 0.1894
198.0000 0.1894
96.0000 0.1896
222.0000 0.1896
61.0000 0.1897
94.0000 0.1898
121.0000 0.1898
40.0000 0.1899
91.0000 0.1899
16.0000 0.1901
176.0000 0.1901
28.0000 0.1902
158.0000 0.1902
41.0000 0.1903
164.0000 0.1904
45.0000 0.1905
78.0000 0.1905
85.0000 0.1905
135.0000 0.1905
216.0000 0.1905
233.0000 0.1905
17.0000 0.1907
83.0000 0.1907
98.0000 0.1907
20.0000 0.1908
69.0000 0.1908
113.0000 0.1910
149.0000 0.1910
194.0000 0.1910
14.0000 0.1911
210.0000 0.1911
114.0000 0.1912
159.0000 0.1913
239.0000 0.1915
30.0000 0.1916
101.0000 0.1916
122.0000 0.1916
175.0000 0.1916
26.0000 0.1917
63.0000 0.1919
110.0000 0.1920
182.0000 0.1921
192.0000 0.1923
223.0000 0.1923
18.0000 0.1924
74.0000 0.1924
112.0000 0.1924
172.0000 0.1925
80.0000 0.1927
0.0000 0.1928
215.0000 0.1928
229.0000 0.1928
199.0000 0.1929
9.0000 0.1930
115.0000 0.1931
140.0000 0.1932
150.0000 0.1932
219.0000 0.1932
11.0000 0.1933
75.0000 0.1933
203.0000 0.1933
166.0000 0.1935
34.0000 0.1936
82.0000 0.1936
162.0000 0.1936
179.0000 0.1936
184.0000 0.1936
73.0000 0.1937
167.0000 0.1937
185.0000 0.1938
32.0000 0.1941
126.0000 0.1941
231.0000 0.1942
6.0000 0.1943
171.0000 0.1944
97.0000 0.1945
127.0000 0.1945
211.0000 0.1945
43.0000 0.1946
173.0000 0.1946
188.0000 0.1947
38.0000 0.1948
137.0000 0.1948
62.0000 0.1949
214.0000 0.1951
217.0000 0.1951
238.0000 0.1951
168.0000 0.1952
180.0000 0.1952
181.0000 0.1953
8.0000 0.1959
108.0000 0.1959
147.0000 0.1959
77.0000 0.1960
50.0000 0.1961
144.0000 0.1961
35.0000 0.1963
129.0000 0.1964
152.0000 0.1964
156.0000 0.1964
92.0000 0.1965
221.0000 0.1966
86.0000 0.1967
67.0000 0.1969
213.0000 0.1969
58.0000 0.1970
136.0000 0.1971
195.0000 0.1971
31.0000 0.1972
99.0000 0.1972
87.0000 0.1973
155.0000 0.1974
220.0000 0.1974
68.0000 0.1975
71.0000 0.1975
33.0000 0.1976
23.0000 0.1977
133.0000 0.1977
201.0000 0.1977
124.0000 0.1978
12.0000 0.1981
95.0000 0.1982
107.0000 0.1982
178.0000 0.1983
205.0000 0.1983
37.0000 0.1984
224.0000 0.1984
19.0000 0.1986
83.0000 0.1986
209.0000 0.1986
109.0000 0.1988
161.0000 0.1988
183.0000 0.1989
36.0000 0.1990
227.0000 0.1990
57.0000 0.1991
207.0000 0.1992
52.0000 0.1996
225.0000 0.1996
143.0000 0.1997
