54.0000 0.0038
9.0000 0.0045
34.0000 0.0045
55.0000 0.0045
44.0000 0.0047
22.0000 0.0052
46.0000 0.0052
36.0000 0.0053
18.0000 0.0054
45.0000 0.0054
20.0000 0.0057
27.0000 0.0059
56.0000 0.0059
24.0000 0.0060
16.0000 0.0061
32.0000 0.0061
39.0000 0.0061
51.0000 0.0061
4.0000 0.0062
41.0000 0.0062
49.0000 0.0063
52.0000 0.0063
12.0000 0.0065
42.0000 0.0065
11.0000 0.0066
25.0000 0.0067
5.0000 0.0068
40.0000 0.0068
43.0000 0.0068
10.0000 0.0070
31.0000 0.0070
28.0000 0.0074
59.0000 0.0076
21.0000 0.0078
53.0000 0.0078
50.0000 0.0083
29.0000 0.0085
47.0000 0.0087
8.0000 0.0096
30.0000 0.0108
2.0000 0.0118
14.0000 0.0127
48.0000 0.0133
3.0000 0.0139
1.0000 0.0153
35.0000 0.0158
15.0000 0.0179
7.0000 0.0180
9.0000 0.0194
55.0000 0.0212
44.0000 0.0214
26.0000 0.0215
36.0000 0.0215
54.0000 0.0226
11.0000 0.0229
34.0000 0.0231
41.0000 0.0235
20.0000 0.0236
56.0000 0.0242
40.0000 0.0243
25.0000 0.0247
27.0000 0.0251
32.0000 0.0252
16.0000 0.0255
39.0000 0.0256
10.0000 0.0259
22.0000 0.0260
50.0000 0.0281
24.0000 0.0283
33.0000 0.0284
59.0000 0.0285
53.0000 0.0286
30.0000 0.0290
8.0000 0.0291
45.0000 0.0311
5.0000 0.0325
9.0000 0.0357
43.0000 0.0366
