10.0000 0.0040
33.0000 0.0043
34.0000 0.0045
0.0000 0.0047
20.0000 0.0047
55.0000 0.0047
30.0000 0.0050
31.0000 0.0052
14.0000 0.0054
19.0000 0.0054
26.0000 0.0055
44.0000 0.0055
35.0000 0.0057
9.0000 0.0058
21.0000 0.0058
25.0000 0.0059
48.0000 0.0059
8.0000 0.0061
53.0000 0.0061
39.0000 0.0062
11.0000 0.0065
54.0000 0.0070
58.0000 0.0070
17.0000 0.0072
42.0000 0.0074
46.0000 0.0074
4.0000 0.0078
36.0000 0.0078
27.0000 0.0079
43.0000 0.0081
24.0000 0.0089
22.0000 0.0102
7.0000 0.0116
49.0000 0.0119
37.0000 0.0122
45.0000 0.0125
50.0000 0.0125
59.0000 0.0129
1.0000 0.0131
47.0000 0.0135
3.0000 0.0136
38.0000 0.0138
15.0000 0.0142
18.0000 0.0151
52.0000 0.0157
33.0000 0.0158
29.0000 0.0159
5.0000 0.0161
20.0000 0.0164
10.0000 0.0165
16.0000 0.0166
0.0000 0.0176
31.0000 0.0177
35.0000 0.0179
32.0000 0.0181
14.0000 0.0183
19.0000 0.0187
30.0000 0.0187
44.0000 0.0188
34.0000 0.0189
56.0000 0.0189
9.0000 0.0190
11.0000 0.0190
58.0000 0.0190
55.0000 0.0198
8.0000 0.0202
25.0000 0.0202
57.0000 0.0202
48.0000 0.0207
26.0000 0.0208
54.0000 0.0208
21.0000 0.0212
22.0000 0.0213
23.0000 0.0221
24.0000 0.0221
36.0000 0.0222
43.0000 0.0228
39.0000 0.0233
4.0000 0.0239
33.0000 0.0245
17.0000 0.0253
20.0000 0.0261
10.0000 0.0268
49.0000 0.0273
46.0000 0.0275
0.0000 0.0277
1.0000 0.0279
42.0000 0.0283
37.0000 0.0284
31.0000 0.0286
28.0000 0.0287
7.0000 0.0288
35.0000 0.0289
15.0000 0.0290
45.0000 0.0291
27.0000 0.0293
3.0000 0.0296
9.0000 0.0297
14.0000 0.0297
58.0000 0.0299
11.0000 0.0300
19.0000 0.0302
40.0000 0.0303
34.0000 0.0307
30.0000 0.0312
55.0000 0.0312
44.0000 0.0313
8.0000 0.0317
54.0000 0.0318
22.0000 0.0320
18.0000 0.0326
38.0000 0.0327
25.0000 0.0330
53.0000 0.0331
48.0000 0.0332
26.0000 0.0334
29.0000 0.0336
33.0000 0.0337
24.0000 0.0339
52.0000 0.0339
5.0000 0.0340
47.0000 0.0340
21.0000 0.0342
36.0000 0.0343
50.0000 0.0354
12.0000 0.0358
43.0000 0.0360
10.0000 0.0361
20.0000 0.0362
0.0000 0.0372
4.0000 0.0377
35.0000 0.0381
32.0000 0.0382
31.0000 0.0383
39.0000 0.0383
49.0000 0.0394
58.0000 0.0396
9.0000 0.0398
11.0000 0.0400
19.0000 0.0404
14.0000 0.0405
17.0000 0.0405
16.0000 0.0407
8.0000 0.0415
34.0000 0.0416
44.0000 0.0418
59.0000 0.0418
1.0000 0.0419
33.0000 0.0420
54.0000 0.0423
55.0000 0.0428
3.0000 0.0431
22.0000 0.0431
30.0000 0.0434
45.0000 0.0434
25.0000 0.0439
7.0000 0.0442
37.0000 0.0442
15.0000 0.0443
46.0000 0.0445
24.0000 0.0449
10.0000 0.0458
20.0000 0.0459
26.0000 0.0461
21.0000 0.0466
0.0000 0.0469
36.0000 0.0472
48.0000 0.0472
35.0000 0.0479
38.0000 0.0479
42.0000 0.0480
5.0000 0.0484
18.0000 0.0485
31.0000 0.0490
27.0000 0.0491
9.0000 0.0493
56.0000 0.0495
43.0000 0.0496
11.0000 0.0498
19.0000 0.0498
33.0000 0.0500
58.0000 0.0500
14.0000 0.0502
4.0000 0.0510
49.0000 0.0514
2.0000 0.0517
34.0000 0.0519
52.0000 0.0519
8.0000 0.0521
54.0000 0.0524
44.0000 0.0525
29.0000 0.0529
22.0000 0.0530
39.0000 0.0530
53.0000 0.0532
55.0000 0.0532
17.0000 0.0536
30.0000 0.0539
25.0000 0.0541
20.0000 0.0543
1.0000 0.0545
10.0000 0.0545
47.0000 0.0551
24.0000 0.0553
57.0000 0.0556
0.0000 0.0557
50.0000 0.0557
23.0000 0.0559
45.0000 0.0561
3.0000 0.0562
15.0000 0.0567
35.0000 0.0568
21.0000 0.0576
26.0000 0.0578
32.0000 0.0579
37.0000 0.0580
33.0000 0.0581
31.0000 0.0585
9.0000 0.0588
36.0000 0.0589
11.0000 0.0596
7.0000 0.0597
19.0000 0.0598
14.0000 0.0599
48.0000 0.0601
46.0000 0.0602
16.0000 0.0606
58.0000 0.0606
43.0000 0.0615
8.0000 0.0626
20.0000 0.0628
54.0000 0.0629
22.0000 0.0630
10.0000 0.0635
34.0000 0.0635
38.0000 0.0637
40.0000 0.0638
44.0000 0.0639
49.0000 0.0639
4.0000 0.0640
18.0000 0.0640
55.0000 0.0640
5.0000 0.0644
27.0000 0.0647
0.0000 0.0652
30.0000 0.0654
42.0000 0.0657
24.0000 0.0660
25.0000 0.0663
33.0000 0.0664
35.0000 0.0664
39.0000 0.0667
28.0000 0.0671
31.0000 0.0678
1.0000 0.0679
17.0000 0.0679
9.0000 0.0681
45.0000 0.0681
59.0000 0.0688
21.0000 0.0690
19.0000 0.0691
11.0000 0.0692
58.0000 0.0692
3.0000 0.0695
14.0000 0.0696
52.0000 0.0697
26.0000 0.0700
15.0000 0.0701
36.0000 0.0701
29.0000 0.0705
20.0000 0.0717
37.0000 0.0719
54.0000 0.0724
22.0000 0.0726
10.0000 0.0727
47.0000 0.0727
8.0000 0.0728
48.0000 0.0731
32.0000 0.0732
43.0000 0.0732
34.0000 0.0734
33.0000 0.0739
50.0000 0.0739
0.0000 0.0740
12.0000 0.0740
55.0000 0.0742
44.0000 0.0743
7.0000 0.0745
49.0000 0.0750
56.0000 0.0751
24.0000 0.0756
35.0000 0.0758
46.0000 0.0761
53.0000 0.0763
30.0000 0.0767
4.0000 0.0769
25.0000 0.0770
38.0000 0.0772
9.0000 0.0776
31.0000 0.0777
11.0000 0.0786
58.0000 0.0787
19.0000 0.0788
5.0000 0.0789
18.0000 0.0790
14.0000 0.0793
16.0000 0.0793
39.0000 0.0799
1.0000 0.0800
20.0000 0.0803
21.0000 0.0805
26.0000 0.0805
27.0000 0.0807
17.0000 0.0808
36.0000 0.0809
3.0000 0.0812
10.0000 0.0813
33.0000 0.0815
42.0000 0.0816
45.0000 0.0818
0.0000 0.0821
54.0000 0.0823
8.0000 0.0825
22.0000 0.0826
15.0000 0.0830
34.0000 0.0833
43.0000 0.0841
35.0000 0.0845
44.0000 0.0847
24.0000 0.0851
57.0000 0.0853
49.0000 0.0854
48.0000 0.0855
55.0000 0.0855
52.0000 0.0863
37.0000 0.0865
31.0000 0.0871
9.0000 0.0873
25.0000 0.0876
30.0000 0.0878
19.0000 0.0879
11.0000 0.0880
7.0000 0.0883
58.0000 0.0883
20.0000 0.0884
4.0000 0.0886
29.0000 0.0886
14.0000 0.0887
33.0000 0.0892
10.0000 0.0896
32.0000 0.0896
23.0000 0.0898
40.0000 0.0898
0.0000 0.0905
46.0000 0.0908
26.0000 0.0910
47.0000 0.0911
54.0000 0.0913
36.0000 0.0915
1.0000 0.0919
21.0000 0.0920
22.0000 0.0920
38.0000 0.0921
8.0000 0.0923
18.0000 0.0923
50.0000 0.0923
17.0000 0.0924
59.0000 0.0930
34.0000 0.0932
35.0000 0.0932
5.0000 0.0935
39.0000 0.0938
3.0000 0.0940
53.0000 0.0941
45.0000 0.0943
24.0000 0.0948
55.0000 0.0955
44.0000 0.0956
49.0000 0.0956
9.0000 0.0960
31.0000 0.0960
43.0000 0.0960
15.0000 0.0963
27.0000 0.0964
28.0000 0.0964
33.0000 0.0964
42.0000 0.0964
58.0000 0.0965
19.0000 0.0967
48.0000 0.0967
20.0000 0.0969
11.0000 0.0971
14.0000 0.0974
10.0000 0.0977
25.0000 0.0981
30.0000 0.0984
56.0000 0.0984
0.0000 0.0986
16.0000 0.0987
37.0000 0.1006
4.0000 0.1014
54.0000 0.1016
8.0000 0.1019
36.0000 0.1021
35.0000 0.1024
22.0000 0.1025
26.0000 0.1025
7.0000 0.1026
34.0000 0.1028
21.0000 0.1033
52.0000 0.1034
29.0000 0.1044
1.0000 0.1045
33.0000 0.1045
46.0000 0.1047
24.0000 0.1048
31.0000 0.1050
9.0000 0.1051
20.0000 0.1051
19.0000 0.1054
17.0000 0.1055
18.0000 0.1056
32.0000 0.1056
58.0000 0.1056
11.0000 0.1057
10.0000 0.1058
44.0000 0.1059
49.0000 0.1061
55.0000 0.1061
38.0000 0.1066
14.0000 0.1068
3.0000 0.1069
0.0000 0.1070
43.0000 0.1070
39.0000 0.1071
5.0000 0.1073
45.0000 0.1075
25.0000 0.1079
48.0000 0.1081
30.0000 0.1086
15.0000 0.1092
47.0000 0.1096
12.0000 0.1103
2.0000 0.1109
27.0000 0.1111
54.0000 0.1111
42.0000 0.1115
8.0000 0.1116
35.0000 0.1117
50.0000 0.1119
33.0000 0.1120
22.0000 0.1121
40.0000 0.1123
53.0000 0.1125
34.0000 0.1127
21.0000 0.1132
36.0000 0.1132
20.0000 0.1133
4.0000 0.1136
26.0000 0.1136
37.0000 0.1137
19.0000 0.1140
9.0000 0.1142
31.0000 0.1142
10.0000 0.1143
59.0000 0.1145
24.0000 0.1147
58.0000 0.1148
0.0000 0.1150
11.0000 0.1150
16.0000 0.1161
44.0000 0.1163
49.0000 0.1163
14.0000 0.1165
7.0000 0.1166
55.0000 0.1171
1.0000 0.1174
23.0000 0.1177
17.0000 0.1184
25.0000 0.1184
43.0000 0.1185
3.0000 0.1190
46.0000 0.1191
45.0000 0.1193
48.0000 0.1193
30.0000 0.1194
33.0000 0.1194
38.0000 0.1195
32.0000 0.1198
39.0000 0.1198
18.0000 0.1201
35.0000 0.1201
54.0000 0.1205
52.0000 0.1208
8.0000 0.1211
22.0000 0.1211
29.0000 0.1211
56.0000 0.1212
57.0000 0.1214
20.0000 0.1215
15.0000 0.1221
34.0000 0.1221
10.0000 0.1225
5.0000 0.1226
0.0000 0.1232
9.0000 0.1233
19.0000 0.1233
36.0000 0.1233
31.0000 0.1235
11.0000 0.1236
26.0000 0.1238
24.0000 0.1239
58.0000 0.1240
21.0000 0.1241
4.0000 0.1250
28.0000 0.1252
14.0000 0.1254
49.0000 0.1263
27.0000 0.1265
55.0000 0.1265
37.0000 0.1267
33.0000 0.1272
44.0000 0.1272
47.0000 0.1275
42.0000 0.1278
1.0000 0.1288
35.0000 0.1288
25.0000 0.1291
7.0000 0.1295
43.0000 0.1295
20.0000 0.1296
54.0000 0.1296
30.0000 0.1299
17.0000 0.1302
50.0000 0.1303
22.0000 0.1304
8.0000 0.1305
10.0000 0.1308
3.0000 0.1310
48.0000 0.1311
0.0000 0.1312
53.0000 0.1314
45.0000 0.1315
34.0000 0.1320
19.0000 0.1323
9.0000 0.1324
39.0000 0.1324
11.0000 0.1325
31.0000 0.1328
38.0000 0.1329
46.0000 0.1329
58.0000 0.1333
16.0000 0.1334
36.0000 0.1340
18.0000 0.1343
24.0000 0.1343
59.0000 0.1344
14.0000 0.1345
21.0000 0.1347
26.0000 0.1347
33.0000 0.1347
15.0000 0.1349
40.0000 0.1353
5.0000 0.1357
32.0000 0.1357
52.0000 0.1360
55.0000 0.1364
49.0000 0.1365
4.0000 0.1370
29.0000 0.1371
35.0000 0.1372
44.0000 0.1373
20.0000 0.1379
54.0000 0.1386
37.0000 0.1389
10.0000 0.1391
0.0000 0.1392
25.0000 0.1392
22.0000 0.1395
8.0000 0.1398
30.0000 0.1403
1.0000 0.1405
19.0000 0.1408
43.0000 0.1408
12.0000 0.1410
27.0000 0.1412
31.0000 0.1412
9.0000 0.1413
11.0000 0.1413
34.0000 0.1413
58.0000 0.1417
3.0000 0.1418
56.0000 0.1420
33.0000 0.1421
17.0000 0.1423
42.0000 0.1426
48.0000 0.1427
23.0000 0.1429
7.0000 0.1431
14.0000 0.1434
24.0000 0.1435
36.0000 0.1437
45.0000 0.1441
39.0000 0.1442
26.0000 0.1450
21.0000 0.1453
47.0000 0.1453
20.0000 0.1456
38.0000 0.1458
35.0000 0.1461
55.0000 0.1463
49.0000 0.1464
18.0000 0.1466
44.0000 0.1466
46.0000 0.1466
15.0000 0.1467
50.0000 0.1471
10.0000 0.1473
4.0000 0.1474
0.0000 0.1475
54.0000 0.1479
22.0000 0.1484
5.0000 0.1485
16.0000 0.1487
57.0000 0.1487
19.0000 0.1489
53.0000 0.1492
8.0000 0.1493
33.0000 0.1494
9.0000 0.1499
32.0000 0.1499
25.0000 0.1500
31.0000 0.1501
30.0000 0.1502
11.0000 0.1503
58.0000 0.1505
34.0000 0.1507
59.0000 0.1507
52.0000 0.1515
37.0000 0.1518
1.0000 0.1520
14.0000 0.1521
43.0000 0.1521
24.0000 0.1524
3.0000 0.1534
28.0000 0.1534
20.0000 0.1537
29.0000 0.1538
36.0000 0.1542
17.0000 0.1545
48.0000 0.1546
45.0000 0.1547
35.0000 0.1549
0.0000 0.1555
21.0000 0.1556
7.0000 0.1557
26.0000 0.1557
10.0000 0.1558
27.0000 0.1558
39.0000 0.1559
55.0000 0.1562
49.0000 0.1564
44.0000 0.1566
33.0000 0.1570
54.0000 0.1572
40.0000 0.1573
42.0000 0.1573
19.0000 0.1579
22.0000 0.1579
2.0000 0.1585
38.0000 0.1585
11.0000 0.1587
9.0000 0.1588
31.0000 0.1589
4.0000 0.1591
8.0000 0.1591
58.0000 0.1596
18.0000 0.1597
34.0000 0.1602
15.0000 0.1603
25.0000 0.1607
14.0000 0.1608
30.0000 0.1608
24.0000 0.1612
5.0000 0.1614
46.0000 0.1617
20.0000 0.1619
35.0000 0.1632
43.0000 0.1635
56.0000 0.1635
0.0000 0.1637
47.0000 0.1637
1.0000 0.1638
36.0000 0.1639
32.0000 0.1640
50.0000 0.1641
10.0000 0.1645
33.0000 0.1647
3.0000 0.1648
37.0000 0.1648
16.0000 0.1649
55.0000 0.1656
48.0000 0.1658
26.0000 0.1659
21.0000 0.1663
45.0000 0.1663
54.0000 0.1663
19.0000 0.1664
49.0000 0.1665
22.0000 0.1666
53.0000 0.1666
44.0000 0.1668
17.0000 0.1671
9.0000 0.1672
39.0000 0.1672
52.0000 0.1672
11.0000 0.1673
8.0000 0.1676
31.0000 0.1680
58.0000 0.1680
29.0000 0.1686
12.0000 0.1689
34.0000 0.1691
23.0000 0.1693
27.0000 0.1694
20.0000 0.1698
59.0000 0.1700
7.0000 0.1702
14.0000 0.1703
4.0000 0.1708
25.0000 0.1709
30.0000 0.1711
24.0000 0.1713
35.0000 0.1717
33.0000 0.1721
0.0000 0.1722
38.0000 0.1723
10.0000 0.1731
18.0000 0.1731
42.0000 0.1732
15.0000 0.1733
36.0000 0.1744
43.0000 0.1748
5.0000 0.1754
19.0000 0.1757
54.0000 0.1761
55.0000 0.1762
1.0000 0.1764
11.0000 0.1764
21.0000 0.1764
22.0000 0.1764
46.0000 0.1764
44.0000 0.1765
9.0000 0.1766
26.0000 0.1767
58.0000 0.1768
31.0000 0.1772
57.0000 0.1773
3.0000 0.1774
49.0000 0.1774
8.0000 0.1776
20.0000 0.1780
48.0000 0.1783
45.0000 0.1786
34.0000 0.1787
14.0000 0.1789
37.0000 0.1790
32.0000 0.1795
33.0000 0.1798
39.0000 0.1799
17.0000 0.1800
35.0000 0.1804
0.0000 0.1805
4.0000 0.1805
24.0000 0.1808
40.0000 0.1810
25.0000 0.1811
10.0000 0.1812
30.0000 0.1813
50.0000 0.1815
47.0000 0.1817
16.0000 0.1819
29.0000 0.1835
7.0000 0.1839
52.0000 0.1839
28.0000 0.1843
36.0000 0.1845
27.0000 0.1846
11.0000 0.1848
38.0000 0.1849
56.0000 0.1849
15.0000 0.1850
19.0000 0.1850
53.0000 0.1850
54.0000 0.1854
58.0000 0.1855
9.0000 0.1856
43.0000 0.1858
31.0000 0.1860
22.0000 0.1861
55.0000 0.1861
44.0000 0.1864
20.0000 0.1865
8.0000 0.1869
18.0000 0.1869
33.0000 0.1870
21.0000 0.1872
1.0000 0.1875
5.0000 0.1875
26.0000 0.1876
49.0000 0.1878
14.0000 0.1881
34.0000 0.1881
42.0000 0.1882
0.0000 0.1889
3.0000 0.1889
35.0000 0.1891
10.0000 0.1896
46.0000 0.1905
48.0000 0.1906
24.0000 0.1908
45.0000 0.1915
25.0000 0.1917
30.0000 0.1918
17.0000 0.1923
37.0000 0.1923
39.0000 0.1924
4.0000 0.1930
11.0000 0.1938
19.0000 0.1939
59.0000 0.1939
32.0000 0.1942
58.0000 0.1947
33.0000 0.1948
9.0000 0.1949
31.0000 0.1949
20.0000 0.1950
36.0000 0.1951
54.0000 0.1954
22.0000 0.1961
55.0000 0.1961
8.0000 0.1962
44.0000 0.1964
0.0000 0.1969
23.0000 0.1969
43.0000 0.1969
7.0000 0.1972
49.0000 0.1973
21.0000 0.1974
34.0000 0.1974
35.0000 0.1975
14.0000 0.1976
15.0000 0.1977
26.0000 0.1978
10.0000 0.1981
29.0000 0.1983
47.0000 0.1984
52.0000 0.1984
38.0000 0.1988
27.0000 0.1989
16.0000 0.1992
1.0000 0.1994
18.0000 0.1994
