0.0000 0.0000
1.0000 0.0000
2.0000 0.0000
3.0000 0.0000
4.0000 0.0000
5.0000 0.0000
6.0000 0.0000
7.0000 0.0000
8.0000 0.0000
9.0000 0.0000
10.0000 0.0000
11.0000 0.0000
12.0000 0.0000
13.0000 0.0000
14.0000 0.0000
15.0000 0.0000
16.0000 0.0000
17.0000 0.0000
18.0000 0.0000
19.0000 0.0000
20.0000 0.0000
21.0000 0.0000
22.0000 0.0000
23.0000 0.0000
24.0000 0.0000
25.0000 0.0000
26.0000 0.0000
27.0000 0.0000
28.0000 0.0000
29.0000 0.0000
30.0000 0.0000
31.0000 0.0000
32.0000 0.0000
33.0000 0.0000
34.0000 0.0000
35.0000 0.0000
36.0000 0.0000
37.0000 0.0000
38.0000 0.0000
39.0000 0.0000
40.0000 0.0000
41.0000 0.0000
42.0000 0.0000
43.0000 0.0000
44.0000 0.0000
45.0000 0.0000
46.0000 0.0000
47.0000 0.0000
48.0000 0.0000
49.0000 0.0000
50.0000 0.0000
51.0000 0.0000
52.0000 0.0000
53.0000 0.0000
54.0000 0.0000
55.0000 0.0000
56.0000 0.0000
57.0000 0.0000
58.0000 0.0000
59.0000 0.0000
60.0000 0.0000
61.0000 0.0000
62.0000 0.0000
63.0000 0.0000
64.0000 0.0000
65.0000 0.0000
66.0000 0.0000
67.0000 0.0000
68.0000 0.0000
69.0000 0.0000
70.0000 0.0000
71.0000 0.0000
72.0000 0.0000
73.0000 0.0000
74.0000 0.0000
75.0000 0.0000
76.0000 0.0000
77.0000 0.0000
78.0000 0.0000
79.0000 0.0000
80.0000 0.0000
81.0000 0.0000
82.0000 0.0000
83.0000 0.0000
84.0000 0.0000
85.0000 0.0000
86.0000 0.0000
87.0000 0.0000
88.0000 0.0000
89.0000 0.0000
90.0000 0.0000
91.0000 0.0000
92.0000 0.0000
93.0000 0.0000
94.0000 0.0000
95.0000 0.0000
96.0000 0.0000
97.0000 0.0000
98.0000 0.0000
99.0000 0.0000
100.0000 0.0000
101.0000 0.0000
102.0000 0.0000
103.0000 0.0000
104.0000 0.0000
105.0000 0.0000
106.0000 0.0000
107.0000 0.0000
108.0000 0.0000
109.0000 0.0000
110.0000 0.0000
111.0000 0.0000
112.0000 0.0000
113.0000 0.0000
114.0000 0.0000
115.0000 0.0000
116.0000 0.0000
117.0000 0.0000
118.0000 0.0000
119.0000 0.0000
120.0000 0.0000
121.0000 0.0000
122.0000 0.0000
123.0000 0.0000
124.0000 0.0000
125.0000 0.0000
126.0000 0.0000
127.0000 0.0000
128.0000 0.0000
129.0000 0.0000
130.0000 0.0000
131.0000 0.0000
132.0000 0.0000
133.0000 0.0000
134.0000 0.0000
135.0000 0.0000
136.0000 0.0000
137.0000 0.0000
138.0000 0.0000
139.0000 0.0000
140.0000 0.0000
141.0000 0.0000
142.0000 0.0000
143.0000 0.0000
144.0000 0.0000
145.0000 0.0000
146.0000 0.0000
147.0000 0.0000
148.0000 0.0000
149.0000 0.0000
175.0000 0.0038
185.0000 0.0038
221.0000 0.0038
201.0000 0.0040
189.0000 0.0041
157.0000 0.0043
150.0000 0.0045
164.0000 0.0047
194.0000 0.0047
152.0000 0.0048
200.0000 0.0049
223.0000 0.0049
228.0000 0.0049
222.0000 0.0050
187.0000 0.0052
197.0000 0.0052
151.0000 0.0053
169.0000 0.0053
209.0000 0.0054
234.0000 0.0054
156.0000 0.0055
212.0000 0.0055
176.0000 0.0057
162.0000 0.0058
155.0000 0.0059
196.0000 0.0059
239.0000 0.0059
163.0000 0.0060
171.0000 0.0060
236.0000 0.0061
237.0000 0.0061
210.0000 0.0062
233.0000 0.0063
188.0000 0.0064
165.0000 0.0066
231.0000 0.0066
206.0000 0.0067
208.0000 0.0067
192.0000 0.0068
230.0000 0.0068
232.0000 0.0068
190.0000 0.0069
203.0000 0.0069
213.0000 0.0070
220.0000 0.0070
154.0000 0.0071
159.0000 0.0072
167.0000 0.0072
166.0000 0.0077
180.0000 0.0078
195.0000 0.0078
226.0000 0.0080
179.0000 0.0082
238.0000 0.0091
183.0000 0.0095
224.0000 0.0096
198.0000 0.0102
2.0000 0.0104
50.0000 0.0105
97.0000 0.0105
39.0000 0.0107
24.0000 0.0109
55.0000 0.0109
89.0000 0.0116
4.0000 0.0118
229.0000 0.0118
84.0000 0.0119
31.0000 0.0122
204.0000 0.0122
10.0000 0.0125
94.0000 0.0126
36.0000 0.0129
132.0000 0.0129
17.0000 0.0130
9.0000 0.0131
118.0000 0.0133
5.0000 0.0135
40.0000 0.0136
108.0000 0.0136
53.0000 0.0140
73.0000 0.0140
96.0000 0.0140
104.0000 0.0140
25.0000 0.0141
120.0000 0.0141
175.0000 0.0143
1.0000 0.0145
72.0000 0.0145
77.0000 0.0145
142.0000 0.0146
48.0000 0.0148
78.0000 0.0148
93.0000 0.0148
116.0000 0.0148
14.0000 0.0149
127.0000 0.0150
225.0000 0.0150
52.0000 0.0151
148.0000 0.0151
6.0000 0.0152
131.0000 0.0152
23.0000 0.0153
66.0000 0.0154
101.0000 0.0154
113.0000 0.0154
235.0000 0.0155
185.0000 0.0156
45.0000 0.0157
61.0000 0.0157
173.0000 0.0157
216.0000 0.0157
227.0000 0.0157
221.0000 0.0158
18.0000 0.0160
63.0000 0.0160
75.0000 0.0163
87.0000 0.0164
99.0000 0.0164
202.0000 0.0164
67.0000 0.0167
141.0000 0.0167
15.0000 0.0168
144.0000 0.0169
184.0000 0.0169
32.0000 0.0170
13.0000 0.0172
85.0000 0.0173
161.0000 0.0173
212.0000 0.0173
80.0000 0.0174
122.0000 0.0174
106.0000 0.0175
115.0000 0.0175
189.0000 0.0176
49.0000 0.0177
197.0000 0.0177
46.0000 0.0178
64.0000 0.0178
90.0000 0.0178
201.0000 0.0178
27.0000 0.0179
30.0000 0.0179
65.0000 0.0179
70.0000 0.0179
147.0000 0.0180
177.0000 0.0180
95.0000 0.0181
199.0000 0.0181
215.0000 0.0181
74.0000 0.0182
143.0000 0.0182
178.0000 0.0182
82.0000 0.0183
130.0000 0.0183
152.0000 0.0183
137.0000 0.0184
236.0000 0.0185
206.0000 0.0186
208.0000 0.0188
119.0000 0.0189
157.0000 0.0189
51.0000 0.0190
0.0000 0.0191
43.0000 0.0191
92.0000 0.0192
196.0000 0.0192
33.0000 0.0193
35.0000 0.0195
228.0000 0.0195
81.0000 0.0196
155.0000 0.0196
194.0000 0.0196
232.0000 0.0196
57.0000 0.0197
86.0000 0.0197
91.0000 0.0197
231.0000 0.0197
100.0000 0.0198
110.0000 0.0198
114.0000 0.0199
97.0000 0.0200
239.0000 0.0200
62.0000 0.0201
151.0000 0.0201
164.0000 0.0201
169.0000 0.0201
172.0000 0.0201
200.0000 0.0201
98.0000 0.0202
102.0000 0.0202
128.0000 0.0202
171.0000 0.0202
211.0000 0.0202
38.0000 0.0203
44.0000 0.0203
187.0000 0.0204
220.0000 0.0204
37.0000 0.0205
138.0000 0.0205
191.0000 0.0205
2.0000 0.0206
125.0000 0.0206
234.0000 0.0206
76.0000 0.0207
50.0000 0.0209
129.0000 0.0209
11.0000 0.0210
55.0000 0.0210
182.0000 0.0210
19.0000 0.0211
233.0000 0.0211
47.0000 0.0213
68.0000 0.0213
69.0000 0.0213
126.0000 0.0213
209.0000 0.0213
117.0000 0.0214
89.0000 0.0215
159.0000 0.0215
186.0000 0.0215
83.0000 0.0216
230.0000 0.0216
41.0000 0.0217
149.0000 0.0217
219.0000 0.0217
88.0000 0.0218
10.0000 0.0219
183.0000 0.0219
210.0000 0.0219
179.0000 0.0220
165.0000 0.0221
168.0000 0.0221
174.0000 0.0221
4.0000 0.0222
146.0000 0.0222
203.0000 0.0222
222.0000 0.0222
237.0000 0.0222
3.0000 0.0223
28.0000 0.0224
8.0000 0.0225
21.0000 0.0225
84.0000 0.0225
175.0000 0.0225
205.0000 0.0225
39.0000 0.0226
118.0000 0.0226
180.0000 0.0226
188.0000 0.0226
20.0000 0.0227
162.0000 0.0227
226.0000 0.0227
213.0000 0.0228
24.0000 0.0229
79.0000 0.0229
94.0000 0.0229
163.0000 0.0230
192.0000 0.0231
109.0000 0.0233
167.0000 0.0234
153.0000 0.0235
56.0000 0.0236
123.0000 0.0236
5.0000 0.0239
17.0000 0.0239
140.0000 0.0239
198.0000 0.0240
40.0000 0.0241
36.0000 0.0242
34.0000 0.0243
9.0000 0.0244
23.0000 0.0244
31.0000 0.0244
54.0000 0.0244
104.0000 0.0245
14.0000 0.0246
25.0000 0.0246
45.0000 0.0246
221.0000 0.0246
195.0000 0.0247
77.0000 0.0248
96.0000 0.0248
132.0000 0.0248
148.0000 0.0250
166.0000 0.0252
22.0000 0.0253
120.0000 0.0253
176.0000 0.0253
73.0000 0.0254
1.0000 0.0255
53.0000 0.0255
63.0000 0.0258
224.0000 0.0259
61.0000 0.0260
116.0000 0.0260
72.0000 0.0262
142.0000 0.0262
212.0000 0.0262
101.0000 0.0263
93.0000 0.0264
185.0000 0.0265
66.0000 0.0267
189.0000 0.0267
6.0000 0.0268
108.0000 0.0269
107.0000 0.0270
134.0000 0.0271
144.0000 0.0271
78.0000 0.0273
201.0000 0.0273
150.0000 0.0274
152.0000 0.0274
197.0000 0.0274
18.0000 0.0275
32.0000 0.0275
135.0000 0.0277
127.0000 0.0278
75.0000 0.0279
99.0000 0.0279
124.0000 0.0279
52.0000 0.0280
67.0000 0.0280
225.0000 0.0281
236.0000 0.0282
206.0000 0.0283
15.0000 0.0284
218.0000 0.0285
97.0000 0.0286
131.0000 0.0286
106.0000 0.0287
157.0000 0.0287
87.0000 0.0288
190.0000 0.0288
229.0000 0.0288
85.0000 0.0289
122.0000 0.0289
141.0000 0.0289
196.0000 0.0289
208.0000 0.0289
2.0000 0.0290
113.0000 0.0290
115.0000 0.0290
147.0000 0.0290
238.0000 0.0294
49.0000 0.0295
231.0000 0.0295
232.0000 0.0295
55.0000 0.0296
13.0000 0.0298
50.0000 0.0298
111.0000 0.0300
89.0000 0.0303
155.0000 0.0303
48.0000 0.0304
130.0000 0.0304
175.0000 0.0304
228.0000 0.0304
164.0000 0.0305
169.0000 0.0305
171.0000 0.0305
204.0000 0.0305
30.0000 0.0307
10.0000 0.0308
65.0000 0.0308
58.0000 0.0309
82.0000 0.0309
105.0000 0.0309
33.0000 0.0310
220.0000 0.0310
70.0000 0.0311
137.0000 0.0311
181.0000 0.0311
80.0000 0.0313
173.0000 0.0313
187.0000 0.0314
84.0000 0.0315
227.0000 0.0315
4.0000 0.0316
46.0000 0.0316
154.0000 0.0316
95.0000 0.0317
194.0000 0.0317
35.0000 0.0318
202.0000 0.0318
209.0000 0.0318
233.0000 0.0318
27.0000 0.0319
39.0000 0.0319
64.0000 0.0319
74.0000 0.0319
90.0000 0.0319
145.0000 0.0319
143.0000 0.0320
151.0000 0.0320
235.0000 0.0320
37.0000 0.0321
121.0000 0.0321
94.0000 0.0322
81.0000 0.0323
216.0000 0.0323
239.0000 0.0323
0.0000 0.0324
42.0000 0.0324
57.0000 0.0325
118.0000 0.0325
128.0000 0.0325
183.0000 0.0325
112.0000 0.0326
200.0000 0.0326
86.0000 0.0328
38.0000 0.0329
230.0000 0.0329
110.0000 0.0330
51.0000 0.0331
60.0000 0.0332
184.0000 0.0332
221.0000 0.0332
92.0000 0.0333
119.0000 0.0333
9.0000 0.0334
179.0000 0.0335
226.0000 0.0335
45.0000 0.0336
188.0000 0.0336
25.0000 0.0337
159.0000 0.0337
215.0000 0.0337
14.0000 0.0338
24.0000 0.0338
5.0000 0.0339
104.0000 0.0339
148.0000 0.0339
234.0000 0.0339
62.0000 0.0340
100.0000 0.0340
102.0000 0.0340
165.0000 0.0340
17.0000 0.0341
96.0000 0.0342
114.0000 0.0342
210.0000 0.0342
213.0000 0.0342
203.0000 0.0343
212.0000 0.0343
237.0000 0.0343
180.0000 0.0345
36.0000 0.0346
40.0000 0.0346
138.0000 0.0346
222.0000 0.0346
23.0000 0.0349
88.0000 0.0349
129.0000 0.0350
31.0000 0.0351
43.0000 0.0351
77.0000 0.0351
189.0000 0.0351
152.0000 0.0352
61.0000 0.0353
185.0000 0.0353
11.0000 0.0354
69.0000 0.0354
120.0000 0.0354
63.0000 0.0355
98.0000 0.0355
132.0000 0.0355
198.0000 0.0355
116.0000 0.0356
178.0000 0.0356
161.0000 0.0357
223.0000 0.0357
201.0000 0.0358
1.0000 0.0359
44.0000 0.0359
73.0000 0.0359
117.0000 0.0360
162.0000 0.0360
163.0000 0.0360
53.0000 0.0361
83.0000 0.0361
47.0000 0.0362
91.0000 0.0362
192.0000 0.0362
167.0000 0.0364
177.0000 0.0364
197.0000 0.0364
72.0000 0.0365
125.0000 0.0365
142.0000 0.0365
3.0000 0.0367
2.0000 0.0368
19.0000 0.0368
191.0000 0.0368
66.0000 0.0369
97.0000 0.0369
101.0000 0.0369
126.0000 0.0369
144.0000 0.0370
6.0000 0.0372
75.0000 0.0372
76.0000 0.0372
236.0000 0.0372
32.0000 0.0373
196.0000 0.0373
93.0000 0.0374
206.0000 0.0374
55.0000 0.0375
157.0000 0.0375
108.0000 0.0376
146.0000 0.0376
175.0000 0.0376
18.0000 0.0377
208.0000 0.0377
8.0000 0.0378
224.0000 0.0378
99.0000 0.0379
127.0000 0.0381
50.0000 0.0382
67.0000 0.0382
78.0000 0.0382
89.0000 0.0382
20.0000 0.0383
232.0000 0.0383
211.0000 0.0385
231.0000 0.0385
68.0000 0.0387
103.0000 0.0387
41.0000 0.0388
10.0000 0.0390
140.0000 0.0390
169.0000 0.0390
166.0000 0.0391
85.0000 0.0393
106.0000 0.0393
122.0000 0.0393
136.0000 0.0393
131.0000 0.0394
147.0000 0.0394
170.0000 0.0394
176.0000 0.0394
220.0000 0.0394
52.0000 0.0395
123.0000 0.0395
228.0000 0.0395
155.0000 0.0396
195.0000 0.0396
28.0000 0.0397
115.0000 0.0397
15.0000 0.0398
171.0000 0.0398
4.0000 0.0400
84.0000 0.0400
113.0000 0.0401
164.0000 0.0401
79.0000 0.0403
29.0000 0.0404
109.0000 0.0404
21.0000 0.0405
54.0000 0.0405
87.0000 0.0405
13.0000 0.0406
141.0000 0.0406
149.0000 0.0406
225.0000 0.0408
118.0000 0.0409
151.0000 0.0409
187.0000 0.0410
221.0000 0.0410
39.0000 0.0411
182.0000 0.0411
94.0000 0.0412
194.0000 0.0413
49.0000 0.0414
130.0000 0.0414
9.0000 0.0416
233.0000 0.0417
209.0000 0.0418
45.0000 0.0419
82.0000 0.0419
33.0000 0.0420
56.0000 0.0421
239.0000 0.0421
137.0000 0.0422
183.0000 0.0422
25.0000 0.0423
30.0000 0.0424
148.0000 0.0424
212.0000 0.0424
14.0000 0.0425
34.0000 0.0425
35.0000 0.0425
24.0000 0.0426
70.0000 0.0427
95.0000 0.0427
74.0000 0.0428
38.0000 0.0429
65.0000 0.0429
104.0000 0.0429
200.0000 0.0429
22.0000 0.0430
80.0000 0.0430
81.0000 0.0430
96.0000 0.0430
179.0000 0.0430
46.0000 0.0431
152.0000 0.0432
5.0000 0.0433
17.0000 0.0433
189.0000 0.0433
40.0000 0.0434
230.0000 0.0434
36.0000 0.0435
37.0000 0.0435
59.0000 0.0435
229.0000 0.0435
173.0000 0.0436
23.0000 0.0437
90.0000 0.0437
48.0000 0.0438
201.0000 0.0438
27.0000 0.0439
57.0000 0.0439
64.0000 0.0439
226.0000 0.0439
159.0000 0.0440
185.0000 0.0440
213.0000 0.0440
61.0000 0.0442
150.0000 0.0442
190.0000 0.0442
219.0000 0.0442
165.0000 0.0443
202.0000 0.0443
205.0000 0.0443
210.0000 0.0443
235.0000 0.0443
2.0000 0.0444
156.0000 0.0444
188.0000 0.0444
203.0000 0.0444
0.0000 0.0445
51.0000 0.0445
63.0000 0.0445
77.0000 0.0445
100.0000 0.0445
110.0000 0.0445
120.0000 0.0445
180.0000 0.0445
234.0000 0.0445
238.0000 0.0445
31.0000 0.0446
160.0000 0.0446
97.0000 0.0447
107.0000 0.0447
116.0000 0.0447
134.0000 0.0447
175.0000 0.0447
204.0000 0.0447
86.0000 0.0449
124.0000 0.0449
128.0000 0.0449
132.0000 0.0449
197.0000 0.0449
237.0000 0.0449
62.0000 0.0450
153.0000 0.0450
1.0000 0.0451
222.0000 0.0451
55.0000 0.0452
73.0000 0.0452
92.0000 0.0452
143.0000 0.0452
196.0000 0.0453
102.0000 0.0454
236.0000 0.0454
158.0000 0.0455
186.0000 0.0456
198.0000 0.0456
75.0000 0.0457
168.0000 0.0457
174.0000 0.0457
208.0000 0.0457
72.0000 0.0458
89.0000 0.0458
227.0000 0.0458
50.0000 0.0459
53.0000 0.0459
101.0000 0.0459
172.0000 0.0459
206.0000 0.0459
12.0000 0.0460
142.0000 0.0460
217.0000 0.0460
66.0000 0.0461
119.0000 0.0461
138.0000 0.0461
43.0000 0.0462
157.0000 0.0462
6.0000 0.0464
32.0000 0.0464
144.0000 0.0464
184.0000 0.0464
88.0000 0.0465
129.0000 0.0465
162.0000 0.0465
10.0000 0.0466
114.0000 0.0466
163.0000 0.0467
232.0000 0.0467
11.0000 0.0468
216.0000 0.0468
231.0000 0.0469
93.0000 0.0471
99.0000 0.0471
108.0000 0.0471
67.0000 0.0472
169.0000 0.0472
69.0000 0.0473
192.0000 0.0473
127.0000 0.0474
199.0000 0.0474
98.0000 0.0475
18.0000 0.0476
154.0000 0.0476
167.0000 0.0478
4.0000 0.0479
84.0000 0.0479
117.0000 0.0479
155.0000 0.0479
171.0000 0.0479
215.0000 0.0481
125.0000 0.0482
228.0000 0.0482
78.0000 0.0483
220.0000 0.0483
221.0000 0.0484
121.0000 0.0485
85.0000 0.0486
91.0000 0.0486
106.0000 0.0486
122.0000 0.0486
164.0000 0.0486
83.0000 0.0488
94.0000 0.0488
118.0000 0.0488
39.0000 0.0489
178.0000 0.0489
224.0000 0.0491
76.0000 0.0492
115.0000 0.0492
147.0000 0.0492
161.0000 0.0492
191.0000 0.0493
44.0000 0.0494
126.0000 0.0494
151.0000 0.0495
3.0000 0.0496
47.0000 0.0496
9.0000 0.0497
13.0000 0.0497
113.0000 0.0497
131.0000 0.0497
141.0000 0.0497
194.0000 0.0498
19.0000 0.0499
135.0000 0.0499
187.0000 0.0499
8.0000 0.0500
45.0000 0.0500
52.0000 0.0500
148.0000 0.0500
212.0000 0.0500
112.0000 0.0502
15.0000 0.0504
152.0000 0.0504
24.0000 0.0505
25.0000 0.0506
233.0000 0.0506
146.0000 0.0508
179.0000 0.0508
14.0000 0.0509
176.0000 0.0509
218.0000 0.0509
189.0000 0.0511
209.0000 0.0511
20.0000 0.0513
104.0000 0.0513
33.0000 0.0514
177.0000 0.0514
195.0000 0.0514
96.0000 0.0515
105.0000 0.0515
166.0000 0.0515
175.0000 0.0515
2.0000 0.0516
49.0000 0.0516
38.0000 0.0517
201.0000 0.0517
5.0000 0.0518
23.0000 0.0518
87.0000 0.0518
183.0000 0.0518
36.0000 0.0521
225.0000 0.0521
97.0000 0.0522
130.0000 0.0522
140.0000 0.0522
200.0000 0.0522
17.0000 0.0523
137.0000 0.0523
28.0000 0.0524
61.0000 0.0524
185.0000 0.0524
35.0000 0.0525
63.0000 0.0525
65.0000 0.0525
211.0000 0.0525
239.0000 0.0525
30.0000 0.0526
40.0000 0.0526
82.0000 0.0526
139.0000 0.0527
145.0000 0.0527
197.0000 0.0527
55.0000 0.0528
74.0000 0.0529
230.0000 0.0529
41.0000 0.0530
123.0000 0.0530
223.0000 0.0530
37.0000 0.0531
111.0000 0.0531
120.0000 0.0531
226.0000 0.0531
77.0000 0.0532
236.0000 0.0532
50.0000 0.0533
89.0000 0.0533
95.0000 0.0533
46.0000 0.0534
132.0000 0.0534
208.0000 0.0534
71.0000 0.0535
196.0000 0.0535
68.0000 0.0537
73.0000 0.0537
203.0000 0.0537
80.0000 0.0538
116.0000 0.0538
213.0000 0.0538
1.0000 0.0539
79.0000 0.0539
31.0000 0.0540
81.0000 0.0540
109.0000 0.0540
206.0000 0.0540
10.0000 0.0541
159.0000 0.0541
57.0000 0.0542
210.0000 0.0542
70.0000 0.0543
165.0000 0.0543
157.0000 0.0544
75.0000 0.0545
27.0000 0.0546
54.0000 0.0546
180.0000 0.0546
0.0000 0.0547
90.0000 0.0547
188.0000 0.0547
66.0000 0.0548
32.0000 0.0549
53.0000 0.0550
64.0000 0.0550
100.0000 0.0550
110.0000 0.0550
232.0000 0.0550
237.0000 0.0550
198.0000 0.0551
4.0000 0.0552
51.0000 0.0552
231.0000 0.0552
234.0000 0.0552
21.0000 0.0553
101.0000 0.0553
142.0000 0.0553
60.0000 0.0554
144.0000 0.0554
173.0000 0.0554
221.0000 0.0555
6.0000 0.0556
56.0000 0.0556
62.0000 0.0556
48.0000 0.0557
42.0000 0.0558
162.0000 0.0558
169.0000 0.0558
202.0000 0.0558
67.0000 0.0559
72.0000 0.0559
84.0000 0.0559
229.0000 0.0559
128.0000 0.0560
149.0000 0.0561
222.0000 0.0561
86.0000 0.0562
99.0000 0.0562
93.0000 0.0564
94.0000 0.0564
102.0000 0.0564
108.0000 0.0564
171.0000 0.0564
155.0000 0.0565
119.0000 0.0566
127.0000 0.0566
138.0000 0.0566
220.0000 0.0566
118.0000 0.0567
143.0000 0.0567
235.0000 0.0567
18.0000 0.0568
34.0000 0.0568
39.0000 0.0568
92.0000 0.0568
228.0000 0.0568
164.0000 0.0570
122.0000 0.0571
150.0000 0.0571
78.0000 0.0573
163.0000 0.0573
9.0000 0.0574
182.0000 0.0574
212.0000 0.0574
43.0000 0.0575
181.0000 0.0575
45.0000 0.0576
85.0000 0.0576
204.0000 0.0576
152.0000 0.0577
129.0000 0.0578
148.0000 0.0578
88.0000 0.0579
192.0000 0.0579
227.0000 0.0579
106.0000 0.0580
98.0000 0.0581
175.0000 0.0581
238.0000 0.0581
114.0000 0.0582
190.0000 0.0582
58.0000 0.0583
147.0000 0.0583
167.0000 0.0583
2.0000 0.0584
151.0000 0.0584
194.0000 0.0584
189.0000 0.0586
115.0000 0.0587
14.0000 0.0589
184.0000 0.0589
11.0000 0.0590
25.0000 0.0590
69.0000 0.0591
125.0000 0.0591
201.0000 0.0591
219.0000 0.0591
187.0000 0.0592
233.0000 0.0592
24.0000 0.0593
216.0000 0.0593
224.0000 0.0593
97.0000 0.0594
134.0000 0.0594
141.0000 0.0594
179.0000 0.0594
104.0000 0.0595
13.0000 0.0596
52.0000 0.0596
113.0000 0.0596
117.0000 0.0596
15.0000 0.0597
55.0000 0.0598
96.0000 0.0599
131.0000 0.0599
5.0000 0.0600
36.0000 0.0600
209.0000 0.0600
23.0000 0.0601
83.0000 0.0601
124.0000 0.0601
185.0000 0.0601
22.0000 0.0603
40.0000 0.0604
103.0000 0.0604
154.0000 0.0605
197.0000 0.0605
50.0000 0.0606
61.0000 0.0606
63.0000 0.0606
215.0000 0.0606
44.0000 0.0608
89.0000 0.0608
91.0000 0.0608
183.0000 0.0608
236.0000 0.0608
3.0000 0.0609
107.0000 0.0609
38.0000 0.0610
17.0000 0.0611
33.0000 0.0611
196.0000 0.0611
205.0000 0.0611
49.0000 0.0612
208.0000 0.0613
76.0000 0.0615
77.0000 0.0615
137.0000 0.0615
191.0000 0.0615
47.0000 0.0616
120.0000 0.0616
200.0000 0.0616
10.0000 0.0617
176.0000 0.0617
206.0000 0.0617
230.0000 0.0617
132.0000 0.0618
65.0000 0.0619
126.0000 0.0619
130.0000 0.0620
161.0000 0.0620
226.0000 0.0620
239.0000 0.0620
35.0000 0.0622
87.0000 0.0622
178.0000 0.0622
195.0000 0.0622
8.0000 0.0623
116.0000 0.0623
19.0000 0.0624
30.0000 0.0624
31.0000 0.0625
166.0000 0.0625
221.0000 0.0625
37.0000 0.0626
74.0000 0.0626
82.0000 0.0626
133.0000 0.0626
157.0000 0.0626
203.0000 0.0626
4.0000 0.0628
73.0000 0.0628
225.0000 0.0628
32.0000 0.0629
75.0000 0.0629
95.0000 0.0629
232.0000 0.0629
1.0000 0.0630
46.0000 0.0630
213.0000 0.0631
210.0000 0.0632
214.0000 0.0632
20.0000 0.0633
231.0000 0.0633
84.0000 0.0634
53.0000 0.0635
186.0000 0.0636
66.0000 0.0637
80.0000 0.0637
174.0000 0.0637
57.0000 0.0638
146.0000 0.0638
159.0000 0.0638
165.0000 0.0638
169.0000 0.0638
144.0000 0.0639
118.0000 0.0641
188.0000 0.0641
81.0000 0.0642
94.0000 0.0642
142.0000 0.0642
198.0000 0.0642
6.0000 0.0643
67.0000 0.0643
70.0000 0.0643
168.0000 0.0643
0.0000 0.0644
153.0000 0.0644
171.0000 0.0644
177.0000 0.0644
180.0000 0.0644
234.0000 0.0644
237.0000 0.0644
212.0000 0.0645
220.0000 0.0645
39.0000 0.0646
101.0000 0.0646
175.0000 0.0646
72.0000 0.0647
110.0000 0.0647
90.0000 0.0649
93.0000 0.0649
140.0000 0.0649
155.0000 0.0649
64.0000 0.0650
152.0000 0.0651
162.0000 0.0651
45.0000 0.0652
2.0000 0.0653
9.0000 0.0653
27.0000 0.0653
148.0000 0.0653
228.0000 0.0653
28.0000 0.0654
51.0000 0.0654
99.0000 0.0654
121.0000 0.0654
18.0000 0.0655
108.0000 0.0656
136.0000 0.0656
164.0000 0.0656
123.0000 0.0657
127.0000 0.0657
222.0000 0.0657
62.0000 0.0658
102.0000 0.0660
128.0000 0.0661
41.0000 0.0663
86.0000 0.0663
100.0000 0.0663
189.0000 0.0663
202.0000 0.0663
79.0000 0.0664
173.0000 0.0664
14.0000 0.0665
122.0000 0.0665
68.0000 0.0666
78.0000 0.0666
201.0000 0.0666
48.0000 0.0668
97.0000 0.0668
151.0000 0.0668
55.0000 0.0669
85.0000 0.0670
109.0000 0.0670
143.0000 0.0670
25.0000 0.0671
194.0000 0.0671
211.0000 0.0671
147.0000 0.0672
92.0000 0.0673
119.0000 0.0674
163.0000 0.0674
7.0000 0.0675
104.0000 0.0675
138.0000 0.0675
229.0000 0.0675
233.0000 0.0675
135.0000 0.0676
187.0000 0.0676
29.0000 0.0677
106.0000 0.0677
179.0000 0.0677
50.0000 0.0678
185.0000 0.0678
235.0000 0.0678
36.0000 0.0679
89.0000 0.0679
192.0000 0.0679
24.0000 0.0680
43.0000 0.0680
54.0000 0.0680
88.0000 0.0680
96.0000 0.0681
112.0000 0.0681
21.0000 0.0682
5.0000 0.0683
115.0000 0.0684
197.0000 0.0684
172.0000 0.0685
236.0000 0.0685
23.0000 0.0686
61.0000 0.0686
129.0000 0.0686
13.0000 0.0687
209.0000 0.0687
141.0000 0.0688
196.0000 0.0688
40.0000 0.0689
63.0000 0.0689
208.0000 0.0689
98.0000 0.0690
10.0000 0.0691
52.0000 0.0692
113.0000 0.0692
150.0000 0.0692
56.0000 0.0694
114.0000 0.0694
167.0000 0.0694
227.0000 0.0695
183.0000 0.0696
221.0000 0.0696
223.0000 0.0696
17.0000 0.0697
34.0000 0.0697
105.0000 0.0697
149.0000 0.0697
206.0000 0.0697
15.0000 0.0698
120.0000 0.0698
131.0000 0.0698
38.0000 0.0699
77.0000 0.0700
69.0000 0.0701
132.0000 0.0701
224.0000 0.0701
125.0000 0.0702
200.0000 0.0702
226.0000 0.0702
117.0000 0.0703
157.0000 0.0704
230.0000 0.0704
4.0000 0.0705
145.0000 0.0705
199.0000 0.0705
11.0000 0.0706
84.0000 0.0707
116.0000 0.0708
137.0000 0.0708
232.0000 0.0709
238.0000 0.0710
32.0000 0.0711
49.0000 0.0711
175.0000 0.0711
190.0000 0.0711
31.0000 0.0712
204.0000 0.0712
33.0000 0.0713
231.0000 0.0713
73.0000 0.0714
75.0000 0.0714
83.0000 0.0714
111.0000 0.0714
170.0000 0.0714
65.0000 0.0716
118.0000 0.0716
169.0000 0.0716
59.0000 0.0718
74.0000 0.0718
156.0000 0.0718
212.0000 0.0718
94.0000 0.0719
82.0000 0.0720
130.0000 0.0720
66.0000 0.0721
152.0000 0.0721
239.0000 0.0721
2.0000 0.0722
203.0000 0.0722
1.0000 0.0723
35.0000 0.0723
184.0000 0.0723
213.0000 0.0723
220.0000 0.0723
215.0000 0.0724
37.0000 0.0725
39.0000 0.0725
45.0000 0.0725
216.0000 0.0725
3.0000 0.0726
87.0000 0.0726
95.0000 0.0726
210.0000 0.0726
6.0000 0.0727
142.0000 0.0727
46.0000 0.0728
67.0000 0.0728
218.0000 0.0728
53.0000 0.0730
91.0000 0.0730
148.0000 0.0730
195.0000 0.0730
9.0000 0.0731
30.0000 0.0731
44.0000 0.0731
144.0000 0.0731
155.0000 0.0731
12.0000 0.0732
171.0000 0.0732
159.0000 0.0733
191.0000 0.0733
225.0000 0.0733
101.0000 0.0734
126.0000 0.0734
176.0000 0.0734
182.0000 0.0734
228.0000 0.0734
47.0000 0.0735
57.0000 0.0735
165.0000 0.0735
188.0000 0.0735
189.0000 0.0735
198.0000 0.0735
134.0000 0.0736
166.0000 0.0736
8.0000 0.0738
76.0000 0.0738
180.0000 0.0738
93.0000 0.0740
127.0000 0.0740
219.0000 0.0740
234.0000 0.0740
14.0000 0.0741
18.0000 0.0741
55.0000 0.0741
97.0000 0.0741
154.0000 0.0741
237.0000 0.0741
72.0000 0.0742
124.0000 0.0742
164.0000 0.0742
201.0000 0.0742
99.0000 0.0743
108.0000 0.0743
162.0000 0.0743
110.0000 0.0746
161.0000 0.0747
20.0000 0.0748
50.0000 0.0748
90.0000 0.0748
19.0000 0.0749
42.0000 0.0749
25.0000 0.0750
27.0000 0.0750
81.0000 0.0750
89.0000 0.0750
0.0000 0.0751
80.0000 0.0751
64.0000 0.0752
122.0000 0.0752
104.0000 0.0753
151.0000 0.0753
222.0000 0.0754
78.0000 0.0755
185.0000 0.0755
24.0000 0.0756
62.0000 0.0756
70.0000 0.0756
197.0000 0.0756
36.0000 0.0757
51.0000 0.0757
179.0000 0.0757
178.0000 0.0759
194.0000 0.0759
236.0000 0.0759
61.0000 0.0761
187.0000 0.0761
10.0000 0.0762
22.0000 0.0762
63.0000 0.0762
233.0000 0.0762
96.0000 0.0763
147.0000 0.0763
196.0000 0.0763
221.0000 0.0763
85.0000 0.0764
106.0000 0.0764
107.0000 0.0764
208.0000 0.0764
5.0000 0.0765
23.0000 0.0765
86.0000 0.0765
102.0000 0.0766
100.0000 0.0767
128.0000 0.0767
163.0000 0.0767
119.0000 0.0768
202.0000 0.0768
146.0000 0.0770
40.0000 0.0771
206.0000 0.0773
173.0000 0.0774
41.0000 0.0775
209.0000 0.0775
140.0000 0.0776
175.0000 0.0776
205.0000 0.0776
13.0000 0.0777
28.0000 0.0777
92.0000 0.0777
192.0000 0.0777
4.0000 0.0778
115.0000 0.0778
120.0000 0.0778
132.0000 0.0778
17.0000 0.0779
60.0000 0.0779
84.0000 0.0780
48.0000 0.0781
138.0000 0.0781
143.0000 0.0781
157.0000 0.0781
43.0000 0.0782
77.0000 0.0782
113.0000 0.0783
183.0000 0.0783
141.0000 0.0784
177.0000 0.0784
235.0000 0.0785
232.0000 0.0786
52.0000 0.0787
79.0000 0.0787
88.0000 0.0787
116.0000 0.0787
38.0000 0.0788
200.0000 0.0788
123.0000 0.0789
212.0000 0.0789
226.0000 0.0789
230.0000 0.0789
2.0000 0.0790
129.0000 0.0790
15.0000 0.0791
94.0000 0.0791
118.0000 0.0791
131.0000 0.0792
229.0000 0.0792
231.0000 0.0792
75.0000 0.0793
32.0000 0.0794
152.0000 0.0794
169.0000 0.0794
31.0000 0.0796
54.0000 0.0796
68.0000 0.0796
45.0000 0.0797
98.0000 0.0797
73.0000 0.0798
114.0000 0.0799
33.0000 0.0800
167.0000 0.0800
224.0000 0.0800
39.0000 0.0801
211.0000 0.0801
49.0000 0.0802
66.0000 0.0803
137.0000 0.0803
148.0000 0.0803
220.0000 0.0803
117.0000 0.0805
174.0000 0.0806
189.0000 0.0806
11.0000 0.0807
239.0000 0.0807
121.0000 0.0808
227.0000 0.0808
69.0000 0.0809
109.0000 0.0809
6.0000 0.0810
9.0000 0.0810
21.0000 0.0810
55.0000 0.0810
125.0000 0.0810
228.0000 0.0810
97.0000 0.0811
142.0000 0.0811
213.0000 0.0811
1.0000 0.0812
67.0000 0.0812
74.0000 0.0812
155.0000 0.0813
186.0000 0.0813
203.0000 0.0813
210.0000 0.0813
35.0000 0.0814
65.0000 0.0814
201.0000 0.0814
14.0000 0.0815
82.0000 0.0815
171.0000 0.0815
144.0000 0.0816
53.0000 0.0817
95.0000 0.0817
50.0000 0.0818
101.0000 0.0818
150.0000 0.0818
89.0000 0.0821
103.0000 0.0821
130.0000 0.0821
30.0000 0.0822
37.0000 0.0822
198.0000 0.0822
164.0000 0.0823
46.0000 0.0824
72.0000 0.0824
127.0000 0.0824
149.0000 0.0824
87.0000 0.0825
93.0000 0.0825
159.0000 0.0825
56.0000 0.0826
34.0000 0.0827
188.0000 0.0827
57.0000 0.0828
83.0000 0.0828
165.0000 0.0828
181.0000 0.0828
195.0000 0.0828
18.0000 0.0829
197.0000 0.0829
204.0000 0.0829
215.0000 0.0829
99.0000 0.0830
25.0000 0.0831
108.0000 0.0831
180.0000 0.0831
185.0000 0.0832
190.0000 0.0832
221.0000 0.0833
225.0000 0.0833
104.0000 0.0834
184.0000 0.0834
234.0000 0.0834
153.0000 0.0835
236.0000 0.0835
237.0000 0.0835
238.0000 0.0835
162.0000 0.0836
10.0000 0.0837
24.0000 0.0837
122.0000 0.0837
61.0000 0.0838
3.0000 0.0839
36.0000 0.0839
151.0000 0.0839
196.0000 0.0839
175.0000 0.0840
179.0000 0.0841
63.0000 0.0842
194.0000 0.0842
208.0000 0.0842
91.0000 0.0844
166.0000 0.0844
216.0000 0.0844
5.0000 0.0845
23.0000 0.0845
96.0000 0.0845
106.0000 0.0845
187.0000 0.0845
78.0000 0.0846
191.0000 0.0846
110.0000 0.0847
176.0000 0.0847
147.0000 0.0848
206.0000 0.0848
8.0000 0.0849
27.0000 0.0849
47.0000 0.0850
112.0000 0.0850
126.0000 0.0850
233.0000 0.0850
0.0000 0.0851
76.0000 0.0851
84.0000 0.0851
90.0000 0.0851
222.0000 0.0851
44.0000 0.0852
4.0000 0.0853
64.0000 0.0853
58.0000 0.0854
62.0000 0.0854
80.0000 0.0854
85.0000 0.0854
135.0000 0.0854
160.0000 0.0854
40.0000 0.0855
81.0000 0.0856
168.0000 0.0857
51.0000 0.0858
2.0000 0.0859
157.0000 0.0859
120.0000 0.0860
77.0000 0.0861
163.0000 0.0861
209.0000 0.0861
212.0000 0.0861
20.0000 0.0862
70.0000 0.0862
105.0000 0.0862
132.0000 0.0863
17.0000 0.0864
86.0000 0.0864
128.0000 0.0864
152.0000 0.0864
232.0000 0.0864
94.0000 0.0865
134.0000 0.0865
223.0000 0.0866
118.0000 0.0868
45.0000 0.0870
119.0000 0.0870
202.0000 0.0870
113.0000 0.0871
169.0000 0.0871
231.0000 0.0871
13.0000 0.0872
100.0000 0.0872
32.0000 0.0874
102.0000 0.0874
115.0000 0.0874
192.0000 0.0874
19.0000 0.0875
39.0000 0.0875
116.0000 0.0875
154.0000 0.0875
52.0000 0.0876
226.0000 0.0876
145.0000 0.0877
31.0000 0.0878
148.0000 0.0878
161.0000 0.0878
141.0000 0.0879
173.0000 0.0879
200.0000 0.0879
220.0000 0.0879
75.0000 0.0880
189.0000 0.0880
230.0000 0.0880
92.0000 0.0881
97.0000 0.0881
136.0000 0.0881
183.0000 0.0881
38.0000 0.0882
124.0000 0.0882
55.0000 0.0883
73.0000 0.0883
143.0000 0.0888
182.0000 0.0888
66.0000 0.0889
15.0000 0.0890
48.0000 0.0890
88.0000 0.0890
137.0000 0.0890
193.0000 0.0890
201.0000 0.0890
131.0000 0.0891
235.0000 0.0891
9.0000 0.0892
50.0000 0.0892
138.0000 0.0892
33.0000 0.0893
43.0000 0.0893
89.0000 0.0893
178.0000 0.0893
219.0000 0.0893
228.0000 0.0893
6.0000 0.0894
14.0000 0.0894
111.0000 0.0894
155.0000 0.0895
140.0000 0.0896
146.0000 0.0896
171.0000 0.0896
239.0000 0.0896
142.0000 0.0898
1.0000 0.0899
28.0000 0.0899
67.0000 0.0899
213.0000 0.0900
41.0000 0.0901
101.0000 0.0901
129.0000 0.0901
144.0000 0.0902
49.0000 0.0903
53.0000 0.0903
229.0000 0.0904
164.0000 0.0905
172.0000 0.0905
167.0000 0.0906
175.0000 0.0906
197.0000 0.0906
221.0000 0.0906
79.0000 0.0907
107.0000 0.0907
114.0000 0.0907
210.0000 0.0907
65.0000 0.0908
93.0000 0.0908
185.0000 0.0908
203.0000 0.0908
35.0000 0.0909
25.0000 0.0910
95.0000 0.0910
98.0000 0.0910
139.0000 0.0910
198.0000 0.0910
10.0000 0.0911
117.0000 0.0911
224.0000 0.0911
236.0000 0.0911
72.0000 0.0912
74.0000 0.0912
127.0000 0.0912
104.0000 0.0913
18.0000 0.0914
159.0000 0.0914
123.0000 0.0915
130.0000 0.0915
24.0000 0.0916
82.0000 0.0916
196.0000 0.0916
199.0000 0.0916
36.0000 0.0917
99.0000 0.0917
37.0000 0.0918
61.0000 0.0918
68.0000 0.0918
125.0000 0.0918
188.0000 0.0918
30.0000 0.0919
63.0000 0.0919
71.0000 0.0919
108.0000 0.0919
208.0000 0.0919
11.0000 0.0920
46.0000 0.0920
158.0000 0.0921
54.0000 0.0922
69.0000 0.0922
165.0000 0.0922
180.0000 0.0922
227.0000 0.0922
22.0000 0.0923
122.0000 0.0924
179.0000 0.0924
206.0000 0.0924
2.0000 0.0925
5.0000 0.0925
23.0000 0.0925
57.0000 0.0925
96.0000 0.0925
194.0000 0.0925
218.0000 0.0925
4.0000 0.0926
84.0000 0.0926
162.0000 0.0926
151.0000 0.0927
212.0000 0.0927
87.0000 0.0928
177.0000 0.0928
237.0000 0.0929
205.0000 0.0930
234.0000 0.0930
78.0000 0.0931
233.0000 0.0931
211.0000 0.0932
225.0000 0.0932
157.0000 0.0933
187.0000 0.0933
195.0000 0.0933
106.0000 0.0934
40.0000 0.0935
152.0000 0.0936
85.0000 0.0937
147.0000 0.0937
150.0000 0.0937
120.0000 0.0938
110.0000 0.0939
42.0000 0.0940
222.0000 0.0940
77.0000 0.0941
94.0000 0.0941
209.0000 0.0941
232.0000 0.0941
45.0000 0.0942
83.0000 0.0942
215.0000 0.0942
118.0000 0.0943
132.0000 0.0944
3.0000 0.0945
90.0000 0.0945
109.0000 0.0946
166.0000 0.0946
169.0000 0.0946
64.0000 0.0947
231.0000 0.0947
17.0000 0.0948
97.0000 0.0948
0.0000 0.0949
55.0000 0.0950
148.0000 0.0951
39.0000 0.0952
189.0000 0.0952
32.0000 0.0953
238.0000 0.0953
56.0000 0.0954
116.0000 0.0954
80.0000 0.0955
126.0000 0.0955
149.0000 0.0955
190.0000 0.0955
21.0000 0.0956
34.0000 0.0956
62.0000 0.0956
184.0000 0.0956
191.0000 0.0956
47.0000 0.0957
220.0000 0.0957
27.0000 0.0958
51.0000 0.0958
81.0000 0.0959
176.0000 0.0959
204.0000 0.0959
8.0000 0.0960
31.0000 0.0960
163.0000 0.0960
183.0000 0.0960
70.0000 0.0961
113.0000 0.0961
29.0000 0.0962
75.0000 0.0962
89.0000 0.0962
115.0000 0.0962
216.0000 0.0962
226.0000 0.0962
44.0000 0.0963
128.0000 0.0963
217.0000 0.0963
13.0000 0.0964
50.0000 0.0965
86.0000 0.0965
200.0000 0.0965
201.0000 0.0965
14.0000 0.0967
73.0000 0.0968
119.0000 0.0968
121.0000 0.0968
230.0000 0.0968
9.0000 0.0969
175.0000 0.0970
141.0000 0.0971
52.0000 0.0972
91.0000 0.0972
100.0000 0.0972
170.0000 0.0972
38.0000 0.0974
76.0000 0.0974
6.0000 0.0975
102.0000 0.0975
221.0000 0.0975
155.0000 0.0976
228.0000 0.0976
174.0000 0.0977
192.0000 0.0977
171.0000 0.0978
202.0000 0.0978
66.0000 0.0979
137.0000 0.0979
131.0000 0.0980
20.0000 0.0981
156.0000 0.0981
197.0000 0.0981
33.0000 0.0982
67.0000 0.0982
144.0000 0.0982
1.0000 0.0983
25.0000 0.0983
15.0000 0.0984
142.0000 0.0984
236.0000 0.0984
239.0000 0.0984
12.0000 0.0985
101.0000 0.0985
185.0000 0.0985
10.0000 0.0986
60.0000 0.0986
92.0000 0.0986
161.0000 0.0986
164.0000 0.0987
186.0000 0.0987
59.0000 0.0988
104.0000 0.0988
173.0000 0.0988
19.0000 0.0989
24.0000 0.0990
53.0000 0.0990
213.0000 0.0990
134.0000 0.0991
138.0000 0.0991
143.0000 0.0991
196.0000 0.0991
48.0000 0.0993
49.0000 0.0993
93.0000 0.0993
208.0000 0.0993
2.0000 0.0994
43.0000 0.0994
88.0000 0.0994
127.0000 0.0994
210.0000 0.0994
235.0000 0.0994
18.0000 0.0996
36.0000 0.0996
61.0000 0.0996
206.0000 0.0996
35.0000 0.0997
63.0000 0.0997
84.0000 0.0997
154.0000 0.0997
203.0000 0.0997
212.0000 0.0997
198.0000 0.0998
4.0000 0.0999
72.0000 0.0999
95.0000 0.0999
5.0000 0.1001
74.0000 0.1001
23.0000 0.1002
65.0000 0.1002
99.0000 0.1002
167.0000 0.1002
96.0000 0.1004
108.0000 0.1004
179.0000 0.1004
28.0000 0.1005
159.0000 0.1005
112.0000 0.1006
122.0000 0.1006
152.0000 0.1006
129.0000 0.1007
130.0000 0.1008
157.0000 0.1008
180.0000 0.1008
188.0000 0.1008
194.0000 0.1008
124.0000 0.1009
37.0000 0.1011
140.0000 0.1011
151.0000 0.1011
46.0000 0.1012
82.0000 0.1013
94.0000 0.1013
117.0000 0.1013
118.0000 0.1013
165.0000 0.1013
30.0000 0.1014
120.0000 0.1014
162.0000 0.1014
224.0000 0.1014
229.0000 0.1014
233.0000 0.1014
40.0000 0.1015
78.0000 0.1015
114.0000 0.1015
153.0000 0.1015
97.0000 0.1017
98.0000 0.1017
146.0000 0.1017
187.0000 0.1017
232.0000 0.1017
45.0000 0.1018
55.0000 0.1018
41.0000 0.1019
57.0000 0.1019
106.0000 0.1019
135.0000 0.1020
178.0000 0.1020
237.0000 0.1020
85.0000 0.1021
147.0000 0.1021
123.0000 0.1022
125.0000 0.1022
209.0000 0.1022
223.0000 0.1022
231.0000 0.1022
132.0000 0.1023
169.0000 0.1023
189.0000 0.1023
234.0000 0.1023
77.0000 0.1024
148.0000 0.1024
79.0000 0.1025
87.0000 0.1025
39.0000 0.1026
168.0000 0.1026
222.0000 0.1027
17.0000 0.1028
89.0000 0.1028
54.0000 0.1029
11.0000 0.1030
227.0000 0.1030
32.0000 0.1032
69.0000 0.1032
105.0000 0.1033
175.0000 0.1033
50.0000 0.1034
182.0000 0.1034
225.0000 0.1034
110.0000 0.1035
220.0000 0.1035
116.0000 0.1036
219.0000 0.1036
201.0000 0.1037
195.0000 0.1038
90.0000 0.1040
14.0000 0.1041
75.0000 0.1041
221.0000 0.1042
31.0000 0.1043
64.0000 0.1043
0.0000 0.1044
9.0000 0.1045
68.0000 0.1046
3.0000 0.1048
103.0000 0.1048
107.0000 0.1048
145.0000 0.1048
226.0000 0.1048
73.0000 0.1049
80.0000 0.1050
211.0000 0.1051
13.0000 0.1052
83.0000 0.1052
183.0000 0.1052
113.0000 0.1053
115.0000 0.1053
155.0000 0.1053
163.0000 0.1053
62.0000 0.1055
6.0000 0.1056
228.0000 0.1056
10.0000 0.1057
171.0000 0.1057
200.0000 0.1057
70.0000 0.1058
166.0000 0.1058
185.0000 0.1058
230.0000 0.1058
236.0000 0.1058
27.0000 0.1059
191.0000 0.1059
197.0000 0.1059
86.0000 0.1060
25.0000 0.1061
51.0000 0.1061
2.0000 0.1062
66.0000 0.1062
38.0000 0.1063
141.0000 0.1064
67.0000 0.1065
150.0000 0.1065
52.0000 0.1066
104.0000 0.1066
144.0000 0.1066
119.0000 0.1067
177.0000 0.1067
101.0000 0.1068
196.0000 0.1068
208.0000 0.1068
212.0000 0.1068
47.0000 0.1069
81.0000 0.1069
128.0000 0.1069
126.0000 0.1070
215.0000 0.1070
1.0000 0.1071
22.0000 0.1071
24.0000 0.1071
84.0000 0.1071
137.0000 0.1072
164.0000 0.1072
8.0000 0.1073
131.0000 0.1073
142.0000 0.1073
181.0000 0.1073
206.0000 0.1073
36.0000 0.1074
239.0000 0.1074
4.0000 0.1075
100.0000 0.1075
44.0000 0.1076
61.0000 0.1076
63.0000 0.1076
109.0000 0.1076
176.0000 0.1076
204.0000 0.1076
33.0000 0.1077
53.0000 0.1077
152.0000 0.1077
127.0000 0.1078
91.0000 0.1079
184.0000 0.1079
210.0000 0.1079
213.0000 0.1079
102.0000 0.1080
192.0000 0.1081
5.0000 0.1082
15.0000 0.1082
18.0000 0.1082
56.0000 0.1082
93.0000 0.1082
111.0000 0.1082
205.0000 0.1082
238.0000 0.1082
23.0000 0.1084
34.0000 0.1084
202.0000 0.1085
72.0000 0.1086
94.0000 0.1086
96.0000 0.1086
97.0000 0.1086
99.0000 0.1086
118.0000 0.1086
157.0000 0.1086
21.0000 0.1087
92.0000 0.1087
198.0000 0.1087
49.0000 0.1088
55.0000 0.1089
179.0000 0.1089
216.0000 0.1089
108.0000 0.1090
190.0000 0.1090
194.0000 0.1090
45.0000 0.1091
173.0000 0.1091
189.0000 0.1091
203.0000 0.1091
58.0000 0.1092
149.0000 0.1092
151.0000 0.1092
232.0000 0.1092
40.0000 0.1093
76.0000 0.1093
95.0000 0.1093
120.0000 0.1093
138.0000 0.1093
20.0000 0.1094
35.0000 0.1094
122.0000 0.1094
218.0000 0.1094
188.0000 0.1095
74.0000 0.1096
143.0000 0.1096
148.0000 0.1096
159.0000 0.1097
175.0000 0.1097
231.0000 0.1097
233.0000 0.1097
235.0000 0.1097
48.0000 0.1098
65.0000 0.1098
88.0000 0.1098
89.0000 0.1098
132.0000 0.1098
172.0000 0.1098
180.0000 0.1098
39.0000 0.1099
165.0000 0.1099
106.0000 0.1100
50.0000 0.1101
187.0000 0.1101
46.0000 0.1102
130.0000 0.1102
136.0000 0.1102
162.0000 0.1102
169.0000 0.1102
43.0000 0.1103
82.0000 0.1103
147.0000 0.1103
167.0000 0.1104
19.0000 0.1105
37.0000 0.1105
30.0000 0.1106
77.0000 0.1106
78.0000 0.1106
85.0000 0.1106
129.0000 0.1107
209.0000 0.1107
17.0000 0.1108
161.0000 0.1108
221.0000 0.1108
234.0000 0.1108
57.0000 0.1109
201.0000 0.1109
32.0000 0.1110
222.0000 0.1111
237.0000 0.1111
14.0000 0.1113
220.0000 0.1113
116.0000 0.1115
224.0000 0.1117
28.0000 0.1118
75.0000 0.1119
87.0000 0.1119
114.0000 0.1119
117.0000 0.1119
9.0000 0.1122
98.0000 0.1122
154.0000 0.1123
31.0000 0.1124
121.0000 0.1125
140.0000 0.1125
110.0000 0.1126
125.0000 0.1126
229.0000 0.1126
10.0000 0.1128
42.0000 0.1128
155.0000 0.1129
226.0000 0.1129
236.0000 0.1129
2.0000 0.1130
11.0000 0.1130
225.0000 0.1130
90.0000 0.1131
73.0000 0.1132
134.0000 0.1132
197.0000 0.1132
228.0000 0.1132
185.0000 0.1133
199.0000 0.1133
41.0000 0.1134
69.0000 0.1134
183.0000 0.1134
79.0000 0.1136
146.0000 0.1136
171.0000 0.1136
6.0000 0.1137
227.0000 0.1137
25.0000 0.1138
0.0000 0.1139
115.0000 0.1139
212.0000 0.1139
64.0000 0.1140
208.0000 0.1140
104.0000 0.1141
113.0000 0.1141
195.0000 0.1141
230.0000 0.1141
196.0000 0.1142
123.0000 0.1143
124.0000 0.1143
54.0000 0.1144
152.0000 0.1145
13.0000 0.1146
66.0000 0.1146
67.0000 0.1146
80.0000 0.1146
84.0000 0.1146
178.0000 0.1146
4.0000 0.1148
38.0000 0.1148
163.0000 0.1148
200.0000 0.1148
144.0000 0.1149
206.0000 0.1150
24.0000 0.1151
36.0000 0.1151
52.0000 0.1151
86.0000 0.1152
141.0000 0.1152
63.0000 0.1153
1.0000 0.1154
3.0000 0.1154
164.0000 0.1154
61.0000 0.1155
62.0000 0.1155
97.0000 0.1155
101.0000 0.1156
186.0000 0.1156
83.0000 0.1157
27.0000 0.1159
5.0000 0.1160
55.0000 0.1160
70.0000 0.1160
94.0000 0.1161
118.0000 0.1161
157.0000 0.1161
142.0000 0.1162
175.0000 0.1162
189.0000 0.1162
51.0000 0.1163
166.0000 0.1163
23.0000 0.1164
45.0000 0.1164
93.0000 0.1164
119.0000 0.1164
127.0000 0.1164
174.0000 0.1164
239.0000 0.1164
53.0000 0.1165
223.0000 0.1165
131.0000 0.1166
96.0000 0.1168
137.0000 0.1168
191.0000 0.1168
18.0000 0.1169
112.0000 0.1169
68.0000 0.1170
210.0000 0.1170
232.0000 0.1170
89.0000 0.1171
99.0000 0.1171
128.0000 0.1171
50.0000 0.1172
120.0000 0.1172
213.0000 0.1172
231.0000 0.1172
15.0000 0.1173
72.0000 0.1173
179.0000 0.1173
7.0000 0.1174
81.0000 0.1174
40.0000 0.1175
108.0000 0.1175
148.0000 0.1175
198.0000 0.1175
33.0000 0.1176
194.0000 0.1176
39.0000 0.1177
182.0000 0.1177
211.0000 0.1177
219.0000 0.1177
132.0000 0.1178
151.0000 0.1178
169.0000 0.1178
100.0000 0.1179
221.0000 0.1179
47.0000 0.1180
49.0000 0.1180
102.0000 0.1180
107.0000 0.1180
233.0000 0.1180
126.0000 0.1181
203.0000 0.1181
8.0000 0.1182
201.0000 0.1183
122.0000 0.1184
35.0000 0.1185
150.0000 0.1185
180.0000 0.1186
147.0000 0.1187
165.0000 0.1187
106.0000 0.1188
188.0000 0.1188
17.0000 0.1189
60.0000 0.1189
95.0000 0.1189
135.0000 0.1189
159.0000 0.1189
192.0000 0.1189
14.0000 0.1190
77.0000 0.1190
187.0000 0.1190
44.0000 0.1191
176.0000 0.1191
202.0000 0.1191
215.0000 0.1191
209.0000 0.1192
78.0000 0.1193
85.0000 0.1193
220.0000 0.1193
65.0000 0.1194
82.0000 0.1194
116.0000 0.1194
32.0000 0.1195
74.0000 0.1195
153.0000 0.1195
162.0000 0.1195
37.0000 0.1196
46.0000 0.1196
2.0000 0.1197
91.0000 0.1197
9.0000 0.1198
130.0000 0.1198
92.0000 0.1199
138.0000 0.1199
57.0000 0.1200
234.0000 0.1200
236.0000 0.1200
105.0000 0.1201
168.0000 0.1201
222.0000 0.1201
10.0000 0.1202
48.0000 0.1202
75.0000 0.1202
88.0000 0.1202
109.0000 0.1202
143.0000 0.1202
177.0000 0.1202
204.0000 0.1202
173.0000 0.1203
30.0000 0.1204
160.0000 0.1204
31.0000 0.1205
237.0000 0.1205
184.0000 0.1206
197.0000 0.1206
235.0000 0.1206
155.0000 0.1207
167.0000 0.1207
238.0000 0.1207
216.0000 0.1209
226.0000 0.1209
185.0000 0.1210
212.0000 0.1210
43.0000 0.1212
56.0000 0.1212
208.0000 0.1213
6.0000 0.1214
133.0000 0.1214
228.0000 0.1214
34.0000 0.1215
152.0000 0.1215
20.0000 0.1216
25.0000 0.1216
196.0000 0.1216
19.0000 0.1217
73.0000 0.1217
84.0000 0.1217
171.0000 0.1217
129.0000 0.1218
224.0000 0.1218
4.0000 0.1219
149.0000 0.1219
190.0000 0.1219
22.0000 0.1220
104.0000 0.1220
117.0000 0.1220
170.0000 0.1221
76.0000 0.1222
87.0000 0.1222
97.0000 0.1222
145.0000 0.1222
183.0000 0.1223
206.0000 0.1224
230.0000 0.1224
21.0000 0.1225
36.0000 0.1225
114.0000 0.1225
156.0000 0.1225
175.0000 0.1225
110.0000 0.1226
205.0000 0.1226
225.0000 0.1226
24.0000 0.1227
67.0000 0.1227
144.0000 0.1227
61.0000 0.1228
63.0000 0.1228
90.0000 0.1228
125.0000 0.1228
28.0000 0.1229
55.0000 0.1229
66.0000 0.1229
29.0000 0.1230
113.0000 0.1230
11.0000 0.1231
98.0000 0.1231
115.0000 0.1231
12.0000 0.1232
59.0000 0.1232
69.0000 0.1232
161.0000 0.1232
200.0000 0.1232
64.0000 0.1233
71.0000 0.1233
140.0000 0.1233
118.0000 0.1234
164.0000 0.1234
189.0000 0.1234
38.0000 0.1235
94.0000 0.1235
157.0000 0.1235
1.0000 0.1236
5.0000 0.1236
13.0000 0.1236
163.0000 0.1236
45.0000 0.1237
52.0000 0.1237
101.0000 0.1237
0.0000 0.1238
89.0000 0.1239
229.0000 0.1239
50.0000 0.1242
141.0000 0.1242
23.0000 0.1243
93.0000 0.1243
195.0000 0.1243
227.0000 0.1244
111.0000 0.1245
127.0000 0.1245
232.0000 0.1245
96.0000 0.1246
86.0000 0.1247
120.0000 0.1247
142.0000 0.1247
148.0000 0.1247
221.0000 0.1247
231.0000 0.1247
39.0000 0.1248
62.0000 0.1248
80.0000 0.1248
103.0000 0.1248
18.0000 0.1249
27.0000 0.1249
53.0000 0.1249
139.0000 0.1251
154.0000 0.1251
3.0000 0.1252
146.0000 0.1252
169.0000 0.1252
40.0000 0.1253
99.0000 0.1253
179.0000 0.1253
239.0000 0.1253
41.0000 0.1254
70.0000 0.1254
79.0000 0.1254
210.0000 0.1254
54.0000 0.1255
119.0000 0.1255
132.0000 0.1255
201.0000 0.1255
72.0000 0.1256
83.0000 0.1256
131.0000 0.1256
137.0000 0.1256
15.0000 0.1257
151.0000 0.1257
134.0000 0.1258
194.0000 0.1258
198.0000 0.1258
108.0000 0.1259
123.0000 0.1259
51.0000 0.1260
213.0000 0.1260
166.0000 0.1261
233.0000 0.1261
2.0000 0.1264
33.0000 0.1264
14.0000 0.1265
49.0000 0.1265
122.0000 0.1265
128.0000 0.1266
203.0000 0.1266
178.0000 0.1267
17.0000 0.1268
121.0000 0.1268
77.0000 0.1269
165.0000 0.1269
187.0000 0.1269
191.0000 0.1269
124.0000 0.1271
147.0000 0.1271
220.0000 0.1271
236.0000 0.1271
35.0000 0.1272
209.0000 0.1272
10.0000 0.1274
100.0000 0.1275
102.0000 0.1276
116.0000 0.1276
180.0000 0.1276
188.0000 0.1276
32.0000 0.1277
78.0000 0.1277
85.0000 0.1277
212.0000 0.1277
9.0000 0.1278
81.0000 0.1278
106.0000 0.1279
197.0000 0.1279
95.0000 0.1280
152.0000 0.1281
75.0000 0.1282
159.0000 0.1282
31.0000 0.1284
185.0000 0.1284
162.0000 0.1285
46.0000 0.1286
84.0000 0.1286
155.0000 0.1286
126.0000 0.1287
57.0000 0.1288
172.0000 0.1288
208.0000 0.1288
218.0000 0.1288
8.0000 0.1289
74.0000 0.1289
82.0000 0.1289
175.0000 0.1289
65.0000 0.1290
97.0000 0.1290
192.0000 0.1290
196.0000 0.1290
47.0000 0.1292
234.0000 0.1292
4.0000 0.1293
25.0000 0.1293
37.0000 0.1293
68.0000 0.1293
211.0000 0.1293
226.0000 0.1294
6.0000 0.1295
202.0000 0.1295
222.0000 0.1295
228.0000 0.1295
30.0000 0.1296
44.0000 0.1296
130.0000 0.1297
176.0000 0.1297
237.0000 0.1297
55.0000 0.1298
171.0000 0.1298
206.0000 0.1299
138.0000 0.1300
104.0000 0.1301
36.0000 0.1302
73.0000 0.1302
42.0000 0.1304
92.0000 0.1304
48.0000 0.1306
61.0000 0.1307
88.0000 0.1307
189.0000 0.1307
24.0000 0.1308
63.0000 0.1308
91.0000 0.1308
89.0000 0.1309
118.0000 0.1309
144.0000 0.1309
157.0000 0.1309
230.0000 0.1309
94.0000 0.1310
143.0000 0.1310
235.0000 0.1310
45.0000 0.1311
150.0000 0.1311
50.0000 0.1312
183.0000 0.1312
43.0000 0.1313
67.0000 0.1313
167.0000 0.1313
215.0000 0.1313
223.0000 0.1313
221.0000 0.1314
66.0000 0.1315
164.0000 0.1315
181.0000 0.1315
186.0000 0.1315
5.0000 0.1316
107.0000 0.1316
173.0000 0.1316
158.0000 0.1317
200.0000 0.1317
1.0000 0.1320
112.0000 0.1320
113.0000 0.1320
110.0000 0.1321
224.0000 0.1321
232.0000 0.1321
87.0000 0.1322
204.0000 0.1322
23.0000 0.1323
136.0000 0.1323
148.0000 0.1323
64.0000 0.1324
101.0000 0.1324
39.0000 0.1325
90.0000 0.1325
115.0000 0.1325
182.0000 0.1325
231.0000 0.1325
38.0000 0.1326
184.0000 0.1326
52.0000 0.1327
93.0000 0.1327
96.0000 0.1327
114.0000 0.1327
117.0000 0.1327
129.0000 0.1327
169.0000 0.1327
177.0000 0.1328
201.0000 0.1328
216.0000 0.1328
219.0000 0.1328
13.0000 0.1329
19.0000 0.1329
120.0000 0.1329
127.0000 0.1329
163.0000 0.1329
174.0000 0.1329
56.0000 0.1330
2.0000 0.1331
20.0000 0.1331
132.0000 0.1331
225.0000 0.1331
238.0000 0.1331
40.0000 0.1332
142.0000 0.1332
99.0000 0.1333
18.0000 0.1334
28.0000 0.1334
98.0000 0.1334
179.0000 0.1334
0.0000 0.1335
125.0000 0.1335
34.0000 0.1336
53.0000 0.1337
109.0000 0.1337
149.0000 0.1337
190.0000 0.1337
14.0000 0.1340
69.0000 0.1340
76.0000 0.1340
141.0000 0.1340
80.0000 0.1341
11.0000 0.1342
72.0000 0.1342
151.0000 0.1343
198.0000 0.1343
140.0000 0.1344
210.0000 0.1344
236.0000 0.1344
10.0000 0.1345
194.0000 0.1345
15.0000 0.1346
27.0000 0.1346
108.0000 0.1346
213.0000 0.1346
233.0000 0.1346
239.0000 0.1346
122.0000 0.1347
131.0000 0.1347
220.0000 0.1347
77.0000 0.1348
195.0000 0.1348
212.0000 0.1348
227.0000 0.1348
17.0000 0.1349
58.0000 0.1349
152.0000 0.1349
62.0000 0.1350
86.0000 0.1350
199.0000 0.1350
137.0000 0.1351
175.0000 0.1351
187.0000 0.1351
229.0000 0.1351
21.0000 0.1352
119.0000 0.1352
3.0000 0.1353
49.0000 0.1353
147.0000 0.1353
161.0000 0.1353
197.0000 0.1354
9.0000 0.1355
135.0000 0.1355
165.0000 0.1355
209.0000 0.1355
32.0000 0.1357
51.0000 0.1357
97.0000 0.1357
203.0000 0.1357
33.0000 0.1358
116.0000 0.1358
70.0000 0.1360
83.0000 0.1360
84.0000 0.1360
35.0000 0.1361
128.0000 0.1361
185.0000 0.1361
208.0000 0.1361
75.0000 0.1362
85.0000 0.1362
106.0000 0.1362
188.0000 0.1362
196.0000 0.1362
78.0000 0.1363
155.0000 0.1363
31.0000 0.1364
180.0000 0.1365
4.0000 0.1366
55.0000 0.1366
217.0000 0.1366
146.0000 0.1368
100.0000 0.1369
166.0000 0.1369
25.0000 0.1370
79.0000 0.1370
105.0000 0.1370
159.0000 0.1372
6.0000 0.1373
41.0000 0.1373
54.0000 0.1373
153.0000 0.1373
206.0000 0.1373
95.0000 0.1374
102.0000 0.1374
154.0000 0.1375
191.0000 0.1375
226.0000 0.1375
228.0000 0.1375
89.0000 0.1376
168.0000 0.1376
214.0000 0.1376
46.0000 0.1377
57.0000 0.1377
162.0000 0.1377
171.0000 0.1377
205.0000 0.1377
36.0000 0.1378
81.0000 0.1378
189.0000 0.1378
22.0000 0.1379
50.0000 0.1379
104.0000 0.1379
94.0000 0.1380
61.0000 0.1381
74.0000 0.1381
123.0000 0.1381
63.0000 0.1382
221.0000 0.1382
157.0000 0.1383
65.0000 0.1384
82.0000 0.1384
118.0000 0.1384
37.0000 0.1385
73.0000 0.1385
222.0000 0.1385
24.0000 0.1386
30.0000 0.1386
45.0000 0.1386
234.0000 0.1386
237.0000 0.1386
130.0000 0.1387
176.0000 0.1388
134.0000 0.1389
144.0000 0.1389
192.0000 0.1389
5.0000 0.1390
60.0000 0.1390
232.0000 0.1393
67.0000 0.1394
164.0000 0.1394
178.0000 0.1394
145.0000 0.1395
8.0000 0.1396
47.0000 0.1397
66.0000 0.1397
124.0000 0.1397
126.0000 0.1397
148.0000 0.1397
183.0000 0.1397
202.0000 0.1397
230.0000 0.1397
39.0000 0.1398
2.0000 0.1399
88.0000 0.1400
200.0000 0.1400
231.0000 0.1400
44.0000 0.1401
201.0000 0.1401
1.0000 0.1402
23.0000 0.1402
113.0000 0.1402
96.0000 0.1404
169.0000 0.1404
92.0000 0.1405
120.0000 0.1405
132.0000 0.1405
138.0000 0.1405
48.0000 0.1407
93.0000 0.1407
40.0000 0.1409
91.0000 0.1409
101.0000 0.1409
110.0000 0.1410
211.0000 0.1410
38.0000 0.1411
115.0000 0.1411
143.0000 0.1411
127.0000 0.1412
179.0000 0.1412
68.0000 0.1413
167.0000 0.1413
235.0000 0.1413
14.0000 0.1414
175.0000 0.1414
121.0000 0.1415
18.0000 0.1416
142.0000 0.1416
10.0000 0.1417
43.0000 0.1417
52.0000 0.1417
87.0000 0.1417
99.0000 0.1417
212.0000 0.1417
13.0000 0.1418
111.0000 0.1418
152.0000 0.1418
224.0000 0.1418
90.0000 0.1419
236.0000 0.1419
163.0000 0.1421
64.0000 0.1422
53.0000 0.1424
72.0000 0.1424
150.0000 0.1425
220.0000 0.1425
77.0000 0.1426
117.0000 0.1426
215.0000 0.1426
9.0000 0.1427
97.0000 0.1427
173.0000 0.1427
151.0000 0.1428
114.0000 0.1429
198.0000 0.1429
225.0000 0.1429
233.0000 0.1430
122.0000 0.1431
194.0000 0.1431
197.0000 0.1431
17.0000 0.1432
129.0000 0.1432
0.0000 0.1433
84.0000 0.1433
141.0000 0.1433
208.0000 0.1433
213.0000 0.1433
210.0000 0.1434
55.0000 0.1436
147.0000 0.1436
80.0000 0.1437
185.0000 0.1437
108.0000 0.1438
187.0000 0.1438
196.0000 0.1438
239.0000 0.1438
4.0000 0.1440
15.0000 0.1440
98.0000 0.1441
155.0000 0.1441
216.0000 0.1441
20.0000 0.1442
32.0000 0.1442
116.0000 0.1442
209.0000 0.1442
19.0000 0.1443
137.0000 0.1443
165.0000 0.1443
89.0000 0.1444
62.0000 0.1445
75.0000 0.1445
131.0000 0.1445
204.0000 0.1445
85.0000 0.1446
106.0000 0.1446
203.0000 0.1446
25.0000 0.1447
27.0000 0.1447
107.0000 0.1447
31.0000 0.1448
206.0000 0.1448
69.0000 0.1449
103.0000 0.1449
11.0000 0.1450
221.0000 0.1450
28.0000 0.1451
49.0000 0.1451
50.0000 0.1451
195.0000 0.1451
125.0000 0.1452
184.0000 0.1452
189.0000 0.1452
119.0000 0.1453
188.0000 0.1453
228.0000 0.1454
33.0000 0.1455
227.0000 0.1455
51.0000 0.1456
78.0000 0.1456
86.0000 0.1456
140.0000 0.1456
180.0000 0.1456
238.0000 0.1456
6.0000 0.1457
35.0000 0.1457
61.0000 0.1457
94.0000 0.1457
118.0000 0.1457
128.0000 0.1457
70.0000 0.1458
104.0000 0.1458
157.0000 0.1459
171.0000 0.1459
177.0000 0.1459
36.0000 0.1460
56.0000 0.1460
3.0000 0.1462
45.0000 0.1462
159.0000 0.1463
226.0000 0.1463
24.0000 0.1464
63.0000 0.1464
34.0000 0.1465
182.0000 0.1465
2.0000 0.1466
109.0000 0.1466
156.0000 0.1466
190.0000 0.1466
149.0000 0.1467
5.0000 0.1468
83.0000 0.1468
100.0000 0.1468
232.0000 0.1468
46.0000 0.1469
162.0000 0.1469
223.0000 0.1469
229.0000 0.1469
73.0000 0.1470
95.0000 0.1470
144.0000 0.1470
148.0000 0.1470
57.0000 0.1471
76.0000 0.1471
102.0000 0.1471
166.0000 0.1471
39.0000 0.1472
74.0000 0.1472
161.0000 0.1472
201.0000 0.1472
67.0000 0.1473
59.0000 0.1474
81.0000 0.1474
112.0000 0.1474
219.0000 0.1474
82.0000 0.1475
164.0000 0.1475
234.0000 0.1475
231.0000 0.1476
237.0000 0.1477
175.0000 0.1478
23.0000 0.1479
218.0000 0.1479
30.0000 0.1480
130.0000 0.1481
37.0000 0.1482
169.0000 0.1483
191.0000 0.1483
222.0000 0.1483
230.0000 0.1483
65.0000 0.1484
66.0000 0.1484
96.0000 0.1484
183.0000 0.1484
79.0000 0.1485
120.0000 0.1485
1.0000 0.1486
192.0000 0.1486
21.0000 0.1487
40.0000 0.1487
113.0000 0.1487
152.0000 0.1487
200.0000 0.1487
212.0000 0.1487
14.0000 0.1488
132.0000 0.1488
170.0000 0.1488
10.0000 0.1489
93.0000 0.1489
29.0000 0.1490
146.0000 0.1490
176.0000 0.1491
186.0000 0.1492
42.0000 0.1493
172.0000 0.1493
179.0000 0.1493
236.0000 0.1493
12.0000 0.1494
127.0000 0.1495
97.0000 0.1496
101.0000 0.1496
38.0000 0.1499
41.0000 0.1499
54.0000 0.1499
115.0000 0.1499
174.0000 0.1499
88.0000 0.1500
48.0000 0.1501
99.0000 0.1502
142.0000 0.1502
220.0000 0.1502
110.0000 0.1503
123.0000 0.1503
18.0000 0.1504
55.0000 0.1504
77.0000 0.1504
197.0000 0.1504
202.0000 0.1504
9.0000 0.1505
8.0000 0.1506
52.0000 0.1506
208.0000 0.1506
13.0000 0.1507
72.0000 0.1507
47.0000 0.1508
84.0000 0.1508
154.0000 0.1508
138.0000 0.1509
17.0000 0.1510
53.0000 0.1510
126.0000 0.1510
4.0000 0.1511
44.0000 0.1511
193.0000 0.1511
92.0000 0.1512
143.0000 0.1512
151.0000 0.1512
233.0000 0.1512
43.0000 0.1513
89.0000 0.1513
90.0000 0.1514
167.0000 0.1514
198.0000 0.1514
122.0000 0.1515
185.0000 0.1515
196.0000 0.1515
235.0000 0.1515
163.0000 0.1517
224.0000 0.1517
178.0000 0.1518
194.0000 0.1519
87.0000 0.1520
32.0000 0.1521
50.0000 0.1521
147.0000 0.1521
213.0000 0.1521
221.0000 0.1521
239.0000 0.1521
25.0000 0.1522
116.0000 0.1522
210.0000 0.1522
75.0000 0.1523
108.0000 0.1524
141.0000 0.1524
155.0000 0.1524
187.0000 0.1524
189.0000 0.1524
206.0000 0.1524
91.0000 0.1525
64.0000 0.1526
94.0000 0.1528
209.0000 0.1529
31.0000 0.1530
68.0000 0.1531
124.0000 0.1531
2.0000 0.1532
22.0000 0.1532
118.0000 0.1532
129.0000 0.1532
205.0000 0.1532
225.0000 0.1532
137.0000 0.1533
203.0000 0.1533
0.0000 0.1534
15.0000 0.1534
45.0000 0.1534
85.0000 0.1534
104.0000 0.1534
106.0000 0.1534
134.0000 0.1534
165.0000 0.1534
228.0000 0.1534
36.0000 0.1535
80.0000 0.1535
117.0000 0.1535
61.0000 0.1536
114.0000 0.1536
49.0000 0.1537
135.0000 0.1537
157.0000 0.1537
215.0000 0.1537
6.0000 0.1538
171.0000 0.1538
211.0000 0.1538
131.0000 0.1539
136.0000 0.1539
173.0000 0.1539
181.0000 0.1540
63.0000 0.1542
175.0000 0.1542
188.0000 0.1542
24.0000 0.1543
33.0000 0.1543
201.0000 0.1544
39.0000 0.1545
168.0000 0.1545
180.0000 0.1545
27.0000 0.1546
35.0000 0.1546
78.0000 0.1546
148.0000 0.1546
232.0000 0.1547
62.0000 0.1548
150.0000 0.1548
226.0000 0.1548
5.0000 0.1549
20.0000 0.1549
144.0000 0.1550
153.0000 0.1550
11.0000 0.1551
51.0000 0.1551
119.0000 0.1551
216.0000 0.1551
69.0000 0.1552
86.0000 0.1553
105.0000 0.1553
159.0000 0.1553
195.0000 0.1553
128.0000 0.1554
231.0000 0.1554
23.0000 0.1555
67.0000 0.1555
73.0000 0.1555
152.0000 0.1555
164.0000 0.1555
212.0000 0.1555
162.0000 0.1556
199.0000 0.1556
98.0000 0.1557
169.0000 0.1559
10.0000 0.1560
46.0000 0.1560
70.0000 0.1560
3.0000 0.1562
14.0000 0.1562
40.0000 0.1562
145.0000 0.1562
19.0000 0.1563
28.0000 0.1563
96.0000 0.1563
74.0000 0.1564
120.0000 0.1564
71.0000 0.1566
97.0000 0.1566
100.0000 0.1566
125.0000 0.1566
236.0000 0.1566
57.0000 0.1567
132.0000 0.1567
204.0000 0.1567
234.0000 0.1567
82.0000 0.1568
183.0000 0.1568
227.0000 0.1568
230.0000 0.1568
237.0000 0.1568
66.0000 0.1569
95.0000 0.1569
102.0000 0.1569
81.0000 0.1572
60.0000 0.1573
83.0000 0.1573
179.0000 0.1573
184.0000 0.1573
222.0000 0.1573
37.0000 0.1574
55.0000 0.1574
113.0000 0.1574
140.0000 0.1574
1.0000 0.1575
130.0000 0.1575
30.0000 0.1576
93.0000 0.1576
121.0000 0.1576
200.0000 0.1576
84.0000 0.1578
101.0000 0.1578
166.0000 0.1578
229.0000 0.1578
127.0000 0.1579
197.0000 0.1579
220.0000 0.1579
9.0000 0.1580
208.0000 0.1580
238.0000 0.1580
89.0000 0.1581
4.0000 0.1582
65.0000 0.1583
38.0000 0.1584
107.0000 0.1585
192.0000 0.1585
142.0000 0.1586
17.0000 0.1587
18.0000 0.1587
99.0000 0.1587
196.0000 0.1587
77.0000 0.1588
185.0000 0.1588
34.0000 0.1589
191.0000 0.1589
177.0000 0.1590
221.0000 0.1590
56.0000 0.1591
76.0000 0.1591
149.0000 0.1591
190.0000 0.1592
233.0000 0.1592
50.0000 0.1593
52.0000 0.1593
53.0000 0.1593
115.0000 0.1593
88.0000 0.1594
109.0000 0.1596
110.0000 0.1596
161.0000 0.1596
189.0000 0.1596
72.0000 0.1597
151.0000 0.1597
25.0000 0.1598
122.0000 0.1598
206.0000 0.1599
2.0000 0.1600
176.0000 0.1600
13.0000 0.1601
94.0000 0.1601
111.0000 0.1601
160.0000 0.1601
32.0000 0.1602
48.0000 0.1602
198.0000 0.1602
45.0000 0.1603
147.0000 0.1603
194.0000 0.1603
75.0000 0.1604
79.0000 0.1604
116.0000 0.1604
146.0000 0.1605
118.0000 0.1606
187.0000 0.1606
155.0000 0.1607
175.0000 0.1607
104.0000 0.1608
138.0000 0.1608
202.0000 0.1608
210.0000 0.1608
90.0000 0.1609
213.0000 0.1609
36.0000 0.1610
182.0000 0.1610
43.0000 0.1611
8.0000 0.1612
108.0000 0.1613
163.0000 0.1613
239.0000 0.1613
21.0000 0.1614
47.0000 0.1614
171.0000 0.1614
31.0000 0.1615
141.0000 0.1615
61.0000 0.1616
157.0000 0.1616
209.0000 0.1616
224.0000 0.1616
87.0000 0.1617
126.0000 0.1617
228.0000 0.1617
235.0000 0.1617
54.0000 0.1618
143.0000 0.1618
201.0000 0.1618
148.0000 0.1619
63.0000 0.1620
85.0000 0.1620
92.0000 0.1620
106.0000 0.1620
167.0000 0.1620
15.0000 0.1621
39.0000 0.1621
6.0000 0.1622
44.0000 0.1623
58.0000 0.1623
165.0000 0.1623
123.0000 0.1624
212.0000 0.1624
24.0000 0.1625
152.0000 0.1625
219.0000 0.1625
232.0000 0.1625
64.0000 0.1626
137.0000 0.1626
203.0000 0.1626
5.0000 0.1627
223.0000 0.1630
10.0000 0.1631
41.0000 0.1631
188.0000 0.1631
231.0000 0.1631
33.0000 0.1632
144.0000 0.1632
180.0000 0.1632
225.0000 0.1633
0.0000 0.1634
112.0000 0.1634
23.0000 0.1635
49.0000 0.1635
80.0000 0.1635
129.0000 0.1635
131.0000 0.1635
169.0000 0.1635
164.0000 0.1636
14.0000 0.1637
78.0000 0.1637
97.0000 0.1637
226.0000 0.1637
67.0000 0.1638
91.0000 0.1638
117.0000 0.1638
236.0000 0.1638
114.0000 0.1640
40.0000 0.1641
55.0000 0.1642
35.0000 0.1643
62.0000 0.1643
73.0000 0.1643
96.0000 0.1643
119.0000 0.1644
120.0000 0.1644
159.0000 0.1645
154.0000 0.1646
132.0000 0.1647
162.0000 0.1647
84.0000 0.1648
27.0000 0.1649
139.0000 0.1649
173.0000 0.1649
89.0000 0.1650
46.0000 0.1651
4.0000 0.1652
86.0000 0.1652
178.0000 0.1652
51.0000 0.1653
66.0000 0.1653
197.0000 0.1653
208.0000 0.1653
215.0000 0.1653
179.0000 0.1654
234.0000 0.1654
183.0000 0.1655
220.0000 0.1655
9.0000 0.1656
57.0000 0.1656
68.0000 0.1656
74.0000 0.1656
128.0000 0.1656
11.0000 0.1657
69.0000 0.1657
174.0000 0.1657
195.0000 0.1657
230.0000 0.1657
20.0000 0.1658
221.0000 0.1658
237.0000 0.1658
196.0000 0.1659
1.0000 0.1660
70.0000 0.1660
93.0000 0.1660
101.0000 0.1660
103.0000 0.1660
127.0000 0.1660
124.0000 0.1661
7.0000 0.1663
50.0000 0.1663
95.0000 0.1663
113.0000 0.1663
134.0000 0.1663
185.0000 0.1663
200.0000 0.1663
211.0000 0.1665
222.0000 0.1665
17.0000 0.1666
82.0000 0.1666
189.0000 0.1666
30.0000 0.1667
102.0000 0.1667
2.0000 0.1668
3.0000 0.1668
77.0000 0.1668
37.0000 0.1669
100.0000 0.1669
186.0000 0.1669
130.0000 0.1670
98.0000 0.1671
175.0000 0.1671
81.0000 0.1672
142.0000 0.1672
151.0000 0.1672
206.0000 0.1672
218.0000 0.1672
150.0000 0.1673
18.0000 0.1674
25.0000 0.1674
38.0000 0.1674
42.0000 0.1674
99.0000 0.1674
233.0000 0.1674
19.0000 0.1676
45.0000 0.1676
53.0000 0.1676
94.0000 0.1676
125.0000 0.1676
216.0000 0.1676
133.0000 0.1677
204.0000 0.1677
22.0000 0.1678
28.0000 0.1678
172.0000 0.1679
65.0000 0.1680
122.0000 0.1680
72.0000 0.1681
115.0000 0.1681
118.0000 0.1681
75.0000 0.1682
83.0000 0.1682
229.0000 0.1682
32.0000 0.1683
116.0000 0.1683
166.0000 0.1683
192.0000 0.1683
227.0000 0.1683
104.0000 0.1684
155.0000 0.1684
194.0000 0.1684
205.0000 0.1684
52.0000 0.1685
140.0000 0.1685
187.0000 0.1685
36.0000 0.1686
110.0000 0.1687
147.0000 0.1687
201.0000 0.1688
88.0000 0.1689
148.0000 0.1689
198.0000 0.1689
210.0000 0.1689
13.0000 0.1690
157.0000 0.1690
61.0000 0.1691
184.0000 0.1691
171.0000 0.1692
152.0000 0.1693
212.0000 0.1693
213.0000 0.1693
191.0000 0.1694
239.0000 0.1694
156.0000 0.1695
31.0000 0.1696
63.0000 0.1696
108.0000 0.1696
228.0000 0.1696
39.0000 0.1697
90.0000 0.1699
209.0000 0.1699
238.0000 0.1699
6.0000 0.1700
232.0000 0.1700
5.0000 0.1701
10.0000 0.1701
135.0000 0.1702
106.0000 0.1703
24.0000 0.1704
158.0000 0.1704
97.0000 0.1705
163.0000 0.1705
85.0000 0.1707
161.0000 0.1707
138.0000 0.1708
231.0000 0.1708
14.0000 0.1709
48.0000 0.1709
141.0000 0.1709
176.0000 0.1709
236.0000 0.1709
43.0000 0.1710
55.0000 0.1710
169.0000 0.1710
165.0000 0.1711
177.0000 0.1712
202.0000 0.1712
87.0000 0.1713
23.0000 0.1714
137.0000 0.1715
203.0000 0.1715
144.0000 0.1716
149.0000 0.1716
8.0000 0.1717
59.0000 0.1717
76.0000 0.1717
164.0000 0.1717
190.0000 0.1717
64.0000 0.1718
180.0000 0.1718
56.0000 0.1719
67.0000 0.1719
126.0000 0.1719
188.0000 0.1719
224.0000 0.1719
15.0000 0.1720
47.0000 0.1721
84.0000 0.1721
89.0000 0.1721
167.0000 0.1721
79.0000 0.1722
96.0000 0.1722
109.0000 0.1722
235.0000 0.1722
40.0000 0.1723
143.0000 0.1723
226.0000 0.1723
49.0000 0.1724
78.0000 0.1724
92.0000 0.1724
34.0000 0.1725
208.0000 0.1725
33.0000 0.1726
120.0000 0.1726
131.0000 0.1726
4.0000 0.1727
105.0000 0.1727
146.0000 0.1727
168.0000 0.1727
221.0000 0.1727
121.0000 0.1728
197.0000 0.1728
73.0000 0.1730
132.0000 0.1731
220.0000 0.1731
107.0000 0.1732
159.0000 0.1732
225.0000 0.1732
0.0000 0.1733
9.0000 0.1733
50.0000 0.1733
179.0000 0.1733
175.0000 0.1734
2.0000 0.1737
44.0000 0.1737
66.0000 0.1737
196.0000 0.1737
46.0000 0.1738
183.0000 0.1738
230.0000 0.1738
35.0000 0.1739
80.0000 0.1739
119.0000 0.1739
185.0000 0.1739
123.0000 0.1740
162.0000 0.1740
54.0000 0.1741
62.0000 0.1741
189.0000 0.1741
145.0000 0.1742
153.0000 0.1742
1.0000 0.1744
17.0000 0.1744
127.0000 0.1744
12.0000 0.1745
117.0000 0.1745
206.0000 0.1745
114.0000 0.1746
74.0000 0.1747
101.0000 0.1747
77.0000 0.1748
93.0000 0.1748
21.0000 0.1749
45.0000 0.1749
94.0000 0.1749
200.0000 0.1749
25.0000 0.1750
128.0000 0.1750
237.0000 0.1751
57.0000 0.1752
27.0000 0.1753
29.0000 0.1754
234.0000 0.1754
51.0000 0.1755
113.0000 0.1755
129.0000 0.1755
173.0000 0.1755
86.0000 0.1756
118.0000 0.1757
91.0000 0.1758
18.0000 0.1759
37.0000 0.1759
95.0000 0.1759
122.0000 0.1759
222.0000 0.1759
38.0000 0.1760
82.0000 0.1760
99.0000 0.1760
151.0000 0.1760
181.0000 0.1760
195.0000 0.1760
199.0000 0.1760
201.0000 0.1760
233.0000 0.1760
142.0000 0.1762
182.0000 0.1762
36.0000 0.1763
53.0000 0.1763
69.0000 0.1763
130.0000 0.1763
148.0000 0.1763
30.0000 0.1764
102.0000 0.1764
104.0000 0.1764
136.0000 0.1764
152.0000 0.1764
155.0000 0.1764
170.0000 0.1764
194.0000 0.1764
212.0000 0.1764
219.0000 0.1764
11.0000 0.1765
41.0000 0.1765
157.0000 0.1765
61.0000 0.1766
75.0000 0.1766
116.0000 0.1766
187.0000 0.1766
32.0000 0.1767
20.0000 0.1768
70.0000 0.1769
60.0000 0.1770
72.0000 0.1770
115.0000 0.1770
171.0000 0.1770
215.0000 0.1770
39.0000 0.1771
52.0000 0.1772
65.0000 0.1772
97.0000 0.1772
198.0000 0.1772
81.0000 0.1773
98.0000 0.1773
100.0000 0.1773
147.0000 0.1773
154.0000 0.1773
10.0000 0.1774
63.0000 0.1774
210.0000 0.1774
228.0000 0.1774
232.0000 0.1774
223.0000 0.1775
3.0000 0.1776
5.0000 0.1778
55.0000 0.1778
111.0000 0.1778
209.0000 0.1778
6.0000 0.1779
68.0000 0.1779
192.0000 0.1779
24.0000 0.1780
31.0000 0.1780
125.0000 0.1780
110.0000 0.1781
213.0000 0.1781
166.0000 0.1782
169.0000 0.1782
13.0000 0.1783
14.0000 0.1783
108.0000 0.1783
236.0000 0.1783
211.0000 0.1786
231.0000 0.1786
89.0000 0.1787
239.0000 0.1787
19.0000 0.1788
28.0000 0.1788
83.0000 0.1788
88.0000 0.1788
106.0000 0.1789
23.0000 0.1790
84.0000 0.1790
178.0000 0.1790
85.0000 0.1792
227.0000 0.1792
134.0000 0.1793
216.0000 0.1793
90.0000 0.1794
144.0000 0.1794
150.0000 0.1794
221.0000 0.1794
229.0000 0.1794
175.0000 0.1795
204.0000 0.1796
112.0000 0.1797
165.0000 0.1797
4.0000 0.1798
163.0000 0.1798
164.0000 0.1798
197.0000 0.1798
67.0000 0.1800
96.0000 0.1800
124.0000 0.1800
208.0000 0.1800
2.0000 0.1801
141.0000 0.1801
191.0000 0.1801
50.0000 0.1802
140.0000 0.1802
40.0000 0.1803
137.0000 0.1803
138.0000 0.1803
203.0000 0.1803
220.0000 0.1803
226.0000 0.1803
87.0000 0.1805
120.0000 0.1805
188.0000 0.1806
15.0000 0.1807
184.0000 0.1808
9.0000 0.1809
48.0000 0.1809
180.0000 0.1809
196.0000 0.1809
78.0000 0.1810
176.0000 0.1810
132.0000 0.1811
131.0000 0.1812
179.0000 0.1812
43.0000 0.1813
185.0000 0.1813
189.0000 0.1813
224.0000 0.1813
202.0000 0.1814
238.0000 0.1815
33.0000 0.1816
49.0000 0.1816
64.0000 0.1816
73.0000 0.1816
159.0000 0.1820
206.0000 0.1820
230.0000 0.1820
235.0000 0.1820
183.0000 0.1821
47.0000 0.1822
94.0000 0.1822
45.0000 0.1823
0.0000 0.1824
46.0000 0.1824
143.0000 0.1824
167.0000 0.1824
126.0000 0.1825
161.0000 0.1825
205.0000 0.1825
66.0000 0.1826
92.0000 0.1826
1.0000 0.1827
17.0000 0.1827
25.0000 0.1827
8.0000 0.1828
127.0000 0.1829
217.0000 0.1829
77.0000 0.1830
101.0000 0.1830
118.0000 0.1830
162.0000 0.1830
22.0000 0.1831
93.0000 0.1831
119.0000 0.1831
200.0000 0.1831
76.0000 0.1832
174.0000 0.1832
201.0000 0.1832
225.0000 0.1832
212.0000 0.1833
35.0000 0.1834
177.0000 0.1834
62.0000 0.1836
152.0000 0.1836
36.0000 0.1837
80.0000 0.1837
148.0000 0.1837
97.0000 0.1839
190.0000 0.1839
186.0000 0.1840
194.0000 0.1840
61.0000 0.1841
74.0000 0.1841
79.0000 0.1842
104.0000 0.1842
122.0000 0.1842
233.0000 0.1842
237.0000 0.1842
146.0000 0.1843
75.0000 0.1844
99.0000 0.1844
151.0000 0.1844
155.0000 0.1844
157.0000 0.1844
113.0000 0.1845
128.0000 0.1845
149.0000 0.1845
234.0000 0.1845
10.0000 0.1846
18.0000 0.1846
32.0000 0.1846
53.0000 0.1846
55.0000 0.1846
171.0000 0.1846
39.0000 0.1847
116.0000 0.1847
222.0000 0.1847
38.0000 0.1848
109.0000 0.1848
34.0000 0.1849
56.0000 0.1849
57.0000 0.1849
95.0000 0.1849
142.0000 0.1849
187.0000 0.1849
232.0000 0.1849
37.0000 0.1850
54.0000 0.1850
44.0000 0.1851
63.0000 0.1851
114.0000 0.1851
117.0000 0.1851
129.0000 0.1851
228.0000 0.1851
30.0000 0.1852
27.0000 0.1853
82.0000 0.1853
86.0000 0.1853
130.0000 0.1853
147.0000 0.1853
71.0000 0.1854
72.0000 0.1854
102.0000 0.1854
89.0000 0.1855
107.0000 0.1855
115.0000 0.1855
123.0000 0.1855
236.0000 0.1855
5.0000 0.1856
51.0000 0.1856
175.0000 0.1857
198.0000 0.1857
218.0000 0.1857
14.0000 0.1858
169.0000 0.1858
173.0000 0.1858
6.0000 0.1859
24.0000 0.1859
91.0000 0.1859
195.0000 0.1859
210.0000 0.1859
31.0000 0.1860
52.0000 0.1860
65.0000 0.1861
209.0000 0.1861
84.0000 0.1862
221.0000 0.1862
231.0000 0.1864
2.0000 0.1866
70.0000 0.1866
23.0000 0.1867
135.0000 0.1867
213.0000 0.1867
69.0000 0.1868
11.0000 0.1869
110.0000 0.1869
197.0000 0.1869
4.0000 0.1870
81.0000 0.1870
100.0000 0.1870
50.0000 0.1871
108.0000 0.1871
208.0000 0.1871
106.0000 0.1873
58.0000 0.1874
121.0000 0.1874
144.0000 0.1874
20.0000 0.1875
21.0000 0.1875
96.0000 0.1875
172.0000 0.1875
192.0000 0.1875
239.0000 0.1875
13.0000 0.1876
85.0000 0.1876
103.0000 0.1877
164.0000 0.1877
42.0000 0.1878
98.0000 0.1878
120.0000 0.1878
220.0000 0.1879
196.0000 0.1880
3.0000 0.1881
67.0000 0.1882
88.0000 0.1883
40.0000 0.1884
90.0000 0.1884
189.0000 0.1884
226.0000 0.1884
185.0000 0.1885
165.0000 0.1886
215.0000 0.1886
9.0000 0.1887
137.0000 0.1887
125.0000 0.1888
163.0000 0.1890
41.0000 0.1891
132.0000 0.1891
141.0000 0.1891
179.0000 0.1891
94.0000 0.1892
203.0000 0.1892
188.0000 0.1893
83.0000 0.1894
166.0000 0.1894
206.0000 0.1894
15.0000 0.1895
45.0000 0.1895
105.0000 0.1896
78.0000 0.1897
73.0000 0.1898
180.0000 0.1899
87.0000 0.1900
68.0000 0.1901
118.0000 0.1901
131.0000 0.1902
227.0000 0.1902
28.0000 0.1903
152.0000 0.1903
182.0000 0.1904
212.0000 0.1904
19.0000 0.1905
25.0000 0.1905
138.0000 0.1905
229.0000 0.1905
201.0000 0.1906
33.0000 0.1907
154.0000 0.1907
230.0000 0.1907
97.0000 0.1908
183.0000 0.1908
1.0000 0.1910
17.0000 0.1910
48.0000 0.1910
140.0000 0.1910
191.0000 0.1910
145.0000 0.1911
159.0000 0.1912
93.0000 0.1913
49.0000 0.1914
66.0000 0.1914
148.0000 0.1914
200.0000 0.1914
216.0000 0.1914
36.0000 0.1915
64.0000 0.1915
77.0000 0.1916
204.0000 0.1917
55.0000 0.1918
101.0000 0.1918
127.0000 0.1918
168.0000 0.1918
202.0000 0.1918
0.0000 0.1919
10.0000 0.1919
39.0000 0.1920
46.0000 0.1920
150.0000 0.1920
211.0000 0.1920
162.0000 0.1921
43.0000 0.1922
61.0000 0.1922
104.0000 0.1922
157.0000 0.1922
175.0000 0.1922
171.0000 0.1923
224.0000 0.1923
155.0000 0.1924
233.0000 0.1924
75.0000 0.1925
134.0000 0.1925
167.0000 0.1925
176.0000 0.1925
184.0000 0.1927
235.0000 0.1927
122.0000 0.1928
160.0000 0.1928
178.0000 0.1928
194.0000 0.1928
232.0000 0.1928
32.0000 0.1929
89.0000 0.1929
236.0000 0.1929
92.0000 0.1930
99.0000 0.1930
156.0000 0.1930
221.0000 0.1930
63.0000 0.1931
116.0000 0.1931
119.0000 0.1931
153.0000 0.1931
187.0000 0.1931
228.0000 0.1931
14.0000 0.1933
151.0000 0.1933
223.0000 0.1933
5.0000 0.1934
18.0000 0.1934
113.0000 0.1934
219.0000 0.1934
2.0000 0.1935
53.0000 0.1935
126.0000 0.1935
143.0000 0.1935
169.0000 0.1935
238.0000 0.1935
74.0000 0.1936
147.0000 0.1936
35.0000 0.1937
62.0000 0.1937
84.0000 0.1937
237.0000 0.1937
38.0000 0.1938
72.0000 0.1938
225.0000 0.1938
24.0000 0.1939
124.0000 0.1939
142.0000 0.1939
6.0000 0.1940
8.0000 0.1941
47.0000 0.1941
231.0000 0.1941
50.0000 0.1942
95.0000 0.1942
115.0000 0.1942
222.0000 0.1942
4.0000 0.1943
31.0000 0.1943
197.0000 0.1943
161.0000 0.1944
208.0000 0.1944
57.0000 0.1945
80.0000 0.1945
37.0000 0.1946
82.0000 0.1946
198.0000 0.1946
209.0000 0.1946
130.0000 0.1947
234.0000 0.1947
52.0000 0.1948
128.0000 0.1949
27.0000 0.1950
30.0000 0.1950
102.0000 0.1950
23.0000 0.1951
65.0000 0.1951
76.0000 0.1951
51.0000 0.1952
196.0000 0.1952
86.0000 0.1954
96.0000 0.1954
114.0000 0.1954
189.0000 0.1954
220.0000 0.1955
144.0000 0.1956
120.0000 0.1957
164.0000 0.1957
210.0000 0.1957
106.0000 0.1958
111.0000 0.1958
213.0000 0.1958
117.0000 0.1959
108.0000 0.1960
146.0000 0.1961
185.0000 0.1961
239.0000 0.1961
40.0000 0.1962
85.0000 0.1962
67.0000 0.1963
110.0000 0.1963
112.0000 0.1963
94.0000 0.1965
9.0000 0.1966
11.0000 0.1966
45.0000 0.1966
79.0000 0.1966
129.0000 0.1966
190.0000 0.1966
195.0000 0.1966
13.0000 0.1967
70.0000 0.1967
44.0000 0.1968
100.0000 0.1968
173.0000 0.1969
54.0000 0.1970
59.0000 0.1970
177.0000 0.1970
132.0000 0.1971
226.0000 0.1971
60.0000 0.1972
206.0000 0.1972
212.0000 0.1972
152.0000 0.1973
179.0000 0.1973
34.0000 0.1974
69.0000 0.1975
81.0000 0.1975
118.0000 0.1975
90.0000 0.1976
137.0000 0.1976
192.0000 0.1976
56.0000 0.1977
205.0000 0.1977
97.0000 0.1979
165.0000 0.1979
201.0000 0.1979
73.0000 0.1980
109.0000 0.1980
22.0000 0.1981
149.0000 0.1981
91.0000 0.1982
123.0000 0.1982
199.0000 0.1982
88.0000 0.1983
141.0000 0.1983
3.0000 0.1985
78.0000 0.1985
180.0000 0.1985
203.0000 0.1985
175.0000 0.1986
188.0000 0.1986
15.0000 0.1987
25.0000 0.1987
55.0000 0.1988
98.0000 0.1988
148.0000 0.1988
214.0000 0.1989
17.0000 0.1990
36.0000 0.1990
163.0000 0.1990
1.0000 0.1991
33.0000 0.1991
10.0000 0.1992
20.0000 0.1992
125.0000 0.1994
39.0000 0.1995
77.0000 0.1995
183.0000 0.1995
200.0000 0.1995
230.0000 0.1995
66.0000 0.1996
93.0000 0.1996
83.0000 0.1998
89.0000 0.1998
136.0000 0.1998
157.0000 0.1998
215.0000 0.1998
104.0000 0.1999
131.0000 0.1999
166.0000 0.1999
181.0000 0.1999
221.0000 0.1999
