0.0000 0.0000
1.0000 0.0000
2.0000 0.0000
3.0000 0.0000
4.0000 0.0000
5.0000 0.0000
6.0000 0.0000
7.0000 0.0000
8.0000 0.0000
9.0000 0.0000
10.0000 0.0000
11.0000 0.0000
12.0000 0.0000
13.0000 0.0000
14.0000 0.0000
15.0000 0.0000
16.0000 0.0000
17.0000 0.0000
18.0000 0.0000
19.0000 0.0000
20.0000 0.0000
21.0000 0.0000
22.0000 0.0000
23.0000 0.0000
24.0000 0.0000
25.0000 0.0000
26.0000 0.0000
27.0000 0.0000
28.0000 0.0000
29.0000 0.0000
30.0000 0.0000
31.0000 0.0000
32.0000 0.0000
33.0000 0.0000
34.0000 0.0000
35.0000 0.0000
36.0000 0.0000
37.0000 0.0000
38.0000 0.0000
39.0000 0.0000
40.0000 0.0000
41.0000 0.0000
42.0000 0.0000
43.0000 0.0000
44.0000 0.0000
45.0000 0.0000
46.0000 0.0000
47.0000 0.0000
48.0000 0.0000
49.0000 0.0000
50.0000 0.0000
51.0000 0.0000
52.0000 0.0000
53.0000 0.0000
54.0000 0.0000
55.0000 0.0000
56.0000 0.0000
57.0000 0.0000
58.0000 0.0000
59.0000 0.0000
60.0000 0.0000
61.0000 0.0000
62.0000 0.0000
63.0000 0.0000
64.0000 0.0000
65.0000 0.0000
66.0000 0.0000
67.0000 0.0000
68.0000 0.0000
69.0000 0.0000
70.0000 0.0000
71.0000 0.0000
72.0000 0.0000
73.0000 0.0000
74.0000 0.0000
75.0000 0.0000
76.0000 0.0000
77.0000 0.0000
78.0000 0.0000
79.0000 0.0000
80.0000 0.0000
81.0000 0.0000
82.0000 0.0000
83.0000 0.0000
84.0000 0.0000
85.0000 0.0000
86.0000 0.0000
87.0000 0.0000
88.0000 0.0000
89.0000 0.0000
90.0000 0.0000
91.0000 0.0000
92.0000 0.0000
93.0000 0.0000
94.0000 0.0000
95.0000 0.0000
96.0000 0.0000
97.0000 0.0000
98.0000 0.0000
99.0000 0.0000
100.0000 0.0000
101.0000 0.0000
102.0000 0.0000
103.0000 0.0000
104.0000 0.0000
105.0000 0.0000
106.0000 0.0000
107.0000 0.0000
108.0000 0.0000
109.0000 0.0000
110.0000 0.0000
111.0000 0.0000
112.0000 0.0000
113.0000 0.0000
114.0000 0.0000
115.0000 0.0000
116.0000 0.0000
117.0000 0.0000
118.0000 0.0000
119.0000 0.0000
120.0000 0.0000
121.0000 0.0000
122.0000 0.0000
123.0000 0.0000
124.0000 0.0000
125.0000 0.0000
126.0000 0.0000
127.0000 0.0000
128.0000 0.0000
129.0000 0.0000
130.0000 0.0000
131.0000 0.0000
132.0000 0.0000
133.0000 0.0000
134.0000 0.0000
135.0000 0.0000
136.0000 0.0000
137.0000 0.0000
138.0000 0.0000
139.0000 0.0000
140.0000 0.0000
141.0000 0.0000
142.0000 0.0000
143.0000 0.0000
144.0000 0.0000
145.0000 0.0000
146.0000 0.0000
147.0000 0.0000
148.0000 0.0000
149.0000 0.0000
182.0000 0.0040
219.0000 0.0040
153.0000 0.0041
160.0000 0.0041
201.0000 0.0041
222.0000 0.0041
228.0000 0.0041
152.0000 0.0043
155.0000 0.0043
168.0000 0.0043
151.0000 0.0044
233.0000 0.0045
208.0000 0.0047
181.0000 0.0048
178.0000 0.0050
180.0000 0.0051
207.0000 0.0051
205.0000 0.0053
206.0000 0.0053
229.0000 0.0055
191.0000 0.0056
200.0000 0.0056
192.0000 0.0057
234.0000 0.0057
156.0000 0.0058
179.0000 0.0059
166.0000 0.0060
187.0000 0.0061
209.0000 0.0061
211.0000 0.0061
238.0000 0.0062
157.0000 0.0063
161.0000 0.0063
185.0000 0.0065
190.0000 0.0065
213.0000 0.0065
226.0000 0.0065
231.0000 0.0065
225.0000 0.0066
172.0000 0.0068
169.0000 0.0069
195.0000 0.0070
216.0000 0.0071
154.0000 0.0073
177.0000 0.0074
235.0000 0.0074
162.0000 0.0075
204.0000 0.0076
210.0000 0.0081
174.0000 0.0085
159.0000 0.0088
165.0000 0.0088
197.0000 0.0090
218.0000 0.0090
194.0000 0.0091
214.0000 0.0094
236.0000 0.0094
36.0000 0.0096
163.0000 0.0104
71.0000 0.0112
143.0000 0.0113
58.0000 0.0124
224.0000 0.0124
90.0000 0.0125
97.0000 0.0125
1.0000 0.0126
87.0000 0.0126
110.0000 0.0127
2.0000 0.0131
76.0000 0.0131
112.0000 0.0131
176.0000 0.0134
8.0000 0.0135
77.0000 0.0135
4.0000 0.0136
118.0000 0.0137
70.0000 0.0139
94.0000 0.0140
82.0000 0.0141
31.0000 0.0142
74.0000 0.0143
35.0000 0.0145
45.0000 0.0147
51.0000 0.0148
22.0000 0.0151
57.0000 0.0151
25.0000 0.0154
64.0000 0.0155
92.0000 0.0155
212.0000 0.0155
122.0000 0.0156
202.0000 0.0156
96.0000 0.0157
100.0000 0.0157
132.0000 0.0159
221.0000 0.0160
30.0000 0.0161
59.0000 0.0161
173.0000 0.0161
14.0000 0.0162
103.0000 0.0162
0.0000 0.0164
15.0000 0.0165
146.0000 0.0166
182.0000 0.0166
7.0000 0.0167
48.0000 0.0167
98.0000 0.0169
131.0000 0.0169
139.0000 0.0170
140.0000 0.0170
129.0000 0.0171
43.0000 0.0172
32.0000 0.0173
152.0000 0.0173
80.0000 0.0175
3.0000 0.0176
53.0000 0.0177
114.0000 0.0177
142.0000 0.0178
135.0000 0.0179
233.0000 0.0180
69.0000 0.0182
168.0000 0.0182
189.0000 0.0182
13.0000 0.0183
47.0000 0.0183
125.0000 0.0184
67.0000 0.0185
158.0000 0.0186
180.0000 0.0188
167.0000 0.0191
203.0000 0.0191
17.0000 0.0192
72.0000 0.0192
113.0000 0.0194
136.0000 0.0194
81.0000 0.0195
120.0000 0.0195
208.0000 0.0195
119.0000 0.0196
133.0000 0.0196
66.0000 0.0197
89.0000 0.0197
26.0000 0.0198
128.0000 0.0198
65.0000 0.0199
148.0000 0.0199
200.0000 0.0199
56.0000 0.0200
68.0000 0.0200
79.0000 0.0200
198.0000 0.0200
201.0000 0.0200
28.0000 0.0201
155.0000 0.0201
33.0000 0.0202
104.0000 0.0202
184.0000 0.0202
192.0000 0.0202
188.0000 0.0203
175.0000 0.0205
207.0000 0.0206
217.0000 0.0206
34.0000 0.0207
41.0000 0.0208
42.0000 0.0209
36.0000 0.0210
116.0000 0.0210
117.0000 0.0210
154.0000 0.0211
178.0000 0.0211
27.0000 0.0212
153.0000 0.0214
156.0000 0.0214
187.0000 0.0214
191.0000 0.0216
143.0000 0.0218
234.0000 0.0219
105.0000 0.0220
235.0000 0.0220
124.0000 0.0221
206.0000 0.0221
115.0000 0.0222
195.0000 0.0223
147.0000 0.0225
161.0000 0.0225
46.0000 0.0226
123.0000 0.0226
205.0000 0.0226
18.0000 0.0227
204.0000 0.0227
226.0000 0.0227
239.0000 0.0228
157.0000 0.0229
231.0000 0.0229
21.0000 0.0230
102.0000 0.0230
55.0000 0.0231
166.0000 0.0231
169.0000 0.0231
160.0000 0.0232
23.0000 0.0233
38.0000 0.0233
213.0000 0.0234
159.0000 0.0235
179.0000 0.0235
40.0000 0.0237
106.0000 0.0237
219.0000 0.0237
138.0000 0.0238
97.0000 0.0239
99.0000 0.0239
110.0000 0.0239
164.0000 0.0239
63.0000 0.0240
222.0000 0.0240
87.0000 0.0242
111.0000 0.0242
130.0000 0.0242
190.0000 0.0242
31.0000 0.0243
177.0000 0.0243
71.0000 0.0244
52.0000 0.0245
19.0000 0.0246
90.0000 0.0246
24.0000 0.0248
185.0000 0.0249
112.0000 0.0253
1.0000 0.0254
8.0000 0.0255
70.0000 0.0255
126.0000 0.0255
94.0000 0.0257
76.0000 0.0258
194.0000 0.0258
2.0000 0.0259
64.0000 0.0259
107.0000 0.0261
134.0000 0.0261
151.0000 0.0261
174.0000 0.0261
35.0000 0.0262
58.0000 0.0263
182.0000 0.0264
83.0000 0.0266
162.0000 0.0266
74.0000 0.0268
95.0000 0.0268
118.0000 0.0268
171.0000 0.0268
214.0000 0.0270
103.0000 0.0271
121.0000 0.0271
238.0000 0.0272
4.0000 0.0273
150.0000 0.0273
181.0000 0.0275
227.0000 0.0275
77.0000 0.0276
25.0000 0.0282
233.0000 0.0282
140.0000 0.0283
218.0000 0.0283
228.0000 0.0283
101.0000 0.0284
92.0000 0.0285
168.0000 0.0287
30.0000 0.0288
0.0000 0.0289
165.0000 0.0291
57.0000 0.0292
32.0000 0.0296
48.0000 0.0296
59.0000 0.0296
82.0000 0.0296
14.0000 0.0297
51.0000 0.0298
15.0000 0.0299
45.0000 0.0299
22.0000 0.0303
152.0000 0.0305
125.0000 0.0308
13.0000 0.0309
139.0000 0.0309
43.0000 0.0310
180.0000 0.0310
155.0000 0.0311
80.0000 0.0314
100.0000 0.0315
69.0000 0.0316
192.0000 0.0319
229.0000 0.0319
96.0000 0.0320
36.0000 0.0321
122.0000 0.0321
210.0000 0.0321
143.0000 0.0322
232.0000 0.0322
224.0000 0.0323
135.0000 0.0324
208.0000 0.0324
3.0000 0.0327
154.0000 0.0327
201.0000 0.0327
207.0000 0.0327
73.0000 0.0328
200.0000 0.0330
7.0000 0.0331
98.0000 0.0331
49.0000 0.0332
146.0000 0.0335
187.0000 0.0337
53.0000 0.0339
67.0000 0.0339
163.0000 0.0339
195.0000 0.0339
120.0000 0.0342
132.0000 0.0345
129.0000 0.0346
191.0000 0.0348
159.0000 0.0354
216.0000 0.0354
68.0000 0.0355
234.0000 0.0355
97.0000 0.0356
148.0000 0.0356
131.0000 0.0357
142.0000 0.0357
87.0000 0.0358
156.0000 0.0359
17.0000 0.0360
220.0000 0.0360
235.0000 0.0360
89.0000 0.0361
182.0000 0.0362
33.0000 0.0363
114.0000 0.0364
178.0000 0.0364
226.0000 0.0364
20.0000 0.0365
31.0000 0.0365
72.0000 0.0365
1.0000 0.0368
113.0000 0.0368
90.0000 0.0370
71.0000 0.0371
117.0000 0.0372
112.0000 0.0373
153.0000 0.0373
158.0000 0.0373
206.0000 0.0373
79.0000 0.0375
110.0000 0.0375
28.0000 0.0376
211.0000 0.0376
104.0000 0.0377
176.0000 0.0377
161.0000 0.0378
64.0000 0.0381
231.0000 0.0382
76.0000 0.0384
173.0000 0.0384
204.0000 0.0386
56.0000 0.0387
8.0000 0.0388
166.0000 0.0388
94.0000 0.0390
136.0000 0.0391
212.0000 0.0391
4.0000 0.0394
157.0000 0.0395
221.0000 0.0395
123.0000 0.0396
202.0000 0.0396
169.0000 0.0397
233.0000 0.0397
35.0000 0.0399
74.0000 0.0400
177.0000 0.0400
190.0000 0.0404
70.0000 0.0405
47.0000 0.0406
168.0000 0.0408
205.0000 0.0409
2.0000 0.0410
103.0000 0.0412
26.0000 0.0413
44.0000 0.0418
58.0000 0.0418
128.0000 0.0418
197.0000 0.0418
213.0000 0.0420
36.0000 0.0422
118.0000 0.0423
185.0000 0.0423
108.0000 0.0425
65.0000 0.0427
77.0000 0.0428
140.0000 0.0429
30.0000 0.0431
57.0000 0.0432
143.0000 0.0432
0.0000 0.0434
42.0000 0.0434
115.0000 0.0435
124.0000 0.0435
160.0000 0.0437
106.0000 0.0438
222.0000 0.0439
55.0000 0.0441
82.0000 0.0441
198.0000 0.0442
92.0000 0.0443
192.0000 0.0445
179.0000 0.0447
25.0000 0.0448
14.0000 0.0449
119.0000 0.0449
155.0000 0.0450
174.0000 0.0451
172.0000 0.0453
201.0000 0.0453
32.0000 0.0454
175.0000 0.0454
48.0000 0.0456
13.0000 0.0458
27.0000 0.0458
43.0000 0.0458
133.0000 0.0459
152.0000 0.0459
162.0000 0.0459
180.0000 0.0460
51.0000 0.0461
219.0000 0.0462
45.0000 0.0463
59.0000 0.0463
81.0000 0.0463
23.0000 0.0465
15.0000 0.0466
85.0000 0.0466
102.0000 0.0467
100.0000 0.0468
154.0000 0.0469
182.0000 0.0471
105.0000 0.0472
116.0000 0.0473
238.0000 0.0476
63.0000 0.0477
208.0000 0.0477
194.0000 0.0478
31.0000 0.0479
139.0000 0.0479
218.0000 0.0479
200.0000 0.0481
207.0000 0.0481
22.0000 0.0482
97.0000 0.0484
147.0000 0.0485
67.0000 0.0486
187.0000 0.0486
195.0000 0.0488
38.0000 0.0490
96.0000 0.0490
159.0000 0.0492
80.0000 0.0493
18.0000 0.0495
87.0000 0.0496
34.0000 0.0499
122.0000 0.0500
46.0000 0.0501
66.0000 0.0502
62.0000 0.0503
107.0000 0.0504
191.0000 0.0504
1.0000 0.0505
148.0000 0.0506
178.0000 0.0506
7.0000 0.0510
68.0000 0.0511
71.0000 0.0511
90.0000 0.0512
188.0000 0.0513
189.0000 0.0513
4.0000 0.0514
130.0000 0.0515
168.0000 0.0515
138.0000 0.0516
64.0000 0.0517
76.0000 0.0517
234.0000 0.0517
40.0000 0.0520
226.0000 0.0520
110.0000 0.0521
135.0000 0.0521
36.0000 0.0522
112.0000 0.0522
156.0000 0.0522
125.0000 0.0524
53.0000 0.0527
132.0000 0.0527
3.0000 0.0529
74.0000 0.0529
235.0000 0.0529
224.0000 0.0530
214.0000 0.0531
69.0000 0.0532
99.0000 0.0532
233.0000 0.0532
35.0000 0.0533
206.0000 0.0533
8.0000 0.0535
121.0000 0.0536
181.0000 0.0536
114.0000 0.0537
210.0000 0.0538
72.0000 0.0539
89.0000 0.0540
120.0000 0.0540
231.0000 0.0540
21.0000 0.0544
94.0000 0.0545
17.0000 0.0546
2.0000 0.0549
103.0000 0.0550
161.0000 0.0551
126.0000 0.0552
33.0000 0.0554
113.0000 0.0556
140.0000 0.0556
70.0000 0.0557
204.0000 0.0557
236.0000 0.0558
77.0000 0.0559
169.0000 0.0559
98.0000 0.0561
164.0000 0.0561
129.0000 0.0563
182.0000 0.0563
118.0000 0.0564
58.0000 0.0565
228.0000 0.0565
143.0000 0.0567
153.0000 0.0567
157.0000 0.0567
166.0000 0.0567
201.0000 0.0567
223.0000 0.0568
190.0000 0.0573
117.0000 0.0576
165.0000 0.0581
28.0000 0.0583
136.0000 0.0583
142.0000 0.0583
192.0000 0.0583
177.0000 0.0584
213.0000 0.0584
180.0000 0.0586
31.0000 0.0587
104.0000 0.0587
30.0000 0.0589
154.0000 0.0590
217.0000 0.0591
229.0000 0.0591
146.0000 0.0592
111.0000 0.0593
185.0000 0.0593
97.0000 0.0595
208.0000 0.0595
57.0000 0.0596
52.0000 0.0597
82.0000 0.0597
152.0000 0.0597
14.0000 0.0598
51.0000 0.0599
123.0000 0.0599
13.0000 0.0600
48.0000 0.0602
225.0000 0.0602
26.0000 0.0603
45.0000 0.0604
131.0000 0.0605
158.0000 0.0607
200.0000 0.0608
0.0000 0.0609
56.0000 0.0609
25.0000 0.0610
87.0000 0.0610
92.0000 0.0610
155.0000 0.0610
24.0000 0.0611
19.0000 0.0612
207.0000 0.0612
187.0000 0.0616
179.0000 0.0618
32.0000 0.0620
159.0000 0.0621
43.0000 0.0624
79.0000 0.0627
22.0000 0.0628
36.0000 0.0629
100.0000 0.0630
1.0000 0.0631
168.0000 0.0632
67.0000 0.0635
195.0000 0.0635
203.0000 0.0635
106.0000 0.0636
65.0000 0.0638
59.0000 0.0639
115.0000 0.0641
124.0000 0.0641
15.0000 0.0642
42.0000 0.0642
110.0000 0.0642
233.0000 0.0642
71.0000 0.0643
191.0000 0.0644
178.0000 0.0646
112.0000 0.0647
160.0000 0.0647
173.0000 0.0647
23.0000 0.0649
222.0000 0.0649
68.0000 0.0651
205.0000 0.0651
64.0000 0.0652
90.0000 0.0653
128.0000 0.0656
94.0000 0.0657
4.0000 0.0661
7.0000 0.0663
76.0000 0.0663
174.0000 0.0663
96.0000 0.0664
8.0000 0.0668
162.0000 0.0668
221.0000 0.0668
226.0000 0.0669
35.0000 0.0671
74.0000 0.0674
139.0000 0.0675
156.0000 0.0675
143.0000 0.0676
216.0000 0.0679
235.0000 0.0680
182.0000 0.0681
80.0000 0.0682
2.0000 0.0683
197.0000 0.0685
234.0000 0.0686
132.0000 0.0689
55.0000 0.0693
103.0000 0.0693
206.0000 0.0694
63.0000 0.0695
148.0000 0.0696
194.0000 0.0698
140.0000 0.0700
163.0000 0.0700
70.0000 0.0704
125.0000 0.0704
201.0000 0.0708
231.0000 0.0709
69.0000 0.0710
3.0000 0.0712
105.0000 0.0713
180.0000 0.0716
161.0000 0.0717
238.0000 0.0718
154.0000 0.0719
198.0000 0.0719
58.0000 0.0720
31.0000 0.0726
118.0000 0.0726
192.0000 0.0726
72.0000 0.0729
120.0000 0.0729
218.0000 0.0738
204.0000 0.0742
97.0000 0.0745
157.0000 0.0747
36.0000 0.0749
77.0000 0.0762
51.0000 0.0765
98.0000 0.0768
190.0000 0.0768
213.0000 0.0768
224.0000 0.0773
87.0000 0.0779
168.0000 0.0779
200.0000 0.0782
208.0000 0.0782
159.0000 0.0786
176.0000 0.0794
30.0000 0.0798
45.0000 0.0798
57.0000 0.0800
13.0000 0.0807
187.0000 0.0808
152.0000 0.0816
182.0000 0.0830
82.0000 0.0837
233.0000 0.0854
