38.0000 0.0046
40.0000 0.0046
48.0000 0.0046
30.0000 0.0048
20.0000 0.0051
12.0000 0.0052
29.0000 0.0053
44.0000 0.0054
55.0000 0.0055
45.0000 0.0057
59.0000 0.0057
28.0000 0.0060
31.0000 0.0060
8.0000 0.0061
11.0000 0.0062
46.0000 0.0064
42.0000 0.0065
25.0000 0.0066
23.0000 0.0069
32.0000 0.0069
17.0000 0.0070
0.0000 0.0072
13.0000 0.0072
52.0000 0.0072
15.0000 0.0074
7.0000 0.0075
41.0000 0.0076
22.0000 0.0083
9.0000 0.0084
14.0000 0.0088
19.0000 0.0088
54.0000 0.0089
47.0000 0.0095
18.0000 0.0097
3.0000 0.0098
16.0000 0.0099
24.0000 0.0105
21.0000 0.0110
34.0000 0.0118
58.0000 0.0141
36.0000 0.0151
4.0000 0.0162
35.0000 0.0165
56.0000 0.0169
57.0000 0.0177
42.0000 0.0181
53.0000 0.0181
6.0000 0.0182
29.0000 0.0183
48.0000 0.0186
10.0000 0.0188
51.0000 0.0191
1.0000 0.0194
50.0000 0.0195
59.0000 0.0200
55.0000 0.0212
11.0000 0.0214
38.0000 0.0214
31.0000 0.0215
44.0000 0.0216
30.0000 0.0217
8.0000 0.0222
45.0000 0.0222
17.0000 0.0227
40.0000 0.0227
20.0000 0.0228
46.0000 0.0229
12.0000 0.0237
7.0000 0.0246
24.0000 0.0250
18.0000 0.0251
22.0000 0.0254
41.0000 0.0260
47.0000 0.0262
14.0000 0.0267
54.0000 0.0270
27.0000 0.0275
25.0000 0.0276
9.0000 0.0278
0.0000 0.0279
19.0000 0.0288
42.0000 0.0292
29.0000 0.0295
28.0000 0.0296
52.0000 0.0296
58.0000 0.0296
3.0000 0.0297
15.0000 0.0297
34.0000 0.0297
48.0000 0.0322
13.0000 0.0334
23.0000 0.0335
32.0000 0.0337
59.0000 0.0337
55.0000 0.0340
56.0000 0.0344
11.0000 0.0346
17.0000 0.0346
31.0000 0.0348
8.0000 0.0349
21.0000 0.0350
4.0000 0.0351
44.0000 0.0351
30.0000 0.0354
36.0000 0.0355
33.0000 0.0357
46.0000 0.0358
38.0000 0.0367
1.0000 0.0369
43.0000 0.0374
12.0000 0.0378
40.0000 0.0380
20.0000 0.0383
42.0000 0.0383
29.0000 0.0385
22.0000 0.0387
45.0000 0.0388
51.0000 0.0388
18.0000 0.0391
14.0000 0.0392
16.0000 0.0395
41.0000 0.0399
47.0000 0.0400
53.0000 0.0401
50.0000 0.0404
24.0000 0.0411
7.0000 0.0418
54.0000 0.0423
58.0000 0.0432
37.0000 0.0435
52.0000 0.0438
34.0000 0.0444
48.0000 0.0446
57.0000 0.0456
11.0000 0.0461
19.0000 0.0469
55.0000 0.0469
17.0000 0.0471
31.0000 0.0472
59.0000 0.0472
8.0000 0.0476
30.0000 0.0478
49.0000 0.0478
35.0000 0.0479
42.0000 0.0482
44.0000 0.0485
9.0000 0.0486
29.0000 0.0487
10.0000 0.0489
25.0000 0.0501
46.0000 0.0502
0.0000 0.0503
56.0000 0.0505
15.0000 0.0506
20.0000 0.0508
22.0000 0.0510
12.0000 0.0513
4.0000 0.0515
14.0000 0.0516
47.0000 0.0519
18.0000 0.0521
38.0000 0.0521
1.0000 0.0523
3.0000 0.0523
40.0000 0.0534
24.0000 0.0542
45.0000 0.0545
28.0000 0.0546
32.0000 0.0546
41.0000 0.0550
36.0000 0.0551
48.0000 0.0551
13.0000 0.0552
54.0000 0.0559
58.0000 0.0564
42.0000 0.0571
23.0000 0.0572
27.0000 0.0573
29.0000 0.0573
11.0000 0.0576
17.0000 0.0579
50.0000 0.0582
7.0000 0.0583
34.0000 0.0583
51.0000 0.0584
52.0000 0.0584
55.0000 0.0585
19.0000 0.0589
53.0000 0.0589
59.0000 0.0590
31.0000 0.0591
30.0000 0.0594
8.0000 0.0596
44.0000 0.0616
21.0000 0.0617
20.0000 0.0623
46.0000 0.0626
22.0000 0.0630
9.0000 0.0634
14.0000 0.0636
18.0000 0.0637
47.0000 0.0639
12.0000 0.0646
57.0000 0.0648
25.0000 0.0653
56.0000 0.0655
42.0000 0.0656
38.0000 0.0658
29.0000 0.0659
15.0000 0.0660
24.0000 0.0660
4.0000 0.0661
48.0000 0.0663
40.0000 0.0668
0.0000 0.0676
17.0000 0.0677
45.0000 0.0678
3.0000 0.0679
41.0000 0.0680
1.0000 0.0681
11.0000 0.0683
35.0000 0.0684
54.0000 0.0685
58.0000 0.0685
55.0000 0.0693
31.0000 0.0699
8.0000 0.0700
16.0000 0.0702
59.0000 0.0703
10.0000 0.0705
30.0000 0.0706
6.0000 0.0707
34.0000 0.0710
52.0000 0.0711
50.0000 0.0713
7.0000 0.0715
51.0000 0.0719
13.0000 0.0722
19.0000 0.0722
36.0000 0.0722
33.0000 0.0727
44.0000 0.0728
32.0000 0.0729
46.0000 0.0733
14.0000 0.0737
20.0000 0.0737
26.0000 0.0740
42.0000 0.0744
28.0000 0.0745
29.0000 0.0746
47.0000 0.0749
18.0000 0.0754
53.0000 0.0758
22.0000 0.0765
48.0000 0.0765
12.0000 0.0766
23.0000 0.0766
24.0000 0.0779
17.0000 0.0783
38.0000 0.0789
9.0000 0.0790
58.0000 0.0790
11.0000 0.0791
43.0000 0.0792
55.0000 0.0795
4.0000 0.0797
40.0000 0.0800
31.0000 0.0802
56.0000 0.0802
8.0000 0.0805
1.0000 0.0808
15.0000 0.0809
54.0000 0.0809
45.0000 0.0814
25.0000 0.0815
41.0000 0.0815
30.0000 0.0817
21.0000 0.0818
59.0000 0.0819
44.0000 0.0826
3.0000 0.0828
29.0000 0.0830
37.0000 0.0833
42.0000 0.0833
0.0000 0.0835
52.0000 0.0836
34.0000 0.0838
14.0000 0.0842
46.0000 0.0848
19.0000 0.0852
7.0000 0.0854
20.0000 0.0854
49.0000 0.0854
47.0000 0.0855
57.0000 0.0863
48.0000 0.0864
18.0000 0.0866
12.0000 0.0868
51.0000 0.0869
17.0000 0.0877
50.0000 0.0880
27.0000 0.0883
22.0000 0.0884
36.0000 0.0887
11.0000 0.0888
24.0000 0.0890
13.0000 0.0894
35.0000 0.0894
32.0000 0.0896
10.0000 0.0900
8.0000 0.0904
58.0000 0.0908
55.0000 0.0909
31.0000 0.0914
42.0000 0.0915
54.0000 0.0915
29.0000 0.0916
28.0000 0.0918
59.0000 0.0922
38.0000 0.0924
30.0000 0.0926
9.0000 0.0931
40.0000 0.0931
53.0000 0.0931
56.0000 0.0933
4.0000 0.0934
1.0000 0.0938
44.0000 0.0941
15.0000 0.0943
23.0000 0.0945
45.0000 0.0945
25.0000 0.0951
41.0000 0.0951
52.0000 0.0955
16.0000 0.0958
46.0000 0.0958
47.0000 0.0958
34.0000 0.0960
48.0000 0.0960
14.0000 0.0962
20.0000 0.0962
19.0000 0.0963
3.0000 0.0965
17.0000 0.0973
18.0000 0.0974
7.0000 0.0975
11.0000 0.0985
12.0000 0.0985
21.0000 0.0991
22.0000 0.0992
29.0000 0.0996
42.0000 0.0999
24.0000 0.1001
0.0000 0.1003
55.0000 0.1007
8.0000 0.1008
31.0000 0.1012
33.0000 0.1012
51.0000 0.1015
57.0000 0.1019
59.0000 0.1020
50.0000 0.1022
58.0000 0.1022
30.0000 0.1025
54.0000 0.1027
6.0000 0.1035
44.0000 0.1037
36.0000 0.1038
32.0000 0.1040
13.0000 0.1045
38.0000 0.1045
40.0000 0.1051
48.0000 0.1051
46.0000 0.1052
47.0000 0.1053
4.0000 0.1056
45.0000 0.1056
14.0000 0.1057
9.0000 0.1058
28.0000 0.1058
17.0000 0.1059
43.0000 0.1059
1.0000 0.1060
20.0000 0.1060
52.0000 0.1060
34.0000 0.1062
56.0000 0.1063
15.0000 0.1064
11.0000 0.1066
27.0000 0.1066
10.0000 0.1067
35.0000 0.1069
41.0000 0.1069
19.0000 0.1071
29.0000 0.1072
53.0000 0.1073
18.0000 0.1075
42.0000 0.1077
7.0000 0.1092
12.0000 0.1097
25.0000 0.1100
3.0000 0.1101
55.0000 0.1101
22.0000 0.1107
8.0000 0.1108
23.0000 0.1109
31.0000 0.1120
24.0000 0.1121
30.0000 0.1126
58.0000 0.1132
49.0000 0.1136
37.0000 0.1138
54.0000 0.1140
0.0000 0.1142
59.0000 0.1142
44.0000 0.1144
48.0000 0.1147
17.0000 0.1150
46.0000 0.1152
11.0000 0.1155
21.0000 0.1155
42.0000 0.1155
51.0000 0.1155
29.0000 0.1156
47.0000 0.1156
20.0000 0.1162
14.0000 0.1165
38.0000 0.1166
40.0000 0.1166
50.0000 0.1171
36.0000 0.1173
34.0000 0.1175
18.0000 0.1176
52.0000 0.1179
9.0000 0.1181
15.0000 0.1181
4.0000 0.1183
45.0000 0.1183
1.0000 0.1187
16.0000 0.1187
19.0000 0.1188
41.0000 0.1189
56.0000 0.1192
13.0000 0.1194
57.0000 0.1194
12.0000 0.1199
32.0000 0.1199
55.0000 0.1200
8.0000 0.1201
53.0000 0.1201
7.0000 0.1204
31.0000 0.1216
30.0000 0.1222
28.0000 0.1223
3.0000 0.1226
22.0000 0.1228
24.0000 0.1233
25.0000 0.1233
42.0000 0.1233
58.0000 0.1238
17.0000 0.1239
29.0000 0.1239
11.0000 0.1247
48.0000 0.1247
10.0000 0.1249
44.0000 0.1251
59.0000 0.1251
35.0000 0.1261
46.0000 0.1261
47.0000 0.1262
54.0000 0.1264
14.0000 0.1268
20.0000 0.1270
33.0000 0.1275
38.0000 0.1279
0.0000 0.1282
40.0000 0.1284
18.0000 0.1285
23.0000 0.1289
27.0000 0.1289
34.0000 0.1291
52.0000 0.1295
8.0000 0.1296
55.0000 0.1298
19.0000 0.1299
51.0000 0.1299
12.0000 0.1300
36.0000 0.1300
45.0000 0.1301
4.0000 0.1302
1.0000 0.1304
15.0000 0.1305
9.0000 0.1308
42.0000 0.1309
41.0000 0.1310
31.0000 0.1315
50.0000 0.1315
29.0000 0.1316
56.0000 0.1316
21.0000 0.1317
30.0000 0.1320
43.0000 0.1320
7.0000 0.1323
6.0000 0.1330
11.0000 0.1331
17.0000 0.1331
13.0000 0.1339
22.0000 0.1340
53.0000 0.1340
48.0000 0.1341
32.0000 0.1345
24.0000 0.1346
58.0000 0.1346
44.0000 0.1350
46.0000 0.1363
47.0000 0.1364
57.0000 0.1364
59.0000 0.1367
3.0000 0.1368
25.0000 0.1369
14.0000 0.1377
20.0000 0.1381
54.0000 0.1382
28.0000 0.1384
42.0000 0.1392
55.0000 0.1392
29.0000 0.1393
8.0000 0.1394
18.0000 0.1394
38.0000 0.1397
34.0000 0.1404
40.0000 0.1407
49.0000 0.1412
12.0000 0.1413
52.0000 0.1416
19.0000 0.1417
31.0000 0.1417
0.0000 0.1418
16.0000 0.1418
30.0000 0.1418
37.0000 0.1419
36.0000 0.1421
11.0000 0.1425
17.0000 0.1427
4.0000 0.1428
41.0000 0.1429
10.0000 0.1431
1.0000 0.1432
9.0000 0.1434
51.0000 0.1434
48.0000 0.1435
45.0000 0.1436
56.0000 0.1439
15.0000 0.1443
7.0000 0.1445
24.0000 0.1455
22.0000 0.1457
35.0000 0.1457
58.0000 0.1457
50.0000 0.1463
44.0000 0.1465
47.0000 0.1465
59.0000 0.1471
42.0000 0.1472
46.0000 0.1475
29.0000 0.1476
14.0000 0.1479
54.0000 0.1480
20.0000 0.1484
23.0000 0.1486
13.0000 0.1490
21.0000 0.1492
55.0000 0.1492
32.0000 0.1493
53.0000 0.1493
8.0000 0.1494
18.0000 0.1496
3.0000 0.1499
27.0000 0.1501
34.0000 0.1511
30.0000 0.1515
11.0000 0.1516
25.0000 0.1518
31.0000 0.1518
12.0000 0.1520
33.0000 0.1522
57.0000 0.1522
17.0000 0.1523
40.0000 0.1523
38.0000 0.1525
48.0000 0.1528
52.0000 0.1532
4.0000 0.1539
19.0000 0.1539
41.0000 0.1548
45.0000 0.1549
42.0000 0.1552
51.0000 0.1557
29.0000 0.1559
36.0000 0.1559
9.0000 0.1560
7.0000 0.1561
28.0000 0.1562
44.0000 0.1562
58.0000 0.1562
1.0000 0.1563
47.0000 0.1566
22.0000 0.1567
24.0000 0.1568
0.0000 0.1570
26.0000 0.1570
46.0000 0.1570
59.0000 0.1572
15.0000 0.1573
14.0000 0.1575
56.0000 0.1578
55.0000 0.1582
8.0000 0.1590
10.0000 0.1591
20.0000 0.1591
50.0000 0.1592
6.0000 0.1595
54.0000 0.1595
18.0000 0.1597
11.0000 0.1607
17.0000 0.1609
30.0000 0.1612
31.0000 0.1614
48.0000 0.1618
43.0000 0.1626
34.0000 0.1628
35.0000 0.1628
42.0000 0.1630
12.0000 0.1631
40.0000 0.1639
13.0000 0.1642
25.0000 0.1643
29.0000 0.1643
16.0000 0.1644
32.0000 0.1645
3.0000 0.1647
38.0000 0.1652
53.0000 0.1656
19.0000 0.1659
21.0000 0.1660
23.0000 0.1663
4.0000 0.1664
52.0000 0.1665
41.0000 0.1668
47.0000 0.1668
46.0000 0.1669
44.0000 0.1670
58.0000 0.1672
45.0000 0.1673
24.0000 0.1675
55.0000 0.1676
14.0000 0.1677
22.0000 0.1678
9.0000 0.1683
59.0000 0.1685
7.0000 0.1687
51.0000 0.1688
49.0000 0.1692
8.0000 0.1693
18.0000 0.1694
20.0000 0.1694
36.0000 0.1694
1.0000 0.1695
11.0000 0.1698
17.0000 0.1700
57.0000 0.1703
27.0000 0.1704
54.0000 0.1706
30.0000 0.1707
0.0000 0.1710
31.0000 0.1710
42.0000 0.1710
56.0000 0.1712
48.0000 0.1717
15.0000 0.1718
28.0000 0.1721
29.0000 0.1722
34.0000 0.1744
12.0000 0.1752
50.0000 0.1754
37.0000 0.1757
40.0000 0.1761
25.0000 0.1773
19.0000 0.1774
47.0000 0.1774
55.0000 0.1778
14.0000 0.1779
46.0000 0.1780
24.0000 0.1783
52.0000 0.1783
10.0000 0.1786
44.0000 0.1786
22.0000 0.1789
58.0000 0.1789
11.0000 0.1790
4.0000 0.1792
38.0000 0.1793
42.0000 0.1793
59.0000 0.1793
3.0000 0.1794
13.0000 0.1794
17.0000 0.1795
41.0000 0.1797
8.0000 0.1798
20.0000 0.1798
45.0000 0.1801
53.0000 0.1801
29.0000 0.1802
18.0000 0.1804
30.0000 0.1805
31.0000 0.1806
48.0000 0.1806
9.0000 0.1809
1.0000 0.1813
33.0000 0.1813
32.0000 0.1815
7.0000 0.1817
51.0000 0.1825
54.0000 0.1825
21.0000 0.1833
35.0000 0.1836
36.0000 0.1842
23.0000 0.1845
15.0000 0.1849
56.0000 0.1850
12.0000 0.1858
34.0000 0.1859
0.0000 0.1861
57.0000 0.1865
55.0000 0.1866
6.0000 0.1871
47.0000 0.1871
42.0000 0.1873
40.0000 0.1878
16.0000 0.1879
46.0000 0.1879
29.0000 0.1880
50.0000 0.1880
11.0000 0.1881
14.0000 0.1882
17.0000 0.1883
28.0000 0.1884
43.0000 0.1888
19.0000 0.1890
59.0000 0.1891
44.0000 0.1892
8.0000 0.1894
58.0000 0.1894
24.0000 0.1899
48.0000 0.1899
52.0000 0.1900
22.0000 0.1901
20.0000 0.1902
30.0000 0.1902
31.0000 0.1902
38.0000 0.1903
18.0000 0.1906
25.0000 0.1907
27.0000 0.1907
4.0000 0.1911
41.0000 0.1912
45.0000 0.1914
3.0000 0.1924
9.0000 0.1933
13.0000 0.1935
54.0000 0.1935
1.0000 0.1936
7.0000 0.1936
53.0000 0.1944
51.0000 0.1953
42.0000 0.1954
29.0000 0.1959
55.0000 0.1961
10.0000 0.1965
49.0000 0.1965
32.0000 0.1966
47.0000 0.1966
12.0000 0.1967
34.0000 0.1969
11.0000 0.1971
17.0000 0.1972
56.0000 0.1972
14.0000 0.1979
46.0000 0.1979
15.0000 0.1980
36.0000 0.1984
8.0000 0.1990
31.0000 0.1993
40.0000 0.1995
48.0000 0.1995
59.0000 0.1995
44.0000 0.1996
30.0000 0.1997
22.0000 0.1999
