19.0000 0.0034
57.0000 0.0039
2.0000 0.0046
30.0000 0.0046
23.0000 0.0048
28.0000 0.0048
59.0000 0.0048
13.0000 0.0049
34.0000 0.0050
22.0000 0.0054
38.0000 0.0054
7.0000 0.0055
50.0000 0.0057
21.0000 0.0059
31.0000 0.0059
10.0000 0.0060
39.0000 0.0061
26.0000 0.0065
48.0000 0.0065
14.0000 0.0067
53.0000 0.0070
9.0000 0.0071
33.0000 0.0071
45.0000 0.0072
6.0000 0.0073
20.0000 0.0075
40.0000 0.0075
46.0000 0.0075
58.0000 0.0075
41.0000 0.0076
42.0000 0.0079
44.0000 0.0079
54.0000 0.0081
1.0000 0.0087
51.0000 0.0098
18.0000 0.0102
15.0000 0.0104
3.0000 0.0105
27.0000 0.0106
12.0000 0.0109
4.0000 0.0118
56.0000 0.0118
49.0000 0.0121
52.0000 0.0121
55.0000 0.0122
17.0000 0.0135
8.0000 0.0140
19.0000 0.0144
32.0000 0.0153
2.0000 0.0154
16.0000 0.0160
34.0000 0.0160
37.0000 0.0162
50.0000 0.0172
29.0000 0.0174
14.0000 0.0180
10.0000 0.0182
21.0000 0.0184
7.0000 0.0185
36.0000 0.0187
23.0000 0.0189
57.0000 0.0189
20.0000 0.0193
45.0000 0.0195
30.0000 0.0197
22.0000 0.0198
13.0000 0.0201
28.0000 0.0205
26.0000 0.0206
54.0000 0.0207
59.0000 0.0213
39.0000 0.0220
31.0000 0.0221
1.0000 0.0222
40.0000 0.0222
42.0000 0.0223
25.0000 0.0228
19.0000 0.0233
33.0000 0.0233
6.0000 0.0234
35.0000 0.0242
41.0000 0.0242
27.0000 0.0248
58.0000 0.0248
2.0000 0.0262
56.0000 0.0264
3.0000 0.0270
46.0000 0.0272
14.0000 0.0273
34.0000 0.0273
18.0000 0.0274
50.0000 0.0278
53.0000 0.0278
7.0000 0.0283
52.0000 0.0284
9.0000 0.0285
10.0000 0.0286
21.0000 0.0287
8.0000 0.0290
20.0000 0.0290
17.0000 0.0296
38.0000 0.0297
45.0000 0.0297
51.0000 0.0298
30.0000 0.0299
23.0000 0.0302
22.0000 0.0309
19.0000 0.0311
54.0000 0.0312
44.0000 0.0313
5.0000 0.0315
13.0000 0.0315
28.0000 0.0316
1.0000 0.0320
49.0000 0.0323
4.0000 0.0326
57.0000 0.0330
37.0000 0.0333
31.0000 0.0338
42.0000 0.0339
26.0000 0.0342
12.0000 0.0344
59.0000 0.0351
2.0000 0.0352
33.0000 0.0353
15.0000 0.0356
40.0000 0.0359
6.0000 0.0360
14.0000 0.0363
39.0000 0.0363
27.0000 0.0368
34.0000 0.0369
36.0000 0.0372
50.0000 0.0374
7.0000 0.0375
10.0000 0.0381
20.0000 0.0383
21.0000 0.0384
58.0000 0.0386
19.0000 0.0392
45.0000 0.0392
56.0000 0.0395
52.0000 0.0401
18.0000 0.0404
30.0000 0.0404
41.0000 0.0405
3.0000 0.0408
1.0000 0.0415
46.0000 0.0416
54.0000 0.0417
23.0000 0.0418
22.0000 0.0421
32.0000 0.0422
13.0000 0.0427
17.0000 0.0436
8.0000 0.0437
28.0000 0.0441
48.0000 0.0442
35.0000 0.0444
2.0000 0.0445
42.0000 0.0445
53.0000 0.0449
14.0000 0.0451
55.0000 0.0452
26.0000 0.0456
51.0000 0.0456
34.0000 0.0458
57.0000 0.0458
7.0000 0.0459
9.0000 0.0459
50.0000 0.0459
31.0000 0.0460
29.0000 0.0461
10.0000 0.0468
19.0000 0.0468
27.0000 0.0468
16.0000 0.0469
25.0000 0.0469
37.0000 0.0469
33.0000 0.0470
20.0000 0.0472
21.0000 0.0474
6.0000 0.0475
49.0000 0.0479
39.0000 0.0481
45.0000 0.0481
40.0000 0.0482
59.0000 0.0485
30.0000 0.0495
4.0000 0.0500
1.0000 0.0506
44.0000 0.0506
38.0000 0.0510
56.0000 0.0510
54.0000 0.0512
52.0000 0.0515
23.0000 0.0523
41.0000 0.0524
58.0000 0.0525
3.0000 0.0531
22.0000 0.0531
14.0000 0.0534
2.0000 0.0536
13.0000 0.0536
7.0000 0.0540
18.0000 0.0541
12.0000 0.0542
15.0000 0.0544
34.0000 0.0544
19.0000 0.0545
36.0000 0.0545
50.0000 0.0547
28.0000 0.0550
46.0000 0.0552
42.0000 0.0554
20.0000 0.0555
10.0000 0.0556
8.0000 0.0563
21.0000 0.0563
11.0000 0.0564
26.0000 0.0565
45.0000 0.0565
5.0000 0.0566
17.0000 0.0571
31.0000 0.0573
27.0000 0.0574
6.0000 0.0580
57.0000 0.0583
30.0000 0.0589
33.0000 0.0589
1.0000 0.0595
37.0000 0.0595
39.0000 0.0596
51.0000 0.0597
54.0000 0.0600
40.0000 0.0603
53.0000 0.0606
59.0000 0.0612
9.0000 0.0618
14.0000 0.0618
23.0000 0.0621
19.0000 0.0625
34.0000 0.0626
2.0000 0.0628
52.0000 0.0630
7.0000 0.0632
22.0000 0.0633
56.0000 0.0634
50.0000 0.0636
49.0000 0.0640
20.0000 0.0642
10.0000 0.0645
13.0000 0.0645
35.0000 0.0647
45.0000 0.0648
21.0000 0.0649
58.0000 0.0650
28.0000 0.0652
0.0000 0.0654
42.0000 0.0657
4.0000 0.0658
18.0000 0.0659
41.0000 0.0659
3.0000 0.0661
32.0000 0.0667
46.0000 0.0669
44.0000 0.0671
26.0000 0.0673
1.0000 0.0674
30.0000 0.0674
27.0000 0.0678
31.0000 0.0679
38.0000 0.0680
36.0000 0.0684
6.0000 0.0685
54.0000 0.0686
57.0000 0.0688
8.0000 0.0691
15.0000 0.0694
17.0000 0.0694
19.0000 0.0694
33.0000 0.0694
14.0000 0.0695
48.0000 0.0696
39.0000 0.0697
12.0000 0.0701
25.0000 0.0704
2.0000 0.0708
23.0000 0.0709
34.0000 0.0709
7.0000 0.0712
37.0000 0.0715
59.0000 0.0717
40.0000 0.0718
22.0000 0.0724
55.0000 0.0725
10.0000 0.0727
20.0000 0.0727
50.0000 0.0727
51.0000 0.0727
45.0000 0.0728
21.0000 0.0739
52.0000 0.0740
13.0000 0.0748
56.0000 0.0751
53.0000 0.0753
16.0000 0.0757
28.0000 0.0757
1.0000 0.0760
9.0000 0.0763
29.0000 0.0766
19.0000 0.0767
54.0000 0.0771
30.0000 0.0772
42.0000 0.0772
14.0000 0.0774
26.0000 0.0775
41.0000 0.0776
58.0000 0.0776
27.0000 0.0780
3.0000 0.0786
18.0000 0.0787
7.0000 0.0789
34.0000 0.0790
2.0000 0.0791
31.0000 0.0791
49.0000 0.0791
6.0000 0.0792
46.0000 0.0799
23.0000 0.0803
39.0000 0.0803
20.0000 0.0805
5.0000 0.0808
33.0000 0.0809
57.0000 0.0809
10.0000 0.0810
50.0000 0.0811
45.0000 0.0815
22.0000 0.0816
8.0000 0.0819
17.0000 0.0820
4.0000 0.0822
21.0000 0.0826
36.0000 0.0828
40.0000 0.0829
59.0000 0.0832
37.0000 0.0834
44.0000 0.0835
13.0000 0.0840
19.0000 0.0841
35.0000 0.0841
52.0000 0.0844
1.0000 0.0845
14.0000 0.0849
28.0000 0.0851
15.0000 0.0853
38.0000 0.0853
30.0000 0.0855
51.0000 0.0855
54.0000 0.0855
12.0000 0.0856
56.0000 0.0857
7.0000 0.0866
34.0000 0.0867
2.0000 0.0870
42.0000 0.0871
27.0000 0.0878
26.0000 0.0879
58.0000 0.0885
20.0000 0.0887
10.0000 0.0891
45.0000 0.0892
31.0000 0.0894
53.0000 0.0894
23.0000 0.0895
18.0000 0.0896
50.0000 0.0896
6.0000 0.0898
41.0000 0.0898
25.0000 0.0900
3.0000 0.0901
32.0000 0.0905
9.0000 0.0911
22.0000 0.0911
19.0000 0.0912
33.0000 0.0913
21.0000 0.0914
57.0000 0.0915
39.0000 0.0918
46.0000 0.0918
1.0000 0.0927
14.0000 0.0927
49.0000 0.0933
17.0000 0.0941
8.0000 0.0942
30.0000 0.0943
13.0000 0.0944
54.0000 0.0945
7.0000 0.0947
52.0000 0.0947
59.0000 0.0950
2.0000 0.0952
34.0000 0.0952
40.0000 0.0953
28.0000 0.0955
37.0000 0.0957
56.0000 0.0962
20.0000 0.0966
36.0000 0.0967
42.0000 0.0968
48.0000 0.0969
45.0000 0.0970
10.0000 0.0972
11.0000 0.0973
16.0000 0.0973
26.0000 0.0976
27.0000 0.0977
50.0000 0.0978
51.0000 0.0979
19.0000 0.0981
44.0000 0.0984
4.0000 0.0985
29.0000 0.0988
23.0000 0.0989
55.0000 0.0993
6.0000 0.0997
21.0000 0.0997
22.0000 0.1000
31.0000 0.1000
58.0000 0.1000
14.0000 0.1003
15.0000 0.1006
38.0000 0.1006
1.0000 0.1007
3.0000 0.1008
18.0000 0.1008
35.0000 0.1012
41.0000 0.1013
12.0000 0.1017
33.0000 0.1017
39.0000 0.1022
5.0000 0.1024
7.0000 0.1026
30.0000 0.1028
53.0000 0.1029
34.0000 0.1030
57.0000 0.1031
54.0000 0.1032
2.0000 0.1034
52.0000 0.1039
13.0000 0.1041
9.0000 0.1042
46.0000 0.1042
20.0000 0.1044
45.0000 0.1051
10.0000 0.1053
19.0000 0.1054
28.0000 0.1055
17.0000 0.1059
42.0000 0.1061
50.0000 0.1062
8.0000 0.1065
59.0000 0.1067
37.0000 0.1071
40.0000 0.1071
56.0000 0.1071
26.0000 0.1075
49.0000 0.1077
27.0000 0.1081
14.0000 0.1083
23.0000 0.1086
21.0000 0.1087
1.0000 0.1094
36.0000 0.1098
22.0000 0.1100
51.0000 0.1103
6.0000 0.1104
7.0000 0.1106
31.0000 0.1106
34.0000 0.1109
58.0000 0.1110
30.0000 0.1114
2.0000 0.1115
54.0000 0.1118
25.0000 0.1120
3.0000 0.1121
19.0000 0.1124
20.0000 0.1124
33.0000 0.1128
45.0000 0.1128
18.0000 0.1129
32.0000 0.1130
41.0000 0.1130
10.0000 0.1132
52.0000 0.1132
39.0000 0.1133
57.0000 0.1136
44.0000 0.1137
13.0000 0.1139
4.0000 0.1142
28.0000 0.1144
50.0000 0.1144
46.0000 0.1153
15.0000 0.1155
14.0000 0.1159
42.0000 0.1160
38.0000 0.1164
21.0000 0.1165
53.0000 0.1165
9.0000 0.1171
26.0000 0.1172
56.0000 0.1172
17.0000 0.1173
1.0000 0.1174
23.0000 0.1174
12.0000 0.1175
27.0000 0.1175
48.0000 0.1175
59.0000 0.1177
8.0000 0.1180
35.0000 0.1181
40.0000 0.1181
7.0000 0.1183
16.0000 0.1185
37.0000 0.1187
22.0000 0.1189
34.0000 0.1189
19.0000 0.1193
2.0000 0.1195
55.0000 0.1195
30.0000 0.1197
54.0000 0.1204
49.0000 0.1205
20.0000 0.1206
45.0000 0.1206
6.0000 0.1207
31.0000 0.1210
10.0000 0.1211
51.0000 0.1219
50.0000 0.1223
58.0000 0.1226
14.0000 0.1233
36.0000 0.1233
3.0000 0.1234
28.0000 0.1234
52.0000 0.1234
33.0000 0.1237
13.0000 0.1238
39.0000 0.1240
57.0000 0.1242
41.0000 0.1245
21.0000 0.1247
0.0000 0.1249
18.0000 0.1250
29.0000 0.1252
5.0000 0.1253
1.0000 0.1256
42.0000 0.1257
7.0000 0.1262
19.0000 0.1263
23.0000 0.1265
26.0000 0.1265
34.0000 0.1269
27.0000 0.1271
46.0000 0.1271
2.0000 0.1274
22.0000 0.1277
56.0000 0.1277
44.0000 0.1279
30.0000 0.1280
20.0000 0.1281
54.0000 0.1286
25.0000 0.1287
40.0000 0.1287
45.0000 0.1287
10.0000 0.1288
59.0000 0.1290
8.0000 0.1294
4.0000 0.1295
53.0000 0.1296
15.0000 0.1297
17.0000 0.1299
50.0000 0.1303
6.0000 0.1304
37.0000 0.1304
14.0000 0.1307
31.0000 0.1312
9.0000 0.1313
38.0000 0.1321
12.0000 0.1325
13.0000 0.1330
52.0000 0.1330
28.0000 0.1331
21.0000 0.1334
19.0000 0.1337
1.0000 0.1338
58.0000 0.1338
51.0000 0.1340
7.0000 0.1344
11.0000 0.1345
33.0000 0.1345
49.0000 0.1345
39.0000 0.1346
34.0000 0.1348
3.0000 0.1350
35.0000 0.1353
42.0000 0.1355
2.0000 0.1356
57.0000 0.1356
20.0000 0.1357
18.0000 0.1358
23.0000 0.1358
26.0000 0.1359
41.0000 0.1363
45.0000 0.1364
30.0000 0.1365
32.0000 0.1366
27.0000 0.1367
10.0000 0.1368
36.0000 0.1369
22.0000 0.1371
54.0000 0.1373
46.0000 0.1379
14.0000 0.1382
56.0000 0.1384
50.0000 0.1386
40.0000 0.1393
59.0000 0.1400
6.0000 0.1403
8.0000 0.1404
19.0000 0.1407
16.0000 0.1416
21.0000 0.1418
7.0000 0.1419
48.0000 0.1419
17.0000 0.1421
31.0000 0.1421
13.0000 0.1422
37.0000 0.1422
1.0000 0.1424
55.0000 0.1424
28.0000 0.1426
34.0000 0.1428
53.0000 0.1431
44.0000 0.1432
52.0000 0.1433
2.0000 0.1435
20.0000 0.1437
45.0000 0.1442
15.0000 0.1443
9.0000 0.1444
10.0000 0.1444
30.0000 0.1445
23.0000 0.1446
4.0000 0.1447
39.0000 0.1450
33.0000 0.1451
42.0000 0.1451
26.0000 0.1453
58.0000 0.1453
54.0000 0.1455
14.0000 0.1457
22.0000 0.1458
38.0000 0.1458
27.0000 0.1459
51.0000 0.1459
3.0000 0.1461
57.0000 0.1462
12.0000 0.1465
50.0000 0.1465
49.0000 0.1473
19.0000 0.1474
5.0000 0.1475
18.0000 0.1480
41.0000 0.1481
56.0000 0.1486
36.0000 0.1490
46.0000 0.1496
7.0000 0.1497
21.0000 0.1499
40.0000 0.1502
6.0000 0.1503
34.0000 0.1506
1.0000 0.1508
59.0000 0.1508
25.0000 0.1510
13.0000 0.1514
2.0000 0.1516
29.0000 0.1516
20.0000 0.1517
45.0000 0.1521
28.0000 0.1522
8.0000 0.1523
10.0000 0.1525
31.0000 0.1528
35.0000 0.1530
52.0000 0.1531
30.0000 0.1532
14.0000 0.1534
17.0000 0.1536
37.0000 0.1538
23.0000 0.1540
54.0000 0.1541
50.0000 0.1543
19.0000 0.1545
26.0000 0.1545
42.0000 0.1546
22.0000 0.1550
27.0000 0.1556
33.0000 0.1557
53.0000 0.1557
58.0000 0.1559
39.0000 0.1562
57.0000 0.1565
3.0000 0.1567
7.0000 0.1573
15.0000 0.1579
44.0000 0.1580
51.0000 0.1580
21.0000 0.1581
9.0000 0.1582
34.0000 0.1582
32.0000 0.1583
41.0000 0.1586
1.0000 0.1588
4.0000 0.1588
18.0000 0.1589
56.0000 0.1590
20.0000 0.1593
2.0000 0.1594
45.0000 0.1597
6.0000 0.1600
13.0000 0.1600
46.0000 0.1601
12.0000 0.1603
10.0000 0.1604
40.0000 0.1606
14.0000 0.1607
38.0000 0.1609
59.0000 0.1609
49.0000 0.1610
30.0000 0.1612
28.0000 0.1613
19.0000 0.1614
16.0000 0.1616
36.0000 0.1616
50.0000 0.1622
52.0000 0.1629
54.0000 0.1629
23.0000 0.1630
48.0000 0.1637
22.0000 0.1638
31.0000 0.1638
42.0000 0.1639
55.0000 0.1639
8.0000 0.1641
26.0000 0.1642
17.0000 0.1645
7.0000 0.1650
27.0000 0.1655
34.0000 0.1661
37.0000 0.1661
39.0000 0.1663
21.0000 0.1665
33.0000 0.1666
1.0000 0.1675
2.0000 0.1675
20.0000 0.1675
57.0000 0.1678
58.0000 0.1679
35.0000 0.1680
45.0000 0.1682
10.0000 0.1683
3.0000 0.1684
14.0000 0.1684
5.0000 0.1685
19.0000 0.1686
6.0000 0.1695
13.0000 0.1696
56.0000 0.1696
30.0000 0.1699
41.0000 0.1701
25.0000 0.1702
53.0000 0.1702
50.0000 0.1704
51.0000 0.1706
28.0000 0.1710
54.0000 0.1712
11.0000 0.1713
18.0000 0.1713
40.0000 0.1714
59.0000 0.1715
23.0000 0.1717
46.0000 0.1717
9.0000 0.1724
44.0000 0.1724
7.0000 0.1725
52.0000 0.1725
22.0000 0.1728
15.0000 0.1731
42.0000 0.1732
49.0000 0.1735
26.0000 0.1738
34.0000 0.1741
21.0000 0.1746
31.0000 0.1746
36.0000 0.1746
4.0000 0.1748
12.0000 0.1749
27.0000 0.1749
29.0000 0.1749
1.0000 0.1753
20.0000 0.1754
2.0000 0.1756
19.0000 0.1756
14.0000 0.1758
8.0000 0.1759
17.0000 0.1760
45.0000 0.1760
10.0000 0.1764
39.0000 0.1765
33.0000 0.1772
37.0000 0.1778
30.0000 0.1788
38.0000 0.1790
50.0000 0.1790
13.0000 0.1792
57.0000 0.1792
58.0000 0.1793
6.0000 0.1795
54.0000 0.1798
3.0000 0.1800
7.0000 0.1807
56.0000 0.1812
32.0000 0.1813
28.0000 0.1815
41.0000 0.1815
22.0000 0.1816
23.0000 0.1816
52.0000 0.1820
51.0000 0.1823
53.0000 0.1824
46.0000 0.1825
34.0000 0.1826
59.0000 0.1826
21.0000 0.1827
42.0000 0.1827
18.0000 0.1828
40.0000 0.1828
19.0000 0.1830
16.0000 0.1833
2.0000 0.1834
14.0000 0.1834
20.0000 0.1834
1.0000 0.1836
26.0000 0.1836
45.0000 0.1836
10.0000 0.1843
27.0000 0.1848
35.0000 0.1853
31.0000 0.1857
9.0000 0.1865
0.0000 0.1866
50.0000 0.1868
30.0000 0.1870
55.0000 0.1870
17.0000 0.1871
36.0000 0.1871
39.0000 0.1871
48.0000 0.1871
49.0000 0.1872
8.0000 0.1874
44.0000 0.1874
7.0000 0.1880
15.0000 0.1880
13.0000 0.1881
54.0000 0.1881
33.0000 0.1882
57.0000 0.1890
25.0000 0.1891
4.0000 0.1892
5.0000 0.1893
6.0000 0.1894
37.0000 0.1895
12.0000 0.1897
3.0000 0.1899
19.0000 0.1899
58.0000 0.1901
23.0000 0.1903
34.0000 0.1903
28.0000 0.1904
21.0000 0.1906
22.0000 0.1906
14.0000 0.1909
2.0000 0.1911
20.0000 0.1913
45.0000 0.1913
56.0000 0.1916
1.0000 0.1917
52.0000 0.1918
10.0000 0.1923
42.0000 0.1923
46.0000 0.1929
26.0000 0.1932
59.0000 0.1932
41.0000 0.1933
51.0000 0.1942
40.0000 0.1943
18.0000 0.1948
27.0000 0.1948
50.0000 0.1954
38.0000 0.1955
7.0000 0.1960
30.0000 0.1963
53.0000 0.1966
54.0000 0.1969
19.0000 0.1971
31.0000 0.1972
13.0000 0.1975
34.0000 0.1980
39.0000 0.1983
14.0000 0.1985
2.0000 0.1990
20.0000 0.1992
33.0000 0.1992
45.0000 0.1992
21.0000 0.1994
28.0000 0.1994
22.0000 0.1995
23.0000 0.1995
6.0000 0.1996
57.0000 0.1996
29.0000 0.1997
17.0000 0.1999
