0.0000 0.0001
1.0000 0.0001
2.0000 0.0001
3.0000 0.0001
4.0000 0.0001
5.0000 0.0001
6.0000 0.0001
7.0000 0.0001
8.0000 0.0001
9.0000 0.0001
10.0000 0.0001
11.0000 0.0001
12.0000 0.0001
13.0000 0.0001
14.0000 0.0001
15.0000 0.0001
16.0000 0.0001
17.0000 0.0001
18.0000 0.0001
19.0000 0.0001
20.0000 0.0001
21.0000 0.0001
22.0000 0.0001
23.0000 0.0001
24.0000 0.0001
25.0000 0.0001
26.0000 0.0001
27.0000 0.0001
28.0000 0.0001
29.0000 0.0001
30.0000 0.0001
31.0000 0.0001
32.0000 0.0001
33.0000 0.0001
34.0000 0.0001
35.0000 0.0001
36.0000 0.0001
37.0000 0.0001
38.0000 0.0001
39.0000 0.0001
40.0000 0.0001
41.0000 0.0001
42.0000 0.0001
43.0000 0.0001
44.0000 0.0001
45.0000 0.0001
46.0000 0.0001
47.0000 0.0001
48.0000 0.0001
49.0000 0.0001
50.0000 0.0001
51.0000 0.0001
52.0000 0.0001
53.0000 0.0001
54.0000 0.0001
55.0000 0.0001
56.0000 0.0001
57.0000 0.0001
58.0000 0.0001
59.0000 0.0001
60.0000 0.0001
61.0000 0.0001
62.0000 0.0001
63.0000 0.0001
64.0000 0.0001
65.0000 0.0001
66.0000 0.0001
67.0000 0.0001
68.0000 0.0001
69.0000 0.0001
70.0000 0.0001
71.0000 0.0001
72.0000 0.0001
73.0000 0.0001
74.0000 0.0001
75.0000 0.0001
76.0000 0.0001
77.0000 0.0001
78.0000 0.0001
79.0000 0.0001
80.0000 0.0001
81.0000 0.0001
82.0000 0.0001
83.0000 0.0001
84.0000 0.0001
85.0000 0.0001
86.0000 0.0001
87.0000 0.0001
88.0000 0.0001
89.0000 0.0001
90.0000 0.0001
91.0000 0.0001
92.0000 0.0001
93.0000 0.0001
94.0000 0.0001
95.0000 0.0001
96.0000 0.0001
97.0000 0.0001
98.0000 0.0001
99.0000 0.0001
100.0000 0.0001
101.0000 0.0001
102.0000 0.0001
103.0000 0.0001
104.0000 0.0001
105.0000 0.0001
106.0000 0.0001
107.0000 0.0001
108.0000 0.0001
109.0000 0.0001
110.0000 0.0001
111.0000 0.0001
112.0000 0.0001
113.0000 0.0001
114.0000 0.0001
115.0000 0.0001
116.0000 0.0001
117.0000 0.0001
118.0000 0.0001
119.0000 0.0001
120.0000 0.0001
121.0000 0.0001
122.0000 0.0001
123.0000 0.0001
124.0000 0.0001
125.0000 0.0001
126.0000 0.0001
127.0000 0.0001
128.0000 0.0001
129.0000 0.0001
130.0000 0.0001
131.0000 0.0001
132.0000 0.0001
133.0000 0.0001
134.0000 0.0001
135.0000 0.0001
136.0000 0.0001
137.0000 0.0001
138.0000 0.0001
139.0000 0.0001
140.0000 0.0001
141.0000 0.0001
142.0000 0.0001
143.0000 0.0001
144.0000 0.0001
145.0000 0.0001
146.0000 0.0001
147.0000 0.0001
148.0000 0.0001
149.0000 0.0001
214.0000 0.0039
221.0000 0.0041
151.0000 0.0044
175.0000 0.0044
152.0000 0.0046
160.0000 0.0046
186.0000 0.0046
196.0000 0.0049
229.0000 0.0051
203.0000 0.0052
178.0000 0.0057
206.0000 0.0059
218.0000 0.0059
187.0000 0.0062
184.0000 0.0063
238.0000 0.0063
195.0000 0.0067
174.0000 0.0068
183.0000 0.0068
185.0000 0.0068
191.0000 0.0069
190.0000 0.0072
163.0000 0.0073
167.0000 0.0073
170.0000 0.0073
182.0000 0.0074
211.0000 0.0077
223.0000 0.0077
231.0000 0.0078
166.0000 0.0079
173.0000 0.0081
179.0000 0.0096
158.0000 0.0098
78.0000 0.0113
209.0000 0.0116
169.0000 0.0134
87.0000 0.0152
129.0000 0.0156
59.0000 0.0160
168.0000 0.0161
34.0000 0.0169
145.0000 0.0177
212.0000 0.0182
155.0000 0.0183
121.0000 0.0191
46.0000 0.0202
6.0000 0.0216
