0.0000 0.0000
1.0000 0.0000
2.0000 0.0000
3.0000 0.0000
4.0000 0.0000
5.0000 0.0000
6.0000 0.0000
7.0000 0.0000
8.0000 0.0000
9.0000 0.0000
10.0000 0.0000
11.0000 0.0000
12.0000 0.0000
13.0000 0.0000
14.0000 0.0000
15.0000 0.0000
16.0000 0.0000
17.0000 0.0000
18.0000 0.0000
19.0000 0.0000
20.0000 0.0000
21.0000 0.0000
22.0000 0.0000
23.0000 0.0000
24.0000 0.0000
25.0000 0.0000
26.0000 0.0000
27.0000 0.0000
28.0000 0.0000
29.0000 0.0000
30.0000 0.0000
31.0000 0.0000
32.0000 0.0000
33.0000 0.0000
34.0000 0.0000
35.0000 0.0000
36.0000 0.0000
37.0000 0.0000
38.0000 0.0000
39.0000 0.0000
40.0000 0.0000
41.0000 0.0000
42.0000 0.0000
43.0000 0.0000
44.0000 0.0000
45.0000 0.0000
46.0000 0.0000
47.0000 0.0000
48.0000 0.0000
49.0000 0.0000
50.0000 0.0000
51.0000 0.0000
52.0000 0.0000
53.0000 0.0000
54.0000 0.0000
55.0000 0.0000
56.0000 0.0000
57.0000 0.0000
58.0000 0.0000
59.0000 0.0000
60.0000 0.0000
61.0000 0.0000
62.0000 0.0000
63.0000 0.0000
64.0000 0.0000
65.0000 0.0000
66.0000 0.0000
67.0000 0.0000
68.0000 0.0000
69.0000 0.0000
70.0000 0.0000
71.0000 0.0000
72.0000 0.0000
73.0000 0.0000
74.0000 0.0000
75.0000 0.0000
76.0000 0.0000
77.0000 0.0000
78.0000 0.0000
79.0000 0.0000
80.0000 0.0000
81.0000 0.0000
82.0000 0.0000
83.0000 0.0000
84.0000 0.0000
85.0000 0.0000
86.0000 0.0000
87.0000 0.0000
88.0000 0.0000
89.0000 0.0000
90.0000 0.0000
91.0000 0.0000
92.0000 0.0000
93.0000 0.0000
94.0000 0.0000
95.0000 0.0000
96.0000 0.0000
97.0000 0.0000
98.0000 0.0000
99.0000 0.0000
100.0000 0.0000
101.0000 0.0000
102.0000 0.0000
103.0000 0.0000
104.0000 0.0000
105.0000 0.0000
106.0000 0.0000
107.0000 0.0000
108.0000 0.0000
109.0000 0.0000
110.0000 0.0000
111.0000 0.0000
112.0000 0.0000
113.0000 0.0000
114.0000 0.0000
115.0000 0.0000
116.0000 0.0000
117.0000 0.0000
118.0000 0.0000
119.0000 0.0000
120.0000 0.0000
121.0000 0.0000
122.0000 0.0000
123.0000 0.0000
124.0000 0.0000
125.0000 0.0000
126.0000 0.0000
127.0000 0.0000
128.0000 0.0000
129.0000 0.0000
130.0000 0.0000
131.0000 0.0000
132.0000 0.0000
133.0000 0.0000
134.0000 0.0000
135.0000 0.0000
136.0000 0.0000
137.0000 0.0000
138.0000 0.0000
139.0000 0.0000
140.0000 0.0000
141.0000 0.0000
142.0000 0.0000
143.0000 0.0000
144.0000 0.0000
145.0000 0.0000
146.0000 0.0000
147.0000 0.0000
148.0000 0.0000
149.0000 0.0000
151.0000 0.0037
200.0000 0.0047
206.0000 0.0047
228.0000 0.0051
158.0000 0.0052
173.0000 0.0052
176.0000 0.0053
189.0000 0.0053
208.0000 0.0053
163.0000 0.0054
179.0000 0.0054
185.0000 0.0054
187.0000 0.0054
207.0000 0.0056
164.0000 0.0057
162.0000 0.0058
166.0000 0.0058
191.0000 0.0058
221.0000 0.0058
165.0000 0.0059
174.0000 0.0059
188.0000 0.0061
209.0000 0.0061
198.0000 0.0062
210.0000 0.0062
159.0000 0.0063
175.0000 0.0063
218.0000 0.0063
172.0000 0.0064
178.0000 0.0065
193.0000 0.0065
237.0000 0.0065
168.0000 0.0066
190.0000 0.0066
235.0000 0.0066
239.0000 0.0066
197.0000 0.0067
169.0000 0.0069
212.0000 0.0069
161.0000 0.0070
232.0000 0.0070
229.0000 0.0071
231.0000 0.0071
153.0000 0.0072
215.0000 0.0072
155.0000 0.0073
180.0000 0.0075
182.0000 0.0075
152.0000 0.0077
225.0000 0.0077
227.0000 0.0077
226.0000 0.0084
157.0000 0.0087
217.0000 0.0087
171.0000 0.0091
199.0000 0.0091
82.0000 0.0095
223.0000 0.0095
204.0000 0.0098
102.0000 0.0100
203.0000 0.0101
133.0000 0.0108
154.0000 0.0108
18.0000 0.0109
224.0000 0.0113
220.0000 0.0114
214.0000 0.0116
22.0000 0.0120
26.0000 0.0122
42.0000 0.0122
213.0000 0.0123
28.0000 0.0124
36.0000 0.0124
48.0000 0.0125
98.0000 0.0125
80.0000 0.0126
24.0000 0.0133
33.0000 0.0133
63.0000 0.0135
139.0000 0.0138
137.0000 0.0139
192.0000 0.0139
127.0000 0.0140
71.0000 0.0141
138.0000 0.0141
66.0000 0.0143
156.0000 0.0143
106.0000 0.0144
195.0000 0.0144
87.0000 0.0146
90.0000 0.0146
151.0000 0.0146
13.0000 0.0149
79.0000 0.0149
111.0000 0.0151
186.0000 0.0151
39.0000 0.0152
126.0000 0.0153
216.0000 0.0153
145.0000 0.0154
73.0000 0.0155
4.0000 0.0156
113.0000 0.0159
228.0000 0.0159
77.0000 0.0162
114.0000 0.0163
84.0000 0.0165
110.0000 0.0165
132.0000 0.0168
121.0000 0.0169
78.0000 0.0171
116.0000 0.0172
88.0000 0.0173
89.0000 0.0173
130.0000 0.0173
59.0000 0.0174
128.0000 0.0174
16.0000 0.0175
72.0000 0.0175
123.0000 0.0175
233.0000 0.0177
29.0000 0.0178
93.0000 0.0178
94.0000 0.0178
38.0000 0.0180
107.0000 0.0180
202.0000 0.0182
10.0000 0.0183
65.0000 0.0184
200.0000 0.0184
14.0000 0.0186
2.0000 0.0187
32.0000 0.0189
34.0000 0.0189
187.0000 0.0192
188.0000 0.0192
23.0000 0.0196
160.0000 0.0196
112.0000 0.0197
167.0000 0.0197
159.0000 0.0198
8.0000 0.0199
183.0000 0.0199
209.0000 0.0200
97.0000 0.0201
40.0000 0.0202
11.0000 0.0203
76.0000 0.0203
158.0000 0.0203
208.0000 0.0203
35.0000 0.0204
146.0000 0.0205
95.0000 0.0206
166.0000 0.0207
185.0000 0.0207
103.0000 0.0208
219.0000 0.0208
7.0000 0.0210
108.0000 0.0211
196.0000 0.0211
124.0000 0.0213
176.0000 0.0213
191.0000 0.0213
68.0000 0.0214
49.0000 0.0215
50.0000 0.0215
143.0000 0.0215
6.0000 0.0216
82.0000 0.0216
238.0000 0.0216
193.0000 0.0217
53.0000 0.0219
234.0000 0.0219
17.0000 0.0220
134.0000 0.0220
102.0000 0.0222
211.0000 0.0222
41.0000 0.0223
115.0000 0.0223
31.0000 0.0224
162.0000 0.0225
163.0000 0.0225
119.0000 0.0226
206.0000 0.0226
12.0000 0.0227
18.0000 0.0227
37.0000 0.0227
122.0000 0.0228
197.0000 0.0228
70.0000 0.0229
181.0000 0.0229
81.0000 0.0230
101.0000 0.0230
0.0000 0.0231
52.0000 0.0231
177.0000 0.0231
194.0000 0.0231
149.0000 0.0232
20.0000 0.0233
25.0000 0.0233
28.0000 0.0233
22.0000 0.0234
165.0000 0.0234
42.0000 0.0235
226.0000 0.0235
30.0000 0.0236
133.0000 0.0236
174.0000 0.0236
180.0000 0.0236
170.0000 0.0238
140.0000 0.0239
201.0000 0.0239
221.0000 0.0239
189.0000 0.0240
15.0000 0.0241
222.0000 0.0241
85.0000 0.0242
168.0000 0.0243
91.0000 0.0244
120.0000 0.0246
155.0000 0.0246
229.0000 0.0246
80.0000 0.0247
86.0000 0.0247
164.0000 0.0247
207.0000 0.0247
161.0000 0.0248
182.0000 0.0248
138.0000 0.0249
74.0000 0.0250
203.0000 0.0250
232.0000 0.0250
24.0000 0.0252
63.0000 0.0252
58.0000 0.0253
231.0000 0.0253
64.0000 0.0254
98.0000 0.0255
151.0000 0.0255
190.0000 0.0256
172.0000 0.0257
217.0000 0.0257
225.0000 0.0257
13.0000 0.0258
227.0000 0.0258
47.0000 0.0260
48.0000 0.0260
136.0000 0.0261
218.0000 0.0261
235.0000 0.0261
36.0000 0.0262
137.0000 0.0262
224.0000 0.0263
57.0000 0.0264
228.0000 0.0264
139.0000 0.0265
212.0000 0.0265
4.0000 0.0269
33.0000 0.0271
153.0000 0.0274
113.0000 0.0275
127.0000 0.0275
126.0000 0.0277
239.0000 0.0277
131.0000 0.0278
145.0000 0.0278
71.0000 0.0279
114.0000 0.0279
75.0000 0.0280
79.0000 0.0280
78.0000 0.0282
90.0000 0.0283
178.0000 0.0283
188.0000 0.0283
199.0000 0.0283
100.0000 0.0284
59.0000 0.0285
26.0000 0.0286
220.0000 0.0287
157.0000 0.0288
198.0000 0.0288
45.0000 0.0289
77.0000 0.0289
144.0000 0.0289
73.0000 0.0290
200.0000 0.0290
116.0000 0.0291
89.0000 0.0293
110.0000 0.0294
66.0000 0.0295
111.0000 0.0295
173.0000 0.0296
187.0000 0.0296
87.0000 0.0297
130.0000 0.0297
84.0000 0.0298
94.0000 0.0298
96.0000 0.0298
123.0000 0.0299
169.0000 0.0303
38.0000 0.0304
39.0000 0.0305
88.0000 0.0305
154.0000 0.0306
62.0000 0.0307
93.0000 0.0307
159.0000 0.0307
216.0000 0.0308
132.0000 0.0310
185.0000 0.0311
72.0000 0.0313
32.0000 0.0314
107.0000 0.0314
191.0000 0.0314
102.0000 0.0315
128.0000 0.0315
214.0000 0.0316
158.0000 0.0318
121.0000 0.0321
16.0000 0.0322
82.0000 0.0322
28.0000 0.0323
55.0000 0.0323
18.0000 0.0324
176.0000 0.0325
209.0000 0.0325
54.0000 0.0327
193.0000 0.0327
10.0000 0.0328
171.0000 0.0328
29.0000 0.0329
42.0000 0.0332
22.0000 0.0333
192.0000 0.0334
166.0000 0.0335
215.0000 0.0335
2.0000 0.0337
208.0000 0.0339
226.0000 0.0339
230.0000 0.0339
103.0000 0.0340
156.0000 0.0340
14.0000 0.0341
106.0000 0.0341
61.0000 0.0343
146.0000 0.0343
65.0000 0.0344
118.0000 0.0344
151.0000 0.0346
179.0000 0.0346
205.0000 0.0346
138.0000 0.0347
23.0000 0.0348
180.0000 0.0348
162.0000 0.0349
195.0000 0.0350
8.0000 0.0351
63.0000 0.0351
228.0000 0.0351
133.0000 0.0353
70.0000 0.0355
210.0000 0.0355
35.0000 0.0356
108.0000 0.0358
24.0000 0.0359
76.0000 0.0359
197.0000 0.0359
163.0000 0.0360
34.0000 0.0361
97.0000 0.0363
80.0000 0.0366
92.0000 0.0367
204.0000 0.0368
174.0000 0.0369
229.0000 0.0370
206.0000 0.0372
4.0000 0.0374
13.0000 0.0374
95.0000 0.0375
137.0000 0.0376
143.0000 0.0376
155.0000 0.0376
31.0000 0.0379
141.0000 0.0380
213.0000 0.0380
237.0000 0.0380
98.0000 0.0381
165.0000 0.0383
188.0000 0.0383
203.0000 0.0383
11.0000 0.0384
196.0000 0.0384
17.0000 0.0385
189.0000 0.0385
114.0000 0.0386
122.0000 0.0387
231.0000 0.0387
7.0000 0.0390
33.0000 0.0392
186.0000 0.0392
232.0000 0.0392
224.0000 0.0394
81.0000 0.0395
40.0000 0.0396
164.0000 0.0396
217.0000 0.0399
182.0000 0.0400
218.0000 0.0400
59.0000 0.0401
68.0000 0.0401
53.0000 0.0402
145.0000 0.0402
124.0000 0.0403
149.0000 0.0403
223.0000 0.0403
127.0000 0.0404
168.0000 0.0404
49.0000 0.0405
126.0000 0.0405
200.0000 0.0405
161.0000 0.0406
30.0000 0.0407
134.0000 0.0408
139.0000 0.0408
36.0000 0.0409
221.0000 0.0410
102.0000 0.0412
207.0000 0.0412
0.0000 0.0415
48.0000 0.0416
50.0000 0.0416
113.0000 0.0416
202.0000 0.0417
28.0000 0.0418
159.0000 0.0418
190.0000 0.0418
120.0000 0.0419
71.0000 0.0420
89.0000 0.0420
212.0000 0.0420
78.0000 0.0421
187.0000 0.0422
77.0000 0.0423
90.0000 0.0423
233.0000 0.0423
123.0000 0.0424
110.0000 0.0425
130.0000 0.0425
12.0000 0.0426
25.0000 0.0426
172.0000 0.0426
18.0000 0.0427
6.0000 0.0428
22.0000 0.0428
82.0000 0.0428
225.0000 0.0430
147.0000 0.0431
227.0000 0.0431
79.0000 0.0432
88.0000 0.0432
101.0000 0.0434
26.0000 0.0435
132.0000 0.0435
42.0000 0.0436
116.0000 0.0436
119.0000 0.0436
176.0000 0.0436
87.0000 0.0437
140.0000 0.0437
73.0000 0.0438
235.0000 0.0438
160.0000 0.0439
167.0000 0.0439
219.0000 0.0439
85.0000 0.0440
191.0000 0.0440
239.0000 0.0442
43.0000 0.0443
94.0000 0.0443
185.0000 0.0443
37.0000 0.0445
151.0000 0.0445
220.0000 0.0447
111.0000 0.0448
158.0000 0.0448
193.0000 0.0448
209.0000 0.0448
228.0000 0.0448
84.0000 0.0449
183.0000 0.0449
9.0000 0.0451
64.0000 0.0452
66.0000 0.0452
20.0000 0.0453
39.0000 0.0453
138.0000 0.0453
166.0000 0.0454
52.0000 0.0455
178.0000 0.0455
194.0000 0.0455
226.0000 0.0455
162.0000 0.0456
180.0000 0.0458
32.0000 0.0459
91.0000 0.0459
199.0000 0.0459
72.0000 0.0460
216.0000 0.0460
93.0000 0.0461
29.0000 0.0462
63.0000 0.0462
107.0000 0.0462
131.0000 0.0463
16.0000 0.0464
3.0000 0.0465
15.0000 0.0465
153.0000 0.0465
208.0000 0.0465
24.0000 0.0466
58.0000 0.0466
103.0000 0.0466
128.0000 0.0466
38.0000 0.0467
112.0000 0.0467
136.0000 0.0467
133.0000 0.0469
211.0000 0.0469
4.0000 0.0470
41.0000 0.0470
45.0000 0.0470
70.0000 0.0471
115.0000 0.0472
74.0000 0.0473
197.0000 0.0473
80.0000 0.0474
154.0000 0.0474
188.0000 0.0475
2.0000 0.0476
75.0000 0.0476
10.0000 0.0478
14.0000 0.0478
163.0000 0.0478
198.0000 0.0478
173.0000 0.0480
47.0000 0.0481
121.0000 0.0481
174.0000 0.0482
129.0000 0.0484
137.0000 0.0486
214.0000 0.0486
13.0000 0.0487
108.0000 0.0487
155.0000 0.0488
146.0000 0.0491
229.0000 0.0491
8.0000 0.0492
98.0000 0.0492
114.0000 0.0492
102.0000 0.0495
23.0000 0.0497
59.0000 0.0497
76.0000 0.0497
35.0000 0.0499
203.0000 0.0500
164.0000 0.0502
109.0000 0.0504
189.0000 0.0504
206.0000 0.0504
165.0000 0.0507
28.0000 0.0509
97.0000 0.0510
157.0000 0.0519
33.0000 0.0520
217.0000 0.0520
231.0000 0.0520
232.0000 0.0520
200.0000 0.0521
18.0000 0.0522
22.0000 0.0522
187.0000 0.0523
65.0000 0.0524
106.0000 0.0525
31.0000 0.0526
42.0000 0.0526
82.0000 0.0526
192.0000 0.0527
113.0000 0.0528
224.0000 0.0528
126.0000 0.0529
145.0000 0.0529
127.0000 0.0530
159.0000 0.0530
168.0000 0.0530
95.0000 0.0531
53.0000 0.0532
57.0000 0.0534
143.0000 0.0534
110.0000 0.0538
181.0000 0.0538
123.0000 0.0539
130.0000 0.0539
218.0000 0.0539
228.0000 0.0539
238.0000 0.0539
36.0000 0.0540
104.0000 0.0540
139.0000 0.0540
151.0000 0.0540
156.0000 0.0541
100.0000 0.0542
176.0000 0.0542
48.0000 0.0544
78.0000 0.0544
149.0000 0.0544
49.0000 0.0545
71.0000 0.0545
77.0000 0.0550
90.0000 0.0551
161.0000 0.0552
169.0000 0.0552
182.0000 0.0552
81.0000 0.0553
207.0000 0.0555
138.0000 0.0558
7.0000 0.0560
34.0000 0.0560
201.0000 0.0560
79.0000 0.0561
94.0000 0.0561
144.0000 0.0561
193.0000 0.0561
87.0000 0.0562
132.0000 0.0562
190.0000 0.0563
68.0000 0.0564
185.0000 0.0564
191.0000 0.0564
209.0000 0.0564
124.0000 0.0565
88.0000 0.0566
158.0000 0.0566
188.0000 0.0566
133.0000 0.0568
73.0000 0.0569
221.0000 0.0570
226.0000 0.0570
166.0000 0.0571
225.0000 0.0571
234.0000 0.0572
50.0000 0.0573
120.0000 0.0573
162.0000 0.0573
17.0000 0.0574
24.0000 0.0574
63.0000 0.0574
40.0000 0.0575
80.0000 0.0576
89.0000 0.0576
180.0000 0.0577
172.0000 0.0578
26.0000 0.0579
84.0000 0.0579
171.0000 0.0579
4.0000 0.0583
197.0000 0.0583
116.0000 0.0584
122.0000 0.0586
30.0000 0.0587
11.0000 0.0589
29.0000 0.0589
102.0000 0.0589
222.0000 0.0589
196.0000 0.0590
16.0000 0.0592
111.0000 0.0592
25.0000 0.0594
195.0000 0.0594
66.0000 0.0595
137.0000 0.0595
215.0000 0.0595
13.0000 0.0597
28.0000 0.0598
70.0000 0.0598
208.0000 0.0598
93.0000 0.0599
107.0000 0.0599
134.0000 0.0599
103.0000 0.0600
72.0000 0.0601
212.0000 0.0601
39.0000 0.0602
114.0000 0.0603
186.0000 0.0603
179.0000 0.0604
56.0000 0.0607
32.0000 0.0608
0.0000 0.0609
38.0000 0.0609
98.0000 0.0609
119.0000 0.0611
227.0000 0.0612
229.0000 0.0613
22.0000 0.0614
59.0000 0.0614
177.0000 0.0614
200.0000 0.0614
12.0000 0.0615
220.0000 0.0615
187.0000 0.0616
216.0000 0.0616
6.0000 0.0617
19.0000 0.0617
118.0000 0.0618
155.0000 0.0618
163.0000 0.0620
42.0000 0.0621
82.0000 0.0621
235.0000 0.0621
18.0000 0.0622
86.0000 0.0622
204.0000 0.0622
128.0000 0.0623
2.0000 0.0625
146.0000 0.0625
174.0000 0.0625
151.0000 0.0629
203.0000 0.0629
228.0000 0.0629
8.0000 0.0632
14.0000 0.0632
239.0000 0.0632
33.0000 0.0633
159.0000 0.0633
108.0000 0.0634
91.0000 0.0638
224.0000 0.0638
101.0000 0.0639
199.0000 0.0639
178.0000 0.0640
189.0000 0.0640
113.0000 0.0643
164.0000 0.0643
121.0000 0.0645
219.0000 0.0645
214.0000 0.0647
58.0000 0.0648
176.0000 0.0649
206.0000 0.0649
10.0000 0.0650
154.0000 0.0650
232.0000 0.0651
55.0000 0.0653
78.0000 0.0654
217.0000 0.0654
127.0000 0.0655
153.0000 0.0655
85.0000 0.0656
110.0000 0.0656
145.0000 0.0656
233.0000 0.0656
231.0000 0.0657
126.0000 0.0658
131.0000 0.0658
173.0000 0.0658
97.0000 0.0659
123.0000 0.0659
165.0000 0.0659
188.0000 0.0659
64.0000 0.0660
76.0000 0.0660
37.0000 0.0661
130.0000 0.0661
138.0000 0.0661
202.0000 0.0661
23.0000 0.0663
35.0000 0.0663
74.0000 0.0664
71.0000 0.0665
160.0000 0.0665
36.0000 0.0668
24.0000 0.0669
139.0000 0.0669
140.0000 0.0670
77.0000 0.0673
1.0000 0.0676
191.0000 0.0676
20.0000 0.0677
94.0000 0.0678
96.0000 0.0678
168.0000 0.0678
185.0000 0.0678
52.0000 0.0680
90.0000 0.0680
193.0000 0.0680
209.0000 0.0680
226.0000 0.0681
63.0000 0.0682
102.0000 0.0683
198.0000 0.0683
4.0000 0.0684
15.0000 0.0684
180.0000 0.0684
106.0000 0.0685
158.0000 0.0685
162.0000 0.0685
133.0000 0.0686
88.0000 0.0687
79.0000 0.0688
92.0000 0.0688
183.0000 0.0688
28.0000 0.0689
31.0000 0.0691
95.0000 0.0691
223.0000 0.0691
80.0000 0.0692
87.0000 0.0692
89.0000 0.0692
218.0000 0.0692
48.0000 0.0693
73.0000 0.0693
166.0000 0.0694
132.0000 0.0695
161.0000 0.0695
53.0000 0.0696
114.0000 0.0697
115.0000 0.0697
61.0000 0.0698
197.0000 0.0698
213.0000 0.0699
65.0000 0.0700
207.0000 0.0701
221.0000 0.0701
157.0000 0.0702
54.0000 0.0703
182.0000 0.0704
194.0000 0.0704
137.0000 0.0706
81.0000 0.0707
205.0000 0.0707
210.0000 0.0707
143.0000 0.0708
13.0000 0.0709
116.0000 0.0709
237.0000 0.0709
149.0000 0.0710
75.0000 0.0711
192.0000 0.0711
225.0000 0.0711
22.0000 0.0712
112.0000 0.0713
120.0000 0.0713
200.0000 0.0713
136.0000 0.0714
18.0000 0.0715
70.0000 0.0715
84.0000 0.0715
107.0000 0.0715
151.0000 0.0715
190.0000 0.0715
228.0000 0.0715
167.0000 0.0717
187.0000 0.0717
208.0000 0.0717
26.0000 0.0718
230.0000 0.0718
42.0000 0.0720
47.0000 0.0720
59.0000 0.0720
82.0000 0.0720
93.0000 0.0721
66.0000 0.0722
41.0000 0.0723
30.0000 0.0724
38.0000 0.0724
98.0000 0.0724
17.0000 0.0725
49.0000 0.0725
29.0000 0.0727
34.0000 0.0727
68.0000 0.0727
16.0000 0.0728
7.0000 0.0729
103.0000 0.0729
32.0000 0.0730
62.0000 0.0730
124.0000 0.0730
155.0000 0.0732
159.0000 0.0732
72.0000 0.0733
111.0000 0.0733
156.0000 0.0733
39.0000 0.0734
172.0000 0.0734
211.0000 0.0735
229.0000 0.0738
174.0000 0.0739
203.0000 0.0739
141.0000 0.0741
45.0000 0.0742
146.0000 0.0742
50.0000 0.0743
122.0000 0.0743
212.0000 0.0743
40.0000 0.0744
163.0000 0.0744
188.0000 0.0744
169.0000 0.0745
14.0000 0.0750
128.0000 0.0750
171.0000 0.0750
176.0000 0.0750
216.0000 0.0753
33.0000 0.0754
113.0000 0.0755
134.0000 0.0757
2.0000 0.0759
138.0000 0.0759
189.0000 0.0759
67.0000 0.0760
196.0000 0.0760
11.0000 0.0761
25.0000 0.0763
127.0000 0.0763
123.0000 0.0764
220.0000 0.0764
110.0000 0.0766
102.0000 0.0767
8.0000 0.0768
28.0000 0.0768
224.0000 0.0769
57.0000 0.0770
78.0000 0.0770
119.0000 0.0771
24.0000 0.0772
145.0000 0.0772
36.0000 0.0773
231.0000 0.0773
4.0000 0.0775
100.0000 0.0775
235.0000 0.0775
232.0000 0.0776
108.0000 0.0777
126.0000 0.0778
178.0000 0.0778
195.0000 0.0778
239.0000 0.0778
77.0000 0.0779
206.0000 0.0780
217.0000 0.0780
180.0000 0.0781
12.0000 0.0782
63.0000 0.0783
185.0000 0.0783
227.0000 0.0783
0.0000 0.0784
130.0000 0.0784
139.0000 0.0784
164.0000 0.0784
6.0000 0.0785
80.0000 0.0785
165.0000 0.0785
199.0000 0.0785
121.0000 0.0787
154.0000 0.0787
71.0000 0.0788
158.0000 0.0789
226.0000 0.0789
162.0000 0.0790
168.0000 0.0790
181.0000 0.0790
97.0000 0.0791
133.0000 0.0791
191.0000 0.0791
10.0000 0.0792
91.0000 0.0792
43.0000 0.0793
114.0000 0.0793
193.0000 0.0793
209.0000 0.0793
76.0000 0.0794
94.0000 0.0794
85.0000 0.0796
87.0000 0.0797
88.0000 0.0798
214.0000 0.0798
228.0000 0.0800
90.0000 0.0801
238.0000 0.0801
101.0000 0.0802
89.0000 0.0803
22.0000 0.0804
151.0000 0.0804
200.0000 0.0805
35.0000 0.0806
236.0000 0.0806
23.0000 0.0807
144.0000 0.0807
197.0000 0.0807
18.0000 0.0808
42.0000 0.0808
48.0000 0.0809
186.0000 0.0809
132.0000 0.0810
137.0000 0.0810
187.0000 0.0810
166.0000 0.0811
218.0000 0.0811
79.0000 0.0813
82.0000 0.0814
147.0000 0.0814
153.0000 0.0815
13.0000 0.0817
64.0000 0.0821
116.0000 0.0823
73.0000 0.0825
159.0000 0.0825
208.0000 0.0825
215.0000 0.0826
59.0000 0.0827
107.0000 0.0829
161.0000 0.0829
173.0000 0.0829
98.0000 0.0830
53.0000 0.0831
58.0000 0.0832
182.0000 0.0832
190.0000 0.0832
31.0000 0.0833
86.0000 0.0833
221.0000 0.0833
106.0000 0.0835
84.0000 0.0836
95.0000 0.0836
202.0000 0.0836
93.0000 0.0837
140.0000 0.0838
188.0000 0.0838
70.0000 0.0840
207.0000 0.0843
225.0000 0.0843
52.0000 0.0844
176.0000 0.0844
29.0000 0.0846
32.0000 0.0848
26.0000 0.0849
219.0000 0.0849
16.0000 0.0850
66.0000 0.0850
155.0000 0.0851
65.0000 0.0852
38.0000 0.0853
229.0000 0.0853
234.0000 0.0853
102.0000 0.0854
28.0000 0.0855
72.0000 0.0856
131.0000 0.0858
138.0000 0.0858
198.0000 0.0858
103.0000 0.0859
160.0000 0.0860
39.0000 0.0861
74.0000 0.0863
149.0000 0.0863
120.0000 0.0865
203.0000 0.0868
233.0000 0.0869
24.0000 0.0870
143.0000 0.0870
30.0000 0.0871
68.0000 0.0872
111.0000 0.0872
192.0000 0.0872
204.0000 0.0874
81.0000 0.0877
123.0000 0.0880
14.0000 0.0882
37.0000 0.0883
113.0000 0.0884
124.0000 0.0885
163.0000 0.0885
174.0000 0.0885
4.0000 0.0886
63.0000 0.0886
33.0000 0.0887
110.0000 0.0887
127.0000 0.0888
172.0000 0.0888
226.0000 0.0889
17.0000 0.0890
228.0000 0.0890
34.0000 0.0891
80.0000 0.0891
15.0000 0.0892
20.0000 0.0895
185.0000 0.0895
7.0000 0.0896
128.0000 0.0896
151.0000 0.0896
78.0000 0.0897
146.0000 0.0897
180.0000 0.0898
193.0000 0.0898
49.0000 0.0899
145.0000 0.0899
224.0000 0.0900
133.0000 0.0904
22.0000 0.0905
36.0000 0.0905
206.0000 0.0905
8.0000 0.0906
201.0000 0.0906
114.0000 0.0907
209.0000 0.0907
157.0000 0.0908
189.0000 0.0908
18.0000 0.0909
232.0000 0.0909
126.0000 0.0910
212.0000 0.0910
42.0000 0.0912
108.0000 0.0912
158.0000 0.0912
162.0000 0.0912
130.0000 0.0913
179.0000 0.0913
77.0000 0.0914
82.0000 0.0914
2.0000 0.0915
55.0000 0.0915
50.0000 0.0916
118.0000 0.0916
217.0000 0.0916
71.0000 0.0917
231.0000 0.0917
187.0000 0.0918
137.0000 0.0919
13.0000 0.0920
183.0000 0.0920
191.0000 0.0920
122.0000 0.0922
94.0000 0.0923
216.0000 0.0923
9.0000 0.0924
40.0000 0.0925
88.0000 0.0925
200.0000 0.0925
75.0000 0.0926
164.0000 0.0926
90.0000 0.0928
197.0000 0.0928
25.0000 0.0929
87.0000 0.0930
188.0000 0.0930
139.0000 0.0931
115.0000 0.0932
121.0000 0.0932
156.0000 0.0932
89.0000 0.0933
166.0000 0.0933
79.0000 0.0934
132.0000 0.0935
168.0000 0.0935
59.0000 0.0936
119.0000 0.0936
165.0000 0.0936
159.0000 0.0937
184.0000 0.0937
220.0000 0.0938
167.0000 0.0939
97.0000 0.0942
102.0000 0.0944
76.0000 0.0945
129.0000 0.0945
98.0000 0.0946
28.0000 0.0947
134.0000 0.0947
48.0000 0.0948
178.0000 0.0948
199.0000 0.0949
227.0000 0.0949
138.0000 0.0950
154.0000 0.0950
169.0000 0.0950
194.0000 0.0950
3.0000 0.0951
41.0000 0.0951
73.0000 0.0951
235.0000 0.0951
136.0000 0.0952
208.0000 0.0952
107.0000 0.0953
112.0000 0.0953
161.0000 0.0953
176.0000 0.0954
85.0000 0.0955
177.0000 0.0956
6.0000 0.0960
195.0000 0.0961
104.0000 0.0962
11.0000 0.0963
223.0000 0.0963
0.0000 0.0964
116.0000 0.0965
196.0000 0.0965
26.0000 0.0966
171.0000 0.0966
84.0000 0.0967
91.0000 0.0967
29.0000 0.0968
155.0000 0.0968
24.0000 0.0969
70.0000 0.0969
190.0000 0.0969
239.0000 0.0969
16.0000 0.0970
23.0000 0.0970
35.0000 0.0970
53.0000 0.0970
93.0000 0.0970
214.0000 0.0971
10.0000 0.0972
12.0000 0.0972
207.0000 0.0972
38.0000 0.0973
153.0000 0.0977
218.0000 0.0978
228.0000 0.0978
203.0000 0.0980
221.0000 0.0981
213.0000 0.0982
31.0000 0.0984
63.0000 0.0984
72.0000 0.0984
103.0000 0.0984
229.0000 0.0984
151.0000 0.0985
225.0000 0.0985
4.0000 0.0987
47.0000 0.0987
32.0000 0.0989
64.0000 0.0990
123.0000 0.0991
22.0000 0.0993
61.0000 0.0993
80.0000 0.0993
211.0000 0.0993
226.0000 0.0993
101.0000 0.0995
66.0000 0.0996
113.0000 0.0997
39.0000 0.0998
18.0000 0.0999
182.0000 0.0999
193.0000 0.0999
14.0000 0.1000
42.0000 0.1000
180.0000 0.1000
45.0000 0.1001
92.0000 0.1001
110.0000 0.1003
120.0000 0.1003
78.0000 0.1004
127.0000 0.1004
95.0000 0.1005
222.0000 0.1006
58.0000 0.1007
163.0000 0.1007
96.0000 0.1008
82.0000 0.1009
111.0000 0.1009
146.0000 0.1010
173.0000 0.1010
174.0000 0.1010
114.0000 0.1011
185.0000 0.1011
33.0000 0.1012
133.0000 0.1013
143.0000 0.1013
106.0000 0.1014
224.0000 0.1014
187.0000 0.1015
57.0000 0.1016
13.0000 0.1017
65.0000 0.1017
158.0000 0.1017
162.0000 0.1018
81.0000 0.1019
137.0000 0.1019
149.0000 0.1020
188.0000 0.1021
36.0000 0.1023
209.0000 0.1024
131.0000 0.1025
77.0000 0.1026
130.0000 0.1026
145.0000 0.1026
172.0000 0.1026
200.0000 0.1026
8.0000 0.1027
94.0000 0.1027
191.0000 0.1029
126.0000 0.1030
237.0000 0.1030
102.0000 0.1031
189.0000 0.1031
231.0000 0.1031
28.0000 0.1032
30.0000 0.1032
128.0000 0.1032
210.0000 0.1032
59.0000 0.1033
71.0000 0.1033
206.0000 0.1034
219.0000 0.1034
87.0000 0.1035
164.0000 0.1036
197.0000 0.1036
124.0000 0.1037
198.0000 0.1037
232.0000 0.1037
159.0000 0.1038
186.0000 0.1039
140.0000 0.1041
52.0000 0.1042
90.0000 0.1044
138.0000 0.1044
68.0000 0.1045
100.0000 0.1046
166.0000 0.1047
2.0000 0.1048
212.0000 0.1049
54.0000 0.1050
108.0000 0.1051
88.0000 0.1052
17.0000 0.1053
79.0000 0.1053
192.0000 0.1053
202.0000 0.1053
217.0000 0.1053
139.0000 0.1054
132.0000 0.1055
144.0000 0.1055
176.0000 0.1055
74.0000 0.1056
89.0000 0.1056
98.0000 0.1056
216.0000 0.1056
49.0000 0.1057
34.0000 0.1060
168.0000 0.1060
7.0000 0.1062
228.0000 0.1062
165.0000 0.1063
208.0000 0.1064
24.0000 0.1068
205.0000 0.1068
204.0000 0.1069
48.0000 0.1070
151.0000 0.1070
215.0000 0.1070
20.0000 0.1071
160.0000 0.1071
25.0000 0.1072
107.0000 0.1072
121.0000 0.1073
233.0000 0.1073
116.0000 0.1075
50.0000 0.1077
70.0000 0.1078
4.0000 0.1079
40.0000 0.1079
63.0000 0.1080
73.0000 0.1080
199.0000 0.1082
76.0000 0.1083
84.0000 0.1084
93.0000 0.1084
109.0000 0.1084
157.0000 0.1084
122.0000 0.1085
22.0000 0.1086
37.0000 0.1086
181.0000 0.1086
155.0000 0.1087
220.0000 0.1087
230.0000 0.1087
29.0000 0.1090
18.0000 0.1091
170.0000 0.1091
42.0000 0.1093
97.0000 0.1093
203.0000 0.1095
38.0000 0.1096
80.0000 0.1097
229.0000 0.1097
15.0000 0.1098
226.0000 0.1098
10.0000 0.1099
123.0000 0.1100
178.0000 0.1102
26.0000 0.1103
114.0000 0.1103
141.0000 0.1103
161.0000 0.1103
103.0000 0.1105
180.0000 0.1105
235.0000 0.1105
119.0000 0.1107
134.0000 0.1107
218.0000 0.1107
72.0000 0.1108
207.0000 0.1108
227.0000 0.1108
154.0000 0.1109
188.0000 0.1109
82.0000 0.1110
16.0000 0.1111
110.0000 0.1111
113.0000 0.1111
190.0000 0.1111
162.0000 0.1112
185.0000 0.1112
156.0000 0.1113
187.0000 0.1113
221.0000 0.1113
35.0000 0.1114
28.0000 0.1115
193.0000 0.1116
239.0000 0.1116
23.0000 0.1117
102.0000 0.1117
78.0000 0.1118
53.0000 0.1119
133.0000 0.1119
13.0000 0.1120
32.0000 0.1121
91.0000 0.1121
238.0000 0.1121
196.0000 0.1122
163.0000 0.1123
127.0000 0.1124
39.0000 0.1127
66.0000 0.1127
137.0000 0.1127
200.0000 0.1127
225.0000 0.1127
33.0000 0.1128
6.0000 0.1129
85.0000 0.1129
174.0000 0.1130
36.0000 0.1132
159.0000 0.1132
209.0000 0.1132
214.0000 0.1132
12.0000 0.1133
75.0000 0.1134
31.0000 0.1135
59.0000 0.1135
158.0000 0.1135
179.0000 0.1135
77.0000 0.1137
224.0000 0.1137
130.0000 0.1138
62.0000 0.1139
94.0000 0.1139
191.0000 0.1139
43.0000 0.1140
55.0000 0.1140
56.0000 0.1140
120.0000 0.1140
145.0000 0.1140
14.0000 0.1141
126.0000 0.1141
146.0000 0.1141
115.0000 0.1142
138.0000 0.1142
183.0000 0.1142
0.0000 0.1144
64.0000 0.1144
136.0000 0.1144
8.0000 0.1145
153.0000 0.1146
182.0000 0.1147
228.0000 0.1147
11.0000 0.1148
111.0000 0.1148
169.0000 0.1148
71.0000 0.1150
167.0000 0.1150
172.0000 0.1150
166.0000 0.1151
231.0000 0.1151
232.0000 0.1151
87.0000 0.1152
95.0000 0.1152
176.0000 0.1152
189.0000 0.1152
197.0000 0.1152
194.0000 0.1153
19.0000 0.1154
147.0000 0.1156
164.0000 0.1156
106.0000 0.1157
173.0000 0.1157
234.0000 0.1157
151.0000 0.1158
171.0000 0.1158
81.0000 0.1159
90.0000 0.1160
195.0000 0.1160
24.0000 0.1161
98.0000 0.1161
101.0000 0.1161
206.0000 0.1161
86.0000 0.1162
118.0000 0.1162
128.0000 0.1163
2.0000 0.1166
143.0000 0.1166
4.0000 0.1167
79.0000 0.1167
88.0000 0.1167
139.0000 0.1168
149.0000 0.1169
22.0000 0.1170
47.0000 0.1170
63.0000 0.1170
132.0000 0.1170
212.0000 0.1171
65.0000 0.1172
89.0000 0.1172
217.0000 0.1173
131.0000 0.1174
58.0000 0.1175
201.0000 0.1175
41.0000 0.1176
70.0000 0.1176
108.0000 0.1176
165.0000 0.1177
18.0000 0.1178
42.0000 0.1178
48.0000 0.1178
107.0000 0.1179
168.0000 0.1181
208.0000 0.1181
116.0000 0.1184
30.0000 0.1185
124.0000 0.1185
68.0000 0.1186
223.0000 0.1186
1.0000 0.1187
73.0000 0.1187
80.0000 0.1188
155.0000 0.1188
198.0000 0.1188
226.0000 0.1188
188.0000 0.1190
93.0000 0.1193
112.0000 0.1193
140.0000 0.1193
7.0000 0.1196
45.0000 0.1196
121.0000 0.1196
28.0000 0.1198
180.0000 0.1198
49.0000 0.1199
114.0000 0.1199
29.0000 0.1200
102.0000 0.1200
82.0000 0.1201
187.0000 0.1201
17.0000 0.1202
216.0000 0.1202
84.0000 0.1203
38.0000 0.1204
76.0000 0.1204
113.0000 0.1204
203.0000 0.1204
123.0000 0.1206
52.0000 0.1208
229.0000 0.1208
185.0000 0.1212
202.0000 0.1212
213.0000 0.1212
133.0000 0.1214
219.0000 0.1214
110.0000 0.1215
162.0000 0.1216
25.0000 0.1217
57.0000 0.1217
193.0000 0.1217
26.0000 0.1218
34.0000 0.1219
13.0000 0.1222
207.0000 0.1222
211.0000 0.1223
72.0000 0.1224
78.0000 0.1225
200.0000 0.1225
159.0000 0.1226
192.0000 0.1226
199.0000 0.1226
137.0000 0.1227
228.0000 0.1227
50.0000 0.1229
74.0000 0.1229
190.0000 0.1229
103.0000 0.1231
138.0000 0.1232
40.0000 0.1234
161.0000 0.1234
127.0000 0.1235
209.0000 0.1235
97.0000 0.1236
186.0000 0.1237
59.0000 0.1238
158.0000 0.1238
220.0000 0.1238
33.0000 0.1240
177.0000 0.1240
36.0000 0.1241
39.0000 0.1241
151.0000 0.1242
218.0000 0.1242
221.0000 0.1242
20.0000 0.1243
210.0000 0.1243
16.0000 0.1244
10.0000 0.1246
163.0000 0.1246
66.0000 0.1247
130.0000 0.1248
94.0000 0.1249
154.0000 0.1249
35.0000 0.1250
122.0000 0.1250
126.0000 0.1250
178.0000 0.1250
77.0000 0.1251
176.0000 0.1251
225.0000 0.1251
197.0000 0.1252
224.0000 0.1252
100.0000 0.1253
32.0000 0.1256
160.0000 0.1257
174.0000 0.1257
24.0000 0.1258
8.0000 0.1259
22.0000 0.1259
15.0000 0.1260
145.0000 0.1260
191.0000 0.1260
71.0000 0.1261
166.0000 0.1261
235.0000 0.1261
53.0000 0.1264
4.0000 0.1266
23.0000 0.1267
31.0000 0.1267
61.0000 0.1267
98.0000 0.1268
119.0000 0.1268
63.0000 0.1269
87.0000 0.1269
146.0000 0.1269
233.0000 0.1269
18.0000 0.1270
227.0000 0.1270
14.0000 0.1271
232.0000 0.1271
90.0000 0.1273
91.0000 0.1273
231.0000 0.1273
42.0000 0.1274
157.0000 0.1275
129.0000 0.1276
188.0000 0.1276
79.0000 0.1277
156.0000 0.1278
182.0000 0.1278
28.0000 0.1279
206.0000 0.1279
37.0000 0.1280
139.0000 0.1280
111.0000 0.1281
239.0000 0.1281
96.0000 0.1282
88.0000 0.1283
189.0000 0.1283
92.0000 0.1285
102.0000 0.1285
164.0000 0.1285
80.0000 0.1286
89.0000 0.1286
208.0000 0.1286
70.0000 0.1288
134.0000 0.1289
144.0000 0.1289
172.0000 0.1289
2.0000 0.1291
132.0000 0.1291
82.0000 0.1292
187.0000 0.1292
108.0000 0.1293
226.0000 0.1293
9.0000 0.1294
114.0000 0.1294
120.0000 0.1294
12.0000 0.1295
107.0000 0.1295
217.0000 0.1295
6.0000 0.1298
153.0000 0.1299
155.0000 0.1301
180.0000 0.1301
128.0000 0.1302
168.0000 0.1302
215.0000 0.1303
85.0000 0.1304
165.0000 0.1305
48.0000 0.1306
95.0000 0.1307
116.0000 0.1307
113.0000 0.1309
196.0000 0.1309
133.0000 0.1312
73.0000 0.1314
106.0000 0.1315
228.0000 0.1315
123.0000 0.1316
159.0000 0.1316
237.0000 0.1316
203.0000 0.1317
75.0000 0.1318
81.0000 0.1318
214.0000 0.1318
0.0000 0.1319
13.0000 0.1319
185.0000 0.1319
193.0000 0.1319
200.0000 0.1319
204.0000 0.1319
143.0000 0.1320
76.0000 0.1321
162.0000 0.1321
101.0000 0.1322
212.0000 0.1323
138.0000 0.1324
84.0000 0.1325
93.0000 0.1326
104.0000 0.1326
64.0000 0.1327
195.0000 0.1328
229.0000 0.1328
11.0000 0.1330
29.0000 0.1330
38.0000 0.1330
151.0000 0.1330
137.0000 0.1331
115.0000 0.1333
124.0000 0.1333
65.0000 0.1335
121.0000 0.1335
149.0000 0.1338
30.0000 0.1339
222.0000 0.1339
110.0000 0.1340
169.0000 0.1340
209.0000 0.1341
59.0000 0.1342
183.0000 0.1342
17.0000 0.1343
173.0000 0.1343
7.0000 0.1344
216.0000 0.1344
181.0000 0.1347
26.0000 0.1348
78.0000 0.1349
24.0000 0.1351
131.0000 0.1351
158.0000 0.1351
171.0000 0.1351
22.0000 0.1353
176.0000 0.1353
58.0000 0.1355
127.0000 0.1355
207.0000 0.1355
103.0000 0.1356
161.0000 0.1356
42.0000 0.1357
136.0000 0.1357
97.0000 0.1358
18.0000 0.1359
36.0000 0.1359
49.0000 0.1359
190.0000 0.1359
197.0000 0.1359
126.0000 0.1361
140.0000 0.1361
218.0000 0.1361
33.0000 0.1362
72.0000 0.1362
77.0000 0.1362
130.0000 0.1362
3.0000 0.1363
4.0000 0.1363
54.0000 0.1363
28.0000 0.1364
39.0000 0.1364
51.0000 0.1364
199.0000 0.1364
94.0000 0.1365
163.0000 0.1365
191.0000 0.1365
224.0000 0.1365
25.0000 0.1366
63.0000 0.1366
194.0000 0.1366
34.0000 0.1367
68.0000 0.1367
167.0000 0.1368
188.0000 0.1368
166.0000 0.1369
102.0000 0.1370
179.0000 0.1370
221.0000 0.1370
66.0000 0.1371
198.0000 0.1371
220.0000 0.1371
71.0000 0.1372
174.0000 0.1372
52.0000 0.1373
16.0000 0.1374
154.0000 0.1374
47.0000 0.1375
205.0000 0.1375
41.0000 0.1377
80.0000 0.1377
82.0000 0.1378
192.0000 0.1378
32.0000 0.1379
225.0000 0.1379
187.0000 0.1381
40.0000 0.1382
98.0000 0.1382
232.0000 0.1382
10.0000 0.1384
87.0000 0.1384
145.0000 0.1384
146.0000 0.1384
90.0000 0.1387
8.0000 0.1388
14.0000 0.1388
50.0000 0.1388
35.0000 0.1391
88.0000 0.1391
114.0000 0.1391
180.0000 0.1391
189.0000 0.1391
139.0000 0.1392
79.0000 0.1393
228.0000 0.1393
112.0000 0.1394
226.0000 0.1394
122.0000 0.1395
164.0000 0.1395
231.0000 0.1395
53.0000 0.1396
223.0000 0.1397
89.0000 0.1398
219.0000 0.1398
86.0000 0.1399
45.0000 0.1400
111.0000 0.1402
234.0000 0.1402
31.0000 0.1404
70.0000 0.1404
178.0000 0.1404
202.0000 0.1405
208.0000 0.1405
20.0000 0.1406
133.0000 0.1406
141.0000 0.1406
238.0000 0.1407
74.0000 0.1408
235.0000 0.1408
155.0000 0.1409
206.0000 0.1409
23.0000 0.1410
132.0000 0.1410
151.0000 0.1410
13.0000 0.1411
55.0000 0.1411
200.0000 0.1411
230.0000 0.1411
2.0000 0.1413
107.0000 0.1414
123.0000 0.1414
138.0000 0.1415
217.0000 0.1415
172.0000 0.1416
182.0000 0.1416
48.0000 0.1418
159.0000 0.1418
113.0000 0.1419
162.0000 0.1419
193.0000 0.1420
116.0000 0.1421
120.0000 0.1421
137.0000 0.1421
168.0000 0.1421
91.0000 0.1422
108.0000 0.1422
128.0000 0.1423
185.0000 0.1423
119.0000 0.1425
165.0000 0.1426
239.0000 0.1431
57.0000 0.1432
227.0000 0.1433
160.0000 0.1436
203.0000 0.1438
22.0000 0.1439
15.0000 0.1441
59.0000 0.1441
76.0000 0.1441
84.0000 0.1442
18.0000 0.1443
93.0000 0.1443
42.0000 0.1444
24.0000 0.1445
186.0000 0.1445
209.0000 0.1445
28.0000 0.1446
85.0000 0.1446
134.0000 0.1446
176.0000 0.1446
29.0000 0.1447
73.0000 0.1447
211.0000 0.1448
229.0000 0.1450
37.0000 0.1452
102.0000 0.1452
153.0000 0.1454
12.0000 0.1455
0.0000 0.1456
63.0000 0.1456
78.0000 0.1457
196.0000 0.1457
4.0000 0.1458
157.0000 0.1458
188.0000 0.1458
81.0000 0.1459
103.0000 0.1459
156.0000 0.1459
158.0000 0.1459
95.0000 0.1460
143.0000 0.1460
110.0000 0.1461
38.0000 0.1463
197.0000 0.1463
26.0000 0.1464
214.0000 0.1464
212.0000 0.1465
233.0000 0.1466
118.0000 0.1467
130.0000 0.1467
191.0000 0.1468
100.0000 0.1469
6.0000 0.1470
77.0000 0.1471
106.0000 0.1471
126.0000 0.1472
163.0000 0.1473
71.0000 0.1474
36.0000 0.1475
228.0000 0.1475
82.0000 0.1476
166.0000 0.1476
80.0000 0.1478
94.0000 0.1480
190.0000 0.1480
64.0000 0.1481
127.0000 0.1481
218.0000 0.1481
201.0000 0.1482
97.0000 0.1484
114.0000 0.1484
124.0000 0.1485
98.0000 0.1486
7.0000 0.1487
72.0000 0.1487
65.0000 0.1489
92.0000 0.1490
216.0000 0.1490
30.0000 0.1491
187.0000 0.1491
224.0000 0.1491
180.0000 0.1493
226.0000 0.1493
11.0000 0.1494
43.0000 0.1494
121.0000 0.1494
90.0000 0.1495
207.0000 0.1495
149.0000 0.1496
33.0000 0.1499
144.0000 0.1499
161.0000 0.1499
17.0000 0.1500
39.0000 0.1500
210.0000 0.1500
32.0000 0.1501
174.0000 0.1501
145.0000 0.1503
151.0000 0.1503
66.0000 0.1504
87.0000 0.1507
225.0000 0.1508
133.0000 0.1509
146.0000 0.1509
199.0000 0.1509
220.0000 0.1509
8.0000 0.1510
101.0000 0.1511
138.0000 0.1511
200.0000 0.1512
131.0000 0.1513
159.0000 0.1513
13.0000 0.1514
105.0000 0.1514
139.0000 0.1514
173.0000 0.1514
221.0000 0.1514
16.0000 0.1515
88.0000 0.1515
25.0000 0.1516
195.0000 0.1516
89.0000 0.1517
109.0000 0.1518
232.0000 0.1518
204.0000 0.1521
208.0000 0.1521
79.0000 0.1522
185.0000 0.1522
189.0000 0.1522
58.0000 0.1523
155.0000 0.1523
70.0000 0.1524
164.0000 0.1524
231.0000 0.1524
68.0000 0.1525
75.0000 0.1525
137.0000 0.1526
22.0000 0.1527
193.0000 0.1527
10.0000 0.1528
115.0000 0.1528
35.0000 0.1529
18.0000 0.1530
123.0000 0.1530
162.0000 0.1530
34.0000 0.1531
40.0000 0.1531
107.0000 0.1531
177.0000 0.1532
42.0000 0.1533
113.0000 0.1533
59.0000 0.1534
116.0000 0.1534
14.0000 0.1535
28.0000 0.1535
48.0000 0.1536
132.0000 0.1537
154.0000 0.1539
147.0000 0.1540
24.0000 0.1541
102.0000 0.1541
188.0000 0.1541
206.0000 0.1541
49.0000 0.1544
168.0000 0.1544
203.0000 0.1544
217.0000 0.1544
111.0000 0.1545
176.0000 0.1548
235.0000 0.1548
2.0000 0.1549
52.0000 0.1549
172.0000 0.1549
31.0000 0.1550
165.0000 0.1551
108.0000 0.1552
61.0000 0.1553
4.0000 0.1555
62.0000 0.1555
192.0000 0.1555
73.0000 0.1556
120.0000 0.1556
169.0000 0.1556
209.0000 0.1556
67.0000 0.1557
136.0000 0.1557
63.0000 0.1558
178.0000 0.1558
182.0000 0.1558
122.0000 0.1559
228.0000 0.1560
29.0000 0.1561
93.0000 0.1561
171.0000 0.1561
215.0000 0.1561
110.0000 0.1563
198.0000 0.1564
229.0000 0.1564
50.0000 0.1565
239.0000 0.1565
84.0000 0.1566
91.0000 0.1567
76.0000 0.1568
128.0000 0.1569
152.0000 0.1569
158.0000 0.1569
82.0000 0.1570
41.0000 0.1571
53.0000 0.1571
197.0000 0.1571
23.0000 0.1572
80.0000 0.1572
140.0000 0.1572
38.0000 0.1573
56.0000 0.1573
78.0000 0.1573
191.0000 0.1573
213.0000 0.1574
219.0000 0.1575
130.0000 0.1576
36.0000 0.1577
167.0000 0.1577
96.0000 0.1578
103.0000 0.1580
114.0000 0.1581
166.0000 0.1583
71.0000 0.1584
77.0000 0.1584
187.0000 0.1584
119.0000 0.1585
151.0000 0.1585
98.0000 0.1587
127.0000 0.1589
126.0000 0.1591
227.0000 0.1591
20.0000 0.1592
94.0000 0.1592
163.0000 0.1593
183.0000 0.1593
129.0000 0.1594
226.0000 0.1594
26.0000 0.1598
47.0000 0.1598
180.0000 0.1598
212.0000 0.1599
134.0000 0.1600
74.0000 0.1603
95.0000 0.1604
200.0000 0.1605
143.0000 0.1606
133.0000 0.1607
218.0000 0.1607
13.0000 0.1608
81.0000 0.1608
194.0000 0.1609
138.0000 0.1610
190.0000 0.1611
224.0000 0.1611
72.0000 0.1613
55.0000 0.1614
159.0000 0.1614
33.0000 0.1615
90.0000 0.1616
112.0000 0.1616
153.0000 0.1616
22.0000 0.1617
145.0000 0.1617
207.0000 0.1617
28.0000 0.1618
39.0000 0.1618
179.0000 0.1618
174.0000 0.1619
18.0000 0.1620
85.0000 0.1620
139.0000 0.1620
185.0000 0.1621
66.0000 0.1622
106.0000 0.1622
196.0000 0.1622
12.0000 0.1623
15.0000 0.1623
42.0000 0.1624
45.0000 0.1625
86.0000 0.1625
88.0000 0.1626
222.0000 0.1626
137.0000 0.1627
87.0000 0.1628
214.0000 0.1628
102.0000 0.1629
161.0000 0.1630
6.0000 0.1631
97.0000 0.1631
121.0000 0.1631
124.0000 0.1632
208.0000 0.1632
8.0000 0.1633
89.0000 0.1633
146.0000 0.1633
188.0000 0.1633
57.0000 0.1634
65.0000 0.1634
193.0000 0.1634
59.0000 0.1635
232.0000 0.1635
160.0000 0.1637
0.0000 0.1638
79.0000 0.1638
202.0000 0.1638
32.0000 0.1639
155.0000 0.1639
24.0000 0.1640
231.0000 0.1640
156.0000 0.1641
225.0000 0.1641
64.0000 0.1643
123.0000 0.1643
162.0000 0.1643
181.0000 0.1643
189.0000 0.1643
216.0000 0.1643
16.0000 0.1644
205.0000 0.1646
221.0000 0.1646
70.0000 0.1647
113.0000 0.1647
199.0000 0.1647
228.0000 0.1647
4.0000 0.1650
7.0000 0.1650
14.0000 0.1652
30.0000 0.1652
19.0000 0.1653
116.0000 0.1653
63.0000 0.1654
176.0000 0.1654
132.0000 0.1655
164.0000 0.1655
233.0000 0.1655
37.0000 0.1656
223.0000 0.1656
186.0000 0.1657
11.0000 0.1658
17.0000 0.1658
107.0000 0.1658
82.0000 0.1660
35.0000 0.1661
101.0000 0.1661
206.0000 0.1661
209.0000 0.1661
48.0000 0.1662
157.0000 0.1663
203.0000 0.1664
149.0000 0.1665
220.0000 0.1665
168.0000 0.1666
151.0000 0.1667
217.0000 0.1667
54.0000 0.1669
10.0000 0.1670
110.0000 0.1670
111.0000 0.1670
238.0000 0.1672
73.0000 0.1673
108.0000 0.1673
80.0000 0.1674
211.0000 0.1674
187.0000 0.1675
118.0000 0.1676
165.0000 0.1676
237.0000 0.1676
25.0000 0.1678
114.0000 0.1678
173.0000 0.1678
29.0000 0.1680
78.0000 0.1680
191.0000 0.1680
197.0000 0.1680
158.0000 0.1681
166.0000 0.1681
68.0000 0.1683
154.0000 0.1683
195.0000 0.1683
141.0000 0.1684
2.0000 0.1685
58.0000 0.1686
131.0000 0.1686
182.0000 0.1686
229.0000 0.1686
31.0000 0.1687
40.0000 0.1687
93.0000 0.1687
130.0000 0.1688
34.0000 0.1690
9.0000 0.1691
100.0000 0.1691
170.0000 0.1691
226.0000 0.1691
103.0000 0.1692
98.0000 0.1694
128.0000 0.1694
36.0000 0.1695
84.0000 0.1695
104.0000 0.1695
76.0000 0.1696
77.0000 0.1697
28.0000 0.1698
138.0000 0.1698
22.0000 0.1699
200.0000 0.1699
38.0000 0.1700
71.0000 0.1700
120.0000 0.1700
126.0000 0.1700
159.0000 0.1700
180.0000 0.1700
133.0000 0.1701
94.0000 0.1702
172.0000 0.1702
127.0000 0.1704
234.0000 0.1704
13.0000 0.1706
53.0000 0.1706
18.0000 0.1707
49.0000 0.1707
75.0000 0.1707
163.0000 0.1708
42.0000 0.1709
235.0000 0.1709
239.0000 0.1711
23.0000 0.1712
91.0000 0.1712
115.0000 0.1713
1.0000 0.1714
102.0000 0.1714
122.0000 0.1715
185.0000 0.1715
192.0000 0.1716
201.0000 0.1717
224.0000 0.1717
26.0000 0.1718
144.0000 0.1719
188.0000 0.1719
90.0000 0.1720
50.0000 0.1721
178.0000 0.1722
228.0000 0.1722
72.0000 0.1723
33.0000 0.1725
137.0000 0.1726
59.0000 0.1727
227.0000 0.1729
52.0000 0.1730
139.0000 0.1730
24.0000 0.1731
212.0000 0.1731
140.0000 0.1735
193.0000 0.1735
198.0000 0.1735
162.0000 0.1737
145.0000 0.1738
169.0000 0.1738
81.0000 0.1739
95.0000 0.1739
8.0000 0.1740
88.0000 0.1740
92.0000 0.1740
4.0000 0.1741
190.0000 0.1741
87.0000 0.1742
89.0000 0.1742
208.0000 0.1742
218.0000 0.1742
174.0000 0.1743
63.0000 0.1744
79.0000 0.1744
82.0000 0.1744
39.0000 0.1745
155.0000 0.1746
146.0000 0.1747
176.0000 0.1747
207.0000 0.1748
134.0000 0.1749
66.0000 0.1750
151.0000 0.1751
204.0000 0.1751
143.0000 0.1752
219.0000 0.1752
232.0000 0.1752
113.0000 0.1755
161.0000 0.1755
74.0000 0.1758
123.0000 0.1758
189.0000 0.1759
167.0000 0.1761
153.0000 0.1762
210.0000 0.1762
32.0000 0.1765
225.0000 0.1765
231.0000 0.1765
80.0000 0.1767
14.0000 0.1768
70.0000 0.1769
65.0000 0.1770
119.0000 0.1771
187.0000 0.1771
121.0000 0.1772
41.0000 0.1773
106.0000 0.1773
132.0000 0.1774
116.0000 0.1776
43.0000 0.1777
209.0000 0.1777
114.0000 0.1778
97.0000 0.1779
171.0000 0.1780
110.0000 0.1781
216.0000 0.1781
48.0000 0.1782
168.0000 0.1782
203.0000 0.1782
221.0000 0.1782
136.0000 0.1783
214.0000 0.1783
164.0000 0.1784
206.0000 0.1785
107.0000 0.1786
20.0000 0.1787
28.0000 0.1787
16.0000 0.1788
12.0000 0.1790
22.0000 0.1790
138.0000 0.1791
191.0000 0.1791
197.0000 0.1792
130.0000 0.1793
215.0000 0.1793
112.0000 0.1794
158.0000 0.1794
73.0000 0.1795
85.0000 0.1795
166.0000 0.1795
199.0000 0.1795
226.0000 0.1795
6.0000 0.1796
42.0000 0.1798
217.0000 0.1798
0.0000 0.1799
35.0000 0.1799
159.0000 0.1799
17.0000 0.1802
78.0000 0.1802
180.0000 0.1802
188.0000 0.1802
18.0000 0.1803
29.0000 0.1803
30.0000 0.1803
102.0000 0.1803
200.0000 0.1803
101.0000 0.1805
103.0000 0.1805
133.0000 0.1805
196.0000 0.1805
98.0000 0.1806
165.0000 0.1806
228.0000 0.1806
108.0000 0.1807
156.0000 0.1807
229.0000 0.1807
77.0000 0.1808
111.0000 0.1808
2.0000 0.1809
36.0000 0.1809
61.0000 0.1810
71.0000 0.1810
124.0000 0.1811
183.0000 0.1811
230.0000 0.1812
13.0000 0.1813
64.0000 0.1814
194.0000 0.1814
236.0000 0.1814
10.0000 0.1815
213.0000 0.1815
220.0000 0.1815
127.0000 0.1816
15.0000 0.1817
93.0000 0.1817
202.0000 0.1817
7.0000 0.1818
47.0000 0.1818
160.0000 0.1818
182.0000 0.1818
38.0000 0.1819
94.0000 0.1821
126.0000 0.1821
84.0000 0.1822
3.0000 0.1823
179.0000 0.1823
185.0000 0.1823
59.0000 0.1826
76.0000 0.1826
120.0000 0.1826
25.0000 0.1827
31.0000 0.1827
128.0000 0.1827
96.0000 0.1828
149.0000 0.1829
154.0000 0.1829
184.0000 0.1829
24.0000 0.1830
163.0000 0.1830
33.0000 0.1831
173.0000 0.1831
193.0000 0.1832
45.0000 0.1833
4.0000 0.1834
58.0000 0.1834
63.0000 0.1834
137.0000 0.1834
224.0000 0.1834
82.0000 0.1835
57.0000 0.1836
151.0000 0.1836
62.0000 0.1837
11.0000 0.1838
90.0000 0.1839
233.0000 0.1839
89.0000 0.1840
162.0000 0.1840
53.0000 0.1843
139.0000 0.1843
157.0000 0.1843
176.0000 0.1843
49.0000 0.1845
86.0000 0.1845
88.0000 0.1845
177.0000 0.1845
195.0000 0.1845
172.0000 0.1847
34.0000 0.1848
72.0000 0.1848
155.0000 0.1849
145.0000 0.1850
39.0000 0.1851
40.0000 0.1851
68.0000 0.1851
186.0000 0.1852
37.0000 0.1853
208.0000 0.1853
26.0000 0.1854
55.0000 0.1854
190.0000 0.1854
23.0000 0.1855
79.0000 0.1855
87.0000 0.1855
80.0000 0.1856
131.0000 0.1856
8.0000 0.1857
239.0000 0.1857
174.0000 0.1858
187.0000 0.1858
50.0000 0.1859
222.0000 0.1859
123.0000 0.1860
146.0000 0.1861
235.0000 0.1862
44.0000 0.1864
178.0000 0.1864
189.0000 0.1865
114.0000 0.1867
212.0000 0.1867
218.0000 0.1867
95.0000 0.1869
122.0000 0.1869
192.0000 0.1869
28.0000 0.1870
113.0000 0.1871
147.0000 0.1871
66.0000 0.1872
232.0000 0.1872
22.0000 0.1874
81.0000 0.1874
207.0000 0.1874
211.0000 0.1874
91.0000 0.1875
138.0000 0.1876
209.0000 0.1877
231.0000 0.1879
161.0000 0.1880
42.0000 0.1885
116.0000 0.1885
102.0000 0.1887
227.0000 0.1889
18.0000 0.1890
32.0000 0.1890
188.0000 0.1890
14.0000 0.1891
70.0000 0.1892
132.0000 0.1892
159.0000 0.1892
181.0000 0.1892
223.0000 0.1892
206.0000 0.1893
228.0000 0.1893
200.0000 0.1894
130.0000 0.1896
197.0000 0.1896
221.0000 0.1896
143.0000 0.1897
110.0000 0.1898
225.0000 0.1898
158.0000 0.1901
180.0000 0.1901
203.0000 0.1901
226.0000 0.1901
164.0000 0.1902
191.0000 0.1902
13.0000 0.1903
168.0000 0.1903
75.0000 0.1904
133.0000 0.1904
78.0000 0.1905
52.0000 0.1907
109.0000 0.1907
48.0000 0.1908
107.0000 0.1908
121.0000 0.1908
198.0000 0.1908
97.0000 0.1910
98.0000 0.1910
166.0000 0.1911
54.0000 0.1913
77.0000 0.1913
134.0000 0.1913
115.0000 0.1914
16.0000 0.1916
103.0000 0.1916
140.0000 0.1916
216.0000 0.1917
217.0000 0.1917
65.0000 0.1919
73.0000 0.1920
153.0000 0.1920
24.0000 0.1921
71.0000 0.1921
119.0000 0.1921
151.0000 0.1922
229.0000 0.1923
2.0000 0.1924
36.0000 0.1924
59.0000 0.1924
165.0000 0.1924
169.0000 0.1925
29.0000 0.1928
74.0000 0.1928
144.0000 0.1928
4.0000 0.1929
63.0000 0.1932
126.0000 0.1935
35.0000 0.1936
100.0000 0.1936
137.0000 0.1936
193.0000 0.1936
127.0000 0.1937
82.0000 0.1939
106.0000 0.1939
199.0000 0.1940
93.0000 0.1942
111.0000 0.1942
185.0000 0.1942
129.0000 0.1943
12.0000 0.1945
163.0000 0.1946
214.0000 0.1946
84.0000 0.1948
85.0000 0.1949
89.0000 0.1949
224.0000 0.1950
38.0000 0.1952
94.0000 0.1952
108.0000 0.1952
162.0000 0.1952
118.0000 0.1953
80.0000 0.1954
155.0000 0.1954
171.0000 0.1954
219.0000 0.1954
28.0000 0.1955
204.0000 0.1955
187.0000 0.1956
88.0000 0.1957
176.0000 0.1957
139.0000 0.1959
33.0000 0.1960
124.0000 0.1962
182.0000 0.1962
90.0000 0.1964
114.0000 0.1964
22.0000 0.1966
128.0000 0.1966
92.0000 0.1967
123.0000 0.1967
30.0000 0.1968
172.0000 0.1968
145.0000 0.1969
208.0000 0.1971
79.0000 0.1972
87.0000 0.1972
141.0000 0.1972
196.0000 0.1972
220.0000 0.1972
102.0000 0.1973
17.0000 0.1974
20.0000 0.1974
42.0000 0.1974
138.0000 0.1974
6.0000 0.1976
76.0000 0.1976
120.0000 0.1976
189.0000 0.1978
205.0000 0.1978
7.0000 0.1979
18.0000 0.1979
188.0000 0.1981
31.0000 0.1982
41.0000 0.1982
154.0000 0.1982
167.0000 0.1982
25.0000 0.1983
64.0000 0.1983
228.0000 0.1983
39.0000 0.1984
174.0000 0.1984
136.0000 0.1985
190.0000 0.1985
53.0000 0.1986
209.0000 0.1986
8.0000 0.1987
26.0000 0.1987
113.0000 0.1987
237.0000 0.1987
10.0000 0.1988
156.0000 0.1989
72.0000 0.1991
66.0000 0.1992
23.0000 0.1993
146.0000 0.1993
149.0000 0.1994
234.0000 0.1994
49.0000 0.1995
159.0000 0.1995
200.0000 0.1995
238.0000 0.1995
101.0000 0.1997
173.0000 0.1997
