0.0000 0.0000
1.0000 0.0000
2.0000 0.0000
3.0000 0.0000
4.0000 0.0000
5.0000 0.0000
6.0000 0.0000
7.0000 0.0000
8.0000 0.0000
9.0000 0.0000
10.0000 0.0000
11.0000 0.0000
12.0000 0.0000
13.0000 0.0000
14.0000 0.0000
15.0000 0.0000
16.0000 0.0000
17.0000 0.0000
18.0000 0.0000
19.0000 0.0000
20.0000 0.0000
21.0000 0.0000
22.0000 0.0000
23.0000 0.0000
24.0000 0.0000
25.0000 0.0000
26.0000 0.0000
27.0000 0.0000
28.0000 0.0000
29.0000 0.0000
30.0000 0.0000
31.0000 0.0000
32.0000 0.0000
33.0000 0.0000
34.0000 0.0000
35.0000 0.0000
36.0000 0.0000
37.0000 0.0000
38.0000 0.0000
39.0000 0.0000
40.0000 0.0000
41.0000 0.0000
42.0000 0.0000
43.0000 0.0000
44.0000 0.0000
45.0000 0.0000
46.0000 0.0000
47.0000 0.0000
48.0000 0.0000
49.0000 0.0000
50.0000 0.0000
51.0000 0.0000
52.0000 0.0000
53.0000 0.0000
54.0000 0.0000
55.0000 0.0000
56.0000 0.0000
57.0000 0.0000
58.0000 0.0000
59.0000 0.0000
60.0000 0.0000
61.0000 0.0000
62.0000 0.0000
63.0000 0.0000
64.0000 0.0000
65.0000 0.0000
66.0000 0.0000
67.0000 0.0000
68.0000 0.0000
69.0000 0.0000
70.0000 0.0000
71.0000 0.0000
72.0000 0.0000
73.0000 0.0000
74.0000 0.0000
75.0000 0.0000
76.0000 0.0000
77.0000 0.0000
78.0000 0.0000
79.0000 0.0000
80.0000 0.0000
81.0000 0.0000
82.0000 0.0000
83.0000 0.0000
84.0000 0.0000
85.0000 0.0000
86.0000 0.0000
87.0000 0.0000
88.0000 0.0000
89.0000 0.0000
90.0000 0.0000
91.0000 0.0000
92.0000 0.0000
93.0000 0.0000
94.0000 0.0000
95.0000 0.0000
96.0000 0.0000
97.0000 0.0000
98.0000 0.0000
99.0000 0.0000
100.0000 0.0000
101.0000 0.0000
102.0000 0.0000
103.0000 0.0000
104.0000 0.0000
105.0000 0.0000
106.0000 0.0000
107.0000 0.0000
108.0000 0.0000
109.0000 0.0000
110.0000 0.0000
111.0000 0.0000
112.0000 0.0000
113.0000 0.0000
114.0000 0.0000
115.0000 0.0000
116.0000 0.0000
117.0000 0.0000
118.0000 0.0000
119.0000 0.0000
120.0000 0.0000
121.0000 0.0000
122.0000 0.0000
123.0000 0.0000
124.0000 0.0000
125.0000 0.0000
126.0000 0.0000
127.0000 0.0000
128.0000 0.0000
129.0000 0.0000
130.0000 0.0000
131.0000 0.0000
132.0000 0.0000
133.0000 0.0000
134.0000 0.0000
135.0000 0.0000
136.0000 0.0000
137.0000 0.0000
138.0000 0.0000
139.0000 0.0000
140.0000 0.0000
141.0000 0.0000
142.0000 0.0000
143.0000 0.0000
144.0000 0.0000
145.0000 0.0000
146.0000 0.0000
147.0000 0.0000
148.0000 0.0000
149.0000 0.0000
165.0000 0.0040
209.0000 0.0040
216.0000 0.0040
214.0000 0.0041
239.0000 0.0045
159.0000 0.0046
204.0000 0.0046
187.0000 0.0048
151.0000 0.0049
198.0000 0.0050
178.0000 0.0051
218.0000 0.0052
155.0000 0.0053
163.0000 0.0053
173.0000 0.0053
176.0000 0.0054
186.0000 0.0054
156.0000 0.0055
180.0000 0.0056
217.0000 0.0056
166.0000 0.0057
152.0000 0.0058
177.0000 0.0058
237.0000 0.0059
188.0000 0.0062
226.0000 0.0063
205.0000 0.0064
179.0000 0.0065
231.0000 0.0065
219.0000 0.0066
229.0000 0.0066
197.0000 0.0067
211.0000 0.0070
233.0000 0.0070
220.0000 0.0071
225.0000 0.0072
236.0000 0.0072
189.0000 0.0073
224.0000 0.0075
161.0000 0.0076
228.0000 0.0078
232.0000 0.0079
203.0000 0.0080
158.0000 0.0081
196.0000 0.0082
235.0000 0.0083
201.0000 0.0084
202.0000 0.0084
169.0000 0.0088
195.0000 0.0088
154.0000 0.0089
190.0000 0.0091
200.0000 0.0091
227.0000 0.0092
185.0000 0.0095
182.0000 0.0096
140.0000 0.0100
168.0000 0.0102
213.0000 0.0102
148.0000 0.0104
20.0000 0.0113
174.0000 0.0113
199.0000 0.0113
75.0000 0.0115
79.0000 0.0117
222.0000 0.0118
100.0000 0.0119
30.0000 0.0121
84.0000 0.0122
44.0000 0.0124
128.0000 0.0125
90.0000 0.0126
77.0000 0.0127
123.0000 0.0128
66.0000 0.0129
153.0000 0.0129
31.0000 0.0133
57.0000 0.0134
36.0000 0.0136
157.0000 0.0136
23.0000 0.0138
150.0000 0.0138
65.0000 0.0140
50.0000 0.0145
216.0000 0.0148
58.0000 0.0149
89.0000 0.0149
187.0000 0.0150
118.0000 0.0151
119.0000 0.0151
106.0000 0.0154
162.0000 0.0154
116.0000 0.0156
47.0000 0.0158
5.0000 0.0159
1.0000 0.0160
214.0000 0.0161
41.0000 0.0162
45.0000 0.0163
56.0000 0.0163
76.0000 0.0163
234.0000 0.0163
59.0000 0.0164
9.0000 0.0165
126.0000 0.0168
193.0000 0.0168
127.0000 0.0169
137.0000 0.0169
16.0000 0.0170
26.0000 0.0170
99.0000 0.0171
209.0000 0.0171
60.0000 0.0173
78.0000 0.0174
105.0000 0.0174
121.0000 0.0174
138.0000 0.0174
87.0000 0.0176
145.0000 0.0176
91.0000 0.0178
110.0000 0.0178
170.0000 0.0178
212.0000 0.0178
42.0000 0.0179
48.0000 0.0179
82.0000 0.0179
92.0000 0.0180
183.0000 0.0180
230.0000 0.0180
103.0000 0.0181
10.0000 0.0183
18.0000 0.0184
133.0000 0.0184
25.0000 0.0185
181.0000 0.0185
98.0000 0.0187
114.0000 0.0187
40.0000 0.0188
52.0000 0.0189
67.0000 0.0189
46.0000 0.0190
173.0000 0.0190
13.0000 0.0191
107.0000 0.0191
165.0000 0.0191
186.0000 0.0192
8.0000 0.0194
171.0000 0.0194
210.0000 0.0195
39.0000 0.0197
172.0000 0.0198
149.0000 0.0203
142.0000 0.0205
151.0000 0.0205
231.0000 0.0205
49.0000 0.0207
179.0000 0.0209
19.0000 0.0210
148.0000 0.0210
198.0000 0.0210
101.0000 0.0213
188.0000 0.0214
197.0000 0.0214
12.0000 0.0216
104.0000 0.0218
108.0000 0.0218
155.0000 0.0218
97.0000 0.0220
192.0000 0.0221
86.0000 0.0222
204.0000 0.0222
166.0000 0.0223
177.0000 0.0226
70.0000 0.0227
33.0000 0.0232
3.0000 0.0233
163.0000 0.0233
62.0000 0.0234
189.0000 0.0234
75.0000 0.0235
20.0000 0.0236
53.0000 0.0236
176.0000 0.0237
30.0000 0.0238
211.0000 0.0239
232.0000 0.0239
6.0000 0.0240
216.0000 0.0240
225.0000 0.0240
95.0000 0.0241
206.0000 0.0242
22.0000 0.0243
64.0000 0.0244
134.0000 0.0249
100.0000 0.0250
44.0000 0.0251
236.0000 0.0251
77.0000 0.0254
161.0000 0.0254
90.0000 0.0255
159.0000 0.0255
226.0000 0.0255
79.0000 0.0256
195.0000 0.0257
178.0000 0.0258
36.0000 0.0259
124.0000 0.0259
140.0000 0.0259
94.0000 0.0261
229.0000 0.0261
120.0000 0.0262
156.0000 0.0262
180.0000 0.0262
4.0000 0.0263
14.0000 0.0264
131.0000 0.0264
57.0000 0.0266
146.0000 0.0266
84.0000 0.0267
88.0000 0.0267
187.0000 0.0267
24.0000 0.0268
83.0000 0.0268
132.0000 0.0268
214.0000 0.0268
202.0000 0.0269
209.0000 0.0270
217.0000 0.0271
15.0000 0.0274
164.0000 0.0275
219.0000 0.0276
65.0000 0.0277
203.0000 0.0278
158.0000 0.0279
66.0000 0.0281
201.0000 0.0281
81.0000 0.0283
71.0000 0.0284
85.0000 0.0287
136.0000 0.0288
238.0000 0.0288
128.0000 0.0289
50.0000 0.0290
56.0000 0.0290
37.0000 0.0291
69.0000 0.0291
80.0000 0.0291
28.0000 0.0293
168.0000 0.0293
48.0000 0.0295
23.0000 0.0296
29.0000 0.0296
119.0000 0.0296
34.0000 0.0297
196.0000 0.0298
68.0000 0.0299
89.0000 0.0299
116.0000 0.0299
233.0000 0.0299
169.0000 0.0300
237.0000 0.0300
239.0000 0.0300
16.0000 0.0301
165.0000 0.0304
139.0000 0.0306
26.0000 0.0307
31.0000 0.0307
123.0000 0.0307
154.0000 0.0310
218.0000 0.0310
148.0000 0.0312
228.0000 0.0312
231.0000 0.0314
45.0000 0.0315
137.0000 0.0316
157.0000 0.0318
186.0000 0.0318
76.0000 0.0319
174.0000 0.0319
227.0000 0.0319
78.0000 0.0320
96.0000 0.0320
127.0000 0.0321
106.0000 0.0322
138.0000 0.0324
216.0000 0.0325
179.0000 0.0326
58.0000 0.0327
92.0000 0.0329
109.0000 0.0329
47.0000 0.0330
185.0000 0.0331
133.0000 0.0333
173.0000 0.0333
5.0000 0.0334
126.0000 0.0336
147.0000 0.0336
224.0000 0.0337
41.0000 0.0338
151.0000 0.0338
99.0000 0.0340
59.0000 0.0341
188.0000 0.0341
198.0000 0.0342
21.0000 0.0344
114.0000 0.0344
75.0000 0.0345
223.0000 0.0347
18.0000 0.0348
46.0000 0.0348
67.0000 0.0348
20.0000 0.0349
118.0000 0.0349
103.0000 0.0352
155.0000 0.0353
49.0000 0.0354
197.0000 0.0354
8.0000 0.0355
121.0000 0.0355
166.0000 0.0355
204.0000 0.0355
13.0000 0.0356
25.0000 0.0358
39.0000 0.0358
105.0000 0.0358
200.0000 0.0358
30.0000 0.0360
9.0000 0.0361
54.0000 0.0362
107.0000 0.0364
36.0000 0.0365
44.0000 0.0365
82.0000 0.0365
87.0000 0.0365
98.0000 0.0365
177.0000 0.0369
214.0000 0.0372
1.0000 0.0373
57.0000 0.0373
79.0000 0.0373
189.0000 0.0373
163.0000 0.0374
187.0000 0.0374
235.0000 0.0374
19.0000 0.0375
40.0000 0.0375
140.0000 0.0375
150.0000 0.0375
90.0000 0.0376
100.0000 0.0377
101.0000 0.0377
232.0000 0.0377
176.0000 0.0378
115.0000 0.0379
213.0000 0.0379
42.0000 0.0382
209.0000 0.0382
2.0000 0.0384
77.0000 0.0385
145.0000 0.0386
212.0000 0.0386
141.0000 0.0389
91.0000 0.0390
104.0000 0.0391
199.0000 0.0391
7.0000 0.0395
110.0000 0.0395
190.0000 0.0395
84.0000 0.0400
142.0000 0.0400
10.0000 0.0401
108.0000 0.0405
152.0000 0.0405
161.0000 0.0405
180.0000 0.0406
148.0000 0.0407
225.0000 0.0408
159.0000 0.0409
216.0000 0.0410
50.0000 0.0411
195.0000 0.0411
56.0000 0.0412
236.0000 0.0412
193.0000 0.0414
52.0000 0.0417
202.0000 0.0419
48.0000 0.0420
33.0000 0.0422
158.0000 0.0423
153.0000 0.0424
186.0000 0.0424
89.0000 0.0426
231.0000 0.0428
65.0000 0.0429
234.0000 0.0429
6.0000 0.0431
124.0000 0.0431
23.0000 0.0433
165.0000 0.0433
203.0000 0.0433
116.0000 0.0437
60.0000 0.0439
181.0000 0.0440
211.0000 0.0440
219.0000 0.0441
16.0000 0.0442
26.0000 0.0443
66.0000 0.0443
178.0000 0.0444
149.0000 0.0445
179.0000 0.0451
78.0000 0.0455
75.0000 0.0456
106.0000 0.0456
88.0000 0.0457
112.0000 0.0457
173.0000 0.0458
20.0000 0.0459
220.0000 0.0461
119.0000 0.0462
201.0000 0.0462
168.0000 0.0463
130.0000 0.0466
45.0000 0.0468
117.0000 0.0468
156.0000 0.0469
94.0000 0.0471
128.0000 0.0472
229.0000 0.0473
151.0000 0.0474
187.0000 0.0474
214.0000 0.0476
226.0000 0.0476
31.0000 0.0477
76.0000 0.0479
166.0000 0.0479
217.0000 0.0479
59.0000 0.0482
64.0000 0.0482
198.0000 0.0482
79.0000 0.0483
92.0000 0.0483
204.0000 0.0484
44.0000 0.0486
123.0000 0.0487
24.0000 0.0489
63.0000 0.0489
237.0000 0.0489
36.0000 0.0491
93.0000 0.0491
137.0000 0.0491
138.0000 0.0491
174.0000 0.0491
209.0000 0.0491
192.0000 0.0492
196.0000 0.0495
122.0000 0.0496
170.0000 0.0496
188.0000 0.0497
30.0000 0.0499
58.0000 0.0499
86.0000 0.0499
57.0000 0.0500
216.0000 0.0500
162.0000 0.0502
97.0000 0.0503
183.0000 0.0505
100.0000 0.0506
136.0000 0.0507
197.0000 0.0507
70.0000 0.0508
154.0000 0.0508
169.0000 0.0508
127.0000 0.0509
140.0000 0.0509
133.0000 0.0510
227.0000 0.0511
90.0000 0.0512
157.0000 0.0512
230.0000 0.0512
3.0000 0.0513
47.0000 0.0513
155.0000 0.0513
131.0000 0.0514
77.0000 0.0515
189.0000 0.0515
205.0000 0.0515
95.0000 0.0516
102.0000 0.0516
118.0000 0.0517
49.0000 0.0518
126.0000 0.0519
67.0000 0.0522
148.0000 0.0523
4.0000 0.0524
12.0000 0.0524
114.0000 0.0525
176.0000 0.0525
18.0000 0.0526
98.0000 0.0526
185.0000 0.0526
107.0000 0.0527
177.0000 0.0528
84.0000 0.0529
5.0000 0.0532
105.0000 0.0532
29.0000 0.0534
53.0000 0.0534
132.0000 0.0534
224.0000 0.0534
103.0000 0.0535
167.0000 0.0535
232.0000 0.0535
22.0000 0.0536
41.0000 0.0538
56.0000 0.0538
82.0000 0.0538
25.0000 0.0539
40.0000 0.0539
62.0000 0.0539
8.0000 0.0541
218.0000 0.0541
186.0000 0.0542
13.0000 0.0543
46.0000 0.0543
233.0000 0.0543
145.0000 0.0544
99.0000 0.0545
1.0000 0.0546
71.0000 0.0546
121.0000 0.0546
146.0000 0.0546
134.0000 0.0549
231.0000 0.0549
163.0000 0.0550
48.0000 0.0553
165.0000 0.0553
195.0000 0.0553
202.0000 0.0554
9.0000 0.0555
50.0000 0.0555
101.0000 0.0557
104.0000 0.0557
228.0000 0.0558
221.0000 0.0559
19.0000 0.0561
75.0000 0.0561
150.0000 0.0561
212.0000 0.0564
182.0000 0.0566
161.0000 0.0567
225.0000 0.0568
20.0000 0.0569
179.0000 0.0569
187.0000 0.0569
180.0000 0.0573
39.0000 0.0574
85.0000 0.0574
87.0000 0.0574
89.0000 0.0574
34.0000 0.0576
81.0000 0.0577
214.0000 0.0577
26.0000 0.0578
116.0000 0.0578
44.0000 0.0579
65.0000 0.0579
120.0000 0.0579
173.0000 0.0580
69.0000 0.0581
159.0000 0.0581
236.0000 0.0581
23.0000 0.0582
42.0000 0.0583
66.0000 0.0585
216.0000 0.0585
16.0000 0.0586
80.0000 0.0586
222.0000 0.0588
109.0000 0.0593
239.0000 0.0593
83.0000 0.0594
139.0000 0.0594
209.0000 0.0595
36.0000 0.0598
108.0000 0.0598
79.0000 0.0601
142.0000 0.0604
168.0000 0.0604
200.0000 0.0604
158.0000 0.0606
106.0000 0.0607
151.0000 0.0607
128.0000 0.0608
33.0000 0.0610
166.0000 0.0611
45.0000 0.0614
198.0000 0.0614
76.0000 0.0615
119.0000 0.0616
138.0000 0.0616
30.0000 0.0618
78.0000 0.0618
52.0000 0.0619
57.0000 0.0619
148.0000 0.0619
51.0000 0.0621
203.0000 0.0623
77.0000 0.0625
204.0000 0.0625
219.0000 0.0626
21.0000 0.0627
60.0000 0.0627
92.0000 0.0627
90.0000 0.0628
188.0000 0.0628
193.0000 0.0629
31.0000 0.0631
59.0000 0.0631
140.0000 0.0631
124.0000 0.0632
100.0000 0.0633
28.0000 0.0634
211.0000 0.0635
235.0000 0.0635
15.0000 0.0636
137.0000 0.0638
197.0000 0.0640
110.0000 0.0643
6.0000 0.0645
155.0000 0.0645
10.0000 0.0646
189.0000 0.0647
201.0000 0.0647
91.0000 0.0653
156.0000 0.0653
186.0000 0.0657
123.0000 0.0660
187.0000 0.0661
177.0000 0.0662
174.0000 0.0667
232.0000 0.0667
216.0000 0.0670
47.0000 0.0672
226.0000 0.0673
231.0000 0.0673
56.0000 0.0674
75.0000 0.0679
84.0000 0.0680
118.0000 0.0681
107.0000 0.0683
213.0000 0.0685
176.0000 0.0686
214.0000 0.0688
20.0000 0.0689
49.0000 0.0690
165.0000 0.0690
157.0000 0.0691
88.0000 0.0692
179.0000 0.0692
98.0000 0.0693
127.0000 0.0693
50.0000 0.0694
126.0000 0.0694
58.0000 0.0695
229.0000 0.0696
5.0000 0.0697
114.0000 0.0701
99.0000 0.0703
209.0000 0.0704
178.0000 0.0706
48.0000 0.0707
145.0000 0.0710
152.0000 0.0710
46.0000 0.0711
133.0000 0.0711
37.0000 0.0712
173.0000 0.0712
67.0000 0.0713
192.0000 0.0716
196.0000 0.0716
44.0000 0.0718
79.0000 0.0718
103.0000 0.0718
101.0000 0.0719
163.0000 0.0721
237.0000 0.0721
36.0000 0.0723
41.0000 0.0726
169.0000 0.0726
82.0000 0.0727
116.0000 0.0728
202.0000 0.0729
66.0000 0.0733
121.0000 0.0735
153.0000 0.0736
149.0000 0.0737
225.0000 0.0737
148.0000 0.0739
25.0000 0.0741
151.0000 0.0744
19.0000 0.0745
105.0000 0.0745
8.0000 0.0746
161.0000 0.0747
26.0000 0.0749
1.0000 0.0750
89.0000 0.0750
166.0000 0.0751
94.0000 0.0752
9.0000 0.0754
23.0000 0.0757
140.0000 0.0757
195.0000 0.0759
30.0000 0.0760
57.0000 0.0762
187.0000 0.0763
90.0000 0.0765
77.0000 0.0767
16.0000 0.0768
233.0000 0.0768
198.0000 0.0769
40.0000 0.0770
138.0000 0.0770
216.0000 0.0770
106.0000 0.0775
217.0000 0.0775
224.0000 0.0776
131.0000 0.0779
188.0000 0.0779
234.0000 0.0779
13.0000 0.0782
24.0000 0.0782
45.0000 0.0782
76.0000 0.0782
78.0000 0.0783
100.0000 0.0785
236.0000 0.0786
95.0000 0.0793
137.0000 0.0793
185.0000 0.0793
86.0000 0.0794
119.0000 0.0794
197.0000 0.0794
70.0000 0.0795
227.0000 0.0796
42.0000 0.0797
75.0000 0.0797
65.0000 0.0798
142.0000 0.0799
228.0000 0.0801
220.0000 0.0802
231.0000 0.0803
204.0000 0.0804
190.0000 0.0805
186.0000 0.0807
128.0000 0.0808
97.0000 0.0810
104.0000 0.0810
214.0000 0.0810
158.0000 0.0811
18.0000 0.0812
31.0000 0.0812
199.0000 0.0812
20.0000 0.0815
209.0000 0.0816
168.0000 0.0817
219.0000 0.0817
189.0000 0.0818
212.0000 0.0819
203.0000 0.0821
159.0000 0.0822
154.0000 0.0823
180.0000 0.0823
56.0000 0.0825
96.0000 0.0826
52.0000 0.0827
59.0000 0.0827
181.0000 0.0831
64.0000 0.0834
150.0000 0.0835
232.0000 0.0837
177.0000 0.0840
84.0000 0.0841
179.0000 0.0841
4.0000 0.0842
87.0000 0.0842
165.0000 0.0842
176.0000 0.0842
210.0000 0.0842
3.0000 0.0843
92.0000 0.0843
136.0000 0.0845
44.0000 0.0847
10.0000 0.0848
12.0000 0.0848
148.0000 0.0850
146.0000 0.0852
60.0000 0.0854
173.0000 0.0855
218.0000 0.0855
201.0000 0.0859
50.0000 0.0861
108.0000 0.0862
216.0000 0.0863
79.0000 0.0864
107.0000 0.0867
29.0000 0.0868
124.0000 0.0870
36.0000 0.0871
85.0000 0.0871
98.0000 0.0871
123.0000 0.0871
48.0000 0.0873
134.0000 0.0874
53.0000 0.0875
187.0000 0.0875
49.0000 0.0877
127.0000 0.0878
174.0000 0.0881
155.0000 0.0882
211.0000 0.0887
66.0000 0.0888
133.0000 0.0888
91.0000 0.0889
170.0000 0.0890
30.0000 0.0891
39.0000 0.0892
193.0000 0.0892
114.0000 0.0893
132.0000 0.0893
166.0000 0.0893
5.0000 0.0894
77.0000 0.0895
116.0000 0.0896
145.0000 0.0898
157.0000 0.0898
156.0000 0.0900
58.0000 0.0901
67.0000 0.0901
140.0000 0.0901
90.0000 0.0903
103.0000 0.0903
130.0000 0.0905
226.0000 0.0905
100.0000 0.0907
151.0000 0.0907
198.0000 0.0908
14.0000 0.0910
112.0000 0.0910
47.0000 0.0911
83.0000 0.0911
99.0000 0.0914
75.0000 0.0915
57.0000 0.0917
69.0000 0.0917
202.0000 0.0917
62.0000 0.0918
6.0000 0.0920
26.0000 0.0920
101.0000 0.0922
2.0000 0.0923
33.0000 0.0923
225.0000 0.0923
209.0000 0.0924
126.0000 0.0926
23.0000 0.0927
118.0000 0.0927
195.0000 0.0929
163.0000 0.0931
138.0000 0.0932
16.0000 0.0933
46.0000 0.0935
214.0000 0.0937
45.0000 0.0938
106.0000 0.0940
231.0000 0.0941
200.0000 0.0942
20.0000 0.0943
78.0000 0.0944
121.0000 0.0945
161.0000 0.0948
196.0000 0.0949
34.0000 0.0950
82.0000 0.0950
188.0000 0.0950
197.0000 0.0950
22.0000 0.0951
8.0000 0.0953
9.0000 0.0954
179.0000 0.0954
65.0000 0.0956
216.0000 0.0956
1.0000 0.0957
186.0000 0.0958
236.0000 0.0958
89.0000 0.0959
28.0000 0.0960
19.0000 0.0962
31.0000 0.0963
88.0000 0.0963
148.0000 0.0963
204.0000 0.0963
76.0000 0.0964
189.0000 0.0964
41.0000 0.0969
25.0000 0.0971
56.0000 0.0973
44.0000 0.0974
81.0000 0.0974
164.0000 0.0974
13.0000 0.0976
219.0000 0.0977
84.0000 0.0978
119.0000 0.0978
229.0000 0.0978
40.0000 0.0981
59.0000 0.0981
137.0000 0.0982
68.0000 0.0983
79.0000 0.0983
187.0000 0.0987
176.0000 0.0988
139.0000 0.0990
171.0000 0.0993
232.0000 0.0994
36.0000 0.1001
110.0000 0.1003
230.0000 0.1004
173.0000 0.1005
48.0000 0.1006
158.0000 0.1010
177.0000 0.1010
169.0000 0.1016
168.0000 0.1020
203.0000 0.1020
154.0000 0.1021
71.0000 0.1027
50.0000 0.1030
75.0000 0.1032
128.0000 0.1032
92.0000 0.1033
30.0000 0.1034
21.0000 0.1035
147.0000 0.1040
166.0000 0.1047
178.0000 0.1049
209.0000 0.1049
212.0000 0.1050
80.0000 0.1051
77.0000 0.1052
140.0000 0.1053
49.0000 0.1055
151.0000 0.1056
216.0000 0.1061
214.0000 0.1066
237.0000 0.1066
105.0000 0.1067
26.0000 0.1069
98.0000 0.1069
66.0000 0.1073
235.0000 0.1073
224.0000 0.1074
90.0000 0.1075
162.0000 0.1075
57.0000 0.1078
104.0000 0.1078
165.0000 0.1080
116.0000 0.1081
185.0000 0.1083
99.0000 0.1091
148.0000 0.1092
145.0000 0.1095
107.0000 0.1096
18.0000 0.1098
198.0000 0.1098
20.0000 0.1099
67.0000 0.1099
42.0000 0.1100
149.0000 0.1102
179.0000 0.1102
201.0000 0.1102
138.0000 0.1103
231.0000 0.1104
103.0000 0.1105
124.0000 0.1109
187.0000 0.1110
233.0000 0.1110
87.0000 0.1113
180.0000 0.1113
174.0000 0.1119
63.0000 0.1121
186.0000 0.1130
7.0000 0.1131
108.0000 0.1132
89.0000 0.1139
106.0000 0.1145
100.0000 0.1151
155.0000 0.1151
44.0000 0.1161
159.0000 0.1164
16.0000 0.1165
204.0000 0.1170
23.0000 0.1174
123.0000 0.1176
223.0000 0.1176
232.0000 0.1183
5.0000 0.1184
45.0000 0.1184
78.0000 0.1188
127.0000 0.1189
189.0000 0.1192
79.0000 0.1195
157.0000 0.1198
137.0000 0.1199
216.0000 0.1200
209.0000 0.1204
101.0000 0.1206
60.0000 0.1207
56.0000 0.1208
36.0000 0.1209
225.0000 0.1209
202.0000 0.1210
142.0000 0.1211
84.0000 0.1212
75.0000 0.1213
114.0000 0.1213
176.0000 0.1214
163.0000 0.1216
197.0000 0.1221
211.0000 0.1226
58.0000 0.1228
109.0000 0.1230
131.0000 0.1230
177.0000 0.1233
102.0000 0.1234
24.0000 0.1237
214.0000 0.1239
50.0000 0.1240
86.0000 0.1240
77.0000 0.1241
48.0000 0.1242
188.0000 0.1246
173.0000 0.1249
195.0000 0.1249
128.0000 0.1251
133.0000 0.1252
76.0000 0.1258
239.0000 0.1269
30.0000 0.1270
182.0000 0.1275
165.0000 0.1277
187.0000 0.1278
8.0000 0.1281
148.0000 0.1281
19.0000 0.1283
118.0000 0.1283
94.0000 0.1285
220.0000 0.1285
20.0000 0.1286
25.0000 0.1286
26.0000 0.1286
166.0000 0.1288
217.0000 0.1291
4.0000 0.1292
90.0000 0.1293
140.0000 0.1295
161.0000 0.1299
119.0000 0.1300
198.0000 0.1303
151.0000 0.1305
52.0000 0.1319
104.0000 0.1322
179.0000 0.1324
1.0000 0.1328
216.0000 0.1333
82.0000 0.1342
57.0000 0.1367
186.0000 0.1374
