46.0000 0.0041
33.0000 0.0042
35.0000 0.0042
1.0000 0.0046
39.0000 0.0046
53.0000 0.0046
43.0000 0.0050
9.0000 0.0052
32.0000 0.0053
2.0000 0.0054
49.0000 0.0054
59.0000 0.0054
51.0000 0.0058
21.0000 0.0059
34.0000 0.0059
41.0000 0.0059
36.0000 0.0060
15.0000 0.0062
24.0000 0.0063
45.0000 0.0063
3.0000 0.0064
44.0000 0.0065
13.0000 0.0066
50.0000 0.0067
20.0000 0.0068
12.0000 0.0071
54.0000 0.0076
58.0000 0.0076
7.0000 0.0077
5.0000 0.0078
52.0000 0.0078
27.0000 0.0079
4.0000 0.0080
10.0000 0.0085
57.0000 0.0093
37.0000 0.0106
22.0000 0.0126
46.0000 0.0245
