0.0000 0.0000
1.0000 0.0000
2.0000 0.0000
3.0000 0.0000
4.0000 0.0000
5.0000 0.0000
6.0000 0.0000
7.0000 0.0000
8.0000 0.0000
9.0000 0.0000
10.0000 0.0000
11.0000 0.0000
12.0000 0.0000
13.0000 0.0000
14.0000 0.0000
15.0000 0.0000
16.0000 0.0000
17.0000 0.0000
18.0000 0.0000
19.0000 0.0000
20.0000 0.0000
21.0000 0.0000
22.0000 0.0000
23.0000 0.0000
24.0000 0.0000
25.0000 0.0000
26.0000 0.0000
27.0000 0.0000
28.0000 0.0000
29.0000 0.0000
30.0000 0.0000
31.0000 0.0000
32.0000 0.0000
33.0000 0.0000
34.0000 0.0000
35.0000 0.0000
36.0000 0.0000
37.0000 0.0000
38.0000 0.0000
39.0000 0.0000
40.0000 0.0000
41.0000 0.0000
42.0000 0.0000
43.0000 0.0000
44.0000 0.0000
45.0000 0.0000
46.0000 0.0000
47.0000 0.0000
48.0000 0.0000
49.0000 0.0000
50.0000 0.0000
51.0000 0.0000
52.0000 0.0000
53.0000 0.0000
54.0000 0.0000
55.0000 0.0000
56.0000 0.0000
57.0000 0.0000
58.0000 0.0000
59.0000 0.0000
60.0000 0.0000
61.0000 0.0000
62.0000 0.0000
63.0000 0.0000
64.0000 0.0000
65.0000 0.0000
66.0000 0.0000
67.0000 0.0000
68.0000 0.0000
69.0000 0.0000
70.0000 0.0000
71.0000 0.0000
72.0000 0.0000
73.0000 0.0000
74.0000 0.0000
75.0000 0.0000
76.0000 0.0000
77.0000 0.0000
78.0000 0.0000
79.0000 0.0000
80.0000 0.0000
81.0000 0.0000
82.0000 0.0000
83.0000 0.0000
84.0000 0.0000
85.0000 0.0000
86.0000 0.0000
87.0000 0.0000
88.0000 0.0000
89.0000 0.0000
90.0000 0.0000
91.0000 0.0000
92.0000 0.0000
93.0000 0.0000
94.0000 0.0000
95.0000 0.0000
96.0000 0.0000
97.0000 0.0000
98.0000 0.0000
99.0000 0.0000
100.0000 0.0000
101.0000 0.0000
102.0000 0.0000
103.0000 0.0000
104.0000 0.0000
105.0000 0.0000
106.0000 0.0000
107.0000 0.0000
108.0000 0.0000
109.0000 0.0000
110.0000 0.0000
111.0000 0.0000
112.0000 0.0000
113.0000 0.0000
114.0000 0.0000
115.0000 0.0000
116.0000 0.0000
117.0000 0.0000
118.0000 0.0000
119.0000 0.0000
120.0000 0.0000
121.0000 0.0000
122.0000 0.0000
123.0000 0.0000
124.0000 0.0000
125.0000 0.0000
126.0000 0.0000
127.0000 0.0000
128.0000 0.0000
129.0000 0.0000
130.0000 0.0000
131.0000 0.0000
132.0000 0.0000
133.0000 0.0000
134.0000 0.0000
135.0000 0.0000
136.0000 0.0000
137.0000 0.0000
138.0000 0.0000
139.0000 0.0000
140.0000 0.0000
141.0000 0.0000
142.0000 0.0000
143.0000 0.0000
144.0000 0.0000
145.0000 0.0000
146.0000 0.0000
147.0000 0.0000
148.0000 0.0000
149.0000 0.0000
221.0000 0.0038
174.0000 0.0041
176.0000 0.0041
199.0000 0.0043
182.0000 0.0045
153.0000 0.0047
165.0000 0.0047
172.0000 0.0047
188.0000 0.0047
234.0000 0.0047
219.0000 0.0048
156.0000 0.0050
173.0000 0.0050
185.0000 0.0050
190.0000 0.0050
232.0000 0.0050
233.0000 0.0050
171.0000 0.0051
235.0000 0.0052
195.0000 0.0053
223.0000 0.0054
175.0000 0.0056
180.0000 0.0056
224.0000 0.0056
229.0000 0.0058
150.0000 0.0059
222.0000 0.0061
164.0000 0.0062
187.0000 0.0062
212.0000 0.0063
151.0000 0.0065
162.0000 0.0065
193.0000 0.0065
208.0000 0.0065
238.0000 0.0065
155.0000 0.0067
159.0000 0.0067
183.0000 0.0067
167.0000 0.0068
215.0000 0.0068
218.0000 0.0068
210.0000 0.0070
178.0000 0.0071
237.0000 0.0071
228.0000 0.0072
157.0000 0.0073
227.0000 0.0073
163.0000 0.0075
203.0000 0.0078
197.0000 0.0082
194.0000 0.0085
209.0000 0.0085
216.0000 0.0085
239.0000 0.0087
189.0000 0.0088
201.0000 0.0089
154.0000 0.0096
135.0000 0.0109
77.0000 0.0112
198.0000 0.0119
43.0000 0.0121
33.0000 0.0123
130.0000 0.0123
5.0000 0.0127
146.0000 0.0127
0.0000 0.0132
121.0000 0.0133
32.0000 0.0135
20.0000 0.0137
48.0000 0.0137
10.0000 0.0138
161.0000 0.0138
37.0000 0.0141
8.0000 0.0147
68.0000 0.0147
29.0000 0.0148
118.0000 0.0149
2.0000 0.0150
148.0000 0.0153
45.0000 0.0154
79.0000 0.0155
177.0000 0.0158
220.0000 0.0162
111.0000 0.0163
124.0000 0.0164
24.0000 0.0165
52.0000 0.0165
181.0000 0.0165
13.0000 0.0167
119.0000 0.0169
104.0000 0.0171
139.0000 0.0172
160.0000 0.0172
100.0000 0.0176
123.0000 0.0176
142.0000 0.0177
202.0000 0.0178
192.0000 0.0179
86.0000 0.0180
73.0000 0.0181
84.0000 0.0184
6.0000 0.0185
34.0000 0.0185
39.0000 0.0185
16.0000 0.0186
55.0000 0.0186
57.0000 0.0186
103.0000 0.0186
199.0000 0.0188
64.0000 0.0191
134.0000 0.0192
149.0000 0.0192
158.0000 0.0193
35.0000 0.0194
91.0000 0.0195
41.0000 0.0197
126.0000 0.0199
31.0000 0.0200
18.0000 0.0201
92.0000 0.0201
107.0000 0.0202
224.0000 0.0203
185.0000 0.0205
21.0000 0.0206
36.0000 0.0206
60.0000 0.0206
65.0000 0.0206
127.0000 0.0206
56.0000 0.0209
168.0000 0.0209
231.0000 0.0209
153.0000 0.0210
179.0000 0.0210
70.0000 0.0211
174.0000 0.0212
207.0000 0.0213
27.0000 0.0214
80.0000 0.0214
225.0000 0.0214
17.0000 0.0215
190.0000 0.0215
235.0000 0.0215
42.0000 0.0216
215.0000 0.0216
172.0000 0.0217
19.0000 0.0218
53.0000 0.0219
132.0000 0.0219
221.0000 0.0219
97.0000 0.0220
71.0000 0.0221
110.0000 0.0221
196.0000 0.0221
133.0000 0.0222
187.0000 0.0222
58.0000 0.0223
112.0000 0.0224
113.0000 0.0226
173.0000 0.0227
213.0000 0.0227
223.0000 0.0227
102.0000 0.0228
162.0000 0.0228
200.0000 0.0229
51.0000 0.0230
72.0000 0.0230
82.0000 0.0230
85.0000 0.0230
212.0000 0.0231
40.0000 0.0233
23.0000 0.0234
63.0000 0.0234
90.0000 0.0234
136.0000 0.0234
151.0000 0.0235
33.0000 0.0237
239.0000 0.0238
4.0000 0.0239
76.0000 0.0239
83.0000 0.0239
131.0000 0.0240
146.0000 0.0241
180.0000 0.0241
46.0000 0.0243
94.0000 0.0243
171.0000 0.0244
54.0000 0.0245
128.0000 0.0245
195.0000 0.0246
96.0000 0.0247
156.0000 0.0247
109.0000 0.0248
147.0000 0.0248
229.0000 0.0248
214.0000 0.0249
228.0000 0.0249
150.0000 0.0250
233.0000 0.0250
95.0000 0.0251
121.0000 0.0252
144.0000 0.0252
188.0000 0.0252
77.0000 0.0253
183.0000 0.0253
44.0000 0.0254
106.0000 0.0254
208.0000 0.0254
166.0000 0.0255
122.0000 0.0256
130.0000 0.0256
191.0000 0.0256
209.0000 0.0256
5.0000 0.0257
9.0000 0.0257
222.0000 0.0257
48.0000 0.0258
219.0000 0.0258
237.0000 0.0258
43.0000 0.0259
125.0000 0.0259
165.0000 0.0259
15.0000 0.0260
159.0000 0.0260
201.0000 0.0260
135.0000 0.0261
8.0000 0.0262
12.0000 0.0262
74.0000 0.0262
138.0000 0.0262
226.0000 0.0263
232.0000 0.0264
175.0000 0.0265
176.0000 0.0266
227.0000 0.0266
67.0000 0.0267
193.0000 0.0267
238.0000 0.0268
22.0000 0.0269
236.0000 0.0270
10.0000 0.0271
0.0000 0.0272
205.0000 0.0272
69.0000 0.0274
218.0000 0.0274
234.0000 0.0274
20.0000 0.0275
25.0000 0.0275
32.0000 0.0276
99.0000 0.0276
164.0000 0.0276
59.0000 0.0277
29.0000 0.0279
45.0000 0.0279
167.0000 0.0280
197.0000 0.0280
124.0000 0.0281
139.0000 0.0281
189.0000 0.0281
148.0000 0.0283
230.0000 0.0284
118.0000 0.0285
75.0000 0.0286
2.0000 0.0288
79.0000 0.0290
177.0000 0.0290
68.0000 0.0292
52.0000 0.0293
154.0000 0.0293
13.0000 0.0294
24.0000 0.0295
86.0000 0.0297
199.0000 0.0299
203.0000 0.0299
224.0000 0.0299
49.0000 0.0301
157.0000 0.0301
37.0000 0.0303
140.0000 0.0303
182.0000 0.0303
123.0000 0.0304
163.0000 0.0307
185.0000 0.0307
216.0000 0.0307
66.0000 0.0309
100.0000 0.0311
119.0000 0.0312
190.0000 0.0312
211.0000 0.0312
143.0000 0.0314
55.0000 0.0315
107.0000 0.0315
38.0000 0.0316
111.0000 0.0317
161.0000 0.0318
142.0000 0.0319
18.0000 0.0321
210.0000 0.0321
221.0000 0.0322
172.0000 0.0323
194.0000 0.0323
153.0000 0.0325
84.0000 0.0327
34.0000 0.0329
187.0000 0.0331
35.0000 0.0332
149.0000 0.0333
155.0000 0.0333
235.0000 0.0333
113.0000 0.0334
78.0000 0.0335
103.0000 0.0335
146.0000 0.0336
174.0000 0.0336
162.0000 0.0339
6.0000 0.0340
16.0000 0.0341
186.0000 0.0341
202.0000 0.0341
134.0000 0.0342
21.0000 0.0343
80.0000 0.0343
64.0000 0.0346
104.0000 0.0346
151.0000 0.0347
60.0000 0.0348
215.0000 0.0348
19.0000 0.0355
91.0000 0.0355
33.0000 0.0356
77.0000 0.0356
3.0000 0.0359
42.0000 0.0359
223.0000 0.0359
56.0000 0.0360
92.0000 0.0361
132.0000 0.0361
73.0000 0.0364
127.0000 0.0364
212.0000 0.0364
121.0000 0.0365
192.0000 0.0365
198.0000 0.0365
53.0000 0.0366
130.0000 0.0366
160.0000 0.0366
181.0000 0.0366
101.0000 0.0367
220.0000 0.0368
17.0000 0.0371
43.0000 0.0371
180.0000 0.0372
27.0000 0.0373
36.0000 0.0373
48.0000 0.0373
57.0000 0.0373
58.0000 0.0373
31.0000 0.0374
8.0000 0.0377
126.0000 0.0377
136.0000 0.0377
5.0000 0.0378
23.0000 0.0379
65.0000 0.0379
114.0000 0.0381
209.0000 0.0381
112.0000 0.0384
135.0000 0.0384
11.0000 0.0385
41.0000 0.0385
70.0000 0.0386
82.0000 0.0386
110.0000 0.0386
239.0000 0.0386
171.0000 0.0387
156.0000 0.0389
165.0000 0.0389
87.0000 0.0390
183.0000 0.0390
94.0000 0.0391
179.0000 0.0391
39.0000 0.0392
201.0000 0.0392
108.0000 0.0393
228.0000 0.0393
133.0000 0.0395
145.0000 0.0395
229.0000 0.0396
139.0000 0.0397
150.0000 0.0397
72.0000 0.0398
20.0000 0.0399
85.0000 0.0399
10.0000 0.0400
98.0000 0.0400
105.0000 0.0400
148.0000 0.0400
237.0000 0.0400
63.0000 0.0401
224.0000 0.0401
45.0000 0.0402
199.0000 0.0402
208.0000 0.0402
32.0000 0.0403
173.0000 0.0403
232.0000 0.0403
118.0000 0.0404
175.0000 0.0405
124.0000 0.0406
222.0000 0.0406
62.0000 0.0407
4.0000 0.0408
71.0000 0.0408
178.0000 0.0408
0.0000 0.0409
233.0000 0.0409
159.0000 0.0411
29.0000 0.0412
227.0000 0.0413
196.0000 0.0414
231.0000 0.0414
79.0000 0.0415
128.0000 0.0415
86.0000 0.0416
40.0000 0.0417
97.0000 0.0417
68.0000 0.0419
195.0000 0.0419
52.0000 0.0420
176.0000 0.0422
188.0000 0.0422
200.0000 0.0422
218.0000 0.0422
193.0000 0.0423
185.0000 0.0424
221.0000 0.0424
189.0000 0.0425
2.0000 0.0427
24.0000 0.0427
102.0000 0.0427
190.0000 0.0427
146.0000 0.0428
197.0000 0.0429
54.0000 0.0430
219.0000 0.0430
9.0000 0.0432
13.0000 0.0433
46.0000 0.0433
76.0000 0.0434
96.0000 0.0434
158.0000 0.0434
169.0000 0.0434
177.0000 0.0434
95.0000 0.0435
107.0000 0.0435
167.0000 0.0435
172.0000 0.0436
51.0000 0.0437
100.0000 0.0438
164.0000 0.0439
153.0000 0.0440
109.0000 0.0442
123.0000 0.0442
162.0000 0.0442
225.0000 0.0442
125.0000 0.0443
187.0000 0.0443
129.0000 0.0444
207.0000 0.0444
14.0000 0.0446
61.0000 0.0446
113.0000 0.0446
204.0000 0.0446
55.0000 0.0447
142.0000 0.0447
111.0000 0.0448
174.0000 0.0448
84.0000 0.0449
149.0000 0.0449
234.0000 0.0449
235.0000 0.0449
119.0000 0.0450
151.0000 0.0450
18.0000 0.0451
74.0000 0.0451
144.0000 0.0453
238.0000 0.0453
21.0000 0.0455
33.0000 0.0456
77.0000 0.0456
83.0000 0.0456
137.0000 0.0456
138.0000 0.0456
147.0000 0.0456
25.0000 0.0457
80.0000 0.0457
34.0000 0.0459
131.0000 0.0460
99.0000 0.0461
35.0000 0.0462
12.0000 0.0463
67.0000 0.0463
130.0000 0.0463
215.0000 0.0464
43.0000 0.0466
48.0000 0.0466
16.0000 0.0467
106.0000 0.0467
60.0000 0.0468
104.0000 0.0468
50.0000 0.0469
37.0000 0.0471
223.0000 0.0471
44.0000 0.0473
90.0000 0.0473
212.0000 0.0473
121.0000 0.0474
182.0000 0.0474
15.0000 0.0475
5.0000 0.0476
180.0000 0.0476
213.0000 0.0476
8.0000 0.0478
19.0000 0.0478
157.0000 0.0478
64.0000 0.0479
154.0000 0.0480
202.0000 0.0480
163.0000 0.0481
216.0000 0.0481
135.0000 0.0482
203.0000 0.0482
6.0000 0.0483
103.0000 0.0483
161.0000 0.0483
134.0000 0.0484
59.0000 0.0485
209.0000 0.0486
53.0000 0.0488
132.0000 0.0488
92.0000 0.0489
210.0000 0.0489
56.0000 0.0491
75.0000 0.0491
224.0000 0.0492
91.0000 0.0494
127.0000 0.0494
183.0000 0.0495
214.0000 0.0495
239.0000 0.0495
199.0000 0.0496
45.0000 0.0497
58.0000 0.0498
81.0000 0.0498
42.0000 0.0499
136.0000 0.0501
139.0000 0.0504
32.0000 0.0505
171.0000 0.0505
27.0000 0.0506
124.0000 0.0506
118.0000 0.0507
20.0000 0.0508
23.0000 0.0508
36.0000 0.0508
165.0000 0.0508
228.0000 0.0508
31.0000 0.0510
194.0000 0.0510
148.0000 0.0511
17.0000 0.0512
57.0000 0.0512
10.0000 0.0513
65.0000 0.0514
156.0000 0.0514
66.0000 0.0515
122.0000 0.0515
173.0000 0.0515
221.0000 0.0515
201.0000 0.0516
222.0000 0.0516
190.0000 0.0517
69.0000 0.0518
73.0000 0.0518
79.0000 0.0520
82.0000 0.0520
185.0000 0.0520
38.0000 0.0521
146.0000 0.0522
208.0000 0.0522
232.0000 0.0522
112.0000 0.0523
110.0000 0.0526
0.0000 0.0527
41.0000 0.0528
63.0000 0.0528
22.0000 0.0529
70.0000 0.0530
140.0000 0.0531
29.0000 0.0532
229.0000 0.0532
68.0000 0.0533
191.0000 0.0533
192.0000 0.0533
150.0000 0.0534
52.0000 0.0535
237.0000 0.0535
72.0000 0.0536
94.0000 0.0537
160.0000 0.0538
2.0000 0.0539
86.0000 0.0539
179.0000 0.0539
24.0000 0.0540
189.0000 0.0540
233.0000 0.0540
162.0000 0.0542
188.0000 0.0543
175.0000 0.0544
155.0000 0.0545
168.0000 0.0545
172.0000 0.0545
187.0000 0.0545
218.0000 0.0546
4.0000 0.0547
39.0000 0.0547
235.0000 0.0547
153.0000 0.0548
159.0000 0.0550
33.0000 0.0551
166.0000 0.0551
227.0000 0.0551
107.0000 0.0552
133.0000 0.0552
193.0000 0.0553
77.0000 0.0555
126.0000 0.0555
128.0000 0.0556
149.0000 0.0556
195.0000 0.0556
220.0000 0.0556
13.0000 0.0557
151.0000 0.0557
113.0000 0.0558
71.0000 0.0559
93.0000 0.0559
143.0000 0.0560
231.0000 0.0560
198.0000 0.0563
100.0000 0.0564
177.0000 0.0564
48.0000 0.0566
174.0000 0.0566
55.0000 0.0567
130.0000 0.0567
142.0000 0.0567
43.0000 0.0569
84.0000 0.0570
18.0000 0.0571
21.0000 0.0571
123.0000 0.0571
181.0000 0.0571
197.0000 0.0571
236.0000 0.0574
215.0000 0.0575
85.0000 0.0576
119.0000 0.0576
5.0000 0.0577
196.0000 0.0577
230.0000 0.0577
121.0000 0.0578
176.0000 0.0578
135.0000 0.0579
223.0000 0.0579
40.0000 0.0580
80.0000 0.0580
111.0000 0.0580
164.0000 0.0580
219.0000 0.0580
226.0000 0.0580
16.0000 0.0582
212.0000 0.0583
224.0000 0.0583
34.0000 0.0584
51.0000 0.0586
54.0000 0.0587
104.0000 0.0588
9.0000 0.0589
8.0000 0.0590
19.0000 0.0590
96.0000 0.0590
167.0000 0.0590
199.0000 0.0590
60.0000 0.0591
97.0000 0.0591
102.0000 0.0591
101.0000 0.0592
46.0000 0.0594
152.0000 0.0594
239.0000 0.0594
78.0000 0.0595
95.0000 0.0596
49.0000 0.0597
209.0000 0.0597
139.0000 0.0598
180.0000 0.0598
35.0000 0.0599
124.0000 0.0599
45.0000 0.0602
234.0000 0.0602
37.0000 0.0603
76.0000 0.0604
20.0000 0.0606
146.0000 0.0606
221.0000 0.0606
64.0000 0.0607
109.0000 0.0607
200.0000 0.0607
47.0000 0.0608
185.0000 0.0608
238.0000 0.0609
138.0000 0.0610
178.0000 0.0610
6.0000 0.0611
53.0000 0.0611
132.0000 0.0611
148.0000 0.0612
125.0000 0.0613
136.0000 0.0613
183.0000 0.0613
205.0000 0.0613
190.0000 0.0614
202.0000 0.0614
32.0000 0.0615
42.0000 0.0615
103.0000 0.0615
106.0000 0.0615
134.0000 0.0616
158.0000 0.0616
10.0000 0.0617
127.0000 0.0617
25.0000 0.0618
145.0000 0.0620
92.0000 0.0621
56.0000 0.0622
165.0000 0.0623
58.0000 0.0625
118.0000 0.0625
144.0000 0.0625
225.0000 0.0625
74.0000 0.0626
228.0000 0.0627
79.0000 0.0628
131.0000 0.0628
207.0000 0.0629
116.0000 0.0633
201.0000 0.0633
222.0000 0.0633
99.0000 0.0634
161.0000 0.0634
187.0000 0.0634
216.0000 0.0634
83.0000 0.0635
91.0000 0.0635
217.0000 0.0635
157.0000 0.0636
12.0000 0.0637
154.0000 0.0637
163.0000 0.0637
17.0000 0.0638
23.0000 0.0638
29.0000 0.0638
82.0000 0.0638
173.0000 0.0638
182.0000 0.0638
36.0000 0.0639
232.0000 0.0639
31.0000 0.0640
211.0000 0.0640
11.0000 0.0641
27.0000 0.0641
67.0000 0.0641
171.0000 0.0641
68.0000 0.0642
147.0000 0.0642
162.0000 0.0642
0.0000 0.0643
156.0000 0.0643
33.0000 0.0644
90.0000 0.0645
153.0000 0.0645
172.0000 0.0645
52.0000 0.0646
86.0000 0.0646
98.0000 0.0647
105.0000 0.0647
77.0000 0.0648
235.0000 0.0648
65.0000 0.0649
24.0000 0.0650
208.0000 0.0650
237.0000 0.0651
2.0000 0.0652
87.0000 0.0653
94.0000 0.0653
151.0000 0.0653
43.0000 0.0654
44.0000 0.0654
72.0000 0.0654
189.0000 0.0654
150.0000 0.0655
229.0000 0.0655
186.0000 0.0656
110.0000 0.0657
113.0000 0.0657
130.0000 0.0657
15.0000 0.0658
26.0000 0.0658
48.0000 0.0658
59.0000 0.0658
1.0000 0.0659
73.0000 0.0659
57.0000 0.0660
149.0000 0.0661
174.0000 0.0662
175.0000 0.0662
107.0000 0.0663
112.0000 0.0664
114.0000 0.0664
188.0000 0.0664
224.0000 0.0664
193.0000 0.0665
203.0000 0.0665
63.0000 0.0666
108.0000 0.0666
18.0000 0.0667
218.0000 0.0668
5.0000 0.0669
41.0000 0.0669
233.0000 0.0669
199.0000 0.0670
227.0000 0.0670
194.0000 0.0671
210.0000 0.0672
13.0000 0.0673
121.0000 0.0673
123.0000 0.0675
159.0000 0.0675
179.0000 0.0675
21.0000 0.0676
192.0000 0.0676
215.0000 0.0676
3.0000 0.0678
75.0000 0.0679
223.0000 0.0679
4.0000 0.0680
38.0000 0.0680
70.0000 0.0680
55.0000 0.0681
100.0000 0.0681
135.0000 0.0681
80.0000 0.0682
119.0000 0.0682
212.0000 0.0683
142.0000 0.0684
128.0000 0.0685
126.0000 0.0686
84.0000 0.0687
146.0000 0.0687
197.0000 0.0687
111.0000 0.0688
71.0000 0.0689
8.0000 0.0690
19.0000 0.0690
39.0000 0.0691
164.0000 0.0691
177.0000 0.0691
133.0000 0.0692
180.0000 0.0693
66.0000 0.0694
176.0000 0.0694
195.0000 0.0695
139.0000 0.0696
185.0000 0.0696
221.0000 0.0696
34.0000 0.0697
231.0000 0.0697
45.0000 0.0698
60.0000 0.0699
62.0000 0.0699
124.0000 0.0699
141.0000 0.0699
209.0000 0.0699
16.0000 0.0700
122.0000 0.0701
160.0000 0.0701
20.0000 0.0702
35.0000 0.0702
190.0000 0.0702
214.0000 0.0702
219.0000 0.0703
239.0000 0.0704
40.0000 0.0705
104.0000 0.0706
148.0000 0.0708
213.0000 0.0708
10.0000 0.0709
64.0000 0.0712
183.0000 0.0712
9.0000 0.0714
32.0000 0.0714
181.0000 0.0714
155.0000 0.0715
140.0000 0.0718
220.0000 0.0718
6.0000 0.0721
136.0000 0.0722
187.0000 0.0722
234.0000 0.0722
42.0000 0.0723
85.0000 0.0725
103.0000 0.0725
118.0000 0.0726
54.0000 0.0727
127.0000 0.0727
162.0000 0.0727
132.0000 0.0728
79.0000 0.0729
134.0000 0.0729
77.0000 0.0730
196.0000 0.0730
37.0000 0.0731
96.0000 0.0732
29.0000 0.0733
46.0000 0.0733
51.0000 0.0733
191.0000 0.0733
228.0000 0.0733
53.0000 0.0735
202.0000 0.0735
33.0000 0.0737
167.0000 0.0737
0.0000 0.0739
56.0000 0.0739
165.0000 0.0739
58.0000 0.0741
95.0000 0.0741
43.0000 0.0742
81.0000 0.0742
198.0000 0.0743
92.0000 0.0744
153.0000 0.0744
201.0000 0.0744
86.0000 0.0745
109.0000 0.0746
235.0000 0.0746
102.0000 0.0747
222.0000 0.0747
238.0000 0.0747
172.0000 0.0748
52.0000 0.0749
151.0000 0.0749
68.0000 0.0750
97.0000 0.0750
129.0000 0.0750
156.0000 0.0750
48.0000 0.0751
130.0000 0.0751
69.0000 0.0752
125.0000 0.0753
232.0000 0.0753
224.0000 0.0754
2.0000 0.0756
91.0000 0.0756
17.0000 0.0757
24.0000 0.0757
76.0000 0.0757
143.0000 0.0757
82.0000 0.0758
149.0000 0.0758
174.0000 0.0758
137.0000 0.0759
22.0000 0.0760
27.0000 0.0760
171.0000 0.0760
173.0000 0.0760
5.0000 0.0761
23.0000 0.0761
200.0000 0.0761
208.0000 0.0761
204.0000 0.0762
216.0000 0.0762
31.0000 0.0763
113.0000 0.0763
199.0000 0.0763
144.0000 0.0766
36.0000 0.0767
150.0000 0.0768
189.0000 0.0768
61.0000 0.0769
182.0000 0.0769
146.0000 0.0770
229.0000 0.0770
18.0000 0.0771
107.0000 0.0773
121.0000 0.0773
135.0000 0.0773
94.0000 0.0774
161.0000 0.0774
168.0000 0.0774
237.0000 0.0774
106.0000 0.0775
157.0000 0.0776
215.0000 0.0776
12.0000 0.0777
166.0000 0.0777
175.0000 0.0777
25.0000 0.0778
72.0000 0.0778
73.0000 0.0778
101.0000 0.0778
188.0000 0.0778
221.0000 0.0778
65.0000 0.0780
236.0000 0.0780
185.0000 0.0781
158.0000 0.0783
225.0000 0.0783
233.0000 0.0783
74.0000 0.0784
99.0000 0.0785
131.0000 0.0785
138.0000 0.0785
8.0000 0.0786
13.0000 0.0786
21.0000 0.0786
55.0000 0.0786
57.0000 0.0786
119.0000 0.0786
123.0000 0.0786
154.0000 0.0786
212.0000 0.0786
227.0000 0.0786
45.0000 0.0787
80.0000 0.0787
83.0000 0.0787
90.0000 0.0787
218.0000 0.0787
223.0000 0.0787
110.0000 0.0788
142.0000 0.0788
100.0000 0.0789
193.0000 0.0789
112.0000 0.0790
178.0000 0.0790
14.0000 0.0791
180.0000 0.0791
190.0000 0.0791
19.0000 0.0792
44.0000 0.0792
111.0000 0.0792
124.0000 0.0792
207.0000 0.0792
159.0000 0.0793
139.0000 0.0794
147.0000 0.0794
163.0000 0.0794
20.0000 0.0795
63.0000 0.0795
78.0000 0.0795
41.0000 0.0797
84.0000 0.0797
145.0000 0.0797
177.0000 0.0797
226.0000 0.0797
10.0000 0.0799
176.0000 0.0799
239.0000 0.0799
67.0000 0.0800
197.0000 0.0800
34.0000 0.0801
70.0000 0.0801
148.0000 0.0801
169.0000 0.0801
209.0000 0.0801
179.0000 0.0803
49.0000 0.0805
59.0000 0.0805
60.0000 0.0805
35.0000 0.0806
128.0000 0.0806
164.0000 0.0806
16.0000 0.0807
192.0000 0.0807
4.0000 0.0809
50.0000 0.0809
104.0000 0.0809
162.0000 0.0809
187.0000 0.0809
32.0000 0.0811
71.0000 0.0811
231.0000 0.0811
77.0000 0.0812
183.0000 0.0812
230.0000 0.0812
205.0000 0.0813
194.0000 0.0814
33.0000 0.0815
195.0000 0.0815
133.0000 0.0816
136.0000 0.0817
203.0000 0.0817
64.0000 0.0818
6.0000 0.0819
219.0000 0.0819
79.0000 0.0821
118.0000 0.0821
210.0000 0.0821
39.0000 0.0822
40.0000 0.0822
43.0000 0.0822
126.0000 0.0823
15.0000 0.0826
29.0000 0.0826
0.0000 0.0829
87.0000 0.0829
132.0000 0.0829
153.0000 0.0829
42.0000 0.0831
127.0000 0.0832
9.0000 0.0834
103.0000 0.0834
224.0000 0.0834
38.0000 0.0835
130.0000 0.0835
172.0000 0.0835
48.0000 0.0836
134.0000 0.0836
228.0000 0.0836
11.0000 0.0837
53.0000 0.0837
151.0000 0.0837
234.0000 0.0837
105.0000 0.0841
160.0000 0.0841
235.0000 0.0841
222.0000 0.0842
75.0000 0.0843
199.0000 0.0843
202.0000 0.0843
66.0000 0.0844
201.0000 0.0844
149.0000 0.0846
52.0000 0.0847
86.0000 0.0847
98.0000 0.0847
146.0000 0.0847
156.0000 0.0847
85.0000 0.0848
2.0000 0.0849
174.0000 0.0849
232.0000 0.0849
56.0000 0.0850
5.0000 0.0851
68.0000 0.0851
96.0000 0.0851
37.0000 0.0852
165.0000 0.0852
58.0000 0.0854
208.0000 0.0854
220.0000 0.0855
113.0000 0.0856
24.0000 0.0858
155.0000 0.0858
51.0000 0.0859
95.0000 0.0859
221.0000 0.0859
46.0000 0.0860
181.0000 0.0860
92.0000 0.0861
135.0000 0.0862
121.0000 0.0863
167.0000 0.0863
171.0000 0.0863
196.0000 0.0863
238.0000 0.0864
185.0000 0.0865
107.0000 0.0867
82.0000 0.0868
211.0000 0.0868
17.0000 0.0869
18.0000 0.0871
27.0000 0.0871
8.0000 0.0872
140.0000 0.0872
91.0000 0.0873
102.0000 0.0873
189.0000 0.0873
23.0000 0.0874
31.0000 0.0874
36.0000 0.0876
122.0000 0.0876
173.0000 0.0877
150.0000 0.0879
93.0000 0.0880
229.0000 0.0880
186.0000 0.0881
215.0000 0.0881
21.0000 0.0882
97.0000 0.0882
212.0000 0.0882
119.0000 0.0883
190.0000 0.0884
109.0000 0.0885
125.0000 0.0885
237.0000 0.0886
45.0000 0.0887
72.0000 0.0888
142.0000 0.0889
175.0000 0.0889
198.0000 0.0889
139.0000 0.0890
223.0000 0.0890
124.0000 0.0891
191.0000 0.0891
54.0000 0.0892
55.0000 0.0892
214.0000 0.0892
80.0000 0.0893
123.0000 0.0894
180.0000 0.0894
187.0000 0.0894
10.0000 0.0896
94.0000 0.0896
188.0000 0.0896
193.0000 0.0896
19.0000 0.0897
20.0000 0.0898
162.0000 0.0898
77.0000 0.0899
182.0000 0.0900
13.0000 0.0901
111.0000 0.0901
65.0000 0.0902
233.0000 0.0902
32.0000 0.0903
148.0000 0.0903
209.0000 0.0903
177.0000 0.0904
216.0000 0.0904
239.0000 0.0904
60.0000 0.0905
144.0000 0.0905
33.0000 0.0906
43.0000 0.0906
100.0000 0.0906
114.0000 0.0906
73.0000 0.0907
161.0000 0.0907
76.0000 0.0908
84.0000 0.0909
90.0000 0.0909
218.0000 0.0909
120.0000 0.0911
34.0000 0.0912
104.0000 0.0912
57.0000 0.0913
108.0000 0.0913
35.0000 0.0914
157.0000 0.0914
176.0000 0.0914
197.0000 0.0914
200.0000 0.0914
79.0000 0.0915
110.0000 0.0915
183.0000 0.0915
16.0000 0.0916
224.0000 0.0916
12.0000 0.0917
136.0000 0.0918
159.0000 0.0918
112.0000 0.0919
164.0000 0.0919
227.0000 0.0919
63.0000 0.0920
25.0000 0.0921
41.0000 0.0921
179.0000 0.0921
48.0000 0.0922
153.0000 0.0923
213.0000 0.0923
130.0000 0.0924
225.0000 0.0924
47.0000 0.0925
118.0000 0.0925
154.0000 0.0925
0.0000 0.0926
70.0000 0.0926
128.0000 0.0926
146.0000 0.0926
151.0000 0.0926
199.0000 0.0926
6.0000 0.0927
29.0000 0.0927
106.0000 0.0927
172.0000 0.0930
235.0000 0.0930
3.0000 0.0931
74.0000 0.0931
64.0000 0.0932
158.0000 0.0932
5.0000 0.0935
83.0000 0.0935
4.0000 0.0936
71.0000 0.0936
231.0000 0.0936
99.0000 0.0937
127.0000 0.0938
195.0000 0.0938
221.0000 0.0939
2.0000 0.0940
228.0000 0.0940
131.0000 0.0941
44.0000 0.0942
103.0000 0.0943
143.0000 0.0943
163.0000 0.0943
174.0000 0.0943
201.0000 0.0944
113.0000 0.0945
192.0000 0.0945
52.0000 0.0946
116.0000 0.0946
67.0000 0.0947
149.0000 0.0947
24.0000 0.0948
69.0000 0.0948
166.0000 0.0948
219.0000 0.0948
121.0000 0.0949
40.0000 0.0950
42.0000 0.0950
62.0000 0.0950
68.0000 0.0950
101.0000 0.0950
132.0000 0.0950
156.0000 0.0950
222.0000 0.0950
232.0000 0.0951
86.0000 0.0952
138.0000 0.0952
134.0000 0.0953
203.0000 0.0954
133.0000 0.0955
178.0000 0.0955
185.0000 0.0955
9.0000 0.0956
135.0000 0.0957
145.0000 0.0957
202.0000 0.0958
208.0000 0.0958
234.0000 0.0959
8.0000 0.0960
22.0000 0.0960
126.0000 0.0961
207.0000 0.0961
39.0000 0.0962
53.0000 0.0962
59.0000 0.0963
37.0000 0.0964
56.0000 0.0964
107.0000 0.0964
147.0000 0.0964
165.0000 0.0964
18.0000 0.0966
58.0000 0.0967
190.0000 0.0968
210.0000 0.0968
212.0000 0.0968
171.0000 0.0970
194.0000 0.0970
81.0000 0.0971
92.0000 0.0971
215.0000 0.0972
17.0000 0.0973
160.0000 0.0973
189.0000 0.0975
31.0000 0.0976
36.0000 0.0980
21.0000 0.0981
45.0000 0.0981
82.0000 0.0981
80.0000 0.0982
119.0000 0.0982
223.0000 0.0982
187.0000 0.0984
77.0000 0.0985
124.0000 0.0985
139.0000 0.0985
78.0000 0.0986
162.0000 0.0986
10.0000 0.0987
33.0000 0.0987
51.0000 0.0987
96.0000 0.0987
142.0000 0.0987
1.0000 0.0988
20.0000 0.0988
23.0000 0.0988
27.0000 0.0988
43.0000 0.0988
237.0000 0.0988
95.0000 0.0989
173.0000 0.0989
75.0000 0.0990
150.0000 0.0990
229.0000 0.0990
238.0000 0.0990
46.0000 0.0991
175.0000 0.0991
180.0000 0.0991
123.0000 0.0992
168.0000 0.0992
55.0000 0.0993
91.0000 0.0993
15.0000 0.0994
38.0000 0.0994
181.0000 0.0994
19.0000 0.0995
85.0000 0.0995
167.0000 0.0995
224.0000 0.0996
66.0000 0.0997
209.0000 0.0997
148.0000 0.0998
13.0000 0.0999
109.0000 0.0999
193.0000 0.0999
72.0000 0.1001
188.0000 0.1001
236.0000 0.1001
32.0000 0.1002
196.0000 0.1002
220.0000 0.1002
233.0000 0.1002
146.0000 0.1003
111.0000 0.1005
79.0000 0.1006
48.0000 0.1007
94.0000 0.1007
239.0000 0.1007
60.0000 0.1009
102.0000 0.1009
100.0000 0.1010
97.0000 0.1011
199.0000 0.1011
84.0000 0.1012
183.0000 0.1012
35.0000 0.1013
130.0000 0.1013
153.0000 0.1014
151.0000 0.1015
177.0000 0.1015
226.0000 0.1015
29.0000 0.1017
221.0000 0.1017
230.0000 0.1017
235.0000 0.1017
104.0000 0.1018
0.0000 0.1019
34.0000 0.1019
73.0000 0.1019
125.0000 0.1020
5.0000 0.1021
11.0000 0.1021
16.0000 0.1021
136.0000 0.1021
65.0000 0.1022
118.0000 0.1022
172.0000 0.1024
57.0000 0.1025
176.0000 0.1025
197.0000 0.1025
205.0000 0.1025
87.0000 0.1027
161.0000 0.1027
105.0000 0.1028
129.0000 0.1028
159.0000 0.1028
217.0000 0.1028
152.0000 0.1029
155.0000 0.1029
227.0000 0.1030
88.0000 0.1031
216.0000 0.1032
218.0000 0.1032
164.0000 0.1033
112.0000 0.1034
182.0000 0.1034
185.0000 0.1035
2.0000 0.1036
6.0000 0.1036
110.0000 0.1037
149.0000 0.1037
179.0000 0.1037
64.0000 0.1038
121.0000 0.1038
137.0000 0.1038
98.0000 0.1039
26.0000 0.1040
52.0000 0.1040
144.0000 0.1040
174.0000 0.1040
41.0000 0.1041
63.0000 0.1041
113.0000 0.1042
24.0000 0.1044
54.0000 0.1044
68.0000 0.1044
86.0000 0.1044
135.0000 0.1044
70.0000 0.1045
8.0000 0.1046
128.0000 0.1047
140.0000 0.1047
228.0000 0.1047
90.0000 0.1048
127.0000 0.1048
198.0000 0.1048
201.0000 0.1048
156.0000 0.1049
157.0000 0.1049
103.0000 0.1050
222.0000 0.1050
190.0000 0.1051
195.0000 0.1051
76.0000 0.1053
212.0000 0.1055
231.0000 0.1055
42.0000 0.1056
122.0000 0.1056
191.0000 0.1056
12.0000 0.1057
14.0000 0.1057
4.0000 0.1058
74.0000 0.1058
200.0000 0.1058
204.0000 0.1058
25.0000 0.1059
232.0000 0.1059
18.0000 0.1060
49.0000 0.1060
71.0000 0.1060
107.0000 0.1061
132.0000 0.1061
154.0000 0.1062
187.0000 0.1064
40.0000 0.1065
134.0000 0.1065
162.0000 0.1065
208.0000 0.1065
53.0000 0.1066
77.0000 0.1066
225.0000 0.1066
165.0000 0.1067
214.0000 0.1067
10.0000 0.1068
124.0000 0.1068
43.0000 0.1069
158.0000 0.1069
202.0000 0.1069
21.0000 0.1071
33.0000 0.1071
45.0000 0.1071
163.0000 0.1071
219.0000 0.1071
99.0000 0.1072
215.0000 0.1072
58.0000 0.1073
106.0000 0.1073
223.0000 0.1074
9.0000 0.1075
224.0000 0.1075
56.0000 0.1076
133.0000 0.1076
139.0000 0.1076
142.0000 0.1076
234.0000 0.1076
36.0000 0.1077
83.0000 0.1077
131.0000 0.1077
171.0000 0.1077
192.0000 0.1077
37.0000 0.1078
119.0000 0.1078
17.0000 0.1079
20.0000 0.1080
189.0000 0.1080
80.0000 0.1081
126.0000 0.1081
146.0000 0.1081
237.0000 0.1081
92.0000 0.1082
138.0000 0.1082
180.0000 0.1082
211.0000 0.1082
67.0000 0.1083
169.0000 0.1083
173.0000 0.1084
31.0000 0.1085
148.0000 0.1085
44.0000 0.1086
123.0000 0.1086
39.0000 0.1087
48.0000 0.1087
61.0000 0.1087
186.0000 0.1087
82.0000 0.1089
199.0000 0.1089
209.0000 0.1089
55.0000 0.1090
130.0000 0.1090
23.0000 0.1091
175.0000 0.1091
19.0000 0.1092
79.0000 0.1092
229.0000 0.1092
150.0000 0.1094
27.0000 0.1095
203.0000 0.1095
13.0000 0.1096
91.0000 0.1096
221.0000 0.1096
32.0000 0.1097
151.0000 0.1099
188.0000 0.1099
238.0000 0.1100
194.0000 0.1101
233.0000 0.1101
153.0000 0.1102
207.0000 0.1102
50.0000 0.1103
96.0000 0.1103
143.0000 0.1103
183.0000 0.1103
193.0000 0.1103
235.0000 0.1103
51.0000 0.1104
178.0000 0.1104
29.0000 0.1105
160.0000 0.1105
172.0000 0.1105
210.0000 0.1105
239.0000 0.1105
5.0000 0.1106
89.0000 0.1106
59.0000 0.1108
147.0000 0.1108
95.0000 0.1109
111.0000 0.1109
60.0000 0.1110
35.0000 0.1111
94.0000 0.1111
84.0000 0.1112
100.0000 0.1112
69.0000 0.1113
72.0000 0.1113
109.0000 0.1113
136.0000 0.1113
185.0000 0.1113
0.0000 0.1114
118.0000 0.1115
167.0000 0.1115
46.0000 0.1117
166.0000 0.1117
101.0000 0.1118
104.0000 0.1118
85.0000 0.1119
213.0000 0.1119
34.0000 0.1121
38.0000 0.1121
121.0000 0.1122
181.0000 0.1122
2.0000 0.1124
114.0000 0.1125
145.0000 0.1125
149.0000 0.1126
177.0000 0.1126
196.0000 0.1127
135.0000 0.1128
65.0000 0.1129
73.0000 0.1130
108.0000 0.1130
16.0000 0.1131
97.0000 0.1131
190.0000 0.1131
197.0000 0.1131
113.0000 0.1132
176.0000 0.1132
8.0000 0.1133
57.0000 0.1135
66.0000 0.1137
68.0000 0.1137
220.0000 0.1137
24.0000 0.1138
52.0000 0.1138
86.0000 0.1138
174.0000 0.1139
218.0000 0.1139
75.0000 0.1140
102.0000 0.1140
125.0000 0.1141
227.0000 0.1141
22.0000 0.1142
159.0000 0.1142
161.0000 0.1142
164.0000 0.1142
6.0000 0.1143
15.0000 0.1143
64.0000 0.1143
112.0000 0.1143
141.0000 0.1143
212.0000 0.1143
187.0000 0.1144
228.0000 0.1144
77.0000 0.1146
110.0000 0.1146
216.0000 0.1146
222.0000 0.1147
156.0000 0.1149
162.0000 0.1149
107.0000 0.1150
127.0000 0.1150
201.0000 0.1150
224.0000 0.1150
43.0000 0.1151
182.0000 0.1151
33.0000 0.1152
124.0000 0.1153
3.0000 0.1155
103.0000 0.1155
45.0000 0.1156
179.0000 0.1157
10.0000 0.1158
18.0000 0.1158
146.0000 0.1158
41.0000 0.1159
128.0000 0.1159
70.0000 0.1160
93.0000 0.1161
232.0000 0.1161
195.0000 0.1162
165.0000 0.1163
21.0000 0.1164
53.0000 0.1164
231.0000 0.1164
42.0000 0.1165
78.0000 0.1165
142.0000 0.1165
144.0000 0.1165
63.0000 0.1166
132.0000 0.1166
157.0000 0.1166
139.0000 0.1167
208.0000 0.1167
48.0000 0.1168
215.0000 0.1169
20.0000 0.1170
199.0000 0.1170
223.0000 0.1170
236.0000 0.1170
71.0000 0.1171
134.0000 0.1171
180.0000 0.1171
148.0000 0.1172
58.0000 0.1173
62.0000 0.1173
76.0000 0.1173
221.0000 0.1173
4.0000 0.1174
12.0000 0.1174
54.0000 0.1174
90.0000 0.1174
80.0000 0.1175
130.0000 0.1175
40.0000 0.1178
171.0000 0.1178
202.0000 0.1178
237.0000 0.1178
209.0000 0.1179
234.0000 0.1179
19.0000 0.1180
25.0000 0.1180
36.0000 0.1180
81.0000 0.1180
189.0000 0.1181
119.0000 0.1182
151.0000 0.1182
155.0000 0.1182
168.0000 0.1182
17.0000 0.1183
37.0000 0.1183
56.0000 0.1183
154.0000 0.1183
173.0000 0.1183
153.0000 0.1184
11.0000 0.1185
79.0000 0.1186
32.0000 0.1187
123.0000 0.1187
9.0000 0.1188
13.0000 0.1188
219.0000 0.1188
235.0000 0.1188
226.0000 0.1189
55.0000 0.1190
105.0000 0.1190
192.0000 0.1190
198.0000 0.1190
5.0000 0.1191
74.0000 0.1191
29.0000 0.1192
47.0000 0.1192
200.0000 0.1193
185.0000 0.1194
239.0000 0.1194
92.0000 0.1195
23.0000 0.1196
31.0000 0.1197
106.0000 0.1197
140.0000 0.1197
229.0000 0.1197
233.0000 0.1197
133.0000 0.1198
172.0000 0.1198
175.0000 0.1198
225.0000 0.1198
39.0000 0.1199
82.0000 0.1199
91.0000 0.1199
183.0000 0.1199
150.0000 0.1201
193.0000 0.1201
27.0000 0.1202
121.0000 0.1202
99.0000 0.1203
163.0000 0.1203
87.0000 0.1204
100.0000 0.1204
35.0000 0.1205
60.0000 0.1205
122.0000 0.1206
84.0000 0.1207
111.0000 0.1207
118.0000 0.1207
136.0000 0.1208
188.0000 0.1209
0.0000 0.1210
190.0000 0.1210
83.0000 0.1211
126.0000 0.1212
131.0000 0.1212
138.0000 0.1212
67.0000 0.1213
191.0000 0.1214
94.0000 0.1215
238.0000 0.1215
2.0000 0.1216
51.0000 0.1216
135.0000 0.1216
158.0000 0.1216
104.0000 0.1217
149.0000 0.1217
34.0000 0.1219
72.0000 0.1220
230.0000 0.1220
8.0000 0.1222
96.0000 0.1222
44.0000 0.1223
113.0000 0.1225
224.0000 0.1225
43.0000 0.1226
77.0000 0.1226
98.0000 0.1226
68.0000 0.1227
187.0000 0.1227
24.0000 0.1228
174.0000 0.1228
16.0000 0.1230
1.0000 0.1231
52.0000 0.1232
212.0000 0.1232
146.0000 0.1233
33.0000 0.1234
95.0000 0.1234
162.0000 0.1235
86.0000 0.1236
160.0000 0.1236
167.0000 0.1237
194.0000 0.1237
205.0000 0.1237
197.0000 0.1238
203.0000 0.1239
73.0000 0.1241
64.0000 0.1242
177.0000 0.1242
228.0000 0.1242
218.0000 0.1243
45.0000 0.1244
65.0000 0.1244
107.0000 0.1244
124.0000 0.1244
201.0000 0.1244
109.0000 0.1245
156.0000 0.1245
6.0000 0.1246
164.0000 0.1246
207.0000 0.1246
46.0000 0.1247
199.0000 0.1247
10.0000 0.1249
59.0000 0.1249
176.0000 0.1249
210.0000 0.1249
57.0000 0.1250
214.0000 0.1250
227.0000 0.1250
18.0000 0.1252
48.0000 0.1252
159.0000 0.1252
222.0000 0.1252
221.0000 0.1254
127.0000 0.1255
139.0000 0.1255
21.0000 0.1256
97.0000 0.1256
110.0000 0.1256
129.0000 0.1256
196.0000 0.1257
142.0000 0.1258
112.0000 0.1259
147.0000 0.1260
161.0000 0.1260
180.0000 0.1260
223.0000 0.1260
181.0000 0.1261
232.0000 0.1261
102.0000 0.1262
103.0000 0.1262
137.0000 0.1262
215.0000 0.1262
130.0000 0.1263
148.0000 0.1263
20.0000 0.1264
38.0000 0.1264
85.0000 0.1265
153.0000 0.1265
165.0000 0.1265
195.0000 0.1265
216.0000 0.1265
42.0000 0.1267
143.0000 0.1267
125.0000 0.1268
128.0000 0.1268
132.0000 0.1268
178.0000 0.1268
41.0000 0.1269
80.0000 0.1270
186.0000 0.1270
101.0000 0.1271
151.0000 0.1272
208.0000 0.1273
19.0000 0.1274
182.0000 0.1274
5.0000 0.1275
69.0000 0.1275
119.0000 0.1275
209.0000 0.1275
53.0000 0.1276
185.0000 0.1276
235.0000 0.1276
134.0000 0.1277
32.0000 0.1278
63.0000 0.1278
171.0000 0.1278
220.0000 0.1278
29.0000 0.1279
49.0000 0.1279
116.0000 0.1279
231.0000 0.1279
237.0000 0.1279
123.0000 0.1280
173.0000 0.1280
36.0000 0.1281
58.0000 0.1281
79.0000 0.1281
13.0000 0.1282
179.0000 0.1282
70.0000 0.1283
202.0000 0.1284
239.0000 0.1284
55.0000 0.1285
172.0000 0.1285
189.0000 0.1286
71.0000 0.1287
121.0000 0.1288
4.0000 0.1289
17.0000 0.1289
234.0000 0.1289
75.0000 0.1290
40.0000 0.1291
144.0000 0.1291
190.0000 0.1291
12.0000 0.1292
56.0000 0.1292
66.0000 0.1292
157.0000 0.1292
22.0000 0.1293
183.0000 0.1293
233.0000 0.1293
92.0000 0.1294
166.0000 0.1294
9.0000 0.1295
145.0000 0.1295
219.0000 0.1295
76.0000 0.1296
84.0000 0.1296
135.0000 0.1298
0.0000 0.1299
136.0000 0.1299
150.0000 0.1299
175.0000 0.1299
23.0000 0.1300
35.0000 0.1300
60.0000 0.1300
82.0000 0.1300
154.0000 0.1300
118.0000 0.1301
188.0000 0.1301
31.0000 0.1302
211.0000 0.1302
224.0000 0.1302
37.0000 0.1303
229.0000 0.1303
43.0000 0.1304
90.0000 0.1304
193.0000 0.1304
54.0000 0.1305
100.0000 0.1305
146.0000 0.1305
2.0000 0.1306
8.0000 0.1306
15.0000 0.1307
91.0000 0.1307
187.0000 0.1307
77.0000 0.1308
111.0000 0.1308
25.0000 0.1309
14.0000 0.1310
27.0000 0.1311
149.0000 0.1312
192.0000 0.1312
33.0000 0.1313
94.0000 0.1313
162.0000 0.1314
213.0000 0.1314
34.0000 0.1315
113.0000 0.1315
174.0000 0.1315
74.0000 0.1317
68.0000 0.1318
52.0000 0.1319
24.0000 0.1320
104.0000 0.1320
106.0000 0.1322
114.0000 0.1322
133.0000 0.1322
199.0000 0.1322
238.0000 0.1323
72.0000 0.1324
212.0000 0.1324
39.0000 0.1326
126.0000 0.1326
155.0000 0.1326
124.0000 0.1327
200.0000 0.1328
221.0000 0.1329
86.0000 0.1330
61.0000 0.1331
16.0000 0.1332
48.0000 0.1332
45.0000 0.1333
163.0000 0.1335
225.0000 0.1335
83.0000 0.1336
78.0000 0.1337
198.0000 0.1337
51.0000 0.1338
107.0000 0.1338
64.0000 0.1340
228.0000 0.1340
10.0000 0.1341
99.0000 0.1341
138.0000 0.1341
201.0000 0.1342
6.0000 0.1343
139.0000 0.1343
142.0000 0.1343
197.0000 0.1343
67.0000 0.1344
130.0000 0.1344
73.0000 0.1345
18.0000 0.1346
108.0000 0.1346
204.0000 0.1347
222.0000 0.1347
3.0000 0.1348
96.0000 0.1348
148.0000 0.1348
232.0000 0.1348
140.0000 0.1349
156.0000 0.1349
177.0000 0.1349
105.0000 0.1350
20.0000 0.1352
21.0000 0.1352
65.0000 0.1352
153.0000 0.1352
223.0000 0.1352
158.0000 0.1353
176.0000 0.1354
180.0000 0.1354
218.0000 0.1354
5.0000 0.1355
95.0000 0.1355
215.0000 0.1355
131.0000 0.1357
151.0000 0.1357
227.0000 0.1357
164.0000 0.1358
169.0000 0.1358
44.0000 0.1359
11.0000 0.1360
103.0000 0.1360
160.0000 0.1360
165.0000 0.1360
127.0000 0.1361
159.0000 0.1361
185.0000 0.1361
235.0000 0.1361
236.0000 0.1361
79.0000 0.1364
57.0000 0.1365
80.0000 0.1365
167.0000 0.1365
119.0000 0.1366
209.0000 0.1366
46.0000 0.1367
112.0000 0.1368
19.0000 0.1369
29.0000 0.1369
32.0000 0.1369
50.0000 0.1369
152.0000 0.1369
191.0000 0.1369
110.0000 0.1370
121.0000 0.1371
123.0000 0.1371
26.0000 0.1372
109.0000 0.1372
172.0000 0.1372
190.0000 0.1372
59.0000 0.1373
122.0000 0.1373
195.0000 0.1373
208.0000 0.1373
217.0000 0.1373
42.0000 0.1374
226.0000 0.1374
239.0000 0.1375
41.0000 0.1376
134.0000 0.1376
216.0000 0.1376
194.0000 0.1377
13.0000 0.1378
132.0000 0.1378
171.0000 0.1378
203.0000 0.1378
210.0000 0.1378
146.0000 0.1379
189.0000 0.1379
161.0000 0.1380
224.0000 0.1380
97.0000 0.1381
196.0000 0.1381
36.0000 0.1382
53.0000 0.1382
237.0000 0.1382
43.0000 0.1383
183.0000 0.1383
125.0000 0.1384
55.0000 0.1385
128.0000 0.1385
135.0000 0.1385
181.0000 0.1386
187.0000 0.1386
62.0000 0.1387
77.0000 0.1387
102.0000 0.1387
168.0000 0.1387
173.0000 0.1387
85.0000 0.1388
58.0000 0.1389
98.0000 0.1389
136.0000 0.1390
202.0000 0.1390
0.0000 0.1391
8.0000 0.1391
33.0000 0.1391
84.0000 0.1391
81.0000 0.1392
17.0000 0.1393
92.0000 0.1393
118.0000 0.1393
231.0000 0.1393
35.0000 0.1395
234.0000 0.1395
70.0000 0.1396
162.0000 0.1396
87.0000 0.1397
182.0000 0.1397
56.0000 0.1398
63.0000 0.1398
233.0000 0.1398
100.0000 0.1399
149.0000 0.1399
150.0000 0.1399
179.0000 0.1399
219.0000 0.1399
2.0000 0.1400
60.0000 0.1400
199.0000 0.1400
207.0000 0.1400
38.0000 0.1401
40.0000 0.1401
229.0000 0.1402
4.0000 0.1403
147.0000 0.1403
111.0000 0.1404
175.0000 0.1404
9.0000 0.1405
31.0000 0.1405
71.0000 0.1405
188.0000 0.1405
212.0000 0.1405
23.0000 0.1406
220.0000 0.1406
230.0000 0.1406
52.0000 0.1407
113.0000 0.1407
178.0000 0.1407
221.0000 0.1407
174.0000 0.1408
193.0000 0.1408
68.0000 0.1409
82.0000 0.1409
157.0000 0.1409
12.0000 0.1410
48.0000 0.1410
91.0000 0.1410
205.0000 0.1410
24.0000 0.1411
124.0000 0.1411
34.0000 0.1412
94.0000 0.1412
154.0000 0.1413
86.0000 0.1415
37.0000 0.1417
76.0000 0.1417
27.0000 0.1418
45.0000 0.1419
101.0000 0.1419
144.0000 0.1419
104.0000 0.1420
93.0000 0.1421
192.0000 0.1421
88.0000 0.1423
10.0000 0.1424
90.0000 0.1424
130.0000 0.1424
143.0000 0.1424
228.0000 0.1424
214.0000 0.1425
66.0000 0.1426
72.0000 0.1427
139.0000 0.1428
25.0000 0.1429
153.0000 0.1429
238.0000 0.1429
18.0000 0.1431
201.0000 0.1431
16.0000 0.1432
107.0000 0.1432
69.0000 0.1433
186.0000 0.1433
54.0000 0.1434
6.0000 0.1435
5.0000 0.1436
185.0000 0.1436
64.0000 0.1437
145.0000 0.1437
148.0000 0.1437
156.0000 0.1437
21.0000 0.1438
75.0000 0.1438
142.0000 0.1438
222.0000 0.1438
223.0000 0.1438
74.0000 0.1441
232.0000 0.1441
20.0000 0.1442
151.0000 0.1442
235.0000 0.1442
133.0000 0.1443
180.0000 0.1444
197.0000 0.1444
126.0000 0.1445
215.0000 0.1445
39.0000 0.1446
106.0000 0.1446
73.0000 0.1450
79.0000 0.1450
177.0000 0.1451
190.0000 0.1452
172.0000 0.1453
32.0000 0.1454
127.0000 0.1454
163.0000 0.1454
176.0000 0.1454
96.0000 0.1455
200.0000 0.1455
146.0000 0.1456
164.0000 0.1456
224.0000 0.1456
15.0000 0.1457
29.0000 0.1457
51.0000 0.1457
119.0000 0.1457
121.0000 0.1457
65.0000 0.1458
165.0000 0.1458
209.0000 0.1459
43.0000 0.1460
22.0000 0.1461
166.0000 0.1461
155.0000 0.1463
123.0000 0.1464
19.0000 0.1465
47.0000 0.1465
57.0000 0.1465
80.0000 0.1465
103.0000 0.1465
159.0000 0.1465
225.0000 0.1465
218.0000 0.1466
141.0000 0.1467
83.0000 0.1468
160.0000 0.1468
187.0000 0.1468
77.0000 0.1470
99.0000 0.1470
239.0000 0.1470
67.0000 0.1471
138.0000 0.1471
33.0000 0.1472
208.0000 0.1472
227.0000 0.1472
42.0000 0.1473
95.0000 0.1473
189.0000 0.1474
135.0000 0.1475
13.0000 0.1477
110.0000 0.1477
183.0000 0.1477
195.0000 0.1477
171.0000 0.1479
8.0000 0.1480
140.0000 0.1480
162.0000 0.1480
199.0000 0.1481
129.0000 0.1484
134.0000 0.1484
55.0000 0.1485
132.0000 0.1485
198.0000 0.1485
36.0000 0.1486
112.0000 0.1486
136.0000 0.1487
237.0000 0.1487
41.0000 0.1488
109.0000 0.1488
167.0000 0.1488
221.0000 0.1488
46.0000 0.1489
118.0000 0.1489
149.0000 0.1489
0.0000 0.1490
2.0000 0.1490
44.0000 0.1491
84.0000 0.1491
53.0000 0.1493
48.0000 0.1494
137.0000 0.1494
158.0000 0.1494
173.0000 0.1494
202.0000 0.1494
113.0000 0.1495
212.0000 0.1495
35.0000 0.1496
131.0000 0.1496
1.0000 0.1497
58.0000 0.1497
128.0000 0.1497
17.0000 0.1498
52.0000 0.1498
124.0000 0.1498
49.0000 0.1499
150.0000 0.1500
174.0000 0.1501
68.0000 0.1502
92.0000 0.1502
100.0000 0.1502
182.0000 0.1502
60.0000 0.1503
111.0000 0.1503
45.0000 0.1504
216.0000 0.1504
233.0000 0.1504
229.0000 0.1506
175.0000 0.1507
194.0000 0.1507
10.0000 0.1508
24.0000 0.1508
193.0000 0.1508
203.0000 0.1508
213.0000 0.1508
56.0000 0.1509
59.0000 0.1509
70.0000 0.1509
86.0000 0.1509
161.0000 0.1509
196.0000 0.1509
23.0000 0.1510
85.0000 0.1510
97.0000 0.1510
210.0000 0.1510
130.0000 0.1512
78.0000 0.1513
211.0000 0.1513
234.0000 0.1513
63.0000 0.1514
71.0000 0.1514
122.0000 0.1514
231.0000 0.1514
31.0000 0.1515
139.0000 0.1515
153.0000 0.1515
188.0000 0.1515
5.0000 0.1516
181.0000 0.1516
9.0000 0.1517
179.0000 0.1517
185.0000 0.1517
34.0000 0.1518
82.0000 0.1518
219.0000 0.1519
104.0000 0.1520
125.0000 0.1520
191.0000 0.1520
4.0000 0.1521
11.0000 0.1522
40.0000 0.1522
94.0000 0.1522
148.0000 0.1522
228.0000 0.1522
102.0000 0.1523
105.0000 0.1523
12.0000 0.1524
223.0000 0.1524
91.0000 0.1525
151.0000 0.1525
107.0000 0.1526
18.0000 0.1528
114.0000 0.1528
157.0000 0.1528
27.0000 0.1529
37.0000 0.1530
64.0000 0.1530
180.0000 0.1530
235.0000 0.1530
72.0000 0.1531
146.0000 0.1531
16.0000 0.1532
21.0000 0.1532
142.0000 0.1532
156.0000 0.1532
190.0000 0.1532
154.0000 0.1533
201.0000 0.1533
224.0000 0.1533
6.0000 0.1534
20.0000 0.1535
76.0000 0.1535
79.0000 0.1536
192.0000 0.1536
220.0000 0.1536
232.0000 0.1536
43.0000 0.1537
172.0000 0.1537
215.0000 0.1537
222.0000 0.1537
38.0000 0.1539
121.0000 0.1541
236.0000 0.1542
238.0000 0.1542
187.0000 0.1543
29.0000 0.1544
32.0000 0.1544
108.0000 0.1545
147.0000 0.1545
144.0000 0.1546
77.0000 0.1548
165.0000 0.1548
207.0000 0.1548
209.0000 0.1549
80.0000 0.1550
120.0000 0.1550
176.0000 0.1550
127.0000 0.1552
226.0000 0.1553
33.0000 0.1554
73.0000 0.1554
123.0000 0.1555
199.0000 0.1555
19.0000 0.1556
197.0000 0.1556
90.0000 0.1557
3.0000 0.1558
25.0000 0.1559
135.0000 0.1559
177.0000 0.1559
54.0000 0.1560
162.0000 0.1560
164.0000 0.1560
98.0000 0.1561
119.0000 0.1561
133.0000 0.1561
103.0000 0.1562
163.0000 0.1562
8.0000 0.1563
39.0000 0.1563
221.0000 0.1563
61.0000 0.1564
96.0000 0.1564
126.0000 0.1565
178.0000 0.1565
183.0000 0.1566
116.0000 0.1567
66.0000 0.1568
239.0000 0.1568
48.0000 0.1570
65.0000 0.1570
189.0000 0.1570
208.0000 0.1571
51.0000 0.1572
74.0000 0.1572
159.0000 0.1572
13.0000 0.1573
218.0000 0.1573
227.0000 0.1573
101.0000 0.1574
55.0000 0.1575
106.0000 0.1575
171.0000 0.1575
149.0000 0.1576
87.0000 0.1577
42.0000 0.1579
57.0000 0.1579
118.0000 0.1579
136.0000 0.1579
143.0000 0.1579
145.0000 0.1579
2.0000 0.1580
14.0000 0.1581
212.0000 0.1582
195.0000 0.1583
84.0000 0.1585
110.0000 0.1585
168.0000 0.1585
52.0000 0.1586
124.0000 0.1586
237.0000 0.1586
0.0000 0.1587
36.0000 0.1587
134.0000 0.1588
174.0000 0.1589
200.0000 0.1591
10.0000 0.1593
75.0000 0.1593
113.0000 0.1593
160.0000 0.1593
173.0000 0.1593
35.0000 0.1594
45.0000 0.1594
68.0000 0.1594
112.0000 0.1594
130.0000 0.1594
132.0000 0.1594
15.0000 0.1595
95.0000 0.1595
41.0000 0.1596
185.0000 0.1597
5.0000 0.1598
17.0000 0.1598
24.0000 0.1598
100.0000 0.1598
111.0000 0.1598
58.0000 0.1599
62.0000 0.1599
225.0000 0.1599
53.0000 0.1600
81.0000 0.1600
204.0000 0.1600
60.0000 0.1602
67.0000 0.1602
138.0000 0.1602
139.0000 0.1602
69.0000 0.1603
109.0000 0.1603
230.0000 0.1603
86.0000 0.1604
167.0000 0.1604
193.0000 0.1604
146.0000 0.1605
202.0000 0.1605
148.0000 0.1606
151.0000 0.1606
83.0000 0.1607
128.0000 0.1607
150.0000 0.1607
153.0000 0.1607
205.0000 0.1607
233.0000 0.1607
155.0000 0.1608
229.0000 0.1608
175.0000 0.1612
224.0000 0.1612
198.0000 0.1613
214.0000 0.1613
228.0000 0.1613
92.0000 0.1614
99.0000 0.1614
190.0000 0.1615
34.0000 0.1616
223.0000 0.1616
18.0000 0.1617
46.0000 0.1617
107.0000 0.1617
161.0000 0.1617
216.0000 0.1617
235.0000 0.1617
23.0000 0.1618
104.0000 0.1618
20.0000 0.1619
43.0000 0.1619
56.0000 0.1619
70.0000 0.1619
166.0000 0.1619
186.0000 0.1619
188.0000 0.1619
22.0000 0.1621
121.0000 0.1621
180.0000 0.1621
79.0000 0.1622
182.0000 0.1622
31.0000 0.1623
50.0000 0.1623
77.0000 0.1623
94.0000 0.1623
187.0000 0.1623
16.0000 0.1624
63.0000 0.1624
142.0000 0.1624
44.0000 0.1625
172.0000 0.1625
21.0000 0.1626
140.0000 0.1626
169.0000 0.1626
71.0000 0.1627
156.0000 0.1627
201.0000 0.1627
85.0000 0.1628
231.0000 0.1628
215.0000 0.1629
234.0000 0.1629
64.0000 0.1630
222.0000 0.1630
232.0000 0.1630
6.0000 0.1631
9.0000 0.1631
82.0000 0.1631
97.0000 0.1631
29.0000 0.1632
33.0000 0.1632
91.0000 0.1632
199.0000 0.1632
219.0000 0.1632
40.0000 0.1633
131.0000 0.1633
32.0000 0.1634
27.0000 0.1635
37.0000 0.1635
158.0000 0.1635
196.0000 0.1635
12.0000 0.1636
72.0000 0.1636
125.0000 0.1636
157.0000 0.1636
194.0000 0.1636
221.0000 0.1636
4.0000 0.1637
210.0000 0.1637
181.0000 0.1638
209.0000 0.1638
165.0000 0.1639
179.0000 0.1639
8.0000 0.1640
80.0000 0.1640
135.0000 0.1640
162.0000 0.1641
59.0000 0.1642
123.0000 0.1642
89.0000 0.1643
203.0000 0.1643
184.0000 0.1645
19.0000 0.1646
238.0000 0.1646
127.0000 0.1647
48.0000 0.1648
183.0000 0.1649
119.0000 0.1650
144.0000 0.1650
154.0000 0.1650
176.0000 0.1650
102.0000 0.1652
73.0000 0.1656
192.0000 0.1656
76.0000 0.1657
197.0000 0.1657
164.0000 0.1658
220.0000 0.1658
177.0000 0.1659
13.0000 0.1660
136.0000 0.1661
189.0000 0.1661
191.0000 0.1661
239.0000 0.1661
212.0000 0.1662
122.0000 0.1663
103.0000 0.1665
118.0000 0.1665
217.0000 0.1665
2.0000 0.1667
55.0000 0.1667
149.0000 0.1667
208.0000 0.1668
124.0000 0.1669
159.0000 0.1669
96.0000 0.1670
171.0000 0.1670
93.0000 0.1674
38.0000 0.1675
52.0000 0.1676
130.0000 0.1676
133.0000 0.1676
147.0000 0.1676
227.0000 0.1676
0.0000 0.1677
218.0000 0.1677
26.0000 0.1678
10.0000 0.1679
25.0000 0.1679
45.0000 0.1679
146.0000 0.1679
163.0000 0.1679
185.0000 0.1679
5.0000 0.1681
84.0000 0.1681
39.0000 0.1682
42.0000 0.1683
207.0000 0.1683
11.0000 0.1684
68.0000 0.1684
57.0000 0.1686
65.0000 0.1686
113.0000 0.1686
90.0000 0.1688
126.0000 0.1688
237.0000 0.1688
51.0000 0.1689
110.0000 0.1689
174.0000 0.1689
24.0000 0.1690
195.0000 0.1690
54.0000 0.1691
134.0000 0.1691
139.0000 0.1691
111.0000 0.1692
224.0000 0.1692
151.0000 0.1693
153.0000 0.1693
36.0000 0.1694
86.0000 0.1694
173.0000 0.1694
35.0000 0.1695
58.0000 0.1696
129.0000 0.1696
148.0000 0.1696
190.0000 0.1696
66.0000 0.1697
100.0000 0.1697
132.0000 0.1697
17.0000 0.1698
213.0000 0.1698
193.0000 0.1700
235.0000 0.1700
74.0000 0.1701
41.0000 0.1702
43.0000 0.1702
60.0000 0.1702
223.0000 0.1702
105.0000 0.1703
137.0000 0.1703
49.0000 0.1704
77.0000 0.1704
187.0000 0.1704
211.0000 0.1704
18.0000 0.1705
47.0000 0.1705
121.0000 0.1706
53.0000 0.1707
78.0000 0.1707
79.0000 0.1707
233.0000 0.1708
199.0000 0.1709
34.0000 0.1710
228.0000 0.1710
178.0000 0.1711
20.0000 0.1712
95.0000 0.1712
106.0000 0.1712
107.0000 0.1712
172.0000 0.1712
221.0000 0.1712
225.0000 0.1712
33.0000 0.1714
202.0000 0.1714
229.0000 0.1714
101.0000 0.1716
128.0000 0.1716
21.0000 0.1718
31.0000 0.1718
142.0000 0.1718
114.0000 0.1719
150.0000 0.1719
160.0000 0.1719
167.0000 0.1719
180.0000 0.1719
112.0000 0.1720
92.0000 0.1721
104.0000 0.1721
215.0000 0.1721
232.0000 0.1722
29.0000 0.1723
156.0000 0.1723
222.0000 0.1723
16.0000 0.1724
32.0000 0.1724
56.0000 0.1724
226.0000 0.1724
8.0000 0.1725
201.0000 0.1725
162.0000 0.1726
6.0000 0.1727
135.0000 0.1727
175.0000 0.1727
94.0000 0.1728
216.0000 0.1728
209.0000 0.1729
23.0000 0.1730
48.0000 0.1730
138.0000 0.1730
200.0000 0.1730
70.0000 0.1732
71.0000 0.1732
19.0000 0.1734
75.0000 0.1734
123.0000 0.1734
80.0000 0.1735
236.0000 0.1735
108.0000 0.1736
64.0000 0.1737
188.0000 0.1737
82.0000 0.1738
143.0000 0.1738
161.0000 0.1738
9.0000 0.1739
67.0000 0.1739
72.0000 0.1740
109.0000 0.1740
165.0000 0.1740
1.0000 0.1742
182.0000 0.1742
3.0000 0.1743
63.0000 0.1743
91.0000 0.1743
27.0000 0.1744
98.0000 0.1744
183.0000 0.1744
231.0000 0.1744
234.0000 0.1744
127.0000 0.1745
152.0000 0.1745
145.0000 0.1746
40.0000 0.1747
46.0000 0.1748
119.0000 0.1748
219.0000 0.1748
15.0000 0.1750
37.0000 0.1750
212.0000 0.1750
97.0000 0.1751
124.0000 0.1751
157.0000 0.1751
12.0000 0.1752
146.0000 0.1752
87.0000 0.1753
239.0000 0.1754
2.0000 0.1755
198.0000 0.1755
189.0000 0.1756
4.0000 0.1757
83.0000 0.1757
136.0000 0.1757
196.0000 0.1757
149.0000 0.1758
179.0000 0.1758
130.0000 0.1759
185.0000 0.1759
99.0000 0.1760
118.0000 0.1760
55.0000 0.1761
164.0000 0.1761
13.0000 0.1762
176.0000 0.1762
194.0000 0.1763
5.0000 0.1764
103.0000 0.1764
238.0000 0.1764
0.0000 0.1765
155.0000 0.1765
125.0000 0.1766
44.0000 0.1767
85.0000 0.1767
177.0000 0.1767
208.0000 0.1767
224.0000 0.1767
10.0000 0.1768
45.0000 0.1768
181.0000 0.1768
197.0000 0.1768
73.0000 0.1769
52.0000 0.1771
69.0000 0.1774
131.0000 0.1775
140.0000 0.1775
144.0000 0.1775
151.0000 0.1777
154.0000 0.1777
190.0000 0.1777
68.0000 0.1778
113.0000 0.1778
139.0000 0.1778
158.0000 0.1778
171.0000 0.1778
24.0000 0.1779
227.0000 0.1779
43.0000 0.1780
159.0000 0.1781
174.0000 0.1781
187.0000 0.1781
59.0000 0.1782
77.0000 0.1782
84.0000 0.1782
203.0000 0.1782
76.0000 0.1783
102.0000 0.1783
148.0000 0.1783
153.0000 0.1783
192.0000 0.1783
210.0000 0.1783
111.0000 0.1784
168.0000 0.1785
237.0000 0.1785
86.0000 0.1786
62.0000 0.1787
220.0000 0.1787
235.0000 0.1787
35.0000 0.1788
121.0000 0.1788
199.0000 0.1788
218.0000 0.1788
166.0000 0.1789
221.0000 0.1789
81.0000 0.1790
42.0000 0.1791
79.0000 0.1791
214.0000 0.1791
223.0000 0.1791
18.0000 0.1793
39.0000 0.1793
100.0000 0.1793
33.0000 0.1794
88.0000 0.1794
132.0000 0.1794
134.0000 0.1794
173.0000 0.1794
61.0000 0.1795
110.0000 0.1795
141.0000 0.1795
22.0000 0.1796
57.0000 0.1796
58.0000 0.1796
65.0000 0.1796
96.0000 0.1796
193.0000 0.1796
195.0000 0.1796
133.0000 0.1797
60.0000 0.1798
20.0000 0.1799
36.0000 0.1799
147.0000 0.1801
25.0000 0.1802
53.0000 0.1802
172.0000 0.1802
228.0000 0.1802
230.0000 0.1802
34.0000 0.1803
90.0000 0.1803
122.0000 0.1803
142.0000 0.1803
180.0000 0.1804
191.0000 0.1804
233.0000 0.1804
17.0000 0.1805
21.0000 0.1805
38.0000 0.1805
186.0000 0.1805
8.0000 0.1806
51.0000 0.1806
107.0000 0.1806
135.0000 0.1806
41.0000 0.1807
126.0000 0.1807
215.0000 0.1807
29.0000 0.1808
48.0000 0.1808
205.0000 0.1808
162.0000 0.1809
32.0000 0.1810
54.0000 0.1810
163.0000 0.1810
222.0000 0.1812
229.0000 0.1812
156.0000 0.1813
6.0000 0.1814
201.0000 0.1814
232.0000 0.1814
209.0000 0.1815
104.0000 0.1817
150.0000 0.1817
16.0000 0.1818
31.0000 0.1819
80.0000 0.1819
202.0000 0.1819
92.0000 0.1821
128.0000 0.1821
207.0000 0.1821
19.0000 0.1822
56.0000 0.1822
123.0000 0.1822
146.0000 0.1823
175.0000 0.1824
94.0000 0.1825
74.0000 0.1827
112.0000 0.1827
64.0000 0.1828
124.0000 0.1831
183.0000 0.1831
95.0000 0.1832
23.0000 0.1833
66.0000 0.1833
212.0000 0.1834
216.0000 0.1834
165.0000 0.1835
167.0000 0.1835
185.0000 0.1835
188.0000 0.1835
72.0000 0.1837
71.0000 0.1838
127.0000 0.1838
82.0000 0.1839
70.0000 0.1840
225.0000 0.1840
2.0000 0.1841
91.0000 0.1841
130.0000 0.1841
149.0000 0.1841
224.0000 0.1841
106.0000 0.1842
204.0000 0.1842
239.0000 0.1842
5.0000 0.1843
160.0000 0.1844
27.0000 0.1845
9.0000 0.1846
136.0000 0.1846
182.0000 0.1846
234.0000 0.1846
14.0000 0.1847
119.0000 0.1848
10.0000 0.1849
13.0000 0.1849
231.0000 0.1849
161.0000 0.1850
40.0000 0.1851
0.0000 0.1852
45.0000 0.1852
11.0000 0.1853
63.0000 0.1853
118.0000 0.1853
55.0000 0.1854
138.0000 0.1854
189.0000 0.1854
12.0000 0.1855
43.0000 0.1856
169.0000 0.1857
109.0000 0.1858
190.0000 0.1858
219.0000 0.1858
200.0000 0.1859
67.0000 0.1860
151.0000 0.1860
77.0000 0.1861
139.0000 0.1861
164.0000 0.1861
178.0000 0.1861
37.0000 0.1862
187.0000 0.1862
103.0000 0.1864
199.0000 0.1864
97.0000 0.1865
157.0000 0.1865
52.0000 0.1867
113.0000 0.1867
148.0000 0.1867
24.0000 0.1869
68.0000 0.1870
153.0000 0.1871
101.0000 0.1872
208.0000 0.1872
221.0000 0.1872
179.0000 0.1873
33.0000 0.1874
174.0000 0.1874
176.0000 0.1874
4.0000 0.1875
79.0000 0.1875
121.0000 0.1876
197.0000 0.1876
105.0000 0.1877
196.0000 0.1877
238.0000 0.1877
46.0000 0.1879
73.0000 0.1879
111.0000 0.1879
235.0000 0.1879
84.0000 0.1880
177.0000 0.1880
78.0000 0.1881
171.0000 0.1881
223.0000 0.1881
227.0000 0.1883
159.0000 0.1884
226.0000 0.1885
85.0000 0.1886
237.0000 0.1886
86.0000 0.1887
213.0000 0.1887
75.0000 0.1888
8.0000 0.1890
48.0000 0.1890
35.0000 0.1891
135.0000 0.1891
162.0000 0.1891
181.0000 0.1891
194.0000 0.1891
116.0000 0.1892
142.0000 0.1892
18.0000 0.1893
20.0000 0.1893
29.0000 0.1893
134.0000 0.1893
125.0000 0.1895
132.0000 0.1896
172.0000 0.1896
193.0000 0.1896
100.0000 0.1897
21.0000 0.1899
144.0000 0.1899
180.0000 0.1899
42.0000 0.1900
58.0000 0.1900
60.0000 0.1900
143.0000 0.1900
215.0000 0.1900
228.0000 0.1900
83.0000 0.1901
99.0000 0.1901
146.0000 0.1901
173.0000 0.1901
154.0000 0.1902
195.0000 0.1902
198.0000 0.1902
110.0000 0.1903
34.0000 0.1904
36.0000 0.1905
218.0000 0.1905
50.0000 0.1906
220.0000 0.1906
15.0000 0.1907
32.0000 0.1907
107.0000 0.1908
201.0000 0.1908
192.0000 0.1910
232.0000 0.1910
65.0000 0.1911
104.0000 0.1911
133.0000 0.1911
155.0000 0.1911
44.0000 0.1912
222.0000 0.1912
6.0000 0.1913
209.0000 0.1913
57.0000 0.1914
102.0000 0.1914
156.0000 0.1914
229.0000 0.1914
76.0000 0.1915
96.0000 0.1915
140.0000 0.1915
233.0000 0.1915
236.0000 0.1915
19.0000 0.1916
41.0000 0.1916
211.0000 0.1916
224.0000 0.1916
17.0000 0.1917
39.0000 0.1917
93.0000 0.1917
145.0000 0.1917
185.0000 0.1917
80.0000 0.1918
53.0000 0.1920
49.0000 0.1921
123.0000 0.1921
16.0000 0.1922
124.0000 0.1922
210.0000 0.1922
130.0000 0.1923
59.0000 0.1924
131.0000 0.1924
212.0000 0.1924
5.0000 0.1925
51.0000 0.1925
87.0000 0.1925
129.0000 0.1925
150.0000 0.1925
114.0000 0.1926
158.0000 0.1926
183.0000 0.1926
56.0000 0.1927
98.0000 0.1928
175.0000 0.1928
202.0000 0.1928
25.0000 0.1929
165.0000 0.1929
31.0000 0.1930
108.0000 0.1930
3.0000 0.1932
47.0000 0.1932
92.0000 0.1932
64.0000 0.1933
128.0000 0.1933
203.0000 0.1933
2.0000 0.1934
43.0000 0.1934
91.0000 0.1934
94.0000 0.1934
239.0000 0.1934
136.0000 0.1937
137.0000 0.1937
190.0000 0.1937
45.0000 0.1938
90.0000 0.1938
126.0000 0.1938
149.0000 0.1938
13.0000 0.1939
23.0000 0.1939
10.0000 0.1940
151.0000 0.1940
0.0000 0.1941
127.0000 0.1941
188.0000 0.1941
54.0000 0.1942
72.0000 0.1942
77.0000 0.1942
139.0000 0.1942
163.0000 0.1942
199.0000 0.1942
187.0000 0.1943
221.0000 0.1943
27.0000 0.1944
38.0000 0.1944
112.0000 0.1944
147.0000 0.1945
122.0000 0.1946
70.0000 0.1947
189.0000 0.1947
55.0000 0.1948
118.0000 0.1948
95.0000 0.1949
217.0000 0.1950
82.0000 0.1951
119.0000 0.1951
74.0000 0.1952
167.0000 0.1952
69.0000 0.1953
153.0000 0.1953
33.0000 0.1954
24.0000 0.1955
52.0000 0.1955
148.0000 0.1955
71.0000 0.1956
161.0000 0.1956
9.0000 0.1957
191.0000 0.1957
40.0000 0.1958
174.0000 0.1958
182.0000 0.1958
216.0000 0.1958
234.0000 0.1958
113.0000 0.1960
164.0000 0.1960
207.0000 0.1960
79.0000 0.1961
68.0000 0.1962
121.0000 0.1962
208.0000 0.1962
12.0000 0.1964
235.0000 0.1965
63.0000 0.1966
219.0000 0.1966
231.0000 0.1966
37.0000 0.1967
103.0000 0.1967
160.0000 0.1967
223.0000 0.1968
22.0000 0.1969
48.0000 0.1969
106.0000 0.1969
162.0000 0.1970
225.0000 0.1970
135.0000 0.1972
172.0000 0.1973
111.0000 0.1974
146.0000 0.1974
157.0000 0.1974
168.0000 0.1974
197.0000 0.1974
109.0000 0.1975
214.0000 0.1975
171.0000 0.1976
8.0000 0.1977
20.0000 0.1977
84.0000 0.1977
166.0000 0.1977
1.0000 0.1978
227.0000 0.1978
86.0000 0.1979
186.0000 0.1979
200.0000 0.1979
66.0000 0.1980
18.0000 0.1981
29.0000 0.1982
97.0000 0.1982
138.0000 0.1982
142.0000 0.1983
176.0000 0.1984
67.0000 0.1985
73.0000 0.1985
237.0000 0.1985
26.0000 0.1986
177.0000 0.1986
215.0000 0.1986
21.0000 0.1987
35.0000 0.1987
228.0000 0.1988
81.0000 0.1989
179.0000 0.1989
159.0000 0.1990
193.0000 0.1990
238.0000 0.1990
4.0000 0.1991
100.0000 0.1991
134.0000 0.1991
180.0000 0.1993
224.0000 0.1995
62.0000 0.1996
178.0000 0.1996
32.0000 0.1997
34.0000 0.1997
132.0000 0.1997
42.0000 0.1998
173.0000 0.1998
60.0000 0.1999
185.0000 0.1999
201.0000 0.1999
