31.0000 0.0041
54.0000 0.0043
7.0000 0.0044
56.0000 0.0047
12.0000 0.0048
44.0000 0.0048
43.0000 0.0053
10.0000 0.0054
55.0000 0.0054
29.0000 0.0057
22.0000 0.0058
14.0000 0.0059
52.0000 0.0059
57.0000 0.0059
59.0000 0.0059
8.0000 0.0060
16.0000 0.0060
39.0000 0.0063
45.0000 0.0064
47.0000 0.0064
5.0000 0.0067
18.0000 0.0067
2.0000 0.0068
11.0000 0.0068
50.0000 0.0070
9.0000 0.0074
53.0000 0.0074
17.0000 0.0075
0.0000 0.0078
21.0000 0.0081
33.0000 0.0081
3.0000 0.0083
46.0000 0.0083
49.0000 0.0085
42.0000 0.0086
58.0000 0.0087
4.0000 0.0104
26.0000 0.0106
23.0000 0.0121
35.0000 0.0128
28.0000 0.0145
20.0000 0.0154
31.0000 0.0154
32.0000 0.0156
19.0000 0.0168
48.0000 0.0174
27.0000 0.0177
15.0000 0.0190
7.0000 0.0193
43.0000 0.0197
55.0000 0.0198
8.0000 0.0201
10.0000 0.0205
12.0000 0.0212
38.0000 0.0212
44.0000 0.0222
45.0000 0.0235
6.0000 0.0237
11.0000 0.0248
14.0000 0.0257
13.0000 0.0258
25.0000 0.0258
3.0000 0.0266
29.0000 0.0268
46.0000 0.0273
5.0000 0.0275
31.0000 0.0285
42.0000 0.0302
17.0000 0.0303
58.0000 0.0323
33.0000 0.0324
59.0000 0.0329
55.0000 0.0337
9.0000 0.0338
12.0000 0.0344
47.0000 0.0347
43.0000 0.0348
49.0000 0.0351
8.0000 0.0353
2.0000 0.0359
39.0000 0.0367
10.0000 0.0371
21.0000 0.0371
37.0000 0.0371
45.0000 0.0374
7.0000 0.0375
30.0000 0.0379
54.0000 0.0381
31.0000 0.0384
56.0000 0.0401
52.0000 0.0402
22.0000 0.0409
11.0000 0.0416
57.0000 0.0425
35.0000 0.0429
5.0000 0.0430
46.0000 0.0435
28.0000 0.0438
19.0000 0.0450
20.0000 0.0451
3.0000 0.0452
55.0000 0.0453
29.0000 0.0460
14.0000 0.0465
50.0000 0.0467
16.0000 0.0468
43.0000 0.0473
44.0000 0.0475
0.0000 0.0477
40.0000 0.0480
15.0000 0.0482
6.0000 0.0485
53.0000 0.0486
31.0000 0.0487
8.0000 0.0488
12.0000 0.0491
26.0000 0.0493
59.0000 0.0493
42.0000 0.0494
45.0000 0.0496
10.0000 0.0503
58.0000 0.0506
33.0000 0.0511
7.0000 0.0525
9.0000 0.0525
17.0000 0.0531
38.0000 0.0547
47.0000 0.0555
55.0000 0.0560
13.0000 0.0569
11.0000 0.0577
2.0000 0.0585
31.0000 0.0592
25.0000 0.0602
43.0000 0.0603
21.0000 0.0604
5.0000 0.0615
3.0000 0.0620
49.0000 0.0621
12.0000 0.0624
8.0000 0.0631
45.0000 0.0631
46.0000 0.0642
10.0000 0.0650
52.0000 0.0652
29.0000 0.0666
37.0000 0.0667
4.0000 0.0682
14.0000 0.0700
33.0000 0.0700
39.0000 0.0700
55.0000 0.0701
31.0000 0.0703
7.0000 0.0704
42.0000 0.0714
59.0000 0.0715
54.0000 0.0724
9.0000 0.0731
20.0000 0.0732
11.0000 0.0740
27.0000 0.0749
12.0000 0.0759
43.0000 0.0759
15.0000 0.0761
58.0000 0.0767
57.0000 0.0783
28.0000 0.0789
6.0000 0.0793
16.0000 0.0794
22.0000 0.0800
5.0000 0.0804
8.0000 0.0805
44.0000 0.0810
2.0000 0.0813
35.0000 0.0815
45.0000 0.0816
31.0000 0.0820
55.0000 0.0825
46.0000 0.0829
3.0000 0.0831
50.0000 0.0837
47.0000 0.0841
30.0000 0.0850
32.0000 0.0850
10.0000 0.0855
48.0000 0.0858
7.0000 0.0868
29.0000 0.0888
14.0000 0.0893
52.0000 0.0899
11.0000 0.0903
17.0000 0.0905
43.0000 0.0908
12.0000 0.0978
31.0000 0.0984
45.0000 0.1028
