46.0000 0.0042
48.0000 0.0044
57.0000 0.0046
45.0000 0.0048
22.0000 0.0049
52.0000 0.0049
58.0000 0.0051
4.0000 0.0053
6.0000 0.0053
19.0000 0.0053
0.0000 0.0054
53.0000 0.0054
34.0000 0.0056
30.0000 0.0057
43.0000 0.0057
8.0000 0.0058
14.0000 0.0058
17.0000 0.0061
23.0000 0.0061
24.0000 0.0062
26.0000 0.0062
2.0000 0.0063
44.0000 0.0064
51.0000 0.0065
54.0000 0.0066
21.0000 0.0070
31.0000 0.0076
47.0000 0.0078
28.0000 0.0080
33.0000 0.0084
40.0000 0.0085
56.0000 0.0085
20.0000 0.0086
55.0000 0.0090
9.0000 0.0092
36.0000 0.0109
42.0000 0.0136
39.0000 0.0142
41.0000 0.0171
13.0000 0.0176
7.0000 0.0177
18.0000 0.0183
22.0000 0.0190
6.0000 0.0192
4.0000 0.0200
48.0000 0.0202
47.0000 0.0203
24.0000 0.0206
46.0000 0.0206
58.0000 0.0210
17.0000 0.0212
52.0000 0.0213
19.0000 0.0214
50.0000 0.0215
26.0000 0.0216
0.0000 0.0218
27.0000 0.0218
57.0000 0.0220
34.0000 0.0224
2.0000 0.0225
37.0000 0.0226
25.0000 0.0234
8.0000 0.0235
14.0000 0.0235
54.0000 0.0244
45.0000 0.0247
51.0000 0.0247
53.0000 0.0249
43.0000 0.0251
20.0000 0.0256
21.0000 0.0256
23.0000 0.0257
31.0000 0.0263
9.0000 0.0267
1.0000 0.0276
28.0000 0.0277
36.0000 0.0277
55.0000 0.0280
40.0000 0.0292
33.0000 0.0297
30.0000 0.0298
6.0000 0.0299
22.0000 0.0314
4.0000 0.0315
47.0000 0.0323
17.0000 0.0328
24.0000 0.0332
56.0000 0.0335
19.0000 0.0338
7.0000 0.0341
42.0000 0.0342
58.0000 0.0345
57.0000 0.0351
46.0000 0.0353
48.0000 0.0355
2.0000 0.0356
39.0000 0.0358
26.0000 0.0360
8.0000 0.0369
0.0000 0.0371
44.0000 0.0380
14.0000 0.0386
59.0000 0.0388
52.0000 0.0390
34.0000 0.0395
21.0000 0.0401
18.0000 0.0403
20.0000 0.0409
29.0000 0.0411
43.0000 0.0413
54.0000 0.0414
6.0000 0.0419
22.0000 0.0428
23.0000 0.0428
4.0000 0.0431
9.0000 0.0431
53.0000 0.0432
47.0000 0.0433
51.0000 0.0434
45.0000 0.0436
17.0000 0.0439
36.0000 0.0440
24.0000 0.0443
28.0000 0.0443
31.0000 0.0443
55.0000 0.0451
19.0000 0.0454
58.0000 0.0455
41.0000 0.0456
57.0000 0.0466
46.0000 0.0469
30.0000 0.0472
13.0000 0.0476
48.0000 0.0477
26.0000 0.0480
2.0000 0.0482
40.0000 0.0483
50.0000 0.0486
0.0000 0.0487
8.0000 0.0491
7.0000 0.0502
1.0000 0.0504
52.0000 0.0504
14.0000 0.0509
33.0000 0.0513
5.0000 0.0514
56.0000 0.0519
20.0000 0.0524
47.0000 0.0528
6.0000 0.0530
34.0000 0.0531
22.0000 0.0535
4.0000 0.0536
17.0000 0.0537
21.0000 0.0540
27.0000 0.0545
23.0000 0.0548
54.0000 0.0548
43.0000 0.0550
37.0000 0.0552
24.0000 0.0556
42.0000 0.0561
19.0000 0.0564
58.0000 0.0574
53.0000 0.0575
9.0000 0.0577
26.0000 0.0594
36.0000 0.0594
39.0000 0.0602
48.0000 0.0605
2.0000 0.0606
57.0000 0.0610
45.0000 0.0611
46.0000 0.0615
0.0000 0.0617
51.0000 0.0624
28.0000 0.0625
47.0000 0.0631
55.0000 0.0635
8.0000 0.0636
6.0000 0.0644
31.0000 0.0647
22.0000 0.0651
17.0000 0.0652
14.0000 0.0653
4.0000 0.0654
7.0000 0.0662
20.0000 0.0664
52.0000 0.0664
30.0000 0.0665
24.0000 0.0667
18.0000 0.0671
40.0000 0.0679
54.0000 0.0681
19.0000 0.0682
21.0000 0.0682
58.0000 0.0687
34.0000 0.0699
23.0000 0.0706
9.0000 0.0712
50.0000 0.0718
26.0000 0.0719
2.0000 0.0724
48.0000 0.0728
44.0000 0.0730
43.0000 0.0731
36.0000 0.0732
57.0000 0.0732
25.0000 0.0735
33.0000 0.0738
47.0000 0.0738
41.0000 0.0740
46.0000 0.0740
0.0000 0.0741
53.0000 0.0746
6.0000 0.0750
1.0000 0.0753
17.0000 0.0756
56.0000 0.0760
8.0000 0.0768
42.0000 0.0768
22.0000 0.0771
28.0000 0.0771
45.0000 0.0779
4.0000 0.0780
14.0000 0.0789
19.0000 0.0789
24.0000 0.0789
59.0000 0.0796
51.0000 0.0797
58.0000 0.0804
20.0000 0.0805
55.0000 0.0811
7.0000 0.0813
21.0000 0.0814
52.0000 0.0817
39.0000 0.0822
54.0000 0.0825
2.0000 0.0829
30.0000 0.0834
31.0000 0.0838
13.0000 0.0839
47.0000 0.0840
27.0000 0.0842
40.0000 0.0843
26.0000 0.0851
34.0000 0.0851
6.0000 0.0854
46.0000 0.0862
48.0000 0.0862
57.0000 0.0862
17.0000 0.0863
0.0000 0.0864
23.0000 0.0866
9.0000 0.0873
18.0000 0.0876
4.0000 0.0880
36.0000 0.0883
22.0000 0.0886
19.0000 0.0890
53.0000 0.0892
24.0000 0.0898
43.0000 0.0898
8.0000 0.0913
20.0000 0.0921
58.0000 0.0921
14.0000 0.0929
28.0000 0.0931
37.0000 0.0936
45.0000 0.0938
47.0000 0.0938
2.0000 0.0940
6.0000 0.0947
51.0000 0.0949
54.0000 0.0949
42.0000 0.0950
21.0000 0.0954
33.0000 0.0956
26.0000 0.0962
7.0000 0.0963
17.0000 0.0964
52.0000 0.0964
50.0000 0.0971
1.0000 0.0972
55.0000 0.0972
57.0000 0.0976
0.0000 0.0977
4.0000 0.0981
34.0000 0.0984
48.0000 0.0984
41.0000 0.0985
56.0000 0.0987
31.0000 0.0988
22.0000 0.0991
46.0000 0.0991
39.0000 0.0999
19.0000 0.1000
24.0000 0.1010
40.0000 0.1014
9.0000 0.1017
23.0000 0.1017
30.0000 0.1021
36.0000 0.1026
8.0000 0.1030
53.0000 0.1035
20.0000 0.1036
47.0000 0.1036
2.0000 0.1038
58.0000 0.1043
44.0000 0.1045
6.0000 0.1052
43.0000 0.1057
14.0000 0.1059
25.0000 0.1063
17.0000 0.1066
26.0000 0.1068
28.0000 0.1079
4.0000 0.1082
18.0000 0.1082
54.0000 0.1082
45.0000 0.1084
21.0000 0.1085
52.0000 0.1086
57.0000 0.1086
0.0000 0.1091
51.0000 0.1096
22.0000 0.1098
19.0000 0.1100
7.0000 0.1103
48.0000 0.1106
46.0000 0.1116
59.0000 0.1123
24.0000 0.1125
13.0000 0.1137
34.0000 0.1137
55.0000 0.1140
47.0000 0.1141
58.0000 0.1148
8.0000 0.1152
40.0000 0.1153
2.0000 0.1155
42.0000 0.1156
6.0000 0.1159
9.0000 0.1160
36.0000 0.1160
20.0000 0.1161
31.0000 0.1163
17.0000 0.1171
23.0000 0.1176
33.0000 0.1179
14.0000 0.1180
27.0000 0.1180
1.0000 0.1182
26.0000 0.1188
4.0000 0.1190
30.0000 0.1195
53.0000 0.1197
39.0000 0.1200
19.0000 0.1205
43.0000 0.1205
57.0000 0.1207
22.0000 0.1208
50.0000 0.1208
56.0000 0.1216
54.0000 0.1218
0.0000 0.1219
21.0000 0.1220
28.0000 0.1220
48.0000 0.1225
24.0000 0.1229
47.0000 0.1235
52.0000 0.1236
41.0000 0.1237
46.0000 0.1237
45.0000 0.1250
7.0000 0.1252
5.0000 0.1253
2.0000 0.1256
18.0000 0.1256
51.0000 0.1258
58.0000 0.1259
37.0000 0.1261
6.0000 0.1263
17.0000 0.1270
8.0000 0.1273
20.0000 0.1273
36.0000 0.1282
34.0000 0.1284
9.0000 0.1299
26.0000 0.1300
14.0000 0.1301
55.0000 0.1303
4.0000 0.1304
19.0000 0.1306
23.0000 0.1323
40.0000 0.1323
57.0000 0.1324
22.0000 0.1329
47.0000 0.1330
24.0000 0.1332
21.0000 0.1334
0.0000 0.1338
53.0000 0.1338
44.0000 0.1339
31.0000 0.1342
42.0000 0.1345
43.0000 0.1347
48.0000 0.1347
54.0000 0.1351
6.0000 0.1357
46.0000 0.1358
2.0000 0.1359
52.0000 0.1360
28.0000 0.1362
58.0000 0.1366
17.0000 0.1370
33.0000 0.1375
39.0000 0.1376
30.0000 0.1378
50.0000 0.1391
8.0000 0.1394
20.0000 0.1397
7.0000 0.1399
34.0000 0.1402
36.0000 0.1402
26.0000 0.1405
51.0000 0.1408
45.0000 0.1409
14.0000 0.1410
4.0000 0.1412
1.0000 0.1413
19.0000 0.1421
47.0000 0.1433
22.0000 0.1436
56.0000 0.1438
59.0000 0.1440
24.0000 0.1441
9.0000 0.1446
57.0000 0.1448
0.0000 0.1457
23.0000 0.1458
2.0000 0.1461
6.0000 0.1464
55.0000 0.1464
18.0000 0.1466
21.0000 0.1468
48.0000 0.1469
17.0000 0.1474
54.0000 0.1480
40.0000 0.1482
41.0000 0.1482
43.0000 0.1483
58.0000 0.1483
13.0000 0.1485
53.0000 0.1485
27.0000 0.1487
46.0000 0.1488
31.0000 0.1490
52.0000 0.1508
26.0000 0.1514
19.0000 0.1520
4.0000 0.1522
28.0000 0.1523
20.0000 0.1524
8.0000 0.1526
42.0000 0.1529
47.0000 0.1532
34.0000 0.1545
22.0000 0.1548
36.0000 0.1549
7.0000 0.1551
24.0000 0.1557
51.0000 0.1562
14.0000 0.1563
6.0000 0.1566
45.0000 0.1571
57.0000 0.1575
17.0000 0.1582
2.0000 0.1584
30.0000 0.1588
9.0000 0.1590
33.0000 0.1590
39.0000 0.1591
48.0000 0.1595
25.0000 0.1596
58.0000 0.1596
0.0000 0.1598
23.0000 0.1611
1.0000 0.1612
21.0000 0.1614
43.0000 0.1622
46.0000 0.1626
4.0000 0.1627
19.0000 0.1629
47.0000 0.1629
44.0000 0.1632
54.0000 0.1632
55.0000 0.1633
26.0000 0.1636
53.0000 0.1640
8.0000 0.1647
50.0000 0.1647
20.0000 0.1650
40.0000 0.1653
56.0000 0.1660
52.0000 0.1661
24.0000 0.1663
22.0000 0.1664
28.0000 0.1664
31.0000 0.1665
18.0000 0.1667
6.0000 0.1671
17.0000 0.1677
36.0000 0.1688
57.0000 0.1688
14.0000 0.1692
34.0000 0.1692
2.0000 0.1693
7.0000 0.1699
37.0000 0.1713
58.0000 0.1713
0.0000 0.1718
48.0000 0.1723
45.0000 0.1725
51.0000 0.1726
42.0000 0.1728
47.0000 0.1731
4.0000 0.1734
9.0000 0.1735
30.0000 0.1735
21.0000 0.1736
19.0000 0.1737
41.0000 0.1739
46.0000 0.1744
26.0000 0.1746
59.0000 0.1752
22.0000 0.1763
54.0000 0.1764
8.0000 0.1767
6.0000 0.1768
24.0000 0.1768
39.0000 0.1768
23.0000 0.1771
20.0000 0.1772
43.0000 0.1772
17.0000 0.1774
53.0000 0.1775
33.0000 0.1779
52.0000 0.1783
13.0000 0.1785
16.0000 0.1790
55.0000 0.1790
2.0000 0.1791
57.0000 0.1795
29.0000 0.1797
40.0000 0.1797
27.0000 0.1800
28.0000 0.1806
31.0000 0.1806
34.0000 0.1809
58.0000 0.1814
14.0000 0.1815
36.0000 0.1818
0.0000 0.1821
47.0000 0.1821
4.0000 0.1825
7.0000 0.1827
50.0000 0.1834
19.0000 0.1836
48.0000 0.1836
56.0000 0.1837
51.0000 0.1854
1.0000 0.1855
46.0000 0.1860
26.0000 0.1861
6.0000 0.1866
18.0000 0.1866
21.0000 0.1871
22.0000 0.1876
24.0000 0.1881
9.0000 0.1884
17.0000 0.1889
20.0000 0.1889
45.0000 0.1891
8.0000 0.1901
54.0000 0.1902
30.0000 0.1908
42.0000 0.1909
2.0000 0.1914
57.0000 0.1921
47.0000 0.1922
52.0000 0.1927
23.0000 0.1928
41.0000 0.1929
58.0000 0.1929
0.0000 0.1934
53.0000 0.1938
34.0000 0.1941
4.0000 0.1944
44.0000 0.1947
19.0000 0.1948
48.0000 0.1949
14.0000 0.1951
43.0000 0.1953
28.0000 0.1955
36.0000 0.1962
25.0000 0.1965
31.0000 0.1965
7.0000 0.1966
40.0000 0.1967
6.0000 0.1969
55.0000 0.1971
26.0000 0.1972
22.0000 0.1973
46.0000 0.1979
39.0000 0.1984
33.0000 0.1987
17.0000 0.1988
24.0000 0.1989
