0.0000 0.0000
1.0000 0.0000
2.0000 0.0000
3.0000 0.0000
4.0000 0.0000
5.0000 0.0000
6.0000 0.0000
7.0000 0.0000
8.0000 0.0000
9.0000 0.0000
10.0000 0.0000
11.0000 0.0000
12.0000 0.0000
13.0000 0.0000
14.0000 0.0000
15.0000 0.0000
16.0000 0.0000
17.0000 0.0000
18.0000 0.0000
19.0000 0.0000
20.0000 0.0000
21.0000 0.0000
22.0000 0.0000
23.0000 0.0000
24.0000 0.0000
25.0000 0.0000
26.0000 0.0000
27.0000 0.0000
28.0000 0.0000
29.0000 0.0000
30.0000 0.0000
31.0000 0.0000
32.0000 0.0000
33.0000 0.0000
34.0000 0.0000
35.0000 0.0000
36.0000 0.0000
37.0000 0.0000
38.0000 0.0000
39.0000 0.0000
40.0000 0.0000
41.0000 0.0000
42.0000 0.0000
43.0000 0.0000
44.0000 0.0000
45.0000 0.0000
46.0000 0.0000
47.0000 0.0000
48.0000 0.0000
49.0000 0.0000
50.0000 0.0000
51.0000 0.0000
52.0000 0.0000
53.0000 0.0000
54.0000 0.0000
55.0000 0.0000
56.0000 0.0000
57.0000 0.0000
58.0000 0.0000
59.0000 0.0000
60.0000 0.0000
61.0000 0.0000
62.0000 0.0000
63.0000 0.0000
64.0000 0.0000
65.0000 0.0000
66.0000 0.0000
67.0000 0.0000
68.0000 0.0000
69.0000 0.0000
70.0000 0.0000
71.0000 0.0000
72.0000 0.0000
73.0000 0.0000
74.0000 0.0000
75.0000 0.0000
76.0000 0.0000
77.0000 0.0000
78.0000 0.0000
79.0000 0.0000
80.0000 0.0000
81.0000 0.0000
82.0000 0.0000
83.0000 0.0000
84.0000 0.0000
85.0000 0.0000
86.0000 0.0000
87.0000 0.0000
88.0000 0.0000
89.0000 0.0000
90.0000 0.0000
91.0000 0.0000
92.0000 0.0000
93.0000 0.0000
94.0000 0.0000
95.0000 0.0000
96.0000 0.0000
97.0000 0.0000
98.0000 0.0000
99.0000 0.0000
100.0000 0.0000
101.0000 0.0000
102.0000 0.0000
103.0000 0.0000
104.0000 0.0000
105.0000 0.0000
106.0000 0.0000
107.0000 0.0000
108.0000 0.0000
109.0000 0.0000
110.0000 0.0000
111.0000 0.0000
112.0000 0.0000
113.0000 0.0000
114.0000 0.0000
115.0000 0.0000
116.0000 0.0000
117.0000 0.0000
118.0000 0.0000
119.0000 0.0000
120.0000 0.0000
121.0000 0.0000
122.0000 0.0000
123.0000 0.0000
124.0000 0.0000
125.0000 0.0000
126.0000 0.0000
127.0000 0.0000
128.0000 0.0000
129.0000 0.0000
130.0000 0.0000
131.0000 0.0000
132.0000 0.0000
133.0000 0.0000
134.0000 0.0000
135.0000 0.0000
136.0000 0.0000
137.0000 0.0000
138.0000 0.0000
139.0000 0.0000
140.0000 0.0000
141.0000 0.0000
142.0000 0.0000
143.0000 0.0000
144.0000 0.0000
145.0000 0.0000
146.0000 0.0000
147.0000 0.0000
148.0000 0.0000
149.0000 0.0000
197.0000 0.0045
184.0000 0.0047
211.0000 0.0047
218.0000 0.0047
158.0000 0.0050
216.0000 0.0050
150.0000 0.0053
174.0000 0.0053
204.0000 0.0053
230.0000 0.0053
162.0000 0.0056
200.0000 0.0056
199.0000 0.0057
186.0000 0.0058
227.0000 0.0059
179.0000 0.0060
195.0000 0.0061
208.0000 0.0061
225.0000 0.0061
153.0000 0.0063
178.0000 0.0063
212.0000 0.0063
159.0000 0.0066
185.0000 0.0067
190.0000 0.0067
239.0000 0.0067
237.0000 0.0068
163.0000 0.0070
166.0000 0.0071
188.0000 0.0073
155.0000 0.0075
217.0000 0.0075
222.0000 0.0076
170.0000 0.0077
196.0000 0.0078
219.0000 0.0078
151.0000 0.0079
182.0000 0.0079
191.0000 0.0079
164.0000 0.0082
201.0000 0.0084
154.0000 0.0086
172.0000 0.0086
176.0000 0.0087
205.0000 0.0087
210.0000 0.0087
207.0000 0.0088
224.0000 0.0090
177.0000 0.0093
187.0000 0.0093
157.0000 0.0100
189.0000 0.0102
192.0000 0.0102
161.0000 0.0103
202.0000 0.0107
180.0000 0.0109
206.0000 0.0110
21.0000 0.0113
27.0000 0.0113
80.0000 0.0113
32.0000 0.0118
76.0000 0.0120
228.0000 0.0120
25.0000 0.0121
198.0000 0.0123
168.0000 0.0125
213.0000 0.0125
95.0000 0.0127
131.0000 0.0130
135.0000 0.0135
231.0000 0.0136
226.0000 0.0137
102.0000 0.0138
31.0000 0.0139
113.0000 0.0139
30.0000 0.0142
77.0000 0.0143
84.0000 0.0144
215.0000 0.0144
143.0000 0.0145
145.0000 0.0145
62.0000 0.0146
29.0000 0.0148
33.0000 0.0149
194.0000 0.0149
233.0000 0.0149
111.0000 0.0153
181.0000 0.0153
235.0000 0.0153
40.0000 0.0154
20.0000 0.0156
46.0000 0.0158
234.0000 0.0159
61.0000 0.0160
83.0000 0.0160
55.0000 0.0162
16.0000 0.0165
37.0000 0.0166
232.0000 0.0166
36.0000 0.0167
114.0000 0.0167
44.0000 0.0168
123.0000 0.0168
169.0000 0.0168
120.0000 0.0169
137.0000 0.0169
220.0000 0.0172
41.0000 0.0175
87.0000 0.0176
4.0000 0.0177
105.0000 0.0178
124.0000 0.0180
89.0000 0.0181
214.0000 0.0182
94.0000 0.0183
68.0000 0.0185
139.0000 0.0185
14.0000 0.0186
116.0000 0.0187
193.0000 0.0187
158.0000 0.0188
85.0000 0.0189
167.0000 0.0192
199.0000 0.0192
119.0000 0.0194
179.0000 0.0195
122.0000 0.0196
91.0000 0.0197
146.0000 0.0197
174.0000 0.0197
71.0000 0.0198
108.0000 0.0198
74.0000 0.0199
28.0000 0.0200
117.0000 0.0200
183.0000 0.0201
237.0000 0.0201
12.0000 0.0202
50.0000 0.0205
60.0000 0.0205
64.0000 0.0205
69.0000 0.0205
109.0000 0.0205
200.0000 0.0205
141.0000 0.0206
147.0000 0.0206
218.0000 0.0206
78.0000 0.0207
211.0000 0.0207
144.0000 0.0208
93.0000 0.0210
70.0000 0.0211
125.0000 0.0214
9.0000 0.0219
204.0000 0.0221
2.0000 0.0222
75.0000 0.0223
24.0000 0.0224
72.0000 0.0224
171.0000 0.0224
184.0000 0.0228
127.0000 0.0229
166.0000 0.0229
216.0000 0.0230
48.0000 0.0232
80.0000 0.0233
34.0000 0.0235
224.0000 0.0235
19.0000 0.0236
76.0000 0.0236
45.0000 0.0237
205.0000 0.0239
96.0000 0.0240
165.0000 0.0240
197.0000 0.0240
79.0000 0.0241
132.0000 0.0241
27.0000 0.0242
15.0000 0.0243
236.0000 0.0243
148.0000 0.0244
151.0000 0.0244
187.0000 0.0244
21.0000 0.0245
99.0000 0.0245
160.0000 0.0246
5.0000 0.0247
11.0000 0.0247
32.0000 0.0247
18.0000 0.0248
239.0000 0.0248
17.0000 0.0251
100.0000 0.0252
227.0000 0.0252
65.0000 0.0255
186.0000 0.0255
131.0000 0.0256
164.0000 0.0256
170.0000 0.0256
191.0000 0.0256
190.0000 0.0258
207.0000 0.0258
92.0000 0.0259
112.0000 0.0259
225.0000 0.0259
53.0000 0.0261
135.0000 0.0262
107.0000 0.0264
67.0000 0.0265
95.0000 0.0266
172.0000 0.0266
81.0000 0.0267
136.0000 0.0267
77.0000 0.0268
192.0000 0.0270
26.0000 0.0271
61.0000 0.0272
185.0000 0.0273
212.0000 0.0274
52.0000 0.0275
134.0000 0.0275
150.0000 0.0275
210.0000 0.0275
39.0000 0.0276
219.0000 0.0276
20.0000 0.0277
31.0000 0.0277
33.0000 0.0278
222.0000 0.0278
1.0000 0.0279
149.0000 0.0279
189.0000 0.0279
58.0000 0.0280
161.0000 0.0280
180.0000 0.0280
30.0000 0.0281
59.0000 0.0281
38.0000 0.0282
51.0000 0.0282
176.0000 0.0282
177.0000 0.0284
201.0000 0.0284
25.0000 0.0285
128.0000 0.0285
84.0000 0.0286
217.0000 0.0288
111.0000 0.0289
113.0000 0.0291
29.0000 0.0292
163.0000 0.0292
62.0000 0.0295
102.0000 0.0295
188.0000 0.0295
42.0000 0.0296
196.0000 0.0296
101.0000 0.0297
195.0000 0.0298
238.0000 0.0299
40.0000 0.0300
157.0000 0.0303
162.0000 0.0303
226.0000 0.0303
86.0000 0.0304
206.0000 0.0304
143.0000 0.0305
44.0000 0.0306
82.0000 0.0307
199.0000 0.0307
129.0000 0.0308
202.0000 0.0308
110.0000 0.0309
152.0000 0.0309
174.0000 0.0309
85.0000 0.0310
114.0000 0.0310
83.0000 0.0311
118.0000 0.0311
142.0000 0.0313
228.0000 0.0317
233.0000 0.0317
46.0000 0.0318
154.0000 0.0319
36.0000 0.0320
137.0000 0.0320
182.0000 0.0320
14.0000 0.0321
43.0000 0.0321
235.0000 0.0321
37.0000 0.0322
66.0000 0.0322
159.0000 0.0322
179.0000 0.0322
237.0000 0.0323
124.0000 0.0324
90.0000 0.0325
116.0000 0.0325
158.0000 0.0326
123.0000 0.0329
145.0000 0.0329
200.0000 0.0331
16.0000 0.0332
4.0000 0.0335
68.0000 0.0335
80.0000 0.0336
231.0000 0.0336
105.0000 0.0337
178.0000 0.0337
56.0000 0.0338
120.0000 0.0340
218.0000 0.0340
35.0000 0.0342
55.0000 0.0344
27.0000 0.0345
89.0000 0.0345
54.0000 0.0346
106.0000 0.0346
21.0000 0.0347
76.0000 0.0347
122.0000 0.0347
194.0000 0.0347
47.0000 0.0348
93.0000 0.0348
94.0000 0.0348
204.0000 0.0349
234.0000 0.0350
12.0000 0.0351
71.0000 0.0351
119.0000 0.0351
211.0000 0.0351
64.0000 0.0352
91.0000 0.0352
117.0000 0.0353
229.0000 0.0353
151.0000 0.0355
87.0000 0.0356
139.0000 0.0356
32.0000 0.0358
205.0000 0.0358
13.0000 0.0360
216.0000 0.0360
146.0000 0.0361
223.0000 0.0363
41.0000 0.0364
187.0000 0.0365
2.0000 0.0366
198.0000 0.0366
95.0000 0.0367
166.0000 0.0367
224.0000 0.0367
144.0000 0.0368
50.0000 0.0369
9.0000 0.0370
184.0000 0.0370
197.0000 0.0370
108.0000 0.0373
70.0000 0.0375
131.0000 0.0375
24.0000 0.0376
121.0000 0.0376
135.0000 0.0377
74.0000 0.0379
141.0000 0.0379
155.0000 0.0379
109.0000 0.0380
19.0000 0.0381
227.0000 0.0381
33.0000 0.0382
28.0000 0.0383
77.0000 0.0384
170.0000 0.0385
48.0000 0.0386
73.0000 0.0387
61.0000 0.0389
191.0000 0.0389
213.0000 0.0389
126.0000 0.0392
138.0000 0.0392
164.0000 0.0392
20.0000 0.0393
103.0000 0.0393
30.0000 0.0395
199.0000 0.0399
60.0000 0.0401
232.0000 0.0401
8.0000 0.0402
31.0000 0.0402
113.0000 0.0402
220.0000 0.0403
225.0000 0.0404
230.0000 0.0404
239.0000 0.0404
79.0000 0.0406
203.0000 0.0407
84.0000 0.0409
111.0000 0.0410
181.0000 0.0410
214.0000 0.0410
75.0000 0.0411
171.0000 0.0411
100.0000 0.0413
69.0000 0.0414
147.0000 0.0414
125.0000 0.0415
62.0000 0.0416
174.0000 0.0417
102.0000 0.0419
133.0000 0.0422
167.0000 0.0422
179.0000 0.0424
186.0000 0.0424
143.0000 0.0427
172.0000 0.0427
207.0000 0.0427
15.0000 0.0428
45.0000 0.0428
185.0000 0.0428
192.0000 0.0428
132.0000 0.0429
222.0000 0.0429
29.0000 0.0430
168.0000 0.0430
210.0000 0.0430
237.0000 0.0432
25.0000 0.0433
40.0000 0.0433
161.0000 0.0433
201.0000 0.0433
96.0000 0.0434
212.0000 0.0435
80.0000 0.0436
177.0000 0.0436
78.0000 0.0437
189.0000 0.0437
65.0000 0.0438
127.0000 0.0439
72.0000 0.0441
85.0000 0.0441
148.0000 0.0442
188.0000 0.0442
158.0000 0.0443
11.0000 0.0444
34.0000 0.0444
190.0000 0.0445
200.0000 0.0445
114.0000 0.0446
44.0000 0.0447
215.0000 0.0447
233.0000 0.0447
134.0000 0.0448
137.0000 0.0448
180.0000 0.0448
27.0000 0.0449
21.0000 0.0450
67.0000 0.0451
92.0000 0.0452
145.0000 0.0452
176.0000 0.0452
116.0000 0.0454
150.0000 0.0454
153.0000 0.0454
193.0000 0.0454
83.0000 0.0455
4.0000 0.0456
36.0000 0.0457
76.0000 0.0458
124.0000 0.0458
169.0000 0.0458
218.0000 0.0458
149.0000 0.0459
46.0000 0.0460
136.0000 0.0460
163.0000 0.0460
32.0000 0.0462
219.0000 0.0462
226.0000 0.0462
202.0000 0.0463
0.0000 0.0464
235.0000 0.0464
53.0000 0.0465
58.0000 0.0465
140.0000 0.0465
211.0000 0.0465
18.0000 0.0466
123.0000 0.0466
195.0000 0.0466
183.0000 0.0468
14.0000 0.0469
37.0000 0.0470
98.0000 0.0470
112.0000 0.0470
217.0000 0.0470
1.0000 0.0472
5.0000 0.0472
228.0000 0.0472
55.0000 0.0473
81.0000 0.0473
3.0000 0.0474
95.0000 0.0474
135.0000 0.0474
166.0000 0.0474
196.0000 0.0474
157.0000 0.0475
204.0000 0.0475
216.0000 0.0475
99.0000 0.0476
151.0000 0.0476
187.0000 0.0476
224.0000 0.0476
107.0000 0.0477
162.0000 0.0477
206.0000 0.0477
38.0000 0.0478
68.0000 0.0478
17.0000 0.0479
22.0000 0.0479
173.0000 0.0479
12.0000 0.0480
89.0000 0.0480
131.0000 0.0480
160.0000 0.0480
52.0000 0.0481
205.0000 0.0481
236.0000 0.0482
26.0000 0.0483
33.0000 0.0483
42.0000 0.0483
105.0000 0.0483
117.0000 0.0483
93.0000 0.0484
122.0000 0.0484
16.0000 0.0486
71.0000 0.0487
77.0000 0.0487
159.0000 0.0487
120.0000 0.0488
59.0000 0.0490
61.0000 0.0490
94.0000 0.0490
119.0000 0.0490
30.0000 0.0492
57.0000 0.0493
199.0000 0.0493
184.0000 0.0495
64.0000 0.0496
39.0000 0.0497
234.0000 0.0497
87.0000 0.0498
91.0000 0.0498
197.0000 0.0498
2.0000 0.0499
231.0000 0.0499
20.0000 0.0500
146.0000 0.0500
170.0000 0.0500
191.0000 0.0502
50.0000 0.0503
51.0000 0.0504
9.0000 0.0505
144.0000 0.0505
31.0000 0.0506
182.0000 0.0507
194.0000 0.0507
227.0000 0.0507
165.0000 0.0510
28.0000 0.0512
110.0000 0.0512
84.0000 0.0513
154.0000 0.0513
174.0000 0.0513
62.0000 0.0515
111.0000 0.0515
139.0000 0.0515
178.0000 0.0515
113.0000 0.0516
179.0000 0.0516
41.0000 0.0518
164.0000 0.0519
108.0000 0.0521
80.0000 0.0522
86.0000 0.0522
128.0000 0.0523
109.0000 0.0524
129.0000 0.0526
24.0000 0.0527
43.0000 0.0529
237.0000 0.0530
225.0000 0.0531
70.0000 0.0532
239.0000 0.0532
19.0000 0.0533
74.0000 0.0533
82.0000 0.0534
48.0000 0.0535
27.0000 0.0538
143.0000 0.0538
102.0000 0.0539
29.0000 0.0542
25.0000 0.0546
141.0000 0.0546
21.0000 0.0548
40.0000 0.0548
200.0000 0.0550
79.0000 0.0551
222.0000 0.0554
192.0000 0.0556
76.0000 0.0558
158.0000 0.0558
90.0000 0.0559
210.0000 0.0559
137.0000 0.0560
32.0000 0.0561
85.0000 0.0561
75.0000 0.0562
142.0000 0.0562
125.0000 0.0563
186.0000 0.0564
207.0000 0.0564
172.0000 0.0565
198.0000 0.0565
212.0000 0.0565
60.0000 0.0566
101.0000 0.0566
95.0000 0.0568
114.0000 0.0569
161.0000 0.0570
35.0000 0.0571
69.0000 0.0571
233.0000 0.0571
115.0000 0.0572
214.0000 0.0572
177.0000 0.0574
189.0000 0.0575
201.0000 0.0575
15.0000 0.0577
36.0000 0.0577
188.0000 0.0577
218.0000 0.0578
232.0000 0.0578
44.0000 0.0579
135.0000 0.0583
204.0000 0.0583
7.0000 0.0584
131.0000 0.0584
88.0000 0.0585
166.0000 0.0585
83.0000 0.0586
116.0000 0.0586
33.0000 0.0587
211.0000 0.0587
213.0000 0.0587
216.0000 0.0587
77.0000 0.0588
124.0000 0.0588
180.0000 0.0588
56.0000 0.0589
190.0000 0.0589
199.0000 0.0589
14.0000 0.0590
132.0000 0.0592
220.0000 0.0592
46.0000 0.0593
65.0000 0.0594
147.0000 0.0594
150.0000 0.0594
224.0000 0.0594
185.0000 0.0595
187.0000 0.0595
151.0000 0.0596
205.0000 0.0596
55.0000 0.0597
176.0000 0.0597
37.0000 0.0598
123.0000 0.0599
127.0000 0.0600
155.0000 0.0600
61.0000 0.0601
96.0000 0.0601
145.0000 0.0601
226.0000 0.0601
20.0000 0.0602
93.0000 0.0604
68.0000 0.0605
163.0000 0.0605
30.0000 0.0606
171.0000 0.0606
106.0000 0.0607
45.0000 0.0608
78.0000 0.0608
118.0000 0.0609
18.0000 0.0610
197.0000 0.0610
122.0000 0.0611
184.0000 0.0612
202.0000 0.0613
167.0000 0.0614
4.0000 0.0615
105.0000 0.0615
31.0000 0.0616
170.0000 0.0616
12.0000 0.0617
34.0000 0.0617
71.0000 0.0617
148.0000 0.0617
206.0000 0.0617
235.0000 0.0617
89.0000 0.0618
92.0000 0.0618
100.0000 0.0618
54.0000 0.0619
66.0000 0.0619
174.0000 0.0620
219.0000 0.0621
80.0000 0.0622
67.0000 0.0623
152.0000 0.0623
179.0000 0.0623
237.0000 0.0624
11.0000 0.0625
162.0000 0.0625
16.0000 0.0626
228.0000 0.0626
27.0000 0.0627
84.0000 0.0627
157.0000 0.0628
1.0000 0.0629
62.0000 0.0629
149.0000 0.0629
94.0000 0.0630
111.0000 0.0630
113.0000 0.0630
126.0000 0.0630
2.0000 0.0632
64.0000 0.0632
117.0000 0.0633
120.0000 0.0633
134.0000 0.0633
191.0000 0.0633
196.0000 0.0634
227.0000 0.0636
87.0000 0.0637
144.0000 0.0637
5.0000 0.0639
13.0000 0.0639
217.0000 0.0639
26.0000 0.0640
53.0000 0.0640
91.0000 0.0640
9.0000 0.0641
21.0000 0.0641
29.0000 0.0642
146.0000 0.0642
81.0000 0.0643
99.0000 0.0643
58.0000 0.0644
102.0000 0.0645
136.0000 0.0645
164.0000 0.0646
143.0000 0.0647
181.0000 0.0647
28.0000 0.0648
138.0000 0.0649
8.0000 0.0650
38.0000 0.0650
39.0000 0.0650
52.0000 0.0651
119.0000 0.0651
225.0000 0.0651
234.0000 0.0652
238.0000 0.0652
50.0000 0.0653
107.0000 0.0653
169.0000 0.0654
40.0000 0.0655
215.0000 0.0655
231.0000 0.0655
139.0000 0.0656
159.0000 0.0657
200.0000 0.0657
158.0000 0.0658
221.0000 0.0658
32.0000 0.0659
41.0000 0.0659
76.0000 0.0659
230.0000 0.0659
121.0000 0.0660
42.0000 0.0661
95.0000 0.0661
72.0000 0.0662
183.0000 0.0663
194.0000 0.0663
239.0000 0.0664
85.0000 0.0665
24.0000 0.0667
133.0000 0.0667
17.0000 0.0668
25.0000 0.0668
59.0000 0.0669
135.0000 0.0669
195.0000 0.0669
19.0000 0.0670
108.0000 0.0670
199.0000 0.0671
47.0000 0.0672
109.0000 0.0673
172.0000 0.0673
48.0000 0.0674
70.0000 0.0674
103.0000 0.0674
137.0000 0.0676
141.0000 0.0676
160.0000 0.0676
218.0000 0.0677
229.0000 0.0678
44.0000 0.0679
74.0000 0.0679
77.0000 0.0679
161.0000 0.0679
131.0000 0.0680
210.0000 0.0680
186.0000 0.0681
192.0000 0.0681
222.0000 0.0681
51.0000 0.0682
193.0000 0.0682
233.0000 0.0682
114.0000 0.0683
204.0000 0.0683
110.0000 0.0684
236.0000 0.0684
33.0000 0.0685
36.0000 0.0688
178.0000 0.0688
75.0000 0.0689
168.0000 0.0689
83.0000 0.0690
151.0000 0.0690
79.0000 0.0692
166.0000 0.0692
223.0000 0.0693
187.0000 0.0694
189.0000 0.0694
207.0000 0.0694
211.0000 0.0694
216.0000 0.0694
177.0000 0.0695
188.0000 0.0695
224.0000 0.0695
154.0000 0.0696
20.0000 0.0697
61.0000 0.0697
112.0000 0.0697
201.0000 0.0698
86.0000 0.0699
30.0000 0.0701
46.0000 0.0701
124.0000 0.0701
205.0000 0.0701
69.0000 0.0702
14.0000 0.0704
125.0000 0.0706
80.0000 0.0708
116.0000 0.0708
212.0000 0.0709
180.0000 0.0711
182.0000 0.0711
37.0000 0.0712
179.0000 0.0712
31.0000 0.0713
43.0000 0.0713
174.0000 0.0713
55.0000 0.0714
82.0000 0.0714
145.0000 0.0715
237.0000 0.0715
128.0000 0.0716
27.0000 0.0717
170.0000 0.0717
198.0000 0.0717
68.0000 0.0718
129.0000 0.0718
190.0000 0.0718
60.0000 0.0720
153.0000 0.0720
214.0000 0.0721
93.0000 0.0722
226.0000 0.0722
122.0000 0.0723
123.0000 0.0723
15.0000 0.0724
62.0000 0.0724
197.0000 0.0724
71.0000 0.0725
98.0000 0.0725
150.0000 0.0725
12.0000 0.0726
84.0000 0.0726
65.0000 0.0727
111.0000 0.0727
22.0000 0.0728
176.0000 0.0728
185.0000 0.0728
21.0000 0.0729
165.0000 0.0730
90.0000 0.0731
4.0000 0.0732
89.0000 0.0732
191.0000 0.0732
184.0000 0.0733
113.0000 0.0735
163.0000 0.0738
29.0000 0.0739
96.0000 0.0739
16.0000 0.0741
232.0000 0.0741
2.0000 0.0742
132.0000 0.0742
105.0000 0.0743
95.0000 0.0744
235.0000 0.0744
76.0000 0.0746
213.0000 0.0747
147.0000 0.0749
202.0000 0.0749
120.0000 0.0750
143.0000 0.0751
206.0000 0.0752
32.0000 0.0753
144.0000 0.0753
148.0000 0.0753
127.0000 0.0754
227.0000 0.0754
87.0000 0.0756
162.0000 0.0756
164.0000 0.0756
199.0000 0.0756
225.0000 0.0756
92.0000 0.0757
102.0000 0.0758
9.0000 0.0759
94.0000 0.0759
219.0000 0.0759
228.0000 0.0759
64.0000 0.0760
171.0000 0.0760
200.0000 0.0760
1.0000 0.0761
117.0000 0.0761
135.0000 0.0761
78.0000 0.0762
91.0000 0.0762
220.0000 0.0762
40.0000 0.0763
142.0000 0.0764
158.0000 0.0764
18.0000 0.0765
67.0000 0.0765
34.0000 0.0766
50.0000 0.0767
73.0000 0.0767
146.0000 0.0767
157.0000 0.0767
196.0000 0.0767
155.0000 0.0769
203.0000 0.0770
3.0000 0.0771
77.0000 0.0771
217.0000 0.0771
45.0000 0.0773
101.0000 0.0773
131.0000 0.0773
33.0000 0.0775
140.0000 0.0775
119.0000 0.0776
218.0000 0.0776
234.0000 0.0776
85.0000 0.0778
167.0000 0.0778
0.0000 0.0780
100.0000 0.0780
26.0000 0.0781
137.0000 0.0782
28.0000 0.0783
239.0000 0.0783
25.0000 0.0784
56.0000 0.0784
61.0000 0.0785
44.0000 0.0786
204.0000 0.0786
210.0000 0.0786
41.0000 0.0787
5.0000 0.0788
35.0000 0.0788
114.0000 0.0789
231.0000 0.0789
11.0000 0.0790
166.0000 0.0790
194.0000 0.0790
30.0000 0.0791
149.0000 0.0791
151.0000 0.0791
81.0000 0.0792
139.0000 0.0793
233.0000 0.0793
20.0000 0.0794
83.0000 0.0794
172.0000 0.0794
187.0000 0.0794
24.0000 0.0795
80.0000 0.0795
134.0000 0.0795
159.0000 0.0795
186.0000 0.0796
36.0000 0.0797
192.0000 0.0797
224.0000 0.0797
179.0000 0.0798
222.0000 0.0798
106.0000 0.0799
108.0000 0.0799
205.0000 0.0799
42.0000 0.0801
189.0000 0.0801
70.0000 0.0803
136.0000 0.0803
211.0000 0.0803
14.0000 0.0804
58.0000 0.0804
161.0000 0.0804
237.0000 0.0804
31.0000 0.0805
52.0000 0.0806
188.0000 0.0806
216.0000 0.0806
27.0000 0.0807
107.0000 0.0807
19.0000 0.0808
48.0000 0.0808
124.0000 0.0808
174.0000 0.0808
38.0000 0.0809
57.0000 0.0809
207.0000 0.0810
53.0000 0.0811
109.0000 0.0813
39.0000 0.0814
170.0000 0.0814
201.0000 0.0814
21.0000 0.0815
62.0000 0.0815
177.0000 0.0815
46.0000 0.0817
111.0000 0.0817
55.0000 0.0818
84.0000 0.0818
37.0000 0.0819
99.0000 0.0820
74.0000 0.0821
75.0000 0.0821
208.0000 0.0821
212.0000 0.0821
72.0000 0.0822
79.0000 0.0822
195.0000 0.0823
17.0000 0.0824
116.0000 0.0824
122.0000 0.0825
141.0000 0.0826
4.0000 0.0827
54.0000 0.0829
59.0000 0.0829
69.0000 0.0830
191.0000 0.0830
197.0000 0.0830
68.0000 0.0833
180.0000 0.0833
71.0000 0.0834
76.0000 0.0834
95.0000 0.0834
113.0000 0.0834
178.0000 0.0834
12.0000 0.0835
123.0000 0.0836
169.0000 0.0836
226.0000 0.0837
199.0000 0.0838
32.0000 0.0839
93.0000 0.0839
145.0000 0.0839
29.0000 0.0841
51.0000 0.0841
190.0000 0.0842
150.0000 0.0843
184.0000 0.0844
66.0000 0.0845
110.0000 0.0845
200.0000 0.0845
89.0000 0.0846
125.0000 0.0846
176.0000 0.0847
118.0000 0.0848
181.0000 0.0848
183.0000 0.0848
126.0000 0.0849
65.0000 0.0851
135.0000 0.0851
143.0000 0.0851
105.0000 0.0852
185.0000 0.0852
158.0000 0.0853
227.0000 0.0853
2.0000 0.0855
163.0000 0.0857
215.0000 0.0857
13.0000 0.0858
102.0000 0.0858
154.0000 0.0859
225.0000 0.0859
230.0000 0.0859
16.0000 0.0860
40.0000 0.0860
235.0000 0.0860
60.0000 0.0861
15.0000 0.0862
112.0000 0.0862
77.0000 0.0863
131.0000 0.0863
173.0000 0.0863
206.0000 0.0863
160.0000 0.0864
33.0000 0.0865
202.0000 0.0865
120.0000 0.0866
164.0000 0.0866
214.0000 0.0866
86.0000 0.0867
193.0000 0.0867
9.0000 0.0868
228.0000 0.0868
236.0000 0.0868
218.0000 0.0869
87.0000 0.0870
8.0000 0.0872
182.0000 0.0872
64.0000 0.0873
80.0000 0.0873
198.0000 0.0873
121.0000 0.0874
61.0000 0.0875
85.0000 0.0875
94.0000 0.0875
138.0000 0.0875
144.0000 0.0875
162.0000 0.0875
91.0000 0.0878
148.0000 0.0879
96.0000 0.0880
117.0000 0.0881
146.0000 0.0881
30.0000 0.0882
179.0000 0.0882
217.0000 0.0882
152.0000 0.0883
133.0000 0.0884
151.0000 0.0884
50.0000 0.0885
128.0000 0.0886
132.0000 0.0887
137.0000 0.0887
196.0000 0.0887
238.0000 0.0887
1.0000 0.0888
127.0000 0.0888
119.0000 0.0889
166.0000 0.0889
233.0000 0.0889
43.0000 0.0890
67.0000 0.0890
204.0000 0.0890
224.0000 0.0890
239.0000 0.0890
82.0000 0.0891
147.0000 0.0891
157.0000 0.0891
114.0000 0.0892
219.0000 0.0892
20.0000 0.0893
83.0000 0.0893
237.0000 0.0893
44.0000 0.0894
174.0000 0.0894
187.0000 0.0894
232.0000 0.0894
25.0000 0.0895
27.0000 0.0896
34.0000 0.0896
210.0000 0.0896
205.0000 0.0897
213.0000 0.0897
63.0000 0.0898
103.0000 0.0900
18.0000 0.0901
21.0000 0.0901
28.0000 0.0901
129.0000 0.0901
14.0000 0.0902
31.0000 0.0902
36.0000 0.0903
234.0000 0.0903
92.0000 0.0904
216.0000 0.0904
222.0000 0.0905
171.0000 0.0906
62.0000 0.0907
78.0000 0.0907
47.0000 0.0908
161.0000 0.0908
194.0000 0.0909
90.0000 0.0910
172.0000 0.0910
211.0000 0.0911
108.0000 0.0913
124.0000 0.0913
189.0000 0.0913
220.0000 0.0913
95.0000 0.0914
100.0000 0.0914
84.0000 0.0915
170.0000 0.0915
26.0000 0.0917
41.0000 0.0917
111.0000 0.0917
165.0000 0.0917
168.0000 0.0917
139.0000 0.0918
199.0000 0.0918
76.0000 0.0919
188.0000 0.0919
192.0000 0.0919
207.0000 0.0919
159.0000 0.0920
45.0000 0.0921
231.0000 0.0921
46.0000 0.0922
186.0000 0.0922
22.0000 0.0923
24.0000 0.0923
55.0000 0.0923
4.0000 0.0924
81.0000 0.0924
70.0000 0.0925
177.0000 0.0925
48.0000 0.0926
32.0000 0.0927
37.0000 0.0928
201.0000 0.0928
115.0000 0.0929
191.0000 0.0929
122.0000 0.0930
142.0000 0.0930
5.0000 0.0931
113.0000 0.0931
155.0000 0.0931
116.0000 0.0932
212.0000 0.0932
135.0000 0.0933
19.0000 0.0935
29.0000 0.0935
71.0000 0.0935
223.0000 0.0935
109.0000 0.0936
200.0000 0.0936
7.0000 0.0938
11.0000 0.0938
52.0000 0.0938
79.0000 0.0938
197.0000 0.0939
229.0000 0.0940
42.0000 0.0941
134.0000 0.0941
69.0000 0.0943
143.0000 0.0943
93.0000 0.0944
167.0000 0.0944
68.0000 0.0945
98.0000 0.0945
38.0000 0.0946
153.0000 0.0947
158.0000 0.0947
226.0000 0.0947
77.0000 0.0948
136.0000 0.0948
180.0000 0.0948
227.0000 0.0948
74.0000 0.0950
75.0000 0.0950
123.0000 0.0950
33.0000 0.0951
89.0000 0.0951
150.0000 0.0952
184.0000 0.0952
12.0000 0.0953
39.0000 0.0953
58.0000 0.0953
107.0000 0.0953
149.0000 0.0953
176.0000 0.0953
59.0000 0.0954
145.0000 0.0954
80.0000 0.0955
131.0000 0.0956
190.0000 0.0956
99.0000 0.0957
102.0000 0.0957
218.0000 0.0957
61.0000 0.0958
195.0000 0.0959
56.0000 0.0960
40.0000 0.0961
105.0000 0.0961
141.0000 0.0961
17.0000 0.0963
53.0000 0.0965
65.0000 0.0966
179.0000 0.0966
225.0000 0.0966
125.0000 0.0967
2.0000 0.0968
164.0000 0.0969
16.0000 0.0970
30.0000 0.0970
85.0000 0.0970
185.0000 0.0973
120.0000 0.0974
151.0000 0.0974
27.0000 0.0975
101.0000 0.0975
72.0000 0.0976
237.0000 0.0976
35.0000 0.0977
94.0000 0.0977
206.0000 0.0977
60.0000 0.0978
88.0000 0.0979
178.0000 0.0979
202.0000 0.0979
163.0000 0.0982
174.0000 0.0982
166.0000 0.0983
235.0000 0.0983
87.0000 0.0984
106.0000 0.0984
233.0000 0.0985
64.0000 0.0986
204.0000 0.0986
224.0000 0.0986
21.0000 0.0987
162.0000 0.0987
205.0000 0.0987
187.0000 0.0988
44.0000 0.0989
51.0000 0.0989
137.0000 0.0989
20.0000 0.0990
83.0000 0.0991
91.0000 0.0991
117.0000 0.0991
228.0000 0.0991
9.0000 0.0992
31.0000 0.0992
50.0000 0.0992
144.0000 0.0992
114.0000 0.0993
146.0000 0.0993
15.0000 0.0994
119.0000 0.0994
3.0000 0.0995
199.0000 0.0995
62.0000 0.0996
169.0000 0.0998
95.0000 0.0999
210.0000 0.0999
25.0000 0.1000
140.0000 0.1001
183.0000 0.1001
214.0000 0.1002
96.0000 0.1003
110.0000 0.1003
36.0000 0.1004
14.0000 0.1005
76.0000 0.1005
1.0000 0.1006
222.0000 0.1006
73.0000 0.1007
216.0000 0.1007
84.0000 0.1008
54.0000 0.1009
111.0000 0.1010
154.0000 0.1010
148.0000 0.1011
28.0000 0.1012
170.0000 0.1012
239.0000 0.1012
34.0000 0.1014
211.0000 0.1014
32.0000 0.1015
67.0000 0.1015
181.0000 0.1015
196.0000 0.1015
217.0000 0.1015
132.0000 0.1017
219.0000 0.1019
124.0000 0.1021
157.0000 0.1021
172.0000 0.1021
86.0000 0.1022
135.0000 0.1022
182.0000 0.1022
161.0000 0.1023
46.0000 0.1024
108.0000 0.1024
127.0000 0.1024
193.0000 0.1024
198.0000 0.1024
230.0000 0.1024
194.0000 0.1026
37.0000 0.1027
29.0000 0.1028
92.0000 0.1028
200.0000 0.1028
113.0000 0.1029
201.0000 0.1029
186.0000 0.1031
215.0000 0.1031
236.0000 0.1031
189.0000 0.1032
234.0000 0.1032
77.0000 0.1033
177.0000 0.1033
191.0000 0.1033
100.0000 0.1035
4.0000 0.1036
55.0000 0.1036
80.0000 0.1036
188.0000 0.1036
33.0000 0.1037
71.0000 0.1037
112.0000 0.1037
48.0000 0.1038
126.0000 0.1038
143.0000 0.1038
122.0000 0.1039
147.0000 0.1039
18.0000 0.1040
57.0000 0.1040
192.0000 0.1040
158.0000 0.1041
0.0000 0.1042
160.0000 0.1042
232.0000 0.1042
41.0000 0.1043
207.0000 0.1043
61.0000 0.1045
78.0000 0.1045
213.0000 0.1045
184.0000 0.1046
70.0000 0.1047
116.0000 0.1047
139.0000 0.1047
26.0000 0.1048
24.0000 0.1049
197.0000 0.1049
218.0000 0.1049
68.0000 0.1051
79.0000 0.1051
212.0000 0.1051
231.0000 0.1051
131.0000 0.1052
227.0000 0.1052
19.0000 0.1053
30.0000 0.1053
93.0000 0.1053
159.0000 0.1053
8.0000 0.1054
179.0000 0.1054
12.0000 0.1055
89.0000 0.1055
82.0000 0.1056
226.0000 0.1056
128.0000 0.1057
171.0000 0.1057
27.0000 0.1058
102.0000 0.1059
43.0000 0.1060
45.0000 0.1061
66.0000 0.1061
150.0000 0.1061
203.0000 0.1062
237.0000 0.1062
118.0000 0.1063
123.0000 0.1064
151.0000 0.1064
85.0000 0.1065
69.0000 0.1066
109.0000 0.1066
134.0000 0.1066
180.0000 0.1066
40.0000 0.1067
138.0000 0.1067
81.0000 0.1068
145.0000 0.1068
220.0000 0.1068
225.0000 0.1068
164.0000 0.1069
174.0000 0.1070
75.0000 0.1071
105.0000 0.1071
176.0000 0.1071
224.0000 0.1071
21.0000 0.1072
166.0000 0.1072
190.0000 0.1072
199.0000 0.1073
95.0000 0.1074
5.0000 0.1075
52.0000 0.1075
133.0000 0.1075
205.0000 0.1075
187.0000 0.1076
11.0000 0.1077
16.0000 0.1077
90.0000 0.1077
42.0000 0.1078
44.0000 0.1079
204.0000 0.1079
2.0000 0.1082
120.0000 0.1082
13.0000 0.1083
59.0000 0.1084
125.0000 0.1084
233.0000 0.1084
20.0000 0.1085
31.0000 0.1085
74.0000 0.1085
136.0000 0.1086
38.0000 0.1087
58.0000 0.1087
65.0000 0.1087
221.0000 0.1087
62.0000 0.1088
76.0000 0.1088
39.0000 0.1089
155.0000 0.1089
117.0000 0.1091
202.0000 0.1091
83.0000 0.1092
121.0000 0.1093
64.0000 0.1094
99.0000 0.1094
87.0000 0.1095
107.0000 0.1095
137.0000 0.1095
141.0000 0.1096
32.0000 0.1097
91.0000 0.1097
94.0000 0.1097
114.0000 0.1097
206.0000 0.1097
14.0000 0.1098
84.0000 0.1098
167.0000 0.1098
185.0000 0.1098
50.0000 0.1099
144.0000 0.1099
163.0000 0.1100
235.0000 0.1100
111.0000 0.1101
119.0000 0.1101
129.0000 0.1101
195.0000 0.1101
135.0000 0.1102
146.0000 0.1102
17.0000 0.1103
210.0000 0.1103
36.0000 0.1104
9.0000 0.1105
60.0000 0.1105
149.0000 0.1105
152.0000 0.1105
216.0000 0.1105
238.0000 0.1105
103.0000 0.1106
162.0000 0.1106
170.0000 0.1107
222.0000 0.1107
25.0000 0.1108
165.0000 0.1108
228.0000 0.1109
80.0000 0.1111
29.0000 0.1112
142.0000 0.1112
200.0000 0.1114
239.0000 0.1114
211.0000 0.1115
15.0000 0.1116
33.0000 0.1117
53.0000 0.1117
77.0000 0.1118
178.0000 0.1118
1.0000 0.1122
37.0000 0.1122
46.0000 0.1122
4.0000 0.1124
172.0000 0.1124
113.0000 0.1126
124.0000 0.1126
161.0000 0.1126
28.0000 0.1127
72.0000 0.1127
168.0000 0.1127
61.0000 0.1130
148.0000 0.1131
157.0000 0.1131
196.0000 0.1132
217.0000 0.1132
223.0000 0.1132
96.0000 0.1133
158.0000 0.1133
191.0000 0.1133
214.0000 0.1133
71.0000 0.1134
179.0000 0.1134
30.0000 0.1135
106.0000 0.1135
131.0000 0.1136
27.0000 0.1137
56.0000 0.1137
10.0000 0.1138
219.0000 0.1138
22.0000 0.1139
186.0000 0.1139
51.0000 0.1140
143.0000 0.1140
218.0000 0.1140
237.0000 0.1141
177.0000 0.1143
201.0000 0.1143
34.0000 0.1144
47.0000 0.1144
67.0000 0.1144
127.0000 0.1144
153.0000 0.1144
108.0000 0.1145
110.0000 0.1146
122.0000 0.1146
55.0000 0.1147
98.0000 0.1147
189.0000 0.1147
194.0000 0.1147
207.0000 0.1149
234.0000 0.1149
188.0000 0.1150
227.0000 0.1150
48.0000 0.1152
154.0000 0.1152
184.0000 0.1152
151.0000 0.1154
89.0000 0.1155
92.0000 0.1155
101.0000 0.1155
174.0000 0.1155
199.0000 0.1155
21.0000 0.1156
116.0000 0.1156
68.0000 0.1157
93.0000 0.1157
132.0000 0.1157
183.0000 0.1157
192.0000 0.1158
95.0000 0.1159
226.0000 0.1159
169.0000 0.1160
41.0000 0.1161
102.0000 0.1161
224.0000 0.1161
166.0000 0.1163
173.0000 0.1163
197.0000 0.1163
79.0000 0.1164
139.0000 0.1164
40.0000 0.1165
70.0000 0.1165
198.0000 0.1165
212.0000 0.1166
35.0000 0.1168
85.0000 0.1168
12.0000 0.1169
205.0000 0.1169
86.0000 0.1170
225.0000 0.1170
100.0000 0.1171
18.0000 0.1172
150.0000 0.1172
164.0000 0.1172
26.0000 0.1174
76.0000 0.1174
187.0000 0.1174
204.0000 0.1174
181.0000 0.1175
20.0000 0.1176
180.0000 0.1176
19.0000 0.1177
44.0000 0.1177
78.0000 0.1177
105.0000 0.1177
147.0000 0.1177
24.0000 0.1178
62.0000 0.1178
123.0000 0.1179
182.0000 0.1179
176.0000 0.1180
229.0000 0.1180
32.0000 0.1181
193.0000 0.1181
16.0000 0.1182
31.0000 0.1183
145.0000 0.1186
231.0000 0.1187
69.0000 0.1188
80.0000 0.1188
135.0000 0.1188
190.0000 0.1188
75.0000 0.1189
84.0000 0.1189
109.0000 0.1189
209.0000 0.1189
159.0000 0.1190
233.0000 0.1190
83.0000 0.1191
137.0000 0.1191
213.0000 0.1191
111.0000 0.1192
112.0000 0.1194
120.0000 0.1194
45.0000 0.1195
171.0000 0.1195
33.0000 0.1196
114.0000 0.1196
232.0000 0.1196
170.0000 0.1197
230.0000 0.1197
5.0000 0.1198
140.0000 0.1198
236.0000 0.1198
36.0000 0.1199
14.0000 0.1200
54.0000 0.1200
134.0000 0.1200
2.0000 0.1201
77.0000 0.1201
117.0000 0.1201
87.0000 0.1203
94.0000 0.1203
200.0000 0.1203
216.0000 0.1203
210.0000 0.1204
29.0000 0.1205
81.0000 0.1205
215.0000 0.1205
50.0000 0.1206
64.0000 0.1206
222.0000 0.1206
91.0000 0.1207
119.0000 0.1208
220.0000 0.1208
160.0000 0.1209
42.0000 0.1210
125.0000 0.1210
52.0000 0.1211
163.0000 0.1211
202.0000 0.1211
3.0000 0.1212
128.0000 0.1212
144.0000 0.1213
113.0000 0.1214
146.0000 0.1214
11.0000 0.1215
25.0000 0.1215
43.0000 0.1215
59.0000 0.1215
61.0000 0.1215
179.0000 0.1215
65.0000 0.1216
206.0000 0.1217
82.0000 0.1218
211.0000 0.1218
235.0000 0.1218
74.0000 0.1219
126.0000 0.1219
228.0000 0.1220
9.0000 0.1221
27.0000 0.1221
46.0000 0.1221
131.0000 0.1221
162.0000 0.1221
185.0000 0.1221
30.0000 0.1222
39.0000 0.1222
99.0000 0.1222
124.0000 0.1222
60.0000 0.1223
115.0000 0.1223
141.0000 0.1223
237.0000 0.1223
239.0000 0.1223
155.0000 0.1224
172.0000 0.1224
4.0000 0.1225
58.0000 0.1225
136.0000 0.1225
161.0000 0.1225
191.0000 0.1225
7.0000 0.1228
38.0000 0.1228
158.0000 0.1228
37.0000 0.1229
90.0000 0.1230
107.0000 0.1230
195.0000 0.1231
218.0000 0.1231
28.0000 0.1232
71.0000 0.1232
199.0000 0.1232
143.0000 0.1234
174.0000 0.1234
8.0000 0.1235
17.0000 0.1235
95.0000 0.1236
1.0000 0.1239
167.0000 0.1239
227.0000 0.1240
15.0000 0.1241
186.0000 0.1241
151.0000 0.1242
21.0000 0.1243
57.0000 0.1243
189.0000 0.1244
122.0000 0.1246
149.0000 0.1246
157.0000 0.1246
184.0000 0.1247
219.0000 0.1247
178.0000 0.1248
66.0000 0.1249
217.0000 0.1249
55.0000 0.1250
108.0000 0.1250
88.0000 0.1251
93.0000 0.1251
188.0000 0.1251
207.0000 0.1252
48.0000 0.1253
148.0000 0.1253
166.0000 0.1253
196.0000 0.1253
89.0000 0.1254
177.0000 0.1254
53.0000 0.1255
133.0000 0.1255
224.0000 0.1255
68.0000 0.1256
201.0000 0.1256
76.0000 0.1257
96.0000 0.1257
116.0000 0.1258
20.0000 0.1259
204.0000 0.1260
32.0000 0.1261
85.0000 0.1261
226.0000 0.1261
40.0000 0.1262
41.0000 0.1262
102.0000 0.1262
205.0000 0.1262
192.0000 0.1264
194.0000 0.1265
214.0000 0.1265
212.0000 0.1266
62.0000 0.1267
80.0000 0.1267
187.0000 0.1267
234.0000 0.1267
67.0000 0.1268
135.0000 0.1268
12.0000 0.1269
118.0000 0.1269
127.0000 0.1270
225.0000 0.1270
31.0000 0.1271
44.0000 0.1271
197.0000 0.1273
34.0000 0.1274
164.0000 0.1274
73.0000 0.1276
79.0000 0.1276
111.0000 0.1276
84.0000 0.1277
165.0000 0.1278
92.0000 0.1279
110.0000 0.1279
138.0000 0.1279
70.0000 0.1280
33.0000 0.1282
77.0000 0.1282
106.0000 0.1282
132.0000 0.1282
137.0000 0.1282
139.0000 0.1282
142.0000 0.1282
16.0000 0.1283
233.0000 0.1283
51.0000 0.1284
105.0000 0.1285
129.0000 0.1285
150.0000 0.1285
114.0000 0.1287
180.0000 0.1288
170.0000 0.1290
123.0000 0.1292
200.0000 0.1292
19.0000 0.1293
72.0000 0.1293
83.0000 0.1293
121.0000 0.1293
216.0000 0.1293
56.0000 0.1294
145.0000 0.1294
29.0000 0.1295
176.0000 0.1295
179.0000 0.1295
61.0000 0.1296
27.0000 0.1298
169.0000 0.1298
26.0000 0.1300
30.0000 0.1300
78.0000 0.1300
18.0000 0.1301
183.0000 0.1301
13.0000 0.1302
14.0000 0.1302
208.0000 0.1302
36.0000 0.1303
120.0000 0.1304
190.0000 0.1304
198.0000 0.1304
24.0000 0.1305
210.0000 0.1305
69.0000 0.1306
75.0000 0.1306
154.0000 0.1307
237.0000 0.1307
2.0000 0.1308
113.0000 0.1308
159.0000 0.1308
131.0000 0.1309
199.0000 0.1309
222.0000 0.1309
119.0000 0.1310
0.0000 0.1311
87.0000 0.1311
109.0000 0.1311
238.0000 0.1311
94.0000 0.1312
100.0000 0.1313
117.0000 0.1313
158.0000 0.1313
231.0000 0.1313
86.0000 0.1315
211.0000 0.1317
45.0000 0.1318
46.0000 0.1318
147.0000 0.1318
64.0000 0.1319
95.0000 0.1319
124.0000 0.1319
174.0000 0.1320
21.0000 0.1321
146.0000 0.1321
25.0000 0.1322
168.0000 0.1322
50.0000 0.1323
152.0000 0.1323
218.0000 0.1323
91.0000 0.1325
144.0000 0.1325
143.0000 0.1326
213.0000 0.1326
235.0000 0.1326
153.0000 0.1327
193.0000 0.1328
182.0000 0.1329
125.0000 0.1330
37.0000 0.1331
22.0000 0.1332
172.0000 0.1332
181.0000 0.1332
185.0000 0.1332
202.0000 0.1332
4.0000 0.1333
71.0000 0.1333
239.0000 0.1333
5.0000 0.1334
151.0000 0.1334
191.0000 0.1334
223.0000 0.1334
228.0000 0.1334
65.0000 0.1335
9.0000 0.1336
103.0000 0.1336
203.0000 0.1336
206.0000 0.1336
101.0000 0.1337
163.0000 0.1337
227.0000 0.1337
112.0000 0.1339
162.0000 0.1339
232.0000 0.1339
81.0000 0.1340
98.0000 0.1340
35.0000 0.1341
134.0000 0.1341
76.0000 0.1342
141.0000 0.1342
171.0000 0.1342
32.0000 0.1343
47.0000 0.1343
80.0000 0.1343
161.0000 0.1343
166.0000 0.1345
184.0000 0.1345
59.0000 0.1346
52.0000 0.1347
186.0000 0.1347
207.0000 0.1348
20.0000 0.1349
55.0000 0.1349
189.0000 0.1349
220.0000 0.1349
224.0000 0.1349
28.0000 0.1350
62.0000 0.1350
204.0000 0.1350
85.0000 0.1351
135.0000 0.1351
60.0000 0.1352
122.0000 0.1352
99.0000 0.1353
108.0000 0.1353
205.0000 0.1353
93.0000 0.1354
39.0000 0.1355
42.0000 0.1356
40.0000 0.1357
102.0000 0.1357
187.0000 0.1357
230.0000 0.1357
68.0000 0.1358
177.0000 0.1358
236.0000 0.1358
89.0000 0.1359
116.0000 0.1359
212.0000 0.1360
31.0000 0.1361
188.0000 0.1361
1.0000 0.1362
17.0000 0.1362
33.0000 0.1362
44.0000 0.1362
58.0000 0.1362
107.0000 0.1362
219.0000 0.1362
74.0000 0.1363
84.0000 0.1363
111.0000 0.1363
136.0000 0.1363
11.0000 0.1364
77.0000 0.1364
201.0000 0.1364
195.0000 0.1365
48.0000 0.1366
160.0000 0.1366
225.0000 0.1366
15.0000 0.1367
38.0000 0.1367
157.0000 0.1368
12.0000 0.1369
43.0000 0.1369
128.0000 0.1370
192.0000 0.1370
137.0000 0.1371
178.0000 0.1371
197.0000 0.1371
155.0000 0.1372
164.0000 0.1373
226.0000 0.1373
82.0000 0.1374
194.0000 0.1374
41.0000 0.1376
54.0000 0.1376
179.0000 0.1377
233.0000 0.1377
196.0000 0.1378
215.0000 0.1378
217.0000 0.1378
167.0000 0.1379
234.0000 0.1379
61.0000 0.1380
200.0000 0.1380
216.0000 0.1380
27.0000 0.1381
148.0000 0.1381
96.0000 0.1382
149.0000 0.1382
29.0000 0.1383
30.0000 0.1384
150.0000 0.1384
170.0000 0.1384
199.0000 0.1385
229.0000 0.1385
237.0000 0.1385
16.0000 0.1386
83.0000 0.1386
90.0000 0.1387
105.0000 0.1387
79.0000 0.1388
114.0000 0.1388
123.0000 0.1388
126.0000 0.1388
127.0000 0.1388
14.0000 0.1389
53.0000 0.1390
131.0000 0.1391
70.0000 0.1392
180.0000 0.1392
95.0000 0.1393
139.0000 0.1393
67.0000 0.1394
145.0000 0.1394
214.0000 0.1395
158.0000 0.1396
36.0000 0.1397
140.0000 0.1397
34.0000 0.1399
176.0000 0.1400
19.0000 0.1401
113.0000 0.1401
132.0000 0.1401
21.0000 0.1402
174.0000 0.1405
210.0000 0.1405
69.0000 0.1407
92.0000 0.1408
222.0000 0.1410
120.0000 0.1411
211.0000 0.1412
2.0000 0.1413
119.0000 0.1413
218.0000 0.1413
26.0000 0.1414
46.0000 0.1414
75.0000 0.1414
87.0000 0.1414
190.0000 0.1414
18.0000 0.1415
124.0000 0.1415
66.0000 0.1416
143.0000 0.1416
24.0000 0.1417
80.0000 0.1419
117.0000 0.1421
146.0000 0.1421
159.0000 0.1421
32.0000 0.1422
94.0000 0.1422
25.0000 0.1424
110.0000 0.1424
109.0000 0.1425
151.0000 0.1425
64.0000 0.1426
37.0000 0.1428
76.0000 0.1429
221.0000 0.1429
51.0000 0.1431
71.0000 0.1431
135.0000 0.1432
144.0000 0.1432
191.0000 0.1432
50.0000 0.1433
78.0000 0.1433
91.0000 0.1433
166.0000 0.1435
3.0000 0.1436
227.0000 0.1436
4.0000 0.1437
169.0000 0.1439
239.0000 0.1439
62.0000 0.1440
172.0000 0.1440
231.0000 0.1440
205.0000 0.1441
235.0000 0.1443
20.0000 0.1444
204.0000 0.1444
33.0000 0.1445
224.0000 0.1445
183.0000 0.1446
185.0000 0.1446
228.0000 0.1446
72.0000 0.1447
187.0000 0.1447
45.0000 0.1448
77.0000 0.1448
106.0000 0.1448
207.0000 0.1448
154.0000 0.1449
184.0000 0.1449
85.0000 0.1450
100.0000 0.1450
161.0000 0.1451
198.0000 0.1451
133.0000 0.1453
147.0000 0.1453
173.0000 0.1453
189.0000 0.1453
202.0000 0.1453
57.0000 0.1454
84.0000 0.1454
55.0000 0.1455
122.0000 0.1455
9.0000 0.1456
125.0000 0.1456
206.0000 0.1456
111.0000 0.1458
142.0000 0.1458
162.0000 0.1458
89.0000 0.1459
179.0000 0.1459
8.0000 0.1460
165.0000 0.1460
27.0000 0.1461
40.0000 0.1461
163.0000 0.1461
68.0000 0.1462
93.0000 0.1462
102.0000 0.1462
44.0000 0.1463
31.0000 0.1464
129.0000 0.1465
186.0000 0.1465
199.0000 0.1465
56.0000 0.1466
5.0000 0.1467
65.0000 0.1467
86.0000 0.1467
108.0000 0.1467
61.0000 0.1469
116.0000 0.1469
177.0000 0.1469
30.0000 0.1471
137.0000 0.1471
237.0000 0.1471
141.0000 0.1472
170.0000 0.1472
200.0000 0.1472
213.0000 0.1473
95.0000 0.1474
188.0000 0.1474
212.0000 0.1474
12.0000 0.1475
81.0000 0.1475
28.0000 0.1476
197.0000 0.1477
216.0000 0.1478
225.0000 0.1478
52.0000 0.1479
131.0000 0.1479
164.0000 0.1479
232.0000 0.1479
60.0000 0.1480
182.0000 0.1480
201.0000 0.1480
219.0000 0.1480
29.0000 0.1482
99.0000 0.1482
233.0000 0.1482
21.0000 0.1483
118.0000 0.1483
138.0000 0.1483
14.0000 0.1484
83.0000 0.1484
157.0000 0.1484
226.0000 0.1484
171.0000 0.1486
112.0000 0.1487
158.0000 0.1487
193.0000 0.1487
134.0000 0.1489
59.0000 0.1490
220.0000 0.1490
17.0000 0.1491
48.0000 0.1491
36.0000 0.1492
150.0000 0.1492
174.0000 0.1492
41.0000 0.1493
123.0000 0.1493
192.0000 0.1493
218.0000 0.1493
1.0000 0.1494
15.0000 0.1494
16.0000 0.1494
113.0000 0.1494
39.0000 0.1496
74.0000 0.1496
194.0000 0.1496
105.0000 0.1497
217.0000 0.1497
234.0000 0.1497
13.0000 0.1498
136.0000 0.1498
145.0000 0.1498
180.0000 0.1500
181.0000 0.1500
80.0000 0.1501
107.0000 0.1501
114.0000 0.1501
210.0000 0.1501
195.0000 0.1502
42.0000 0.1503
196.0000 0.1503
121.0000 0.1504
139.0000 0.1504
32.0000 0.1506
58.0000 0.1506
11.0000 0.1508
76.0000 0.1508
79.0000 0.1509
178.0000 0.1509
211.0000 0.1509
96.0000 0.1510
46.0000 0.1511
120.0000 0.1511
148.0000 0.1511
124.0000 0.1512
176.0000 0.1512
222.0000 0.1512
135.0000 0.1514
151.0000 0.1514
38.0000 0.1516
70.0000 0.1518
87.0000 0.1518
143.0000 0.1518
67.0000 0.1519
119.0000 0.1519
2.0000 0.1520
25.0000 0.1520
160.0000 0.1520
238.0000 0.1520
19.0000 0.1522
149.0000 0.1522
153.0000 0.1522
127.0000 0.1523
69.0000 0.1524
73.0000 0.1524
166.0000 0.1524
236.0000 0.1525
7.0000 0.1526
18.0000 0.1526
37.0000 0.1526
75.0000 0.1526
155.0000 0.1526
35.0000 0.1527
101.0000 0.1527
146.0000 0.1527
214.0000 0.1527
24.0000 0.1529
62.0000 0.1529
71.0000 0.1529
117.0000 0.1529
43.0000 0.1530
53.0000 0.1530
77.0000 0.1530
94.0000 0.1530
115.0000 0.1530
128.0000 0.1530
167.0000 0.1530
144.0000 0.1531
204.0000 0.1531
152.0000 0.1532
190.0000 0.1532
205.0000 0.1532
34.0000 0.1533
33.0000 0.1534
191.0000 0.1534
224.0000 0.1534
227.0000 0.1534
20.0000 0.1536
22.0000 0.1536
64.0000 0.1536
4.0000 0.1538
132.0000 0.1538
159.0000 0.1538
168.0000 0.1538
172.0000 0.1538
199.0000 0.1539
26.0000 0.1540
91.0000 0.1540
187.0000 0.1540
184.0000 0.1541
27.0000 0.1542
85.0000 0.1542
111.0000 0.1542
50.0000 0.1543
230.0000 0.1543
47.0000 0.1544
82.0000 0.1544
92.0000 0.1544
98.0000 0.1545
84.0000 0.1546
179.0000 0.1546
228.0000 0.1547
122.0000 0.1548
30.0000 0.1551
54.0000 0.1551
61.0000 0.1551
109.0000 0.1551
31.0000 0.1552
185.0000 0.1552
102.0000 0.1553
207.0000 0.1553
223.0000 0.1554
237.0000 0.1554
40.0000 0.1555
55.0000 0.1555
90.0000 0.1555
95.0000 0.1555
103.0000 0.1556
200.0000 0.1556
235.0000 0.1556
89.0000 0.1557
44.0000 0.1558
78.0000 0.1558
239.0000 0.1560
68.0000 0.1561
131.0000 0.1561
161.0000 0.1562
170.0000 0.1562
189.0000 0.1562
202.0000 0.1562
137.0000 0.1563
0.0000 0.1564
215.0000 0.1564
9.0000 0.1565
21.0000 0.1566
93.0000 0.1566
231.0000 0.1566
116.0000 0.1567
163.0000 0.1569
125.0000 0.1571
162.0000 0.1571
126.0000 0.1572
164.0000 0.1573
216.0000 0.1573
174.0000 0.1574
212.0000 0.1574
110.0000 0.1575
188.0000 0.1575
45.0000 0.1576
158.0000 0.1576
186.0000 0.1576
12.0000 0.1577
29.0000 0.1577
51.0000 0.1577
206.0000 0.1577
83.0000 0.1578
100.0000 0.1578
203.0000 0.1578
80.0000 0.1579
108.0000 0.1580
233.0000 0.1580
14.0000 0.1581
225.0000 0.1581
201.0000 0.1582
177.0000 0.1583
197.0000 0.1583
88.0000 0.1584
28.0000 0.1585
218.0000 0.1585
76.0000 0.1587
32.0000 0.1588
66.0000 0.1588
113.0000 0.1588
36.0000 0.1589
65.0000 0.1589
169.0000 0.1589
183.0000 0.1589
226.0000 0.1590
147.0000 0.1591
141.0000 0.1592
198.0000 0.1592
16.0000 0.1594
145.0000 0.1594
154.0000 0.1595
135.0000 0.1596
114.0000 0.1597
123.0000 0.1597
219.0000 0.1597
48.0000 0.1600
192.0000 0.1600
72.0000 0.1601
81.0000 0.1601
5.0000 0.1604
210.0000 0.1604
105.0000 0.1605
150.0000 0.1605
151.0000 0.1607
213.0000 0.1607
157.0000 0.1608
194.0000 0.1608
1.0000 0.1609
46.0000 0.1609
143.0000 0.1609
180.0000 0.1609
234.0000 0.1610
52.0000 0.1611
120.0000 0.1611
211.0000 0.1611
77.0000 0.1612
86.0000 0.1612
124.0000 0.1612
99.0000 0.1613
41.0000 0.1614
106.0000 0.1614
199.0000 0.1615
232.0000 0.1615
140.0000 0.1618
166.0000 0.1618
15.0000 0.1620
222.0000 0.1620
59.0000 0.1621
62.0000 0.1621
74.0000 0.1621
205.0000 0.1621
17.0000 0.1622
25.0000 0.1622
134.0000 0.1622
60.0000 0.1623
136.0000 0.1623
217.0000 0.1623
220.0000 0.1623
171.0000 0.1624
229.0000 0.1624
33.0000 0.1625
224.0000 0.1625
2.0000 0.1626
27.0000 0.1626
37.0000 0.1626
87.0000 0.1626
139.0000 0.1627
176.0000 0.1627
179.0000 0.1628
20.0000 0.1629
119.0000 0.1629
191.0000 0.1629
71.0000 0.1631
111.0000 0.1631
204.0000 0.1631
187.0000 0.1632
146.0000 0.1633
193.0000 0.1633
227.0000 0.1633
84.0000 0.1634
4.0000 0.1635
69.0000 0.1635
95.0000 0.1635
107.0000 0.1635
144.0000 0.1635
172.0000 0.1635
39.0000 0.1636
85.0000 0.1636
165.0000 0.1636
237.0000 0.1636
61.0000 0.1637
79.0000 0.1637
96.0000 0.1637
117.0000 0.1637
148.0000 0.1637
195.0000 0.1637
30.0000 0.1638
196.0000 0.1638
94.0000 0.1639
178.0000 0.1639
182.0000 0.1639
184.0000 0.1639
70.0000 0.1640
142.0000 0.1640
127.0000 0.1641
42.0000 0.1642
56.0000 0.1642
58.0000 0.1642
75.0000 0.1642
91.0000 0.1642
133.0000 0.1642
67.0000 0.1643
129.0000 0.1644
31.0000 0.1646
200.0000 0.1646
19.0000 0.1647
24.0000 0.1647
131.0000 0.1647
40.0000 0.1648
112.0000 0.1648
21.0000 0.1649
3.0000 0.1651
11.0000 0.1651
50.0000 0.1651
64.0000 0.1651
102.0000 0.1652
18.0000 0.1653
190.0000 0.1653
137.0000 0.1654
214.0000 0.1654
122.0000 0.1655
170.0000 0.1655
80.0000 0.1657
55.0000 0.1658
149.0000 0.1658
44.0000 0.1659
181.0000 0.1659
158.0000 0.1662
174.0000 0.1662
207.0000 0.1662
68.0000 0.1663
161.0000 0.1663
38.0000 0.1664
89.0000 0.1664
164.0000 0.1664
29.0000 0.1666
138.0000 0.1666
185.0000 0.1666
216.0000 0.1666
93.0000 0.1667
132.0000 0.1667
228.0000 0.1667
109.0000 0.1668
155.0000 0.1668
26.0000 0.1669
14.0000 0.1670
34.0000 0.1670
159.0000 0.1670
189.0000 0.1670
218.0000 0.1671
32.0000 0.1672
53.0000 0.1672
57.0000 0.1672
76.0000 0.1672
116.0000 0.1672
239.0000 0.1672
188.0000 0.1673
8.0000 0.1675
83.0000 0.1675
202.0000 0.1675
9.0000 0.1676
92.0000 0.1676
167.0000 0.1677
113.0000 0.1678
135.0000 0.1679
160.0000 0.1679
235.0000 0.1679
12.0000 0.1680
128.0000 0.1681
186.0000 0.1681
212.0000 0.1681
36.0000 0.1682
236.0000 0.1682
114.0000 0.1683
163.0000 0.1683
225.0000 0.1683
162.0000 0.1684
233.0000 0.1684
13.0000 0.1685
197.0000 0.1686
108.0000 0.1687
201.0000 0.1687
231.0000 0.1687
199.0000 0.1689
78.0000 0.1690
125.0000 0.1690
177.0000 0.1690
118.0000 0.1691
151.0000 0.1691
206.0000 0.1691
43.0000 0.1692
226.0000 0.1692
123.0000 0.1694
28.0000 0.1695
77.0000 0.1695
16.0000 0.1698
46.0000 0.1701
100.0000 0.1701
82.0000 0.1702
27.0000 0.1703
45.0000 0.1703
210.0000 0.1703
153.0000 0.1704
145.0000 0.1706
192.0000 0.1706
48.0000 0.1707
62.0000 0.1707
166.0000 0.1707
141.0000 0.1708
143.0000 0.1708
33.0000 0.1709
65.0000 0.1709
110.0000 0.1709
124.0000 0.1709
105.0000 0.1710
147.0000 0.1711
205.0000 0.1711
211.0000 0.1712
90.0000 0.1713
121.0000 0.1713
224.0000 0.1713
238.0000 0.1713
179.0000 0.1714
35.0000 0.1715
95.0000 0.1715
120.0000 0.1715
150.0000 0.1715
37.0000 0.1716
20.0000 0.1717
219.0000 0.1718
237.0000 0.1718
204.0000 0.1719
230.0000 0.1719
111.0000 0.1720
51.0000 0.1721
180.0000 0.1721
187.0000 0.1721
30.0000 0.1722
61.0000 0.1722
84.0000 0.1723
85.0000 0.1725
191.0000 0.1725
41.0000 0.1726
1.0000 0.1727
54.0000 0.1728
222.0000 0.1728
21.0000 0.1729
198.0000 0.1729
25.0000 0.1730
101.0000 0.1730
157.0000 0.1730
194.0000 0.1730
234.0000 0.1731
71.0000 0.1732
131.0000 0.1732
4.0000 0.1733
227.0000 0.1733
72.0000 0.1734
146.0000 0.1734
154.0000 0.1734
172.0000 0.1734
22.0000 0.1735
2.0000 0.1736
74.0000 0.1736
52.0000 0.1737
119.0000 0.1737
184.0000 0.1737
81.0000 0.1738
5.0000 0.1739
176.0000 0.1739
169.0000 0.1741
200.0000 0.1741
31.0000 0.1742
80.0000 0.1742
144.0000 0.1742
139.0000 0.1743
87.0000 0.1744
60.0000 0.1745
91.0000 0.1745
40.0000 0.1746
117.0000 0.1746
173.0000 0.1747
213.0000 0.1747
63.0000 0.1748
69.0000 0.1748
15.0000 0.1749
99.0000 0.1749
94.0000 0.1750
158.0000 0.1750
217.0000 0.1750
137.0000 0.1751
174.0000 0.1751
183.0000 0.1751
79.0000 0.1752
102.0000 0.1752
126.0000 0.1752
59.0000 0.1753
170.0000 0.1753
44.0000 0.1754
98.0000 0.1754
136.0000 0.1754
171.0000 0.1755
86.0000 0.1756
215.0000 0.1757
76.0000 0.1758
152.0000 0.1758
196.0000 0.1758
29.0000 0.1759
55.0000 0.1759
135.0000 0.1759
19.0000 0.1760
32.0000 0.1760
64.0000 0.1760
73.0000 0.1760
96.0000 0.1760
221.0000 0.1760
14.0000 0.1761
47.0000 0.1761
218.0000 0.1761
17.0000 0.1762
70.0000 0.1762
75.0000 0.1762
148.0000 0.1762
232.0000 0.1763
50.0000 0.1764
164.0000 0.1764
127.0000 0.1765
161.0000 0.1765
67.0000 0.1766
68.0000 0.1766
89.0000 0.1766
216.0000 0.1766
103.0000 0.1767
122.0000 0.1767
168.0000 0.1767
116.0000 0.1769
199.0000 0.1769
207.0000 0.1769
106.0000 0.1770
220.0000 0.1771
134.0000 0.1772
190.0000 0.1772
93.0000 0.1773
178.0000 0.1773
223.0000 0.1773
42.0000 0.1774
83.0000 0.1774
107.0000 0.1775
24.0000 0.1776
113.0000 0.1776
39.0000 0.1777
58.0000 0.1777
151.0000 0.1777
77.0000 0.1778
195.0000 0.1778
239.0000 0.1778
66.0000 0.1779
18.0000 0.1781
188.0000 0.1781
9.0000 0.1782
12.0000 0.1782
114.0000 0.1782
182.0000 0.1782
185.0000 0.1782
189.0000 0.1782
36.0000 0.1784
233.0000 0.1784
27.0000 0.1785
214.0000 0.1785
11.0000 0.1786
228.0000 0.1787
109.0000 0.1788
202.0000 0.1788
197.0000 0.1789
193.0000 0.1790
33.0000 0.1791
186.0000 0.1791
225.0000 0.1791
179.0000 0.1792
201.0000 0.1792
95.0000 0.1793
159.0000 0.1793
235.0000 0.1793
123.0000 0.1794
208.0000 0.1794
166.0000 0.1795
237.0000 0.1795
212.0000 0.1796
226.0000 0.1796
62.0000 0.1797
143.0000 0.1797
177.0000 0.1797
108.0000 0.1798
205.0000 0.1798
26.0000 0.1800
46.0000 0.1800
111.0000 0.1801
132.0000 0.1801
16.0000 0.1802
61.0000 0.1802
92.0000 0.1802
162.0000 0.1802
163.0000 0.1802
30.0000 0.1803
34.0000 0.1803
112.0000 0.1803
149.0000 0.1803
181.0000 0.1803
224.0000 0.1803
0.0000 0.1804
211.0000 0.1804
7.0000 0.1805
28.0000 0.1805
125.0000 0.1805
206.0000 0.1805
20.0000 0.1806
165.0000 0.1806
210.0000 0.1806
142.0000 0.1807
38.0000 0.1808
21.0000 0.1809
204.0000 0.1809
56.0000 0.1810
84.0000 0.1810
124.0000 0.1810
48.0000 0.1811
155.0000 0.1811
10.0000 0.1812
187.0000 0.1812
192.0000 0.1812
231.0000 0.1812
37.0000 0.1813
167.0000 0.1813
145.0000 0.1814
129.0000 0.1816
80.0000 0.1817
85.0000 0.1817
133.0000 0.1817
105.0000 0.1818
131.0000 0.1818
150.0000 0.1818
53.0000 0.1820
120.0000 0.1820
140.0000 0.1822
209.0000 0.1822
227.0000 0.1822
65.0000 0.1823
71.0000 0.1823
191.0000 0.1823
115.0000 0.1824
200.0000 0.1824
78.0000 0.1825
219.0000 0.1826
229.0000 0.1827
141.0000 0.1828
180.0000 0.1828
25.0000 0.1829
31.0000 0.1829
222.0000 0.1829
160.0000 0.1832
2.0000 0.1833
4.0000 0.1833
172.0000 0.1833
41.0000 0.1834
184.0000 0.1834
236.0000 0.1834
1.0000 0.1835
45.0000 0.1835
100.0000 0.1835
158.0000 0.1835
174.0000 0.1836
40.0000 0.1837
128.0000 0.1837
76.0000 0.1838
138.0000 0.1838
146.0000 0.1838
135.0000 0.1839
137.0000 0.1839
147.0000 0.1839
194.0000 0.1839
32.0000 0.1841
144.0000 0.1841
170.0000 0.1841
176.0000 0.1841
43.0000 0.1842
102.0000 0.1842
110.0000 0.1842
119.0000 0.1843
199.0000 0.1843
203.0000 0.1844
218.0000 0.1845
29.0000 0.1847
87.0000 0.1848
117.0000 0.1849
234.0000 0.1849
44.0000 0.1850
82.0000 0.1850
94.0000 0.1850
157.0000 0.1852
14.0000 0.1853
69.0000 0.1853
81.0000 0.1853
90.0000 0.1853
91.0000 0.1855
74.0000 0.1857
198.0000 0.1857
139.0000 0.1858
77.0000 0.1859
216.0000 0.1860
55.0000 0.1861
89.0000 0.1861
164.0000 0.1861
27.0000 0.1862
51.0000 0.1862
151.0000 0.1862
5.0000 0.1863
50.0000 0.1864
116.0000 0.1866
122.0000 0.1866
3.0000 0.1867
8.0000 0.1868
68.0000 0.1868
217.0000 0.1868
52.0000 0.1869
113.0000 0.1869
60.0000 0.1870
64.0000 0.1870
79.0000 0.1870
19.0000 0.1871
75.0000 0.1871
83.0000 0.1871
161.0000 0.1871
179.0000 0.1871
207.0000 0.1871
95.0000 0.1872
114.0000 0.1874
153.0000 0.1875
154.0000 0.1876
33.0000 0.1877
70.0000 0.1877
213.0000 0.1877
62.0000 0.1878
93.0000 0.1878
96.0000 0.1878
237.0000 0.1878
88.0000 0.1879
127.0000 0.1879
13.0000 0.1880
230.0000 0.1880
15.0000 0.1881
36.0000 0.1881
148.0000 0.1881
190.0000 0.1881
67.0000 0.1882
121.0000 0.1882
196.0000 0.1882
99.0000 0.1884
169.0000 0.1884
61.0000 0.1885
111.0000 0.1885
233.0000 0.1885
59.0000 0.1886
12.0000 0.1887
136.0000 0.1887
20.0000 0.1888
24.0000 0.1888
30.0000 0.1888
166.0000 0.1888
57.0000 0.1889
205.0000 0.1889
239.0000 0.1889
72.0000 0.1890
197.0000 0.1890
21.0000 0.1891
35.0000 0.1891
143.0000 0.1891
101.0000 0.1892
46.0000 0.1893
80.0000 0.1893
9.0000 0.1894
84.0000 0.1894
171.0000 0.1894
123.0000 0.1895
186.0000 0.1895
189.0000 0.1895
224.0000 0.1895
226.0000 0.1895
225.0000 0.1896
86.0000 0.1897
118.0000 0.1897
188.0000 0.1897
17.0000 0.1898
131.0000 0.1898
178.0000 0.1898
183.0000 0.1899
204.0000 0.1900
220.0000 0.1900
18.0000 0.1901
201.0000 0.1901
232.0000 0.1901
134.0000 0.1902
187.0000 0.1902
212.0000 0.1902
109.0000 0.1903
185.0000 0.1903
211.0000 0.1903
28.0000 0.1905
58.0000 0.1905
214.0000 0.1905
42.0000 0.1906
85.0000 0.1906
108.0000 0.1906
124.0000 0.1906
177.0000 0.1906
202.0000 0.1906
11.0000 0.1907
37.0000 0.1907
228.0000 0.1907
22.0000 0.1908
210.0000 0.1908
16.0000 0.1909
235.0000 0.1909
238.0000 0.1910
54.0000 0.1912
200.0000 0.1912
107.0000 0.1913
26.0000 0.1915
39.0000 0.1916
163.0000 0.1916
191.0000 0.1916
31.0000 0.1917
106.0000 0.1917
227.0000 0.1917
125.0000 0.1918
126.0000 0.1918
192.0000 0.1918
195.0000 0.1918
158.0000 0.1919
199.0000 0.1919
32.0000 0.1920
105.0000 0.1920
120.0000 0.1920
48.0000 0.1921
71.0000 0.1921
76.0000 0.1921
92.0000 0.1921
162.0000 0.1921
174.0000 0.1921
206.0000 0.1921
98.0000 0.1922
159.0000 0.1922
25.0000 0.1923
135.0000 0.1923
145.0000 0.1923
150.0000 0.1923
132.0000 0.1925
4.0000 0.1926
172.0000 0.1928
180.0000 0.1928
137.0000 0.1929
182.0000 0.1929
215.0000 0.1929
218.0000 0.1929
222.0000 0.1929
170.0000 0.1930
34.0000 0.1932
146.0000 0.1932
231.0000 0.1932
65.0000 0.1933
29.0000 0.1934
40.0000 0.1934
77.0000 0.1936
2.0000 0.1937
193.0000 0.1937
112.0000 0.1938
184.0000 0.1938
219.0000 0.1938
14.0000 0.1940
27.0000 0.1940
41.0000 0.1940
102.0000 0.1940
119.0000 0.1941
144.0000 0.1941
176.0000 0.1941
1.0000 0.1942
149.0000 0.1942
44.0000 0.1943
47.0000 0.1945
151.0000 0.1945
194.0000 0.1945
66.0000 0.1946
181.0000 0.1947
78.0000 0.1948
95.0000 0.1948
168.0000 0.1948
216.0000 0.1949
38.0000 0.1950
69.0000 0.1950
155.0000 0.1950
87.0000 0.1951
117.0000 0.1952
179.0000 0.1953
33.0000 0.1954
141.0000 0.1954
164.0000 0.1954
94.0000 0.1956
237.0000 0.1956
91.0000 0.1957
89.0000 0.1958
147.0000 0.1959
55.0000 0.1960
234.0000 0.1960
113.0000 0.1961
165.0000 0.1962
167.0000 0.1962
83.0000 0.1963
114.0000 0.1963
116.0000 0.1964
53.0000 0.1965
62.0000 0.1965
45.0000 0.1966
68.0000 0.1966
157.0000 0.1966
30.0000 0.1968
80.0000 0.1968
111.0000 0.1968
152.0000 0.1968
161.0000 0.1969
61.0000 0.1970
81.0000 0.1970
100.0000 0.1970
103.0000 0.1970
142.0000 0.1970
207.0000 0.1970
122.0000 0.1971
74.0000 0.1972
139.0000 0.1972
20.0000 0.1973
50.0000 0.1973
166.0000 0.1973
21.0000 0.1974
223.0000 0.1975
233.0000 0.1975
236.0000 0.1975
64.0000 0.1976
160.0000 0.1976
12.0000 0.1977
205.0000 0.1977
129.0000 0.1978
128.0000 0.1979
143.0000 0.1979
217.0000 0.1979
43.0000 0.1980
84.0000 0.1980
5.0000 0.1982
110.0000 0.1982
131.0000 0.1982
56.0000 0.1983
79.0000 0.1983
93.0000 0.1983
36.0000 0.1984
75.0000 0.1984
46.0000 0.1987
224.0000 0.1987
133.0000 0.1988
204.0000 0.1988
19.0000 0.1989
73.0000 0.1989
190.0000 0.1989
239.0000 0.1990
127.0000 0.1991
197.0000 0.1991
60.0000 0.1992
199.0000 0.1992
211.0000 0.1992
187.0000 0.1994
52.0000 0.1995
173.0000 0.1997
198.0000 0.1997
96.0000 0.1999
124.0000 0.1999
