0.0000 0.0001
1.0000 0.0001
2.0000 0.0001
3.0000 0.0001
4.0000 0.0001
5.0000 0.0001
6.0000 0.0001
7.0000 0.0001
8.0000 0.0001
9.0000 0.0001
10.0000 0.0001
11.0000 0.0001
12.0000 0.0001
13.0000 0.0001
14.0000 0.0001
15.0000 0.0001
16.0000 0.0001
17.0000 0.0001
18.0000 0.0001
19.0000 0.0001
20.0000 0.0001
21.0000 0.0001
22.0000 0.0001
23.0000 0.0001
24.0000 0.0001
25.0000 0.0001
26.0000 0.0001
27.0000 0.0001
28.0000 0.0001
29.0000 0.0001
30.0000 0.0001
31.0000 0.0001
32.0000 0.0001
33.0000 0.0001
34.0000 0.0001
35.0000 0.0001
36.0000 0.0001
37.0000 0.0001
38.0000 0.0001
39.0000 0.0001
40.0000 0.0001
41.0000 0.0001
42.0000 0.0001
43.0000 0.0001
44.0000 0.0001
45.0000 0.0001
46.0000 0.0001
47.0000 0.0001
48.0000 0.0001
49.0000 0.0001
50.0000 0.0001
51.0000 0.0001
52.0000 0.0001
53.0000 0.0001
54.0000 0.0001
55.0000 0.0001
56.0000 0.0001
57.0000 0.0001
58.0000 0.0001
59.0000 0.0001
60.0000 0.0001
61.0000 0.0001
62.0000 0.0001
63.0000 0.0001
64.0000 0.0001
65.0000 0.0001
66.0000 0.0001
67.0000 0.0001
68.0000 0.0001
69.0000 0.0001
70.0000 0.0001
71.0000 0.0001
72.0000 0.0001
73.0000 0.0001
74.0000 0.0001
75.0000 0.0001
76.0000 0.0001
77.0000 0.0001
78.0000 0.0001
79.0000 0.0001
80.0000 0.0001
81.0000 0.0001
82.0000 0.0001
83.0000 0.0001
84.0000 0.0001
85.0000 0.0001
86.0000 0.0001
87.0000 0.0001
88.0000 0.0001
89.0000 0.0001
90.0000 0.0001
91.0000 0.0001
92.0000 0.0001
93.0000 0.0001
94.0000 0.0001
95.0000 0.0001
96.0000 0.0001
97.0000 0.0001
98.0000 0.0001
99.0000 0.0001
100.0000 0.0001
101.0000 0.0001
102.0000 0.0001
103.0000 0.0001
104.0000 0.0001
105.0000 0.0001
106.0000 0.0001
107.0000 0.0001
108.0000 0.0001
109.0000 0.0001
110.0000 0.0001
111.0000 0.0001
112.0000 0.0001
113.0000 0.0001
114.0000 0.0001
115.0000 0.0001
116.0000 0.0001
117.0000 0.0001
118.0000 0.0001
119.0000 0.0001
120.0000 0.0001
121.0000 0.0001
122.0000 0.0001
123.0000 0.0001
124.0000 0.0001
125.0000 0.0001
126.0000 0.0001
127.0000 0.0001
128.0000 0.0001
129.0000 0.0001
130.0000 0.0001
131.0000 0.0001
132.0000 0.0001
133.0000 0.0001
134.0000 0.0001
135.0000 0.0001
136.0000 0.0001
137.0000 0.0001
138.0000 0.0001
139.0000 0.0001
140.0000 0.0001
141.0000 0.0001
142.0000 0.0001
143.0000 0.0001
144.0000 0.0001
145.0000 0.0001
146.0000 0.0001
147.0000 0.0001
148.0000 0.0001
149.0000 0.0001
185.0000 0.0041
154.0000 0.0042
204.0000 0.0042
169.0000 0.0044
188.0000 0.0044
195.0000 0.0044
209.0000 0.0044
225.0000 0.0046
181.0000 0.0048
186.0000 0.0048
236.0000 0.0048
155.0000 0.0051
156.0000 0.0051
172.0000 0.0051
178.0000 0.0051
205.0000 0.0051
215.0000 0.0051
180.0000 0.0053
198.0000 0.0053
200.0000 0.0054
221.0000 0.0055
161.0000 0.0056
166.0000 0.0056
202.0000 0.0057
201.0000 0.0059
212.0000 0.0061
158.0000 0.0062
224.0000 0.0062
226.0000 0.0062
175.0000 0.0063
239.0000 0.0063
235.0000 0.0064
206.0000 0.0065
199.0000 0.0066
179.0000 0.0068
208.0000 0.0068
217.0000 0.0069
152.0000 0.0070
207.0000 0.0070
232.0000 0.0070
163.0000 0.0071
168.0000 0.0071
189.0000 0.0071
234.0000 0.0072
153.0000 0.0073
210.0000 0.0073
220.0000 0.0075
170.0000 0.0076
173.0000 0.0078
223.0000 0.0078
203.0000 0.0079
237.0000 0.0079
187.0000 0.0082
160.0000 0.0084
192.0000 0.0087
183.0000 0.0089
213.0000 0.0090
80.0000 0.0103
214.0000 0.0104
233.0000 0.0107
40.0000 0.0109
33.0000 0.0111
164.0000 0.0114
184.0000 0.0114
167.0000 0.0116
109.0000 0.0117
87.0000 0.0120
96.0000 0.0120
97.0000 0.0121
111.0000 0.0121
147.0000 0.0123
24.0000 0.0124
216.0000 0.0125
73.0000 0.0127
145.0000 0.0128
58.0000 0.0129
39.0000 0.0130
129.0000 0.0132
114.0000 0.0134
190.0000 0.0135
93.0000 0.0136
128.0000 0.0137
143.0000 0.0137
50.0000 0.0140
65.0000 0.0140
182.0000 0.0142
191.0000 0.0146
42.0000 0.0148
45.0000 0.0148
140.0000 0.0154
52.0000 0.0155
4.0000 0.0156
122.0000 0.0160
107.0000 0.0161
117.0000 0.0161
71.0000 0.0162
150.0000 0.0163
74.0000 0.0164
88.0000 0.0164
116.0000 0.0167
72.0000 0.0168
231.0000 0.0168
112.0000 0.0169
99.0000 0.0170
77.0000 0.0171
119.0000 0.0174
124.0000 0.0176
28.0000 0.0178
34.0000 0.0178
51.0000 0.0181
154.0000 0.0181
230.0000 0.0183
5.0000 0.0184
62.0000 0.0184
84.0000 0.0184
222.0000 0.0186
9.0000 0.0189
17.0000 0.0189
21.0000 0.0189
103.0000 0.0190
194.0000 0.0191
27.0000 0.0193
49.0000 0.0193
132.0000 0.0193
29.0000 0.0196
239.0000 0.0196
91.0000 0.0197
204.0000 0.0197
118.0000 0.0198
78.0000 0.0199
170.0000 0.0201
56.0000 0.0202
138.0000 0.0202
149.0000 0.0202
174.0000 0.0203
188.0000 0.0203
61.0000 0.0207
95.0000 0.0207
205.0000 0.0207
1.0000 0.0208
41.0000 0.0208
195.0000 0.0208
8.0000 0.0209
125.0000 0.0210
37.0000 0.0211
46.0000 0.0212
121.0000 0.0212
126.0000 0.0213
80.0000 0.0215
185.0000 0.0215
60.0000 0.0216
198.0000 0.0216
235.0000 0.0216
86.0000 0.0218
82.0000 0.0221
234.0000 0.0221
133.0000 0.0223
155.0000 0.0223
208.0000 0.0223
225.0000 0.0223
33.0000 0.0224
144.0000 0.0224
148.0000 0.0224
189.0000 0.0224
221.0000 0.0224
207.0000 0.0225
16.0000 0.0226
137.0000 0.0226
120.0000 0.0228
166.0000 0.0229
157.0000 0.0230
30.0000 0.0231
3.0000 0.0233
13.0000 0.0233
36.0000 0.0234
176.0000 0.0234
40.0000 0.0235
136.0000 0.0235
101.0000 0.0236
217.0000 0.0236
25.0000 0.0237
130.0000 0.0237
54.0000 0.0238
172.0000 0.0238
186.0000 0.0238
87.0000 0.0239
104.0000 0.0239
23.0000 0.0241
79.0000 0.0242
227.0000 0.0242
69.0000 0.0245
201.0000 0.0245
19.0000 0.0246
90.0000 0.0248
139.0000 0.0248
156.0000 0.0248
193.0000 0.0248
203.0000 0.0248
209.0000 0.0248
96.0000 0.0250
20.0000 0.0251
68.0000 0.0251
178.0000 0.0251
232.0000 0.0251
44.0000 0.0254
220.0000 0.0254
129.0000 0.0255
180.0000 0.0255
236.0000 0.0255
24.0000 0.0256
38.0000 0.0257
135.0000 0.0257
15.0000 0.0258
73.0000 0.0259
127.0000 0.0259
169.0000 0.0261
32.0000 0.0262
97.0000 0.0262
93.0000 0.0263
212.0000 0.0263
229.0000 0.0263
22.0000 0.0264
237.0000 0.0264
76.0000 0.0265
58.0000 0.0266
81.0000 0.0266
131.0000 0.0267
202.0000 0.0268
181.0000 0.0271
223.0000 0.0271
109.0000 0.0272
114.0000 0.0272
153.0000 0.0272
179.0000 0.0272
200.0000 0.0274
75.0000 0.0275
145.0000 0.0275
43.0000 0.0278
108.0000 0.0278
238.0000 0.0278
128.0000 0.0279
206.0000 0.0279
119.0000 0.0280
143.0000 0.0280
224.0000 0.0280
39.0000 0.0281
210.0000 0.0282
147.0000 0.0284
57.0000 0.0285
71.0000 0.0285
163.0000 0.0285
154.0000 0.0286
161.0000 0.0286
111.0000 0.0287
47.0000 0.0288
197.0000 0.0289
50.0000 0.0291
160.0000 0.0291
190.0000 0.0292
52.0000 0.0294
74.0000 0.0294
164.0000 0.0296
27.0000 0.0298
11.0000 0.0299
53.0000 0.0300
65.0000 0.0300
140.0000 0.0300
215.0000 0.0303
42.0000 0.0305
151.0000 0.0305
170.0000 0.0305
239.0000 0.0305
34.0000 0.0306
226.0000 0.0306
77.0000 0.0307
175.0000 0.0309
188.0000 0.0310
80.0000 0.0311
122.0000 0.0311
72.0000 0.0313
112.0000 0.0313
123.0000 0.0313
55.0000 0.0314
187.0000 0.0315
99.0000 0.0318
33.0000 0.0324
117.0000 0.0325
45.0000 0.0326
116.0000 0.0326
182.0000 0.0326
5.0000 0.0329
28.0000 0.0330
205.0000 0.0330
216.0000 0.0332
234.0000 0.0332
49.0000 0.0333
132.0000 0.0336
124.0000 0.0338
204.0000 0.0338
9.0000 0.0339
40.0000 0.0339
167.0000 0.0339
195.0000 0.0339
107.0000 0.0340
141.0000 0.0340
208.0000 0.0340
29.0000 0.0342
51.0000 0.0342
235.0000 0.0343
214.0000 0.0344
98.0000 0.0346
21.0000 0.0347
88.0000 0.0347
198.0000 0.0347
87.0000 0.0348
152.0000 0.0348
233.0000 0.0348
62.0000 0.0351
103.0000 0.0352
207.0000 0.0354
225.0000 0.0355
189.0000 0.0359
221.0000 0.0360
24.0000 0.0362
162.0000 0.0362
183.0000 0.0362
144.0000 0.0363
91.0000 0.0364
17.0000 0.0365
84.0000 0.0365
158.0000 0.0365
185.0000 0.0365
60.0000 0.0366
61.0000 0.0367
63.0000 0.0368
4.0000 0.0369
129.0000 0.0370
73.0000 0.0371
168.0000 0.0371
96.0000 0.0372
232.0000 0.0376
155.0000 0.0381
86.0000 0.0382
217.0000 0.0385
93.0000 0.0387
121.0000 0.0387
97.0000 0.0388
186.0000 0.0388
41.0000 0.0394
101.0000 0.0395
166.0000 0.0395
203.0000 0.0396
58.0000 0.0397
220.0000 0.0399
125.0000 0.0402
156.0000 0.0402
56.0000 0.0404
36.0000 0.0405
95.0000 0.0405
143.0000 0.0405
172.0000 0.0405
119.0000 0.0406
128.0000 0.0407
201.0000 0.0407
89.0000 0.0409
114.0000 0.0409
145.0000 0.0409
170.0000 0.0412
178.0000 0.0412
133.0000 0.0415
8.0000 0.0417
50.0000 0.0417
209.0000 0.0417
200.0000 0.0418
109.0000 0.0419
154.0000 0.0420
169.0000 0.0424
25.0000 0.0425
184.0000 0.0425
191.0000 0.0425
237.0000 0.0426
153.0000 0.0427
52.0000 0.0429
27.0000 0.0431
39.0000 0.0431
138.0000 0.0431
3.0000 0.0432
213.0000 0.0433
192.0000 0.0434
212.0000 0.0434
19.0000 0.0435
80.0000 0.0435
137.0000 0.0435
202.0000 0.0436
239.0000 0.0436
33.0000 0.0437
16.0000 0.0438
20.0000 0.0439
78.0000 0.0443
234.0000 0.0444
1.0000 0.0445
46.0000 0.0445
223.0000 0.0445
147.0000 0.0446
236.0000 0.0446
44.0000 0.0448
40.0000 0.0449
82.0000 0.0449
139.0000 0.0451
188.0000 0.0452
66.0000 0.0453
122.0000 0.0453
205.0000 0.0453
106.0000 0.0455
118.0000 0.0455
111.0000 0.0456
71.0000 0.0457
135.0000 0.0458
26.0000 0.0459
140.0000 0.0460
113.0000 0.0461
160.0000 0.0461
208.0000 0.0461
34.0000 0.0463
112.0000 0.0466
157.0000 0.0466
30.0000 0.0468
136.0000 0.0470
74.0000 0.0471
68.0000 0.0472
99.0000 0.0472
69.0000 0.0475
120.0000 0.0476
87.0000 0.0477
77.0000 0.0479
204.0000 0.0480
190.0000 0.0481
49.0000 0.0484
179.0000 0.0484
164.0000 0.0485
13.0000 0.0488
129.0000 0.0489
79.0000 0.0490
42.0000 0.0492
73.0000 0.0492
181.0000 0.0492
28.0000 0.0493
72.0000 0.0494
235.0000 0.0495
9.0000 0.0497
90.0000 0.0497
198.0000 0.0497
225.0000 0.0498
189.0000 0.0500
130.0000 0.0501
5.0000 0.0502
206.0000 0.0503
15.0000 0.0504
23.0000 0.0504
45.0000 0.0507
24.0000 0.0508
104.0000 0.0508
187.0000 0.0508
149.0000 0.0509
126.0000 0.0511
148.0000 0.0511
65.0000 0.0512
132.0000 0.0514
163.0000 0.0514
29.0000 0.0518
195.0000 0.0519
207.0000 0.0520
161.0000 0.0521
37.0000 0.0522
116.0000 0.0522
119.0000 0.0524
210.0000 0.0525
232.0000 0.0528
155.0000 0.0529
221.0000 0.0530
51.0000 0.0531
117.0000 0.0531
143.0000 0.0531
107.0000 0.0532
180.0000 0.0533
96.0000 0.0534
170.0000 0.0534
93.0000 0.0535
229.0000 0.0535
97.0000 0.0537
33.0000 0.0539
80.0000 0.0540
154.0000 0.0540
103.0000 0.0541
220.0000 0.0541
127.0000 0.0542
172.0000 0.0542
110.0000 0.0545
58.0000 0.0546
76.0000 0.0546
185.0000 0.0547
215.0000 0.0549
166.0000 0.0552
32.0000 0.0553
217.0000 0.0553
21.0000 0.0554
27.0000 0.0554
50.0000 0.0555
128.0000 0.0556
186.0000 0.0556
53.0000 0.0558
203.0000 0.0558
17.0000 0.0559
57.0000 0.0560
144.0000 0.0560
224.0000 0.0561
88.0000 0.0562
114.0000 0.0562
230.0000 0.0562
124.0000 0.0565
91.0000 0.0566
101.0000 0.0566
145.0000 0.0567
226.0000 0.0567
40.0000 0.0569
84.0000 0.0569
41.0000 0.0570
39.0000 0.0572
214.0000 0.0573
61.0000 0.0576
52.0000 0.0579
182.0000 0.0580
60.0000 0.0582
208.0000 0.0582
231.0000 0.0583
237.0000 0.0583
239.0000 0.0584
56.0000 0.0587
194.0000 0.0587
153.0000 0.0588
38.0000 0.0589
175.0000 0.0590
234.0000 0.0590
140.0000 0.0591
209.0000 0.0591
156.0000 0.0592
201.0000 0.0593
121.0000 0.0594
95.0000 0.0595
178.0000 0.0595
205.0000 0.0596
216.0000 0.0596
47.0000 0.0598
109.0000 0.0598
152.0000 0.0598
188.0000 0.0598
236.0000 0.0599
87.0000 0.0600
233.0000 0.0602
3.0000 0.0606
122.0000 0.0606
147.0000 0.0606
86.0000 0.0608
25.0000 0.0609
167.0000 0.0609
129.0000 0.0613
24.0000 0.0617
34.0000 0.0618
160.0000 0.0618
108.0000 0.0619
75.0000 0.0621
112.0000 0.0621
73.0000 0.0623
200.0000 0.0624
125.0000 0.0627
43.0000 0.0632
198.0000 0.0634
8.0000 0.0638
170.0000 0.0640
197.0000 0.0640
16.0000 0.0643
20.0000 0.0644
78.0000 0.0647
119.0000 0.0647
33.0000 0.0651
143.0000 0.0651
225.0000 0.0659
235.0000 0.0659
28.0000 0.0660
189.0000 0.0661
190.0000 0.0664
44.0000 0.0666
71.0000 0.0666
74.0000 0.0667
99.0000 0.0670
204.0000 0.0672
155.0000 0.0674
139.0000 0.0676
111.0000 0.0680
80.0000 0.0681
191.0000 0.0686
49.0000 0.0689
4.0000 0.0690
9.0000 0.0692
183.0000 0.0692
5.0000 0.0695
169.0000 0.0696
207.0000 0.0696
77.0000 0.0697
232.0000 0.0702
40.0000 0.0703
138.0000 0.0704
93.0000 0.0705
221.0000 0.0706
58.0000 0.0709
118.0000 0.0710
46.0000 0.0714
96.0000 0.0714
45.0000 0.0715
172.0000 0.0715
42.0000 0.0716
97.0000 0.0718
117.0000 0.0718
154.0000 0.0719
220.0000 0.0719
29.0000 0.0724
223.0000 0.0727
164.0000 0.0732
103.0000 0.0733
208.0000 0.0737
217.0000 0.0738
50.0000 0.0739
114.0000 0.0742
202.0000 0.0742
55.0000 0.0744
36.0000 0.0745
132.0000 0.0745
145.0000 0.0745
19.0000 0.0747
62.0000 0.0751
72.0000 0.0752
137.0000 0.0753
27.0000 0.0754
87.0000 0.0754
210.0000 0.0754
239.0000 0.0754
68.0000 0.0756
1.0000 0.0758
135.0000 0.0758
188.0000 0.0758
81.0000 0.0759
52.0000 0.0760
234.0000 0.0760
166.0000 0.0765
195.0000 0.0765
79.0000 0.0766
116.0000 0.0768
153.0000 0.0768
157.0000 0.0768
53.0000 0.0771
144.0000 0.0771
170.0000 0.0772
65.0000 0.0773
205.0000 0.0774
104.0000 0.0775
129.0000 0.0776
33.0000 0.0777
179.0000 0.0777
212.0000 0.0777
24.0000 0.0779
101.0000 0.0780
128.0000 0.0780
203.0000 0.0782
13.0000 0.0784
17.0000 0.0784
56.0000 0.0786
107.0000 0.0786
82.0000 0.0787
192.0000 0.0787
186.0000 0.0789
163.0000 0.0790
39.0000 0.0793
133.0000 0.0793
73.0000 0.0794
130.0000 0.0794
185.0000 0.0794
237.0000 0.0794
181.0000 0.0795
48.0000 0.0797
109.0000 0.0797
119.0000 0.0799
143.0000 0.0803
174.0000 0.0806
182.0000 0.0807
30.0000 0.0808
80.0000 0.0809
90.0000 0.0810
122.0000 0.0810
147.0000 0.0810
61.0000 0.0811
91.0000 0.0812
136.0000 0.0812
235.0000 0.0812
180.0000 0.0813
187.0000 0.0813
213.0000 0.0813
95.0000 0.0814
22.0000 0.0816
225.0000 0.0816
112.0000 0.0817
25.0000 0.0818
123.0000 0.0820
206.0000 0.0820
198.0000 0.0821
34.0000 0.0823
23.0000 0.0825
84.0000 0.0825
131.0000 0.0827
69.0000 0.0828
124.0000 0.0828
15.0000 0.0833
227.0000 0.0833
178.0000 0.0834
63.0000 0.0837
200.0000 0.0837
204.0000 0.0839
3.0000 0.0841
51.0000 0.0841
41.0000 0.0844
40.0000 0.0845
121.0000 0.0846
201.0000 0.0848
140.0000 0.0849
99.0000 0.0851
176.0000 0.0851
127.0000 0.0853
232.0000 0.0853
156.0000 0.0854
207.0000 0.0855
28.0000 0.0856
71.0000 0.0858
162.0000 0.0860
58.0000 0.0862
155.0000 0.0862
60.0000 0.0863
74.0000 0.0864
189.0000 0.0864
209.0000 0.0864
77.0000 0.0865
168.0000 0.0865
76.0000 0.0866
9.0000 0.0870
49.0000 0.0871
236.0000 0.0871
5.0000 0.0872
224.0000 0.0873
154.0000 0.0878
96.0000 0.0879
111.0000 0.0880
93.0000 0.0881
8.0000 0.0883
97.0000 0.0883
160.0000 0.0885
21.0000 0.0886
126.0000 0.0887
125.0000 0.0888
86.0000 0.0895
87.0000 0.0896
88.0000 0.0897
226.0000 0.0897
27.0000 0.0900
208.0000 0.0900
32.0000 0.0901
44.0000 0.0901
57.0000 0.0901
145.0000 0.0901
129.0000 0.0904
172.0000 0.0905
234.0000 0.0905
24.0000 0.0906
138.0000 0.0906
151.0000 0.0907
170.0000 0.0907
221.0000 0.0908
33.0000 0.0912
20.0000 0.0913
188.0000 0.0913
239.0000 0.0914
229.0000 0.0915
132.0000 0.0916
50.0000 0.0917
217.0000 0.0919
193.0000 0.0920
117.0000 0.0921
220.0000 0.0921
29.0000 0.0925
16.0000 0.0926
233.0000 0.0927
52.0000 0.0929
190.0000 0.0929
73.0000 0.0930
45.0000 0.0937
169.0000 0.0937
203.0000 0.0937
205.0000 0.0937
216.0000 0.0938
128.0000 0.0940
119.0000 0.0943
167.0000 0.0943
214.0000 0.0943
42.0000 0.0944
143.0000 0.0944
144.0000 0.0944
153.0000 0.0946
80.0000 0.0949
114.0000 0.0949
184.0000 0.0949
139.0000 0.0954
202.0000 0.0955
36.0000 0.0958
72.0000 0.0958
161.0000 0.0958
197.0000 0.0958
164.0000 0.0959
47.0000 0.0960
78.0000 0.0960
101.0000 0.0960
166.0000 0.0961
116.0000 0.0962
237.0000 0.0964
120.0000 0.0967
40.0000 0.0968
122.0000 0.0968
103.0000 0.0970
43.0000 0.0974
175.0000 0.0974
118.0000 0.0978
158.0000 0.0978
39.0000 0.0983
109.0000 0.0984
223.0000 0.0989
235.0000 0.0989
198.0000 0.0992
195.0000 0.0995
225.0000 0.1003
232.0000 0.1010
112.0000 0.1024
129.0000 0.1034
156.0000 0.1036
58.0000 0.1037
210.0000 0.1037
189.0000 0.1039
33.0000 0.1040
147.0000 0.1041
28.0000 0.1042
56.0000 0.1042
107.0000 0.1044
208.0000 0.1044
49.0000 0.1050
154.0000 0.1051
65.0000 0.1052
170.0000 0.1056
99.0000 0.1064
93.0000 0.1068
9.0000 0.1069
135.0000 0.1075
188.0000 0.1087
185.0000 0.1092
24.0000 0.1095
27.0000 0.1105
87.0000 0.1106
34.0000 0.1107
234.0000 0.1110
117.0000 0.1121
50.0000 0.1132
119.0000 0.1169
