0.0000 0.0041
26.0000 0.0041
4.0000 0.0043
48.0000 0.0045
6.0000 0.0047
15.0000 0.0047
16.0000 0.0047
34.0000 0.0047
59.0000 0.0048
2.0000 0.0049
20.0000 0.0050
47.0000 0.0050
30.0000 0.0052
14.0000 0.0053
29.0000 0.0053
44.0000 0.0056
45.0000 0.0056
55.0000 0.0056
12.0000 0.0062
10.0000 0.0063
18.0000 0.0063
43.0000 0.0063
31.0000 0.0064
32.0000 0.0067
56.0000 0.0068
7.0000 0.0069
13.0000 0.0069
19.0000 0.0069
33.0000 0.0069
23.0000 0.0071
37.0000 0.0071
36.0000 0.0074
21.0000 0.0077
25.0000 0.0081
42.0000 0.0085
39.0000 0.0087
40.0000 0.0088
50.0000 0.0101
49.0000 0.0103
41.0000 0.0109
38.0000 0.0113
22.0000 0.0120
52.0000 0.0129
51.0000 0.0134
35.0000 0.0135
9.0000 0.0136
46.0000 0.0146
26.0000 0.0151
54.0000 0.0151
45.0000 0.0166
59.0000 0.0167
24.0000 0.0168
20.0000 0.0169
17.0000 0.0172
34.0000 0.0175
48.0000 0.0180
14.0000 0.0185
37.0000 0.0191
11.0000 0.0194
32.0000 0.0195
29.0000 0.0197
1.0000 0.0202
10.0000 0.0202
0.0000 0.0204
47.0000 0.0204
16.0000 0.0206
18.0000 0.0209
12.0000 0.0212
43.0000 0.0213
31.0000 0.0215
23.0000 0.0231
30.0000 0.0239
42.0000 0.0239
55.0000 0.0240
2.0000 0.0243
7.0000 0.0251
58.0000 0.0251
50.0000 0.0252
19.0000 0.0253
36.0000 0.0256
33.0000 0.0258
6.0000 0.0261
25.0000 0.0262
41.0000 0.0268
57.0000 0.0270
4.0000 0.0271
45.0000 0.0273
59.0000 0.0279
20.0000 0.0283
40.0000 0.0286
26.0000 0.0288
44.0000 0.0295
48.0000 0.0296
37.0000 0.0302
34.0000 0.0303
56.0000 0.0313
15.0000 0.0317
27.0000 0.0318
8.0000 0.0319
14.0000 0.0321
5.0000 0.0333
47.0000 0.0333
49.0000 0.0337
29.0000 0.0342
12.0000 0.0344
21.0000 0.0352
10.0000 0.0353
0.0000 0.0355
18.0000 0.0355
32.0000 0.0358
38.0000 0.0360
31.0000 0.0363
39.0000 0.0364
23.0000 0.0365
45.0000 0.0368
50.0000 0.0373
43.0000 0.0375
52.0000 0.0380
59.0000 0.0385
16.0000 0.0390
20.0000 0.0392
48.0000 0.0393
13.0000 0.0410
2.0000 0.0423
26.0000 0.0424
36.0000 0.0425
42.0000 0.0427
37.0000 0.0428
34.0000 0.0431
41.0000 0.0433
51.0000 0.0433
24.0000 0.0441
19.0000 0.0451
30.0000 0.0461
33.0000 0.0463
55.0000 0.0464
45.0000 0.0479
14.0000 0.0480
32.0000 0.0485
47.0000 0.0488
23.0000 0.0494
54.0000 0.0499
12.0000 0.0500
40.0000 0.0517
29.0000 0.0518
59.0000 0.0521
20.0000 0.0522
48.0000 0.0523
31.0000 0.0533
10.0000 0.0548
18.0000 0.0553
7.0000 0.0554
49.0000 0.0554
50.0000 0.0556
0.0000 0.0577
26.0000 0.0579
37.0000 0.0586
34.0000 0.0592
44.0000 0.0620
45.0000 0.0621
43.0000 0.0625
56.0000 0.0628
33.0000 0.0647
32.0000 0.0669
59.0000 0.0678
41.0000 0.0683
48.0000 0.0688
23.0000 0.0696
38.0000 0.0699
27.0000 0.0702
12.0000 0.0706
15.0000 0.0713
14.0000 0.0716
47.0000 0.0717
20.0000 0.0718
42.0000 0.0733
50.0000 0.0762
45.0000 0.0772
37.0000 0.0798
29.0000 0.0807
