52.0000 0.0041
41.0000 0.0045
43.0000 0.0045
12.0000 0.0047
14.0000 0.0047
31.0000 0.0047
47.0000 0.0047
49.0000 0.0049
18.0000 0.0052
42.0000 0.0053
55.0000 0.0055
28.0000 0.0057
17.0000 0.0058
40.0000 0.0059
54.0000 0.0060
2.0000 0.0061
11.0000 0.0061
29.0000 0.0061
30.0000 0.0061
22.0000 0.0062
27.0000 0.0062
56.0000 0.0064
34.0000 0.0066
59.0000 0.0066
3.0000 0.0069
5.0000 0.0069
15.0000 0.0071
24.0000 0.0074
48.0000 0.0075
4.0000 0.0078
37.0000 0.0079
35.0000 0.0082
7.0000 0.0083
19.0000 0.0085
38.0000 0.0085
39.0000 0.0086
1.0000 0.0090
13.0000 0.0093
21.0000 0.0095
51.0000 0.0095
16.0000 0.0101
6.0000 0.0107
45.0000 0.0119
23.0000 0.0121
53.0000 0.0136
50.0000 0.0142
33.0000 0.0144
58.0000 0.0148
41.0000 0.0156
10.0000 0.0172
43.0000 0.0182
14.0000 0.0190
9.0000 0.0223
40.0000 0.0224
47.0000 0.0230
32.0000 0.0231
56.0000 0.0236
55.0000 0.0241
12.0000 0.0243
27.0000 0.0244
17.0000 0.0247
11.0000 0.0250
26.0000 0.0251
29.0000 0.0260
54.0000 0.0265
49.0000 0.0270
41.0000 0.0274
46.0000 0.0274
18.0000 0.0282
42.0000 0.0282
3.0000 0.0292
34.0000 0.0293
31.0000 0.0295
22.0000 0.0311
19.0000 0.0317
24.0000 0.0325
43.0000 0.0327
39.0000 0.0328
14.0000 0.0332
28.0000 0.0355
45.0000 0.0391
51.0000 0.0391
40.0000 0.0409
56.0000 0.0423
41.0000 0.0426
27.0000 0.0469
