0.0000 0.0000
1.0000 0.0000
2.0000 0.0000
3.0000 0.0000
4.0000 0.0000
5.0000 0.0000
6.0000 0.0000
7.0000 0.0000
8.0000 0.0000
9.0000 0.0000
10.0000 0.0000
11.0000 0.0000
12.0000 0.0000
13.0000 0.0000
14.0000 0.0000
15.0000 0.0000
16.0000 0.0000
17.0000 0.0000
18.0000 0.0000
19.0000 0.0000
20.0000 0.0000
21.0000 0.0000
22.0000 0.0000
23.0000 0.0000
24.0000 0.0000
25.0000 0.0000
26.0000 0.0000
27.0000 0.0000
28.0000 0.0000
29.0000 0.0000
30.0000 0.0000
31.0000 0.0000
32.0000 0.0000
33.0000 0.0000
34.0000 0.0000
35.0000 0.0000
36.0000 0.0000
37.0000 0.0000
38.0000 0.0000
39.0000 0.0000
40.0000 0.0000
41.0000 0.0000
42.0000 0.0000
43.0000 0.0000
44.0000 0.0000
45.0000 0.0000
46.0000 0.0000
47.0000 0.0000
48.0000 0.0000
49.0000 0.0000
50.0000 0.0000
51.0000 0.0000
52.0000 0.0000
53.0000 0.0000
54.0000 0.0000
55.0000 0.0000
56.0000 0.0000
57.0000 0.0000
58.0000 0.0000
59.0000 0.0000
60.0000 0.0000
61.0000 0.0000
62.0000 0.0000
63.0000 0.0000
64.0000 0.0000
65.0000 0.0000
66.0000 0.0000
67.0000 0.0000
68.0000 0.0000
69.0000 0.0000
70.0000 0.0000
71.0000 0.0000
72.0000 0.0000
73.0000 0.0000
74.0000 0.0000
75.0000 0.0000
76.0000 0.0000
77.0000 0.0000
78.0000 0.0000
79.0000 0.0000
80.0000 0.0000
81.0000 0.0000
82.0000 0.0000
83.0000 0.0000
84.0000 0.0000
85.0000 0.0000
86.0000 0.0000
87.0000 0.0000
88.0000 0.0000
89.0000 0.0000
90.0000 0.0000
91.0000 0.0000
92.0000 0.0000
93.0000 0.0000
94.0000 0.0000
95.0000 0.0000
96.0000 0.0000
97.0000 0.0000
98.0000 0.0000
99.0000 0.0000
100.0000 0.0000
101.0000 0.0000
102.0000 0.0000
103.0000 0.0000
104.0000 0.0000
105.0000 0.0000
106.0000 0.0000
107.0000 0.0000
108.0000 0.0000
109.0000 0.0000
110.0000 0.0000
111.0000 0.0000
112.0000 0.0000
113.0000 0.0000
114.0000 0.0000
115.0000 0.0000
116.0000 0.0000
117.0000 0.0000
118.0000 0.0000
119.0000 0.0000
120.0000 0.0000
121.0000 0.0000
122.0000 0.0000
123.0000 0.0000
124.0000 0.0000
125.0000 0.0000
126.0000 0.0000
127.0000 0.0000
128.0000 0.0000
129.0000 0.0000
130.0000 0.0000
131.0000 0.0000
132.0000 0.0000
133.0000 0.0000
134.0000 0.0000
135.0000 0.0000
136.0000 0.0000
137.0000 0.0000
138.0000 0.0000
139.0000 0.0000
140.0000 0.0000
141.0000 0.0000
142.0000 0.0000
143.0000 0.0000
144.0000 0.0000
145.0000 0.0000
146.0000 0.0000
147.0000 0.0000
148.0000 0.0000
149.0000 0.0000
202.0000 0.0043
220.0000 0.0043
224.0000 0.0043
197.0000 0.0045
217.0000 0.0045
166.0000 0.0046
155.0000 0.0047
231.0000 0.0047
239.0000 0.0047
161.0000 0.0050
187.0000 0.0050
198.0000 0.0050
150.0000 0.0052
152.0000 0.0052
153.0000 0.0053
160.0000 0.0053
164.0000 0.0053
235.0000 0.0053
156.0000 0.0054
189.0000 0.0054
232.0000 0.0055
236.0000 0.0055
234.0000 0.0056
193.0000 0.0057
204.0000 0.0057
214.0000 0.0057
225.0000 0.0057
196.0000 0.0058
179.0000 0.0059
180.0000 0.0059
188.0000 0.0059
159.0000 0.0060
171.0000 0.0060
185.0000 0.0060
168.0000 0.0061
227.0000 0.0061
181.0000 0.0063
215.0000 0.0063
176.0000 0.0064
190.0000 0.0065
158.0000 0.0066
177.0000 0.0066
154.0000 0.0068
183.0000 0.0068
210.0000 0.0069
186.0000 0.0070
226.0000 0.0070
228.0000 0.0070
157.0000 0.0071
184.0000 0.0071
201.0000 0.0071
213.0000 0.0071
170.0000 0.0072
192.0000 0.0072
211.0000 0.0072
165.0000 0.0073
230.0000 0.0074
200.0000 0.0075
172.0000 0.0076
194.0000 0.0076
208.0000 0.0076
223.0000 0.0076
221.0000 0.0077
212.0000 0.0080
207.0000 0.0082
238.0000 0.0087
233.0000 0.0096
21.0000 0.0097
209.0000 0.0098
182.0000 0.0100
218.0000 0.0100
16.0000 0.0102
229.0000 0.0105
169.0000 0.0106
149.0000 0.0107
167.0000 0.0108
62.0000 0.0109
66.0000 0.0110
117.0000 0.0110
126.0000 0.0112
48.0000 0.0113
1.0000 0.0115
99.0000 0.0115
206.0000 0.0115
12.0000 0.0116
42.0000 0.0117
109.0000 0.0118
129.0000 0.0118
76.0000 0.0120
60.0000 0.0121
96.0000 0.0122
134.0000 0.0122
31.0000 0.0123
92.0000 0.0123
35.0000 0.0124
51.0000 0.0125
0.0000 0.0126
47.0000 0.0126
95.0000 0.0127
205.0000 0.0127
71.0000 0.0128
37.0000 0.0129
163.0000 0.0129
178.0000 0.0129
65.0000 0.0131
86.0000 0.0131
82.0000 0.0132
11.0000 0.0134
46.0000 0.0134
237.0000 0.0134
23.0000 0.0135
89.0000 0.0135
103.0000 0.0135
136.0000 0.0135
17.0000 0.0136
73.0000 0.0137
142.0000 0.0137
85.0000 0.0138
22.0000 0.0139
25.0000 0.0139
43.0000 0.0141
145.0000 0.0141
216.0000 0.0141
202.0000 0.0142
102.0000 0.0143
69.0000 0.0144
132.0000 0.0145
33.0000 0.0146
3.0000 0.0147
5.0000 0.0147
26.0000 0.0148
28.0000 0.0148
77.0000 0.0148
58.0000 0.0149
175.0000 0.0149
55.0000 0.0151
100.0000 0.0151
144.0000 0.0153
88.0000 0.0154
138.0000 0.0155
151.0000 0.0155
161.0000 0.0155
219.0000 0.0156
18.0000 0.0159
36.0000 0.0161
94.0000 0.0161
139.0000 0.0161
4.0000 0.0162
104.0000 0.0162
53.0000 0.0163
68.0000 0.0163
217.0000 0.0163
224.0000 0.0164
160.0000 0.0165
7.0000 0.0166
2.0000 0.0167
24.0000 0.0167
13.0000 0.0168
162.0000 0.0168
113.0000 0.0169
203.0000 0.0169
220.0000 0.0170
239.0000 0.0170
19.0000 0.0171
44.0000 0.0171
78.0000 0.0172
197.0000 0.0172
74.0000 0.0173
164.0000 0.0173
97.0000 0.0174
110.0000 0.0174
45.0000 0.0175
128.0000 0.0175
111.0000 0.0176
191.0000 0.0176
75.0000 0.0178
91.0000 0.0179
105.0000 0.0179
214.0000 0.0179
20.0000 0.0180
80.0000 0.0180
204.0000 0.0180
39.0000 0.0181
64.0000 0.0181
155.0000 0.0182
159.0000 0.0182
235.0000 0.0182
148.0000 0.0183
158.0000 0.0183
154.0000 0.0184
21.0000 0.0185
14.0000 0.0186
56.0000 0.0186
166.0000 0.0186
29.0000 0.0189
79.0000 0.0189
186.0000 0.0189
189.0000 0.0189
84.0000 0.0190
57.0000 0.0191
152.0000 0.0191
176.0000 0.0191
147.0000 0.0192
210.0000 0.0192
183.0000 0.0193
49.0000 0.0194
201.0000 0.0194
34.0000 0.0195
198.0000 0.0195
156.0000 0.0196
236.0000 0.0196
177.0000 0.0197
107.0000 0.0198
130.0000 0.0199
137.0000 0.0199
140.0000 0.0199
192.0000 0.0202
230.0000 0.0203
232.0000 0.0203
59.0000 0.0204
106.0000 0.0204
63.0000 0.0205
60.0000 0.0206
120.0000 0.0206
187.0000 0.0206
184.0000 0.0208
190.0000 0.0209
6.0000 0.0212
99.0000 0.0212
208.0000 0.0212
112.0000 0.0213
76.0000 0.0214
122.0000 0.0214
126.0000 0.0214
141.0000 0.0214
149.0000 0.0214
12.0000 0.0215
109.0000 0.0215
180.0000 0.0215
16.0000 0.0216
52.0000 0.0216
179.0000 0.0216
213.0000 0.0216
226.0000 0.0216
95.0000 0.0217
70.0000 0.0218
117.0000 0.0218
231.0000 0.0218
115.0000 0.0220
129.0000 0.0221
51.0000 0.0222
62.0000 0.0222
9.0000 0.0223
238.0000 0.0223
202.0000 0.0224
41.0000 0.0225
48.0000 0.0225
54.0000 0.0225
153.0000 0.0225
170.0000 0.0225
0.0000 0.0226
1.0000 0.0227
146.0000 0.0227
150.0000 0.0227
212.0000 0.0227
200.0000 0.0228
31.0000 0.0229
222.0000 0.0229
35.0000 0.0230
42.0000 0.0231
131.0000 0.0231
215.0000 0.0231
92.0000 0.0232
96.0000 0.0232
171.0000 0.0233
182.0000 0.0234
66.0000 0.0237
124.0000 0.0238
169.0000 0.0238
47.0000 0.0239
93.0000 0.0240
161.0000 0.0244
103.0000 0.0245
165.0000 0.0245
221.0000 0.0245
134.0000 0.0246
207.0000 0.0246
108.0000 0.0247
223.0000 0.0247
71.0000 0.0248
73.0000 0.0249
167.0000 0.0250
22.0000 0.0251
145.0000 0.0251
89.0000 0.0252
118.0000 0.0253
136.0000 0.0253
17.0000 0.0254
27.0000 0.0254
46.0000 0.0254
123.0000 0.0254
227.0000 0.0254
25.0000 0.0255
125.0000 0.0255
82.0000 0.0256
37.0000 0.0257
86.0000 0.0257
193.0000 0.0257
18.0000 0.0258
90.0000 0.0258
33.0000 0.0259
132.0000 0.0259
194.0000 0.0259
121.0000 0.0260
43.0000 0.0261
217.0000 0.0263
224.0000 0.0263
65.0000 0.0264
160.0000 0.0264
23.0000 0.0265
55.0000 0.0266
4.0000 0.0267
61.0000 0.0267
144.0000 0.0267
205.0000 0.0267
26.0000 0.0268
28.0000 0.0268
164.0000 0.0268
211.0000 0.0268
239.0000 0.0268
11.0000 0.0269
58.0000 0.0269
220.0000 0.0270
3.0000 0.0271
21.0000 0.0271
197.0000 0.0271
32.0000 0.0272
234.0000 0.0272
102.0000 0.0273
173.0000 0.0273
138.0000 0.0274
139.0000 0.0274
218.0000 0.0274
85.0000 0.0275
69.0000 0.0277
142.0000 0.0278
214.0000 0.0278
204.0000 0.0279
77.0000 0.0280
30.0000 0.0282
53.0000 0.0282
155.0000 0.0282
178.0000 0.0282
68.0000 0.0283
235.0000 0.0283
196.0000 0.0284
100.0000 0.0287
159.0000 0.0287
101.0000 0.0289
143.0000 0.0289
158.0000 0.0289
183.0000 0.0290
228.0000 0.0291
94.0000 0.0292
176.0000 0.0292
172.0000 0.0293
201.0000 0.0294
13.0000 0.0295
36.0000 0.0295
60.0000 0.0296
81.0000 0.0297
99.0000 0.0297
168.0000 0.0297
189.0000 0.0297
127.0000 0.0298
116.0000 0.0300
186.0000 0.0301
2.0000 0.0302
44.0000 0.0302
154.0000 0.0302
236.0000 0.0302
87.0000 0.0303
202.0000 0.0303
209.0000 0.0303
149.0000 0.0304
166.0000 0.0304
76.0000 0.0305
104.0000 0.0305
174.0000 0.0305
192.0000 0.0305
135.0000 0.0306
95.0000 0.0307
210.0000 0.0307
24.0000 0.0308
83.0000 0.0308
157.0000 0.0308
117.0000 0.0309
5.0000 0.0310
20.0000 0.0310
109.0000 0.0310
177.0000 0.0310
12.0000 0.0311
51.0000 0.0311
113.0000 0.0311
156.0000 0.0312
163.0000 0.0312
185.0000 0.0312
48.0000 0.0313
126.0000 0.0313
203.0000 0.0313
16.0000 0.0314
7.0000 0.0315
152.0000 0.0315
181.0000 0.0315
230.0000 0.0315
45.0000 0.0316
64.0000 0.0316
88.0000 0.0316
128.0000 0.0316
110.0000 0.0317
0.0000 0.0318
148.0000 0.0318
184.0000 0.0318
75.0000 0.0319
232.0000 0.0319
91.0000 0.0320
129.0000 0.0320
190.0000 0.0320
1.0000 0.0321
19.0000 0.0321
97.0000 0.0321
198.0000 0.0322
78.0000 0.0323
216.0000 0.0324
35.0000 0.0325
105.0000 0.0325
161.0000 0.0325
206.0000 0.0325
62.0000 0.0326
72.0000 0.0326
92.0000 0.0327
96.0000 0.0327
31.0000 0.0328
233.0000 0.0329
74.0000 0.0331
111.0000 0.0331
208.0000 0.0331
42.0000 0.0332
66.0000 0.0334
238.0000 0.0334
213.0000 0.0335
47.0000 0.0336
226.0000 0.0337
57.0000 0.0338
237.0000 0.0338
98.0000 0.0339
182.0000 0.0341
56.0000 0.0342
200.0000 0.0342
187.0000 0.0343
34.0000 0.0345
14.0000 0.0346
180.0000 0.0346
18.0000 0.0347
80.0000 0.0347
136.0000 0.0347
170.0000 0.0347
49.0000 0.0348
134.0000 0.0348
212.0000 0.0348
179.0000 0.0349
22.0000 0.0350
79.0000 0.0350
169.0000 0.0350
21.0000 0.0351
71.0000 0.0353
103.0000 0.0353
217.0000 0.0353
160.0000 0.0354
164.0000 0.0354
17.0000 0.0355
25.0000 0.0355
86.0000 0.0355
89.0000 0.0355
120.0000 0.0355
191.0000 0.0355
231.0000 0.0355
84.0000 0.0356
153.0000 0.0356
145.0000 0.0358
130.0000 0.0359
197.0000 0.0360
37.0000 0.0361
132.0000 0.0361
150.0000 0.0361
239.0000 0.0361
46.0000 0.0362
73.0000 0.0362
140.0000 0.0363
224.0000 0.0363
33.0000 0.0365
114.0000 0.0367
147.0000 0.0367
221.0000 0.0367
235.0000 0.0367
4.0000 0.0368
63.0000 0.0369
82.0000 0.0369
220.0000 0.0369
8.0000 0.0370
28.0000 0.0370
137.0000 0.0370
204.0000 0.0370
214.0000 0.0370
215.0000 0.0370
119.0000 0.0371
112.0000 0.0372
171.0000 0.0372
106.0000 0.0373
155.0000 0.0374
223.0000 0.0374
43.0000 0.0375
55.0000 0.0375
202.0000 0.0375
65.0000 0.0377
102.0000 0.0377
107.0000 0.0377
23.0000 0.0379
26.0000 0.0379
52.0000 0.0379
219.0000 0.0379
39.0000 0.0381
99.0000 0.0381
158.0000 0.0381
207.0000 0.0381
138.0000 0.0382
139.0000 0.0382
167.0000 0.0382
11.0000 0.0383
60.0000 0.0383
6.0000 0.0384
53.0000 0.0384
146.0000 0.0384
183.0000 0.0384
29.0000 0.0385
85.0000 0.0385
144.0000 0.0386
159.0000 0.0386
77.0000 0.0387
175.0000 0.0388
229.0000 0.0388
69.0000 0.0389
58.0000 0.0390
142.0000 0.0390
95.0000 0.0391
149.0000 0.0391
40.0000 0.0392
76.0000 0.0392
122.0000 0.0392
201.0000 0.0392
3.0000 0.0394
41.0000 0.0394
162.0000 0.0395
189.0000 0.0395
193.0000 0.0395
68.0000 0.0396
109.0000 0.0396
12.0000 0.0397
176.0000 0.0397
117.0000 0.0398
161.0000 0.0400
186.0000 0.0400
225.0000 0.0400
236.0000 0.0400
16.0000 0.0401
126.0000 0.0401
205.0000 0.0401
0.0000 0.0403
131.0000 0.0403
154.0000 0.0403
177.0000 0.0403
165.0000 0.0404
227.0000 0.0404
51.0000 0.0405
115.0000 0.0405
13.0000 0.0406
70.0000 0.0406
94.0000 0.0406
1.0000 0.0407
9.0000 0.0407
48.0000 0.0407
59.0000 0.0407
100.0000 0.0407
194.0000 0.0407
129.0000 0.0408
210.0000 0.0408
234.0000 0.0409
184.0000 0.0410
192.0000 0.0410
96.0000 0.0412
166.0000 0.0412
218.0000 0.0412
35.0000 0.0415
141.0000 0.0415
230.0000 0.0415
36.0000 0.0416
44.0000 0.0416
151.0000 0.0416
62.0000 0.0417
178.0000 0.0417
211.0000 0.0418
2.0000 0.0419
108.0000 0.0419
113.0000 0.0419
156.0000 0.0420
31.0000 0.0421
92.0000 0.0421
190.0000 0.0421
66.0000 0.0422
54.0000 0.0423
152.0000 0.0424
42.0000 0.0425
232.0000 0.0425
20.0000 0.0426
104.0000 0.0427
208.0000 0.0429
21.0000 0.0430
198.0000 0.0431
93.0000 0.0432
47.0000 0.0434
64.0000 0.0435
238.0000 0.0435
18.0000 0.0437
160.0000 0.0437
24.0000 0.0438
88.0000 0.0439
134.0000 0.0439
217.0000 0.0439
164.0000 0.0440
45.0000 0.0441
213.0000 0.0441
75.0000 0.0442
110.0000 0.0442
226.0000 0.0443
22.0000 0.0444
78.0000 0.0444
91.0000 0.0444
128.0000 0.0444
136.0000 0.0444
197.0000 0.0445
7.0000 0.0446
71.0000 0.0447
97.0000 0.0448
103.0000 0.0448
74.0000 0.0449
19.0000 0.0450
86.0000 0.0450
202.0000 0.0450
239.0000 0.0451
172.0000 0.0452
182.0000 0.0452
203.0000 0.0452
27.0000 0.0454
89.0000 0.0454
224.0000 0.0454
17.0000 0.0455
145.0000 0.0455
235.0000 0.0455
196.0000 0.0456
105.0000 0.0457
25.0000 0.0458
123.0000 0.0458
214.0000 0.0458
5.0000 0.0459
46.0000 0.0459
124.0000 0.0459
148.0000 0.0459
163.0000 0.0459
132.0000 0.0461
37.0000 0.0462
60.0000 0.0463
73.0000 0.0463
118.0000 0.0463
204.0000 0.0463
99.0000 0.0464
170.0000 0.0464
179.0000 0.0464
33.0000 0.0465
200.0000 0.0465
220.0000 0.0465
61.0000 0.0466
155.0000 0.0466
212.0000 0.0467
209.0000 0.0469
169.0000 0.0470
4.0000 0.0472
28.0000 0.0472
55.0000 0.0472
158.0000 0.0472
95.0000 0.0473
228.0000 0.0473
159.0000 0.0474
183.0000 0.0474
90.0000 0.0475
180.0000 0.0475
34.0000 0.0476
149.0000 0.0476
111.0000 0.0478
65.0000 0.0479
139.0000 0.0479
26.0000 0.0480
138.0000 0.0480
121.0000 0.0481
153.0000 0.0482
161.0000 0.0482
76.0000 0.0483
82.0000 0.0483
57.0000 0.0484
109.0000 0.0484
12.0000 0.0485
32.0000 0.0485
53.0000 0.0485
56.0000 0.0485
79.0000 0.0485
23.0000 0.0486
201.0000 0.0486
0.0000 0.0487
16.0000 0.0487
80.0000 0.0487
117.0000 0.0487
126.0000 0.0489
143.0000 0.0489
157.0000 0.0489
171.0000 0.0490
187.0000 0.0490
216.0000 0.0490
223.0000 0.0490
43.0000 0.0491
51.0000 0.0491
177.0000 0.0492
48.0000 0.0493
144.0000 0.0493
176.0000 0.0493
215.0000 0.0493
231.0000 0.0493
1.0000 0.0494
11.0000 0.0494
102.0000 0.0494
150.0000 0.0494
168.0000 0.0494
85.0000 0.0495
236.0000 0.0495
129.0000 0.0496
49.0000 0.0497
101.0000 0.0497
120.0000 0.0497
186.0000 0.0497
221.0000 0.0497
237.0000 0.0497
14.0000 0.0498
96.0000 0.0498
77.0000 0.0499
189.0000 0.0500
84.0000 0.0501
167.0000 0.0501
207.0000 0.0502
35.0000 0.0503
125.0000 0.0503
140.0000 0.0503
206.0000 0.0503
69.0000 0.0505
184.0000 0.0505
210.0000 0.0505
58.0000 0.0507
62.0000 0.0507
142.0000 0.0507
66.0000 0.0508
154.0000 0.0508
192.0000 0.0508
92.0000 0.0509
13.0000 0.0510
30.0000 0.0510
31.0000 0.0510
127.0000 0.0510
21.0000 0.0511
68.0000 0.0511
230.0000 0.0511
166.0000 0.0512
130.0000 0.0513
181.0000 0.0513
3.0000 0.0514
42.0000 0.0514
63.0000 0.0516
190.0000 0.0517
205.0000 0.0517
36.0000 0.0518
100.0000 0.0518
137.0000 0.0518
147.0000 0.0518
202.0000 0.0518
217.0000 0.0518
191.0000 0.0519
94.0000 0.0521
160.0000 0.0521
164.0000 0.0521
135.0000 0.0524
113.0000 0.0526
156.0000 0.0526
112.0000 0.0527
197.0000 0.0527
44.0000 0.0529
47.0000 0.0529
146.0000 0.0529
107.0000 0.0530
198.0000 0.0531
52.0000 0.0532
18.0000 0.0533
134.0000 0.0533
208.0000 0.0533
238.0000 0.0534
193.0000 0.0535
106.0000 0.0536
22.0000 0.0537
2.0000 0.0538
136.0000 0.0539
233.0000 0.0539
239.0000 0.0539
60.0000 0.0540
87.0000 0.0540
232.0000 0.0540
213.0000 0.0541
178.0000 0.0542
235.0000 0.0542
165.0000 0.0543
224.0000 0.0543
116.0000 0.0544
71.0000 0.0545
152.0000 0.0545
214.0000 0.0545
89.0000 0.0546
103.0000 0.0546
218.0000 0.0546
86.0000 0.0549
131.0000 0.0550
132.0000 0.0550
145.0000 0.0550
95.0000 0.0551
25.0000 0.0552
99.0000 0.0552
226.0000 0.0552
6.0000 0.0554
194.0000 0.0555
204.0000 0.0555
155.0000 0.0557
220.0000 0.0557
20.0000 0.0558
161.0000 0.0558
182.0000 0.0558
158.0000 0.0559
17.0000 0.0560
46.0000 0.0560
64.0000 0.0560
37.0000 0.0561
128.0000 0.0562
159.0000 0.0562
234.0000 0.0563
75.0000 0.0564
88.0000 0.0564
149.0000 0.0564
227.0000 0.0565
104.0000 0.0566
24.0000 0.0567
109.0000 0.0567
185.0000 0.0567
4.0000 0.0568
33.0000 0.0568
76.0000 0.0569
110.0000 0.0569
39.0000 0.0570
73.0000 0.0570
91.0000 0.0570
183.0000 0.0570
122.0000 0.0572
169.0000 0.0572
219.0000 0.0574
28.0000 0.0575
12.0000 0.0576
41.0000 0.0576
45.0000 0.0576
117.0000 0.0578
201.0000 0.0578
211.0000 0.0578
0.0000 0.0579
96.0000 0.0579
126.0000 0.0579
200.0000 0.0579
19.0000 0.0580
78.0000 0.0580
139.0000 0.0580
16.0000 0.0581
74.0000 0.0581
81.0000 0.0581
29.0000 0.0582
51.0000 0.0582
129.0000 0.0582
1.0000 0.0583
7.0000 0.0583
48.0000 0.0584
55.0000 0.0584
65.0000 0.0585
97.0000 0.0585
170.0000 0.0585
138.0000 0.0586
203.0000 0.0588
21.0000 0.0589
162.0000 0.0589
202.0000 0.0589
177.0000 0.0590
26.0000 0.0591
212.0000 0.0591
53.0000 0.0594
82.0000 0.0594
23.0000 0.0595
43.0000 0.0595
217.0000 0.0595
179.0000 0.0596
186.0000 0.0596
105.0000 0.0597
148.0000 0.0597
108.0000 0.0598
176.0000 0.0598
189.0000 0.0598
62.0000 0.0599
111.0000 0.0599
35.0000 0.0600
160.0000 0.0600
236.0000 0.0600
102.0000 0.0601
85.0000 0.0602
9.0000 0.0603
11.0000 0.0603
66.0000 0.0603
92.0000 0.0603
144.0000 0.0603
31.0000 0.0605
77.0000 0.0605
42.0000 0.0606
153.0000 0.0606
164.0000 0.0607
180.0000 0.0607
184.0000 0.0607
210.0000 0.0608
154.0000 0.0609
69.0000 0.0611
115.0000 0.0611
192.0000 0.0611
59.0000 0.0612
163.0000 0.0612
215.0000 0.0612
230.0000 0.0613
196.0000 0.0614
197.0000 0.0615
142.0000 0.0616
171.0000 0.0616
93.0000 0.0617
68.0000 0.0618
70.0000 0.0618
190.0000 0.0618
221.0000 0.0618
223.0000 0.0618
13.0000 0.0619
34.0000 0.0619
47.0000 0.0619
57.0000 0.0619
58.0000 0.0619
167.0000 0.0619
60.0000 0.0620
141.0000 0.0620
172.0000 0.0620
72.0000 0.0621
166.0000 0.0621
235.0000 0.0621
18.0000 0.0622
150.0000 0.0622
83.0000 0.0623
156.0000 0.0623
222.0000 0.0623
229.0000 0.0623
3.0000 0.0624
209.0000 0.0624
56.0000 0.0625
134.0000 0.0626
239.0000 0.0626
136.0000 0.0627
207.0000 0.0627
79.0000 0.0628
5.0000 0.0629
22.0000 0.0629
228.0000 0.0629
27.0000 0.0630
54.0000 0.0630
94.0000 0.0630
98.0000 0.0630
175.0000 0.0630
187.0000 0.0630
36.0000 0.0632
49.0000 0.0632
95.0000 0.0632
99.0000 0.0632
100.0000 0.0632
161.0000 0.0632
224.0000 0.0632
80.0000 0.0633
120.0000 0.0634
231.0000 0.0634
214.0000 0.0635
173.0000 0.0637
198.0000 0.0637
151.0000 0.0638
205.0000 0.0638
103.0000 0.0639
204.0000 0.0639
208.0000 0.0639
71.0000 0.0641
232.0000 0.0641
238.0000 0.0641
89.0000 0.0642
109.0000 0.0642
44.0000 0.0643
113.0000 0.0643
220.0000 0.0643
145.0000 0.0644
140.0000 0.0645
155.0000 0.0645
158.0000 0.0645
84.0000 0.0646
149.0000 0.0646
159.0000 0.0646
2.0000 0.0648
25.0000 0.0648
86.0000 0.0648
123.0000 0.0649
213.0000 0.0649
61.0000 0.0650
132.0000 0.0650
226.0000 0.0651
130.0000 0.0653
46.0000 0.0654
76.0000 0.0656
183.0000 0.0657
12.0000 0.0658
202.0000 0.0658
237.0000 0.0658
17.0000 0.0659
0.0000 0.0660
14.0000 0.0660
118.0000 0.0660
119.0000 0.0660
152.0000 0.0660
16.0000 0.0661
51.0000 0.0662
216.0000 0.0662
1.0000 0.0663
4.0000 0.0663
37.0000 0.0663
33.0000 0.0664
63.0000 0.0664
48.0000 0.0665
117.0000 0.0665
182.0000 0.0665
21.0000 0.0666
96.0000 0.0666
126.0000 0.0666
129.0000 0.0666
73.0000 0.0667
201.0000 0.0667
28.0000 0.0669
139.0000 0.0669
193.0000 0.0669
20.0000 0.0670
137.0000 0.0670
147.0000 0.0670
64.0000 0.0671
177.0000 0.0672
146.0000 0.0675
169.0000 0.0676
52.0000 0.0677
128.0000 0.0677
157.0000 0.0677
217.0000 0.0677
218.0000 0.0677
24.0000 0.0679
32.0000 0.0680
55.0000 0.0680
104.0000 0.0680
178.0000 0.0680
75.0000 0.0681
160.0000 0.0682
168.0000 0.0682
65.0000 0.0683
106.0000 0.0684
91.0000 0.0685
138.0000 0.0685
194.0000 0.0685
200.0000 0.0685
62.0000 0.0687
164.0000 0.0687
186.0000 0.0687
26.0000 0.0689
110.0000 0.0689
112.0000 0.0689
121.0000 0.0689
124.0000 0.0689
176.0000 0.0690
35.0000 0.0691
107.0000 0.0691
189.0000 0.0691
78.0000 0.0692
92.0000 0.0692
191.0000 0.0692
42.0000 0.0694
66.0000 0.0694
88.0000 0.0694
31.0000 0.0697
165.0000 0.0697
184.0000 0.0697
23.0000 0.0698
170.0000 0.0698
236.0000 0.0698
43.0000 0.0699
101.0000 0.0699
143.0000 0.0699
212.0000 0.0699
53.0000 0.0700
60.0000 0.0700
82.0000 0.0701
197.0000 0.0702
47.0000 0.0704
179.0000 0.0704
95.0000 0.0705
97.0000 0.0705
144.0000 0.0705
161.0000 0.0706
227.0000 0.0706
77.0000 0.0707
102.0000 0.0707
18.0000 0.0708
85.0000 0.0708
235.0000 0.0708
11.0000 0.0709
90.0000 0.0709
154.0000 0.0709
192.0000 0.0709
210.0000 0.0709
10.0000 0.0711
45.0000 0.0711
203.0000 0.0711
206.0000 0.0711
234.0000 0.0712
7.0000 0.0713
230.0000 0.0713
239.0000 0.0713
69.0000 0.0714
99.0000 0.0714
131.0000 0.0714
166.0000 0.0714
6.0000 0.0715
19.0000 0.0715
74.0000 0.0715
153.0000 0.0715
211.0000 0.0715
41.0000 0.0716
190.0000 0.0717
214.0000 0.0718
114.0000 0.0719
156.0000 0.0719
22.0000 0.0720
134.0000 0.0720
109.0000 0.0721
136.0000 0.0721
224.0000 0.0721
148.0000 0.0722
181.0000 0.0723
13.0000 0.0724
122.0000 0.0724
142.0000 0.0724
220.0000 0.0725
135.0000 0.0726
174.0000 0.0726
202.0000 0.0726
180.0000 0.0727
215.0000 0.0727
58.0000 0.0728
149.0000 0.0728
204.0000 0.0728
68.0000 0.0729
171.0000 0.0729
155.0000 0.0730
158.0000 0.0730
40.0000 0.0732
223.0000 0.0733
3.0000 0.0734
103.0000 0.0734
159.0000 0.0734
111.0000 0.0735
167.0000 0.0735
30.0000 0.0736
105.0000 0.0736
76.0000 0.0737
89.0000 0.0737
12.0000 0.0738
71.0000 0.0738
145.0000 0.0739
183.0000 0.0739
221.0000 0.0739
232.0000 0.0739
29.0000 0.0740
86.0000 0.0740
0.0000 0.0741
25.0000 0.0741
21.0000 0.0742
150.0000 0.0742
238.0000 0.0742
36.0000 0.0743
100.0000 0.0743
198.0000 0.0743
208.0000 0.0744
16.0000 0.0745
48.0000 0.0746
1.0000 0.0747
94.0000 0.0747
226.0000 0.0747
56.0000 0.0748
113.0000 0.0748
127.0000 0.0748
132.0000 0.0748
126.0000 0.0749
96.0000 0.0751
207.0000 0.0751
46.0000 0.0752
57.0000 0.0752
129.0000 0.0752
51.0000 0.0753
201.0000 0.0753
2.0000 0.0755
117.0000 0.0755
44.0000 0.0756
17.0000 0.0757
37.0000 0.0757
163.0000 0.0757
205.0000 0.0757
217.0000 0.0757
219.0000 0.0757
39.0000 0.0758
108.0000 0.0758
233.0000 0.0758
4.0000 0.0759
177.0000 0.0759
33.0000 0.0761
87.0000 0.0761
185.0000 0.0761
73.0000 0.0762
125.0000 0.0762
160.0000 0.0762
213.0000 0.0762
79.0000 0.0763
28.0000 0.0764
231.0000 0.0764
120.0000 0.0765
187.0000 0.0766
152.0000 0.0767
34.0000 0.0768
84.0000 0.0768
164.0000 0.0768
55.0000 0.0769
139.0000 0.0769
182.0000 0.0769
225.0000 0.0769
49.0000 0.0771
80.0000 0.0771
228.0000 0.0771
65.0000 0.0773
186.0000 0.0773
196.0000 0.0773
9.0000 0.0774
62.0000 0.0774
116.0000 0.0774
172.0000 0.0774
60.0000 0.0775
66.0000 0.0777
92.0000 0.0777
59.0000 0.0778
70.0000 0.0778
140.0000 0.0778
169.0000 0.0778
31.0000 0.0779
138.0000 0.0779
197.0000 0.0779
209.0000 0.0779
35.0000 0.0780
161.0000 0.0780
162.0000 0.0780
176.0000 0.0780
42.0000 0.0781
5.0000 0.0783
95.0000 0.0783
130.0000 0.0783
189.0000 0.0783
8.0000 0.0784
75.0000 0.0785
236.0000 0.0786
20.0000 0.0787
93.0000 0.0787
23.0000 0.0789
53.0000 0.0789
184.0000 0.0789
218.0000 0.0789
99.0000 0.0790
235.0000 0.0790
26.0000 0.0791
43.0000 0.0791
47.0000 0.0791
141.0000 0.0791
24.0000 0.0792
104.0000 0.0794
18.0000 0.0795
64.0000 0.0796
128.0000 0.0796
110.0000 0.0798
202.0000 0.0798
63.0000 0.0799
102.0000 0.0799
109.0000 0.0799
210.0000 0.0799
200.0000 0.0800
214.0000 0.0800
239.0000 0.0800
14.0000 0.0801
27.0000 0.0801
154.0000 0.0801
91.0000 0.0802
115.0000 0.0802
237.0000 0.0802
170.0000 0.0803
11.0000 0.0804
54.0000 0.0804
77.0000 0.0804
149.0000 0.0804
166.0000 0.0804
192.0000 0.0804
193.0000 0.0804
212.0000 0.0805
88.0000 0.0806
144.0000 0.0807
216.0000 0.0807
220.0000 0.0807
230.0000 0.0807
82.0000 0.0808
190.0000 0.0809
22.0000 0.0810
134.0000 0.0810
136.0000 0.0810
178.0000 0.0810
224.0000 0.0810
85.0000 0.0812
158.0000 0.0812
78.0000 0.0813
123.0000 0.0813
137.0000 0.0813
21.0000 0.0815
146.0000 0.0815
179.0000 0.0816
204.0000 0.0816
194.0000 0.0817
69.0000 0.0818
155.0000 0.0818
147.0000 0.0819
12.0000 0.0820
81.0000 0.0820
106.0000 0.0820
142.0000 0.0820
52.0000 0.0821
97.0000 0.0821
103.0000 0.0821
76.0000 0.0822
159.0000 0.0822
0.0000 0.0824
153.0000 0.0824
156.0000 0.0824
48.0000 0.0827
183.0000 0.0827
16.0000 0.0828
45.0000 0.0828
68.0000 0.0828
89.0000 0.0828
61.0000 0.0830
203.0000 0.0830
145.0000 0.0831
71.0000 0.0832
74.0000 0.0832
25.0000 0.0833
86.0000 0.0833
126.0000 0.0833
151.0000 0.0833
1.0000 0.0834
19.0000 0.0834
58.0000 0.0834
96.0000 0.0834
13.0000 0.0835
129.0000 0.0835
51.0000 0.0836
148.0000 0.0836
165.0000 0.0836
175.0000 0.0836
118.0000 0.0837
217.0000 0.0837
238.0000 0.0837
132.0000 0.0838
223.0000 0.0838
100.0000 0.0839
117.0000 0.0839
171.0000 0.0841
46.0000 0.0842
160.0000 0.0842
208.0000 0.0842
229.0000 0.0842
3.0000 0.0843
7.0000 0.0843
112.0000 0.0843
227.0000 0.0843
180.0000 0.0844
234.0000 0.0844
201.0000 0.0845
215.0000 0.0845
226.0000 0.0845
232.0000 0.0845
17.0000 0.0848
107.0000 0.0849
113.0000 0.0849
168.0000 0.0849
198.0000 0.0849
4.0000 0.0850
36.0000 0.0850
167.0000 0.0850
37.0000 0.0851
164.0000 0.0851
177.0000 0.0851
221.0000 0.0851
161.0000 0.0852
2.0000 0.0853
111.0000 0.0853
60.0000 0.0854
105.0000 0.0854
211.0000 0.0854
33.0000 0.0855
131.0000 0.0855
150.0000 0.0855
191.0000 0.0856
95.0000 0.0857
28.0000 0.0858
44.0000 0.0858
197.0000 0.0858
73.0000 0.0859
55.0000 0.0860
92.0000 0.0860
65.0000 0.0862
139.0000 0.0862
62.0000 0.0863
122.0000 0.0864
202.0000 0.0864
213.0000 0.0864
31.0000 0.0865
56.0000 0.0865
66.0000 0.0865
94.0000 0.0865
6.0000 0.0866
99.0000 0.0866
207.0000 0.0866
35.0000 0.0867
157.0000 0.0867
176.0000 0.0869
186.0000 0.0869
32.0000 0.0870
42.0000 0.0870
235.0000 0.0870
189.0000 0.0872
205.0000 0.0872
41.0000 0.0873
138.0000 0.0873
182.0000 0.0873
47.0000 0.0874
236.0000 0.0874
57.0000 0.0876
152.0000 0.0877
169.0000 0.0877
109.0000 0.0878
184.0000 0.0880
149.0000 0.0881
98.0000 0.0882
214.0000 0.0882
23.0000 0.0883
121.0000 0.0883
206.0000 0.0883
18.0000 0.0884
143.0000 0.0887
21.0000 0.0888
79.0000 0.0888
239.0000 0.0888
26.0000 0.0889
53.0000 0.0890
163.0000 0.0890
43.0000 0.0891
20.0000 0.0892
136.0000 0.0892
220.0000 0.0892
210.0000 0.0893
154.0000 0.0894
158.0000 0.0894
72.0000 0.0895
90.0000 0.0895
11.0000 0.0896
101.0000 0.0896
134.0000 0.0897
192.0000 0.0897
102.0000 0.0898
80.0000 0.0899
166.0000 0.0899
187.0000 0.0899
204.0000 0.0899
120.0000 0.0900
12.0000 0.0901
22.0000 0.0901
124.0000 0.0901
231.0000 0.0901
224.0000 0.0902
110.0000 0.0903
144.0000 0.0903
48.0000 0.0904
75.0000 0.0904
181.0000 0.0904
34.0000 0.0905
77.0000 0.0905
190.0000 0.0905
0.0000 0.0906
84.0000 0.0906
159.0000 0.0906
200.0000 0.0906
83.0000 0.0907
218.0000 0.0907
230.0000 0.0907
24.0000 0.0908
76.0000 0.0908
64.0000 0.0909
85.0000 0.0909
140.0000 0.0910
183.0000 0.0910
212.0000 0.0910
155.0000 0.0911
82.0000 0.0912
103.0000 0.0912
104.0000 0.0912
170.0000 0.0912
128.0000 0.0913
49.0000 0.0914
1.0000 0.0915
228.0000 0.0915
89.0000 0.0916
16.0000 0.0917
29.0000 0.0917
96.0000 0.0917
126.0000 0.0917
217.0000 0.0917
88.0000 0.0918
51.0000 0.0919
129.0000 0.0919
130.0000 0.0919
142.0000 0.0919
5.0000 0.0920
30.0000 0.0920
156.0000 0.0921
91.0000 0.0922
117.0000 0.0922
127.0000 0.0922
160.0000 0.0922
135.0000 0.0923
25.0000 0.0924
71.0000 0.0924
86.0000 0.0924
161.0000 0.0926
172.0000 0.0926
108.0000 0.0927
145.0000 0.0927
219.0000 0.0927
60.0000 0.0929
179.0000 0.0929
69.0000 0.0930
97.0000 0.0930
132.0000 0.0930
95.0000 0.0931
173.0000 0.0931
63.0000 0.0932
153.0000 0.0932
164.0000 0.0932
202.0000 0.0932
46.0000 0.0933
196.0000 0.0933
68.0000 0.0934
193.0000 0.0934
177.0000 0.0935
201.0000 0.0935
238.0000 0.0935
17.0000 0.0936
59.0000 0.0936
39.0000 0.0937
209.0000 0.0937
14.0000 0.0938
45.0000 0.0939
13.0000 0.0940
58.0000 0.0940
78.0000 0.0941
4.0000 0.0942
99.0000 0.0942
178.0000 0.0942
226.0000 0.0942
100.0000 0.0943
197.0000 0.0943
223.0000 0.0943
35.0000 0.0946
37.0000 0.0946
62.0000 0.0946
92.0000 0.0946
137.0000 0.0948
208.0000 0.0948
3.0000 0.0950
33.0000 0.0950
66.0000 0.0950
194.0000 0.0950
198.0000 0.0950
235.0000 0.0950
9.0000 0.0951
109.0000 0.0951
146.0000 0.0951
31.0000 0.0952
55.0000 0.0952
185.0000 0.0952
232.0000 0.0953
233.0000 0.0953
28.0000 0.0954
73.0000 0.0954
171.0000 0.0954
36.0000 0.0955
65.0000 0.0955
70.0000 0.0955
113.0000 0.0955
180.0000 0.0955
74.0000 0.0956
93.0000 0.0956
139.0000 0.0956
216.0000 0.0956
52.0000 0.0957
119.0000 0.0957
176.0000 0.0957
186.0000 0.0957
221.0000 0.0957
2.0000 0.0958
42.0000 0.0958
149.0000 0.0958
21.0000 0.0959
19.0000 0.0960
106.0000 0.0960
189.0000 0.0960
237.0000 0.0960
138.0000 0.0961
148.0000 0.0961
203.0000 0.0961
162.0000 0.0963
47.0000 0.0964
214.0000 0.0964
213.0000 0.0965
215.0000 0.0965
236.0000 0.0966
147.0000 0.0967
167.0000 0.0967
44.0000 0.0968
141.0000 0.0968
27.0000 0.0969
54.0000 0.0969
87.0000 0.0969
115.0000 0.0969
184.0000 0.0970
7.0000 0.0971
94.0000 0.0972
239.0000 0.0972
18.0000 0.0973
182.0000 0.0973
220.0000 0.0973
150.0000 0.0974
105.0000 0.0975
158.0000 0.0975
234.0000 0.0975
169.0000 0.0976
23.0000 0.0977
165.0000 0.0977
56.0000 0.0978
112.0000 0.0978
136.0000 0.0979
111.0000 0.0980
204.0000 0.0981
12.0000 0.0982
116.0000 0.0983
152.0000 0.0983
154.0000 0.0983
207.0000 0.0983
0.0000 0.0984
123.0000 0.0984
134.0000 0.0984
210.0000 0.0984
211.0000 0.0984
224.0000 0.0984
48.0000 0.0985
159.0000 0.0985
227.0000 0.0985
53.0000 0.0988
22.0000 0.0989
43.0000 0.0989
102.0000 0.0989
107.0000 0.0989
166.0000 0.0989
183.0000 0.0989
57.0000 0.0990
114.0000 0.0990
205.0000 0.0990
217.0000 0.0992
76.0000 0.0993
1.0000 0.0994
26.0000 0.0994
161.0000 0.0994
192.0000 0.0994
11.0000 0.0995
20.0000 0.0995
155.0000 0.0996
16.0000 0.0997
190.0000 0.0997
77.0000 0.0998
96.0000 0.0998
126.0000 0.0998
129.0000 0.0999
144.0000 0.0999
202.0000 0.0999
160.0000 0.1000
230.0000 0.1000
117.0000 0.1001
131.0000 0.1001
51.0000 0.1002
61.0000 0.1002
89.0000 0.1002
60.0000 0.1003
79.0000 0.1003
95.0000 0.1003
103.0000 0.1003
85.0000 0.1004
50.0000 0.1006
118.0000 0.1006
82.0000 0.1007
168.0000 0.1007
170.0000 0.1007
75.0000 0.1008
125.0000 0.1008
200.0000 0.1008
122.0000 0.1009
191.0000 0.1009
6.0000 0.1010
25.0000 0.1010
164.0000 0.1011
41.0000 0.1013
212.0000 0.1013
86.0000 0.1016
145.0000 0.1016
71.0000 0.1017
142.0000 0.1017
222.0000 0.1017
132.0000 0.1019
156.0000 0.1019
231.0000 0.1019
24.0000 0.1020
46.0000 0.1020
177.0000 0.1020
201.0000 0.1020
218.0000 0.1020
34.0000 0.1022
99.0000 0.1022
110.0000 0.1023
17.0000 0.1024
40.0000 0.1024
81.0000 0.1024
163.0000 0.1025
69.0000 0.1026
109.0000 0.1026
197.0000 0.1026
64.0000 0.1027
92.0000 0.1027
128.0000 0.1027
187.0000 0.1027
151.0000 0.1028
157.0000 0.1028
62.0000 0.1029
68.0000 0.1029
120.0000 0.1029
235.0000 0.1029
179.0000 0.1030
80.0000 0.1031
175.0000 0.1031
104.0000 0.1032
4.0000 0.1033
21.0000 0.1034
35.0000 0.1034
32.0000 0.1035
238.0000 0.1035
31.0000 0.1036
140.0000 0.1036
226.0000 0.1036
37.0000 0.1037
13.0000 0.1038
91.0000 0.1038
33.0000 0.1039
55.0000 0.1039
58.0000 0.1039
66.0000 0.1039
149.0000 0.1039
153.0000 0.1043
42.0000 0.1044
49.0000 0.1044
84.0000 0.1044
189.0000 0.1044
176.0000 0.1045
65.0000 0.1046
88.0000 0.1046
214.0000 0.1046
100.0000 0.1047
229.0000 0.1047
28.0000 0.1048
97.0000 0.1048
186.0000 0.1048
198.0000 0.1048
3.0000 0.1049
47.0000 0.1050
73.0000 0.1050
139.0000 0.1050
45.0000 0.1052
138.0000 0.1052
208.0000 0.1052
232.0000 0.1053
220.0000 0.1055
18.0000 0.1056
36.0000 0.1056
130.0000 0.1056
206.0000 0.1056
228.0000 0.1056
239.0000 0.1057
78.0000 0.1058
223.0000 0.1058
236.0000 0.1058
5.0000 0.1059
158.0000 0.1060
178.0000 0.1062
204.0000 0.1062
0.0000 0.1063
2.0000 0.1063
48.0000 0.1065
113.0000 0.1065
193.0000 0.1065
161.0000 0.1066
180.0000 0.1066
202.0000 0.1066
12.0000 0.1067
159.0000 0.1067
184.0000 0.1067
210.0000 0.1069
213.0000 0.1069
217.0000 0.1069
90.0000 0.1071
124.0000 0.1071
171.0000 0.1071
136.0000 0.1072
221.0000 0.1072
23.0000 0.1073
169.0000 0.1073
96.0000 0.1075
215.0000 0.1075
60.0000 0.1076
1.0000 0.1077
160.0000 0.1077
181.0000 0.1077
183.0000 0.1077
76.0000 0.1078
94.0000 0.1078
154.0000 0.1079
166.0000 0.1079
44.0000 0.1080
172.0000 0.1080
126.0000 0.1081
182.0000 0.1081
63.0000 0.1082
95.0000 0.1082
224.0000 0.1082
16.0000 0.1083
203.0000 0.1083
43.0000 0.1084
134.0000 0.1084
155.0000 0.1084
22.0000 0.1085
117.0000 0.1085
196.0000 0.1085
129.0000 0.1086
148.0000 0.1086
194.0000 0.1086
209.0000 0.1086
14.0000 0.1087
29.0000 0.1087
51.0000 0.1087
137.0000 0.1087
190.0000 0.1087
89.0000 0.1090
74.0000 0.1091
164.0000 0.1091
19.0000 0.1092
150.0000 0.1092
152.0000 0.1092
167.0000 0.1092
59.0000 0.1093
108.0000 0.1093
143.0000 0.1093
192.0000 0.1093
77.0000 0.1094
144.0000 0.1095
53.0000 0.1096
102.0000 0.1096
121.0000 0.1096
127.0000 0.1096
11.0000 0.1097
146.0000 0.1097
105.0000 0.1099
230.0000 0.1099
103.0000 0.1100
26.0000 0.1101
99.0000 0.1103
109.0000 0.1103
216.0000 0.1104
197.0000 0.1105
21.0000 0.1106
177.0000 0.1106
7.0000 0.1107
85.0000 0.1107
145.0000 0.1107
219.0000 0.1107
25.0000 0.1108
201.0000 0.1108
39.0000 0.1110
235.0000 0.1110
56.0000 0.1111
20.0000 0.1112
52.0000 0.1112
71.0000 0.1112
62.0000 0.1113
86.0000 0.1113
205.0000 0.1113
207.0000 0.1113
82.0000 0.1114
92.0000 0.1114
101.0000 0.1114
111.0000 0.1114
147.0000 0.1114
112.0000 0.1115
46.0000 0.1116
57.0000 0.1116
106.0000 0.1117
132.0000 0.1117
142.0000 0.1117
149.0000 0.1117
17.0000 0.1118
170.0000 0.1118
212.0000 0.1118
200.0000 0.1119
31.0000 0.1120
135.0000 0.1121
4.0000 0.1122
35.0000 0.1122
174.0000 0.1122
156.0000 0.1123
9.0000 0.1124
115.0000 0.1124
237.0000 0.1125
165.0000 0.1126
42.0000 0.1127
234.0000 0.1127
214.0000 0.1128
66.0000 0.1129
75.0000 0.1129
238.0000 0.1129
176.0000 0.1131
33.0000 0.1132
55.0000 0.1132
211.0000 0.1132
47.0000 0.1134
202.0000 0.1134
37.0000 0.1135
69.0000 0.1135
189.0000 0.1135
226.0000 0.1135
227.0000 0.1136
30.0000 0.1137
68.0000 0.1138
72.0000 0.1138
128.0000 0.1138
161.0000 0.1138
79.0000 0.1140
139.0000 0.1140
225.0000 0.1140
141.0000 0.1141
10.0000 0.1142
13.0000 0.1142
110.0000 0.1142
0.0000 0.1143
186.0000 0.1143
220.0000 0.1143
239.0000 0.1143
58.0000 0.1144
217.0000 0.1144
18.0000 0.1145
158.0000 0.1145
179.0000 0.1145
204.0000 0.1145
28.0000 0.1146
8.0000 0.1147
27.0000 0.1148
48.0000 0.1148
218.0000 0.1148
12.0000 0.1149
24.0000 0.1149
65.0000 0.1149
100.0000 0.1149
198.0000 0.1149
231.0000 0.1149
236.0000 0.1149
34.0000 0.1151
93.0000 0.1151
138.0000 0.1151
3.0000 0.1152
64.0000 0.1152
208.0000 0.1152
91.0000 0.1153
104.0000 0.1153
153.0000 0.1153
159.0000 0.1153
60.0000 0.1154
70.0000 0.1154
80.0000 0.1155
95.0000 0.1155
160.0000 0.1155
73.0000 0.1156
96.0000 0.1156
122.0000 0.1156
1.0000 0.1157
123.0000 0.1157
6.0000 0.1158
136.0000 0.1158
184.0000 0.1158
140.0000 0.1159
88.0000 0.1160
210.0000 0.1160
76.0000 0.1161
131.0000 0.1161
224.0000 0.1161
107.0000 0.1162
126.0000 0.1162
183.0000 0.1162
36.0000 0.1163
163.0000 0.1163
154.0000 0.1164
45.0000 0.1165
120.0000 0.1165
2.0000 0.1166
54.0000 0.1166
232.0000 0.1166
16.0000 0.1168
113.0000 0.1168
117.0000 0.1168
162.0000 0.1168
187.0000 0.1168
191.0000 0.1168
87.0000 0.1169
97.0000 0.1169
155.0000 0.1169
213.0000 0.1169
164.0000 0.1170
233.0000 0.1170
51.0000 0.1171
129.0000 0.1171
168.0000 0.1171
169.0000 0.1171
23.0000 0.1172
41.0000 0.1172
134.0000 0.1173
166.0000 0.1173
180.0000 0.1173
78.0000 0.1175
22.0000 0.1176
43.0000 0.1176
84.0000 0.1176
190.0000 0.1176
223.0000 0.1176
109.0000 0.1177
171.0000 0.1177
185.0000 0.1177
221.0000 0.1177
21.0000 0.1179
89.0000 0.1179
118.0000 0.1179
99.0000 0.1180
182.0000 0.1180
98.0000 0.1181
116.0000 0.1182
49.0000 0.1183
197.0000 0.1185
44.0000 0.1186
130.0000 0.1186
178.0000 0.1186
215.0000 0.1186
235.0000 0.1187
61.0000 0.1189
94.0000 0.1189
192.0000 0.1189
103.0000 0.1190
53.0000 0.1191
102.0000 0.1191
144.0000 0.1191
201.0000 0.1191
62.0000 0.1192
152.0000 0.1192
230.0000 0.1193
5.0000 0.1194
149.0000 0.1194
177.0000 0.1194
193.0000 0.1194
145.0000 0.1195
77.0000 0.1196
92.0000 0.1196
11.0000 0.1198
25.0000 0.1198
203.0000 0.1199
228.0000 0.1199
150.0000 0.1200
74.0000 0.1201
202.0000 0.1202
26.0000 0.1204
31.0000 0.1204
35.0000 0.1204
83.0000 0.1204
85.0000 0.1204
46.0000 0.1205
71.0000 0.1205
132.0000 0.1205
157.0000 0.1205
167.0000 0.1205
175.0000 0.1205
86.0000 0.1206
148.0000 0.1207
214.0000 0.1207
17.0000 0.1208
19.0000 0.1208
42.0000 0.1208
142.0000 0.1211
161.0000 0.1211
63.0000 0.1212
4.0000 0.1213
32.0000 0.1213
194.0000 0.1213
66.0000 0.1214
105.0000 0.1214
176.0000 0.1214
82.0000 0.1217
173.0000 0.1217
206.0000 0.1217
212.0000 0.1217
20.0000 0.1218
47.0000 0.1219
156.0000 0.1220
0.0000 0.1222
55.0000 0.1222
33.0000 0.1223
189.0000 0.1223
186.0000 0.1225
205.0000 0.1225
238.0000 0.1225
137.0000 0.1226
217.0000 0.1226
60.0000 0.1227
119.0000 0.1227
170.0000 0.1227
204.0000 0.1227
220.0000 0.1227
7.0000 0.1228
200.0000 0.1228
12.0000 0.1229
14.0000 0.1229
48.0000 0.1229
158.0000 0.1229
196.0000 0.1229
207.0000 0.1229
18.0000 0.1231
29.0000 0.1231
95.0000 0.1231
239.0000 0.1231
37.0000 0.1232
139.0000 0.1232
151.0000 0.1232
226.0000 0.1233
28.0000 0.1234
75.0000 0.1234
90.0000 0.1234
209.0000 0.1234
56.0000 0.1235
69.0000 0.1235
146.0000 0.1235
59.0000 0.1237
160.0000 0.1237
96.0000 0.1238
159.0000 0.1238
1.0000 0.1239
57.0000 0.1239
172.0000 0.1239
111.0000 0.1240
13.0000 0.1241
126.0000 0.1241
216.0000 0.1241
236.0000 0.1241
65.0000 0.1242
108.0000 0.1242
68.0000 0.1243
76.0000 0.1244
81.0000 0.1246
136.0000 0.1246
164.0000 0.1246
181.0000 0.1246
183.0000 0.1246
198.0000 0.1246
58.0000 0.1247
184.0000 0.1247
16.0000 0.1248
138.0000 0.1248
128.0000 0.1249
73.0000 0.1250
129.0000 0.1250
21.0000 0.1251
52.0000 0.1251
110.0000 0.1251
165.0000 0.1251
224.0000 0.1251
210.0000 0.1252
117.0000 0.1253
124.0000 0.1253
147.0000 0.1253
154.0000 0.1253
155.0000 0.1253
208.0000 0.1253
109.0000 0.1254
179.0000 0.1254
234.0000 0.1256
51.0000 0.1257
153.0000 0.1257
166.0000 0.1257
99.0000 0.1258
125.0000 0.1258
3.0000 0.1259
100.0000 0.1259
229.0000 0.1260
112.0000 0.1261
134.0000 0.1261
22.0000 0.1262
104.0000 0.1262
237.0000 0.1262
113.0000 0.1263
211.0000 0.1263
197.0000 0.1264
231.0000 0.1264
24.0000 0.1265
169.0000 0.1265
227.0000 0.1265
64.0000 0.1266
79.0000 0.1266
190.0000 0.1266
235.0000 0.1268
89.0000 0.1269
202.0000 0.1269
149.0000 0.1270
34.0000 0.1271
91.0000 0.1271
114.0000 0.1271
232.0000 0.1271
43.0000 0.1273
180.0000 0.1273
2.0000 0.1274
62.0000 0.1274
23.0000 0.1275
36.0000 0.1275
88.0000 0.1275
106.0000 0.1275
127.0000 0.1275
213.0000 0.1275
9.0000 0.1276
143.0000 0.1277
218.0000 0.1277
102.0000 0.1278
177.0000 0.1278
201.0000 0.1278
45.0000 0.1280
161.0000 0.1280
92.0000 0.1281
145.0000 0.1282
182.0000 0.1282
192.0000 0.1282
25.0000 0.1283
78.0000 0.1284
97.0000 0.1284
103.0000 0.1284
230.0000 0.1284
39.0000 0.1285
115.0000 0.1285
121.0000 0.1285
219.0000 0.1285
53.0000 0.1286
80.0000 0.1286
223.0000 0.1286
140.0000 0.1287
221.0000 0.1287
31.0000 0.1289
144.0000 0.1289
171.0000 0.1289
35.0000 0.1290
152.0000 0.1290
214.0000 0.1290
44.0000 0.1291
42.0000 0.1292
120.0000 0.1292
11.0000 0.1293
77.0000 0.1296
85.0000 0.1296
17.0000 0.1297
176.0000 0.1297
26.0000 0.1298
46.0000 0.1298
132.0000 0.1298
215.0000 0.1298
163.0000 0.1300
6.0000 0.1301
60.0000 0.1301
71.0000 0.1301
107.0000 0.1301
0.0000 0.1303
66.0000 0.1303
70.0000 0.1303
217.0000 0.1303
187.0000 0.1304
4.0000 0.1305
12.0000 0.1305
86.0000 0.1305
122.0000 0.1306
47.0000 0.1307
95.0000 0.1307
48.0000 0.1308
94.0000 0.1308
101.0000 0.1308
204.0000 0.1308
142.0000 0.1309
158.0000 0.1309
220.0000 0.1309
203.0000 0.1310
189.0000 0.1311
33.0000 0.1312
55.0000 0.1312
131.0000 0.1312
84.0000 0.1314
40.0000 0.1315
160.0000 0.1315
178.0000 0.1315
167.0000 0.1316
135.0000 0.1317
186.0000 0.1317
93.0000 0.1318
150.0000 0.1318
156.0000 0.1318
82.0000 0.1319
193.0000 0.1319
239.0000 0.1319
96.0000 0.1320
1.0000 0.1321
27.0000 0.1321
49.0000 0.1321
18.0000 0.1322
20.0000 0.1322
130.0000 0.1322
139.0000 0.1322
159.0000 0.1322
191.0000 0.1322
41.0000 0.1323
238.0000 0.1323
21.0000 0.1324
74.0000 0.1324
148.0000 0.1324
28.0000 0.1325
37.0000 0.1325
76.0000 0.1325
141.0000 0.1325
123.0000 0.1326
212.0000 0.1326
126.0000 0.1327
164.0000 0.1327
236.0000 0.1327
5.0000 0.1328
200.0000 0.1328
168.0000 0.1329
109.0000 0.1330
183.0000 0.1330
226.0000 0.1331
19.0000 0.1333
105.0000 0.1333
65.0000 0.1334
99.0000 0.1335
136.0000 0.1335
205.0000 0.1335
224.0000 0.1335
16.0000 0.1336
68.0000 0.1336
210.0000 0.1336
184.0000 0.1337
202.0000 0.1337
63.0000 0.1338
117.0000 0.1338
129.0000 0.1338
155.0000 0.1338
170.0000 0.1338
51.0000 0.1341
69.0000 0.1341
138.0000 0.1341
73.0000 0.1342
207.0000 0.1342
13.0000 0.1344
166.0000 0.1345
197.0000 0.1345
198.0000 0.1345
149.0000 0.1347
154.0000 0.1348
194.0000 0.1348
228.0000 0.1348
22.0000 0.1349
118.0000 0.1349
235.0000 0.1349
30.0000 0.1350
7.0000 0.1351
208.0000 0.1351
54.0000 0.1353
75.0000 0.1353
134.0000 0.1353
161.0000 0.1353
87.0000 0.1354
62.0000 0.1355
57.0000 0.1356
58.0000 0.1356
111.0000 0.1356
89.0000 0.1357
190.0000 0.1357
177.0000 0.1359
162.0000 0.1360
3.0000 0.1361
201.0000 0.1361
110.0000 0.1362
233.0000 0.1362
92.0000 0.1363
43.0000 0.1364
128.0000 0.1364
153.0000 0.1364
169.0000 0.1364
179.0000 0.1366
56.0000 0.1367
100.0000 0.1368
196.0000 0.1368
103.0000 0.1369
113.0000 0.1369
137.0000 0.1369
25.0000 0.1370
232.0000 0.1370
104.0000 0.1371
146.0000 0.1372
185.0000 0.1372
23.0000 0.1373
60.0000 0.1373
102.0000 0.1373
145.0000 0.1374
14.0000 0.1375
61.0000 0.1375
192.0000 0.1375
31.0000 0.1376
64.0000 0.1376
213.0000 0.1376
35.0000 0.1377
36.0000 0.1377
217.0000 0.1377
24.0000 0.1378
206.0000 0.1379
214.0000 0.1379
230.0000 0.1379
182.0000 0.1380
42.0000 0.1381
91.0000 0.1382
2.0000 0.1383
88.0000 0.1384
53.0000 0.1385
144.0000 0.1385
0.0000 0.1386
116.0000 0.1386
209.0000 0.1386
12.0000 0.1387
48.0000 0.1387
66.0000 0.1387
95.0000 0.1387
223.0000 0.1387
46.0000 0.1388
52.0000 0.1388
231.0000 0.1388
11.0000 0.1389
158.0000 0.1389
165.0000 0.1389
17.0000 0.1390
29.0000 0.1390
176.0000 0.1390
204.0000 0.1390
72.0000 0.1391
180.0000 0.1391
220.0000 0.1391
132.0000 0.1392
85.0000 0.1393
160.0000 0.1393
77.0000 0.1395
71.0000 0.1396
79.0000 0.1396
97.0000 0.1396
21.0000 0.1398
26.0000 0.1398
47.0000 0.1398
152.0000 0.1398
216.0000 0.1398
45.0000 0.1399
86.0000 0.1399
112.0000 0.1399
147.0000 0.1399
175.0000 0.1399
4.0000 0.1400
96.0000 0.1401
234.0000 0.1401
78.0000 0.1402
218.0000 0.1402
34.0000 0.1403
44.0000 0.1403
172.0000 0.1403
1.0000 0.1404
32.0000 0.1404
159.0000 0.1405
171.0000 0.1405
186.0000 0.1405
211.0000 0.1405
221.0000 0.1405
33.0000 0.1406
126.0000 0.1406
76.0000 0.1407
189.0000 0.1407
227.0000 0.1407
239.0000 0.1407
18.0000 0.1408
202.0000 0.1408
59.0000 0.1409
157.0000 0.1409
164.0000 0.1409
109.0000 0.1410
55.0000 0.1411
140.0000 0.1412
28.0000 0.1413
90.0000 0.1414
99.0000 0.1414
142.0000 0.1414
225.0000 0.1414
156.0000 0.1415
215.0000 0.1415
80.0000 0.1416
139.0000 0.1416
183.0000 0.1416
237.0000 0.1416
82.0000 0.1418
94.0000 0.1418
16.0000 0.1419
108.0000 0.1420
129.0000 0.1420
236.0000 0.1420
224.0000 0.1421
238.0000 0.1421
161.0000 0.1422
117.0000 0.1423
120.0000 0.1424
155.0000 0.1424
184.0000 0.1424
106.0000 0.1425
235.0000 0.1425
203.0000 0.1426
226.0000 0.1426
37.0000 0.1427
51.0000 0.1427
136.0000 0.1427
149.0000 0.1428
20.0000 0.1429
65.0000 0.1430
197.0000 0.1430
210.0000 0.1431
167.0000 0.1434
166.0000 0.1435
13.0000 0.1436
200.0000 0.1436
212.0000 0.1436
62.0000 0.1437
73.0000 0.1437
178.0000 0.1438
138.0000 0.1439
187.0000 0.1440
22.0000 0.1441
134.0000 0.1441
181.0000 0.1441
68.0000 0.1442
98.0000 0.1442
150.0000 0.1442
69.0000 0.1443
154.0000 0.1444
198.0000 0.1444
170.0000 0.1445
89.0000 0.1446
151.0000 0.1446
163.0000 0.1446
201.0000 0.1446
205.0000 0.1446
92.0000 0.1447
177.0000 0.1447
190.0000 0.1447
60.0000 0.1448
9.0000 0.1450
6.0000 0.1451
124.0000 0.1451
84.0000 0.1452
74.0000 0.1453
19.0000 0.1454
217.0000 0.1454
107.0000 0.1455
148.0000 0.1455
208.0000 0.1455
131.0000 0.1457
219.0000 0.1457
103.0000 0.1458
75.0000 0.1459
193.0000 0.1459
25.0000 0.1460
39.0000 0.1460
43.0000 0.1460
49.0000 0.1460
207.0000 0.1461
58.0000 0.1462
95.0000 0.1463
174.0000 0.1463
31.0000 0.1464
130.0000 0.1464
35.0000 0.1465
105.0000 0.1465
143.0000 0.1465
214.0000 0.1465
12.0000 0.1466
153.0000 0.1467
169.0000 0.1467
115.0000 0.1468
0.0000 0.1469
48.0000 0.1469
122.0000 0.1470
192.0000 0.1470
3.0000 0.1471
42.0000 0.1471
127.0000 0.1471
70.0000 0.1472
110.0000 0.1472
230.0000 0.1472
23.0000 0.1473
158.0000 0.1473
21.0000 0.1474
102.0000 0.1474
145.0000 0.1474
160.0000 0.1474
5.0000 0.1475
41.0000 0.1475
66.0000 0.1475
113.0000 0.1476
182.0000 0.1476
204.0000 0.1476
222.0000 0.1476
7.0000 0.1477
63.0000 0.1477
93.0000 0.1477
176.0000 0.1477
100.0000 0.1478
111.0000 0.1478
179.0000 0.1478
202.0000 0.1478
121.0000 0.1479
220.0000 0.1479
128.0000 0.1480
194.0000 0.1480
46.0000 0.1481
81.0000 0.1481
232.0000 0.1481
213.0000 0.1482
56.0000 0.1483
132.0000 0.1483
1.0000 0.1484
17.0000 0.1484
53.0000 0.1484
36.0000 0.1485
57.0000 0.1485
96.0000 0.1485
159.0000 0.1486
83.0000 0.1487
109.0000 0.1487
47.0000 0.1488
126.0000 0.1488
26.0000 0.1489
119.0000 0.1489
186.0000 0.1489
8.0000 0.1490
86.0000 0.1490
144.0000 0.1490
164.0000 0.1490
173.0000 0.1490
191.0000 0.1490
11.0000 0.1491
24.0000 0.1491
64.0000 0.1491
71.0000 0.1491
76.0000 0.1491
99.0000 0.1491
123.0000 0.1491
229.0000 0.1492
239.0000 0.1492
4.0000 0.1493
77.0000 0.1493
18.0000 0.1494
104.0000 0.1494
161.0000 0.1494
2.0000 0.1495
228.0000 0.1495
101.0000 0.1496
137.0000 0.1496
27.0000 0.1497
33.0000 0.1497
85.0000 0.1498
55.0000 0.1499
189.0000 0.1499
16.0000 0.1500
168.0000 0.1500
223.0000 0.1500
224.0000 0.1500
129.0000 0.1501
141.0000 0.1501
183.0000 0.1501
125.0000 0.1502
91.0000 0.1503
180.0000 0.1503
235.0000 0.1503
44.0000 0.1505
51.0000 0.1505
231.0000 0.1505
139.0000 0.1506
88.0000 0.1507
117.0000 0.1507
171.0000 0.1507
28.0000 0.1508
79.0000 0.1508
156.0000 0.1508
45.0000 0.1509
149.0000 0.1509
197.0000 0.1509
221.0000 0.1509
155.0000 0.1510
236.0000 0.1510
136.0000 0.1511
146.0000 0.1511
152.0000 0.1511
184.0000 0.1511
142.0000 0.1512
218.0000 0.1515
238.0000 0.1515
78.0000 0.1516
135.0000 0.1516
226.0000 0.1516
196.0000 0.1517
210.0000 0.1517
14.0000 0.1518
54.0000 0.1518
97.0000 0.1518
118.0000 0.1518
82.0000 0.1519
37.0000 0.1520
60.0000 0.1520
62.0000 0.1520
65.0000 0.1521
165.0000 0.1523
94.0000 0.1525
166.0000 0.1525
234.0000 0.1525
22.0000 0.1526
209.0000 0.1527
211.0000 0.1527
215.0000 0.1529
13.0000 0.1530
30.0000 0.1530
114.0000 0.1530
177.0000 0.1530
134.0000 0.1531
138.0000 0.1531
201.0000 0.1531
217.0000 0.1531
92.0000 0.1532
52.0000 0.1533
73.0000 0.1533
147.0000 0.1533
200.0000 0.1533
34.0000 0.1534
154.0000 0.1535
80.0000 0.1537
89.0000 0.1538
95.0000 0.1538
162.0000 0.1538
20.0000 0.1539
29.0000 0.1539
112.0000 0.1539
140.0000 0.1539
216.0000 0.1539
167.0000 0.1541
198.0000 0.1541
203.0000 0.1541
212.0000 0.1541
68.0000 0.1542
190.0000 0.1542
69.0000 0.1543
227.0000 0.1543
12.0000 0.1544
172.0000 0.1544
206.0000 0.1544
202.0000 0.1545
0.0000 0.1546
25.0000 0.1546
35.0000 0.1546
170.0000 0.1547
21.0000 0.1548
214.0000 0.1548
31.0000 0.1550
43.0000 0.1550
48.0000 0.1550
87.0000 0.1550
208.0000 0.1550
233.0000 0.1550
61.0000 0.1551
103.0000 0.1552
120.0000 0.1553
160.0000 0.1553
42.0000 0.1554
158.0000 0.1554
150.0000 0.1555
106.0000 0.1558
205.0000 0.1558
58.0000 0.1559
204.0000 0.1559
66.0000 0.1561
109.0000 0.1562
192.0000 0.1562
1.0000 0.1563
59.0000 0.1564
145.0000 0.1565
220.0000 0.1565
161.0000 0.1566
102.0000 0.1567
159.0000 0.1567
164.0000 0.1567
178.0000 0.1567
75.0000 0.1568
99.0000 0.1568
237.0000 0.1568
23.0000 0.1569
74.0000 0.1569
96.0000 0.1570
46.0000 0.1571
176.0000 0.1571
187.0000 0.1571
230.0000 0.1571
76.0000 0.1572
126.0000 0.1572
153.0000 0.1572
169.0000 0.1572
3.0000 0.1573
17.0000 0.1575
148.0000 0.1575
182.0000 0.1575
32.0000 0.1576
239.0000 0.1576
186.0000 0.1577
47.0000 0.1578
86.0000 0.1578
132.0000 0.1578
157.0000 0.1578
163.0000 0.1578
232.0000 0.1578
100.0000 0.1580
110.0000 0.1580
90.0000 0.1581
16.0000 0.1582
207.0000 0.1582
18.0000 0.1583
19.0000 0.1583
183.0000 0.1583
224.0000 0.1583
235.0000 0.1583
113.0000 0.1584
33.0000 0.1585
53.0000 0.1586
71.0000 0.1586
108.0000 0.1587
129.0000 0.1587
11.0000 0.1588
26.0000 0.1588
189.0000 0.1589
197.0000 0.1589
36.0000 0.1590
84.0000 0.1590
128.0000 0.1590
149.0000 0.1590
185.0000 0.1590
213.0000 0.1590
117.0000 0.1591
193.0000 0.1591
4.0000 0.1592
49.0000 0.1592
6.0000 0.1593
51.0000 0.1593
77.0000 0.1593
111.0000 0.1594
155.0000 0.1594
60.0000 0.1595
55.0000 0.1596
105.0000 0.1596
179.0000 0.1597
63.0000 0.1599
85.0000 0.1599
130.0000 0.1599
144.0000 0.1599
175.0000 0.1599
184.0000 0.1601
2.0000 0.1602
28.0000 0.1602
116.0000 0.1602
136.0000 0.1602
236.0000 0.1602
24.0000 0.1603
56.0000 0.1603
139.0000 0.1605
64.0000 0.1606
210.0000 0.1606
107.0000 0.1607
62.0000 0.1609
142.0000 0.1609
7.0000 0.1610
217.0000 0.1610
238.0000 0.1610
202.0000 0.1611
44.0000 0.1612
131.0000 0.1612
22.0000 0.1614
95.0000 0.1614
171.0000 0.1614
194.0000 0.1614
156.0000 0.1615
177.0000 0.1616
223.0000 0.1616
166.0000 0.1617
57.0000 0.1618
65.0000 0.1618
92.0000 0.1618
201.0000 0.1618
37.0000 0.1619
180.0000 0.1620
226.0000 0.1620
5.0000 0.1621
82.0000 0.1621
104.0000 0.1621
40.0000 0.1622
122.0000 0.1622
21.0000 0.1623
12.0000 0.1624
138.0000 0.1624
221.0000 0.1624
89.0000 0.1625
134.0000 0.1625
219.0000 0.1625
88.0000 0.1626
48.0000 0.1628
73.0000 0.1629
91.0000 0.1629
181.0000 0.1629
35.0000 0.1630
152.0000 0.1630
0.0000 0.1631
9.0000 0.1631
160.0000 0.1631
13.0000 0.1632
45.0000 0.1632
137.0000 0.1633
154.0000 0.1633
94.0000 0.1634
214.0000 0.1634
93.0000 0.1635
25.0000 0.1636
109.0000 0.1636
115.0000 0.1636
231.0000 0.1636
97.0000 0.1637
161.0000 0.1637
190.0000 0.1637
198.0000 0.1638
228.0000 0.1638
158.0000 0.1639
200.0000 0.1639
151.0000 0.1640
31.0000 0.1641
68.0000 0.1641
212.0000 0.1641
79.0000 0.1642
204.0000 0.1642
39.0000 0.1643
69.0000 0.1643
103.0000 0.1643
42.0000 0.1644
99.0000 0.1644
124.0000 0.1644
215.0000 0.1644
1.0000 0.1645
218.0000 0.1645
43.0000 0.1646
164.0000 0.1646
66.0000 0.1647
20.0000 0.1649
41.0000 0.1650
70.0000 0.1650
78.0000 0.1650
96.0000 0.1650
72.0000 0.1651
220.0000 0.1651
159.0000 0.1652
165.0000 0.1652
167.0000 0.1652
123.0000 0.1653
208.0000 0.1653
126.0000 0.1654
76.0000 0.1655
146.0000 0.1655
192.0000 0.1655
170.0000 0.1656
27.0000 0.1658
191.0000 0.1658
145.0000 0.1659
239.0000 0.1659
58.0000 0.1660
168.0000 0.1661
203.0000 0.1661
46.0000 0.1662
176.0000 0.1662
18.0000 0.1663
102.0000 0.1663
235.0000 0.1663
14.0000 0.1664
34.0000 0.1664
140.0000 0.1664
23.0000 0.1666
47.0000 0.1666
196.0000 0.1666
230.0000 0.1666
17.0000 0.1668
60.0000 0.1668
129.0000 0.1668
143.0000 0.1668
150.0000 0.1668
197.0000 0.1668
234.0000 0.1668
186.0000 0.1669
16.0000 0.1670
183.0000 0.1670
33.0000 0.1671
132.0000 0.1671
149.0000 0.1671
169.0000 0.1671
224.0000 0.1671
3.0000 0.1672
80.0000 0.1672
86.0000 0.1672
182.0000 0.1672
205.0000 0.1672
52.0000 0.1673
117.0000 0.1673
121.0000 0.1674
147.0000 0.1674
127.0000 0.1675
211.0000 0.1675
51.0000 0.1676
53.0000 0.1676
75.0000 0.1676
120.0000 0.1676
112.0000 0.1677
141.0000 0.1677
153.0000 0.1677
202.0000 0.1679
227.0000 0.1679
71.0000 0.1680
110.0000 0.1680
189.0000 0.1680
209.0000 0.1680
155.0000 0.1681
232.0000 0.1681
26.0000 0.1683
225.0000 0.1683
77.0000 0.1684
4.0000 0.1685
10.0000 0.1685
100.0000 0.1686
217.0000 0.1686
55.0000 0.1687
95.0000 0.1687
98.0000 0.1687
11.0000 0.1688
62.0000 0.1688
113.0000 0.1688
178.0000 0.1688
184.0000 0.1688
236.0000 0.1688
187.0000 0.1690
118.0000 0.1692
148.0000 0.1692
21.0000 0.1693
213.0000 0.1693
36.0000 0.1694
101.0000 0.1694
136.0000 0.1694
74.0000 0.1695
144.0000 0.1696
29.0000 0.1697
22.0000 0.1698
28.0000 0.1698
92.0000 0.1699
139.0000 0.1699
207.0000 0.1699
85.0000 0.1700
206.0000 0.1700
12.0000 0.1701
19.0000 0.1701
210.0000 0.1701
216.0000 0.1701
128.0000 0.1703
177.0000 0.1703
172.0000 0.1704
238.0000 0.1704
2.0000 0.1706
160.0000 0.1706
201.0000 0.1706
111.0000 0.1707
48.0000 0.1708
179.0000 0.1708
161.0000 0.1709
142.0000 0.1710
229.0000 0.1710
166.0000 0.1711
237.0000 0.1711
37.0000 0.1712
156.0000 0.1712
89.0000 0.1713
134.0000 0.1713
0.0000 0.1714
65.0000 0.1714
35.0000 0.1715
106.0000 0.1715
109.0000 0.1715
193.0000 0.1716
226.0000 0.1716
54.0000 0.1717
214.0000 0.1717
99.0000 0.1718
105.0000 0.1718
7.0000 0.1719
56.0000 0.1720
64.0000 0.1720
138.0000 0.1720
82.0000 0.1721
164.0000 0.1721
84.0000 0.1722
13.0000 0.1723
24.0000 0.1723
154.0000 0.1724
158.0000 0.1724
204.0000 0.1724
223.0000 0.1724
1.0000 0.1725
30.0000 0.1726
163.0000 0.1726
25.0000 0.1727
44.0000 0.1727
73.0000 0.1727
190.0000 0.1728
31.0000 0.1730
81.0000 0.1730
180.0000 0.1730
49.0000 0.1731
221.0000 0.1731
61.0000 0.1732
135.0000 0.1732
171.0000 0.1732
88.0000 0.1733
103.0000 0.1733
42.0000 0.1734
59.0000 0.1734
130.0000 0.1734
220.0000 0.1734
63.0000 0.1735
126.0000 0.1735
159.0000 0.1735
96.0000 0.1736
152.0000 0.1736
194.0000 0.1736
233.0000 0.1736
87.0000 0.1737
104.0000 0.1737
6.0000 0.1738
76.0000 0.1738
66.0000 0.1739
198.0000 0.1739
57.0000 0.1743
200.0000 0.1743
60.0000 0.1744
68.0000 0.1744
162.0000 0.1744
239.0000 0.1744
69.0000 0.1745
108.0000 0.1745
197.0000 0.1746
43.0000 0.1747
45.0000 0.1747
192.0000 0.1747
202.0000 0.1747
235.0000 0.1747
91.0000 0.1748
145.0000 0.1748
149.0000 0.1748
212.0000 0.1748
157.0000 0.1749
16.0000 0.1751
129.0000 0.1751
176.0000 0.1751
83.0000 0.1752
94.0000 0.1752
47.0000 0.1754
18.0000 0.1755
97.0000 0.1755
107.0000 0.1755
117.0000 0.1755
224.0000 0.1755
46.0000 0.1756
131.0000 0.1756
183.0000 0.1756
186.0000 0.1756
215.0000 0.1756
33.0000 0.1757
90.0000 0.1757
20.0000 0.1758
32.0000 0.1758
208.0000 0.1758
102.0000 0.1759
218.0000 0.1759
5.0000 0.1760
17.0000 0.1760
51.0000 0.1760
86.0000 0.1760
230.0000 0.1761
125.0000 0.1762
119.0000 0.1763
23.0000 0.1764
217.0000 0.1764
21.0000 0.1765
170.0000 0.1765
95.0000 0.1766
167.0000 0.1766
58.0000 0.1767
132.0000 0.1768
189.0000 0.1768
137.0000 0.1769
169.0000 0.1769
62.0000 0.1770
174.0000 0.1771
53.0000 0.1772
79.0000 0.1772
155.0000 0.1772
231.0000 0.1772
182.0000 0.1774
184.0000 0.1774
4.0000 0.1776
78.0000 0.1776
185.0000 0.1776
3.0000 0.1777
203.0000 0.1778
77.0000 0.1779
232.0000 0.1779
236.0000 0.1779
12.0000 0.1780
71.0000 0.1780
122.0000 0.1780
161.0000 0.1780
228.0000 0.1780
92.0000 0.1782
11.0000 0.1783
173.0000 0.1783
55.0000 0.1784
136.0000 0.1784
160.0000 0.1784
48.0000 0.1786
201.0000 0.1787
75.0000 0.1788
110.0000 0.1788
113.0000 0.1788
153.0000 0.1788
0.0000 0.1789
22.0000 0.1789
26.0000 0.1789
28.0000 0.1789
146.0000 0.1789
165.0000 0.1789
177.0000 0.1789
100.0000 0.1790
139.0000 0.1790
140.0000 0.1790
109.0000 0.1791
205.0000 0.1791
210.0000 0.1791
144.0000 0.1792
175.0000 0.1792
34.0000 0.1794
93.0000 0.1794
115.0000 0.1794
99.0000 0.1795
213.0000 0.1795
35.0000 0.1797
150.0000 0.1797
238.0000 0.1797
120.0000 0.1798
219.0000 0.1798
85.0000 0.1799
134.0000 0.1799
234.0000 0.1799
37.0000 0.1800
80.0000 0.1800
89.0000 0.1800
214.0000 0.1800
9.0000 0.1802
1.0000 0.1803
36.0000 0.1803
164.0000 0.1803
114.0000 0.1804
211.0000 0.1804
158.0000 0.1805
166.0000 0.1805
52.0000 0.1806
65.0000 0.1806
74.0000 0.1807
148.0000 0.1807
14.0000 0.1808
112.0000 0.1808
142.0000 0.1808
138.0000 0.1809
196.0000 0.1809
227.0000 0.1809
41.0000 0.1810
116.0000 0.1810
204.0000 0.1810
2.0000 0.1811
207.0000 0.1811
226.0000 0.1811
154.0000 0.1812
156.0000 0.1812
128.0000 0.1813
178.0000 0.1813
202.0000 0.1813
96.0000 0.1814
147.0000 0.1814
220.0000 0.1814
19.0000 0.1815
126.0000 0.1815
123.0000 0.1816
31.0000 0.1817
39.0000 0.1817
27.0000 0.1818
60.0000 0.1818
76.0000 0.1818
181.0000 0.1818
25.0000 0.1819
73.0000 0.1819
159.0000 0.1819
209.0000 0.1819
8.0000 0.1820
151.0000 0.1820
191.0000 0.1820
42.0000 0.1822
44.0000 0.1822
179.0000 0.1822
187.0000 0.1822
190.0000 0.1822
221.0000 0.1822
149.0000 0.1823
168.0000 0.1823
66.0000 0.1825
70.0000 0.1825
82.0000 0.1825
103.0000 0.1825
235.0000 0.1826
111.0000 0.1827
197.0000 0.1827
124.0000 0.1828
13.0000 0.1829
24.0000 0.1829
129.0000 0.1829
239.0000 0.1829
64.0000 0.1830
223.0000 0.1830
16.0000 0.1834
21.0000 0.1836
117.0000 0.1836
145.0000 0.1836
183.0000 0.1836
224.0000 0.1838
7.0000 0.1839
29.0000 0.1840
176.0000 0.1840
180.0000 0.1840
18.0000 0.1841
68.0000 0.1841
192.0000 0.1841
51.0000 0.1842
56.0000 0.1842
88.0000 0.1842
198.0000 0.1842
47.0000 0.1843
69.0000 0.1843
95.0000 0.1843
171.0000 0.1843
217.0000 0.1843
43.0000 0.1844
152.0000 0.1844
193.0000 0.1844
216.0000 0.1845
33.0000 0.1846
46.0000 0.1846
102.0000 0.1846
105.0000 0.1846
186.0000 0.1846
161.0000 0.1849
200.0000 0.1850
230.0000 0.1850
17.0000 0.1852
212.0000 0.1852
62.0000 0.1853
189.0000 0.1854
132.0000 0.1855
208.0000 0.1855
12.0000 0.1856
104.0000 0.1856
155.0000 0.1856
84.0000 0.1858
86.0000 0.1858
57.0000 0.1860
172.0000 0.1860
206.0000 0.1860
23.0000 0.1861
163.0000 0.1861
92.0000 0.1862
45.0000 0.1863
160.0000 0.1863
94.0000 0.1864
121.0000 0.1864
127.0000 0.1864
237.0000 0.1864
49.0000 0.1865
20.0000 0.1866
58.0000 0.1866
91.0000 0.1866
236.0000 0.1866
97.0000 0.1867
194.0000 0.1867
48.0000 0.1868
143.0000 0.1868
169.0000 0.1868
106.0000 0.1869
109.0000 0.1869
136.0000 0.1869
184.0000 0.1869
201.0000 0.1869
0.0000 0.1870
4.0000 0.1871
53.0000 0.1871
63.0000 0.1871
71.0000 0.1872
6.0000 0.1873
55.0000 0.1873
130.0000 0.1873
170.0000 0.1873
218.0000 0.1873
99.0000 0.1874
141.0000 0.1874
215.0000 0.1874
22.0000 0.1875
118.0000 0.1876
182.0000 0.1877
167.0000 0.1878
3.0000 0.1879
177.0000 0.1879
164.0000 0.1880
11.0000 0.1881
134.0000 0.1883
202.0000 0.1883
214.0000 0.1883
210.0000 0.1884
28.0000 0.1885
77.0000 0.1885
1.0000 0.1886
35.0000 0.1886
231.0000 0.1886
139.0000 0.1887
158.0000 0.1887
26.0000 0.1888
100.0000 0.1889
110.0000 0.1889
232.0000 0.1889
89.0000 0.1890
37.0000 0.1892
60.0000 0.1892
144.0000 0.1892
113.0000 0.1893
203.0000 0.1893
78.0000 0.1894
5.0000 0.1895
101.0000 0.1895
238.0000 0.1895
166.0000 0.1896
204.0000 0.1896
220.0000 0.1896
59.0000 0.1897
75.0000 0.1897
126.0000 0.1897
149.0000 0.1898
76.0000 0.1899
96.0000 0.1899
65.0000 0.1900
85.0000 0.1900
61.0000 0.1901
131.0000 0.1901
138.0000 0.1901
107.0000 0.1902
31.0000 0.1903
159.0000 0.1903
213.0000 0.1903
153.0000 0.1904
154.0000 0.1904
235.0000 0.1904
150.0000 0.1905
36.0000 0.1906
42.0000 0.1906
54.0000 0.1906
205.0000 0.1906
226.0000 0.1906
21.0000 0.1907
25.0000 0.1907
79.0000 0.1907
142.0000 0.1907
129.0000 0.1908
137.0000 0.1909
156.0000 0.1909
103.0000 0.1910
197.0000 0.1910
108.0000 0.1911
40.0000 0.1912
73.0000 0.1912
30.0000 0.1913
229.0000 0.1913
16.0000 0.1914
140.0000 0.1914
2.0000 0.1915
66.0000 0.1915
190.0000 0.1915
233.0000 0.1915
239.0000 0.1915
95.0000 0.1916
157.0000 0.1917
74.0000 0.1918
217.0000 0.1918
72.0000 0.1919
120.0000 0.1919
122.0000 0.1919
207.0000 0.1919
117.0000 0.1920
165.0000 0.1920
224.0000 0.1920
228.0000 0.1920
18.0000 0.1921
87.0000 0.1921
51.0000 0.1922
90.0000 0.1922
161.0000 0.1922
183.0000 0.1922
222.0000 0.1923
128.0000 0.1924
146.0000 0.1924
19.0000 0.1926
135.0000 0.1926
179.0000 0.1926
145.0000 0.1927
13.0000 0.1928
82.0000 0.1928
221.0000 0.1928
44.0000 0.1929
176.0000 0.1929
47.0000 0.1930
43.0000 0.1931
178.0000 0.1931
234.0000 0.1931
12.0000 0.1932
148.0000 0.1932
192.0000 0.1932
211.0000 0.1932
34.0000 0.1934
62.0000 0.1934
80.0000 0.1934
186.0000 0.1934
162.0000 0.1936
223.0000 0.1936
33.0000 0.1938
46.0000 0.1939
160.0000 0.1939
189.0000 0.1939
68.0000 0.1940
155.0000 0.1940
230.0000 0.1940
14.0000 0.1941
64.0000 0.1941
227.0000 0.1941
180.0000 0.1942
198.0000 0.1942
17.0000 0.1943
32.0000 0.1944
50.0000 0.1944
86.0000 0.1944
24.0000 0.1945
69.0000 0.1945
111.0000 0.1945
112.0000 0.1945
48.0000 0.1946
92.0000 0.1946
132.0000 0.1946
109.0000 0.1947
52.0000 0.1948
202.0000 0.1948
0.0000 0.1950
98.0000 0.1950
102.0000 0.1950
171.0000 0.1950
41.0000 0.1951
99.0000 0.1951
115.0000 0.1951
147.0000 0.1951
201.0000 0.1951
208.0000 0.1951
23.0000 0.1952
152.0000 0.1953
184.0000 0.1954
136.0000 0.1955
212.0000 0.1955
88.0000 0.1957
55.0000 0.1958
236.0000 0.1958
4.0000 0.1959
93.0000 0.1959
9.0000 0.1960
81.0000 0.1960
196.0000 0.1960
200.0000 0.1962
22.0000 0.1963
53.0000 0.1963
164.0000 0.1963
71.0000 0.1964
58.0000 0.1966
105.0000 0.1966
177.0000 0.1966
209.0000 0.1966
187.0000 0.1967
1.0000 0.1968
134.0000 0.1968
185.0000 0.1968
214.0000 0.1968
60.0000 0.1969
169.0000 0.1969
94.0000 0.1970
7.0000 0.1971
158.0000 0.1971
35.0000 0.1974
56.0000 0.1974
39.0000 0.1975
126.0000 0.1976
123.0000 0.1977
219.0000 0.1977
11.0000 0.1979
28.0000 0.1979
45.0000 0.1979
89.0000 0.1979
96.0000 0.1979
204.0000 0.1979
210.0000 0.1979
21.0000 0.1980
77.0000 0.1980
104.0000 0.1980
182.0000 0.1980
149.0000 0.1982
191.0000 0.1982
170.0000 0.1984
220.0000 0.1984
3.0000 0.1985
76.0000 0.1985
235.0000 0.1985
31.0000 0.1986
84.0000 0.1986
139.0000 0.1986
159.0000 0.1986
175.0000 0.1986
144.0000 0.1987
20.0000 0.1988
57.0000 0.1988
91.0000 0.1988
216.0000 0.1988
97.0000 0.1989
166.0000 0.1989
168.0000 0.1989
27.0000 0.1990
232.0000 0.1990
100.0000 0.1991
193.0000 0.1991
197.0000 0.1991
238.0000 0.1991
161.0000 0.1992
215.0000 0.1992
42.0000 0.1993
138.0000 0.1993
218.0000 0.1993
37.0000 0.1994
65.0000 0.1994
95.0000 0.1994
217.0000 0.1994
16.0000 0.1995
26.0000 0.1995
163.0000 0.1996
194.0000 0.1996
129.0000 0.1997
130.0000 0.1997
154.0000 0.1998
167.0000 0.1998
