0.0000 0.0000
1.0000 0.0000
2.0000 0.0000
3.0000 0.0000
4.0000 0.0000
5.0000 0.0000
6.0000 0.0000
7.0000 0.0000
8.0000 0.0000
9.0000 0.0000
10.0000 0.0000
11.0000 0.0000
12.0000 0.0000
13.0000 0.0000
14.0000 0.0000
15.0000 0.0000
16.0000 0.0000
17.0000 0.0000
18.0000 0.0000
19.0000 0.0000
20.0000 0.0000
21.0000 0.0000
22.0000 0.0000
23.0000 0.0000
24.0000 0.0000
25.0000 0.0000
26.0000 0.0000
27.0000 0.0000
28.0000 0.0000
29.0000 0.0000
30.0000 0.0000
31.0000 0.0000
32.0000 0.0000
33.0000 0.0000
34.0000 0.0000
35.0000 0.0000
36.0000 0.0000
37.0000 0.0000
38.0000 0.0000
39.0000 0.0000
40.0000 0.0000
41.0000 0.0000
42.0000 0.0000
43.0000 0.0000
44.0000 0.0000
45.0000 0.0000
46.0000 0.0000
47.0000 0.0000
48.0000 0.0000
49.0000 0.0000
50.0000 0.0000
51.0000 0.0000
52.0000 0.0000
53.0000 0.0000
54.0000 0.0000
55.0000 0.0000
56.0000 0.0000
57.0000 0.0000
58.0000 0.0000
59.0000 0.0000
60.0000 0.0000
61.0000 0.0000
62.0000 0.0000
63.0000 0.0000
64.0000 0.0000
65.0000 0.0000
66.0000 0.0000
67.0000 0.0000
68.0000 0.0000
69.0000 0.0000
70.0000 0.0000
71.0000 0.0000
72.0000 0.0000
73.0000 0.0000
74.0000 0.0000
75.0000 0.0000
76.0000 0.0000
77.0000 0.0000
78.0000 0.0000
79.0000 0.0000
80.0000 0.0000
81.0000 0.0000
82.0000 0.0000
83.0000 0.0000
84.0000 0.0000
85.0000 0.0000
86.0000 0.0000
87.0000 0.0000
88.0000 0.0000
89.0000 0.0000
90.0000 0.0000
91.0000 0.0000
92.0000 0.0000
93.0000 0.0000
94.0000 0.0000
95.0000 0.0000
96.0000 0.0000
97.0000 0.0000
98.0000 0.0000
99.0000 0.0000
100.0000 0.0000
101.0000 0.0000
102.0000 0.0000
103.0000 0.0000
104.0000 0.0000
105.0000 0.0000
106.0000 0.0000
107.0000 0.0000
108.0000 0.0000
109.0000 0.0000
110.0000 0.0000
111.0000 0.0000
112.0000 0.0000
113.0000 0.0000
114.0000 0.0000
115.0000 0.0000
116.0000 0.0000
117.0000 0.0000
118.0000 0.0000
119.0000 0.0000
120.0000 0.0000
121.0000 0.0000
122.0000 0.0000
123.0000 0.0000
124.0000 0.0000
125.0000 0.0000
126.0000 0.0000
127.0000 0.0000
128.0000 0.0000
129.0000 0.0000
130.0000 0.0000
131.0000 0.0000
132.0000 0.0000
133.0000 0.0000
134.0000 0.0000
135.0000 0.0000
136.0000 0.0000
137.0000 0.0000
138.0000 0.0000
139.0000 0.0000
140.0000 0.0000
141.0000 0.0000
142.0000 0.0000
143.0000 0.0000
144.0000 0.0000
145.0000 0.0000
146.0000 0.0000
147.0000 0.0000
148.0000 0.0000
149.0000 0.0000
233.0000 0.0038
164.0000 0.0043
173.0000 0.0043
163.0000 0.0045
180.0000 0.0045
205.0000 0.0047
152.0000 0.0048
226.0000 0.0048
236.0000 0.0049
161.0000 0.0050
171.0000 0.0050
231.0000 0.0051
210.0000 0.0055
155.0000 0.0056
193.0000 0.0056
234.0000 0.0057
227.0000 0.0058
154.0000 0.0060
204.0000 0.0060
235.0000 0.0060
214.0000 0.0061
219.0000 0.0061
221.0000 0.0061
223.0000 0.0061
159.0000 0.0062
197.0000 0.0062
200.0000 0.0063
150.0000 0.0064
229.0000 0.0064
190.0000 0.0065
153.0000 0.0067
187.0000 0.0067
239.0000 0.0067
201.0000 0.0068
208.0000 0.0068
185.0000 0.0069
212.0000 0.0071
238.0000 0.0071
230.0000 0.0072
156.0000 0.0074
186.0000 0.0077
191.0000 0.0077
184.0000 0.0078
207.0000 0.0085
166.0000 0.0087
213.0000 0.0087
192.0000 0.0090
198.0000 0.0091
167.0000 0.0092
216.0000 0.0092
188.0000 0.0099
199.0000 0.0100
195.0000 0.0102
232.0000 0.0102
162.0000 0.0107
165.0000 0.0107
220.0000 0.0108
224.0000 0.0116
146.0000 0.0120
172.0000 0.0122
202.0000 0.0122
102.0000 0.0123
27.0000 0.0128
160.0000 0.0132
22.0000 0.0133
74.0000 0.0133
32.0000 0.0134
60.0000 0.0135
37.0000 0.0137
144.0000 0.0140
107.0000 0.0141
54.0000 0.0142
111.0000 0.0144
118.0000 0.0144
126.0000 0.0145
114.0000 0.0149
169.0000 0.0150
2.0000 0.0151
15.0000 0.0151
83.0000 0.0152
13.0000 0.0153
128.0000 0.0153
3.0000 0.0157
62.0000 0.0157
120.0000 0.0158
28.0000 0.0159
97.0000 0.0159
72.0000 0.0160
64.0000 0.0161
90.0000 0.0161
103.0000 0.0161
124.0000 0.0161
4.0000 0.0162
108.0000 0.0162
112.0000 0.0162
96.0000 0.0163
47.0000 0.0165
1.0000 0.0166
203.0000 0.0166
206.0000 0.0167
174.0000 0.0168
26.0000 0.0170
85.0000 0.0172
180.0000 0.0172
168.0000 0.0173
73.0000 0.0175
164.0000 0.0175
65.0000 0.0176
67.0000 0.0176
20.0000 0.0177
137.0000 0.0177
33.0000 0.0179
53.0000 0.0180
36.0000 0.0182
42.0000 0.0182
69.0000 0.0185
127.0000 0.0185
138.0000 0.0185
163.0000 0.0186
151.0000 0.0187
30.0000 0.0189
50.0000 0.0191
76.0000 0.0191
119.0000 0.0191
11.0000 0.0193
19.0000 0.0193
39.0000 0.0193
41.0000 0.0194
55.0000 0.0197
58.0000 0.0198
105.0000 0.0198
12.0000 0.0204
113.0000 0.0204
21.0000 0.0205
134.0000 0.0205
200.0000 0.0205
161.0000 0.0206
173.0000 0.0206
23.0000 0.0207
44.0000 0.0208
7.0000 0.0209
46.0000 0.0212
95.0000 0.0212
217.0000 0.0212
129.0000 0.0214
121.0000 0.0215
155.0000 0.0215
100.0000 0.0218
43.0000 0.0219
176.0000 0.0219
25.0000 0.0221
71.0000 0.0221
139.0000 0.0221
153.0000 0.0221
10.0000 0.0222
218.0000 0.0222
94.0000 0.0224
239.0000 0.0224
49.0000 0.0227
223.0000 0.0228
229.0000 0.0231
227.0000 0.0234
159.0000 0.0236
82.0000 0.0242
171.0000 0.0242
38.0000 0.0244
152.0000 0.0244
27.0000 0.0245
191.0000 0.0247
193.0000 0.0248
230.0000 0.0248
92.0000 0.0249
109.0000 0.0250
145.0000 0.0250
170.0000 0.0250
232.0000 0.0250
234.0000 0.0250
75.0000 0.0251
233.0000 0.0253
225.0000 0.0255
122.0000 0.0258
150.0000 0.0259
31.0000 0.0261
236.0000 0.0265
32.0000 0.0267
185.0000 0.0268
194.0000 0.0269
197.0000 0.0271
22.0000 0.0272
102.0000 0.0278
0.0000 0.0279
13.0000 0.0283
186.0000 0.0283
204.0000 0.0285
133.0000 0.0286
9.0000 0.0287
37.0000 0.0287
68.0000 0.0287
74.0000 0.0290
208.0000 0.0292
238.0000 0.0292
184.0000 0.0293
87.0000 0.0294
144.0000 0.0298
201.0000 0.0300
167.0000 0.0301
116.0000 0.0302
54.0000 0.0303
146.0000 0.0304
62.0000 0.0305
56.0000 0.0307
93.0000 0.0307
199.0000 0.0307
222.0000 0.0309
4.0000 0.0312
128.0000 0.0314
3.0000 0.0315
202.0000 0.0315
180.0000 0.0317
107.0000 0.0318
114.0000 0.0320
118.0000 0.0322
177.0000 0.0322
188.0000 0.0323
163.0000 0.0324
90.0000 0.0328
164.0000 0.0328
60.0000 0.0330
141.0000 0.0330
213.0000 0.0330
97.0000 0.0331
123.0000 0.0331
83.0000 0.0333
120.0000 0.0333
137.0000 0.0333
26.0000 0.0335
161.0000 0.0338
1.0000 0.0339
149.0000 0.0339
103.0000 0.0340
221.0000 0.0342
104.0000 0.0345
132.0000 0.0345
207.0000 0.0345
216.0000 0.0345
47.0000 0.0346
28.0000 0.0347
73.0000 0.0347
112.0000 0.0348
172.0000 0.0348
195.0000 0.0348
85.0000 0.0351
59.0000 0.0352
2.0000 0.0353
64.0000 0.0353
99.0000 0.0354
14.0000 0.0355
138.0000 0.0356
156.0000 0.0358
72.0000 0.0359
108.0000 0.0359
155.0000 0.0360
148.0000 0.0361
96.0000 0.0362
126.0000 0.0362
19.0000 0.0364
153.0000 0.0366
200.0000 0.0366
205.0000 0.0368
212.0000 0.0369
30.0000 0.0370
41.0000 0.0370
111.0000 0.0370
198.0000 0.0371
220.0000 0.0371
15.0000 0.0374
39.0000 0.0376
20.0000 0.0382
65.0000 0.0384
166.0000 0.0385
229.0000 0.0386
160.0000 0.0387
27.0000 0.0388
230.0000 0.0388
124.0000 0.0390
58.0000 0.0391
135.0000 0.0391
102.0000 0.0395
42.0000 0.0398
50.0000 0.0398
159.0000 0.0401
36.0000 0.0405
173.0000 0.0406
234.0000 0.0408
22.0000 0.0410
121.0000 0.0421
239.0000 0.0421
13.0000 0.0428
119.0000 0.0429
113.0000 0.0431
44.0000 0.0436
37.0000 0.0438
32.0000 0.0439
67.0000 0.0442
232.0000 0.0453
71.0000 0.0467
3.0000 0.0480
180.0000 0.0482
168.0000 0.0497
54.0000 0.0512
186.0000 0.0516
163.0000 0.0519
129.0000 0.0533
144.0000 0.0533
74.0000 0.0544
