53.0000 0.0036
14.0000 0.0042
38.0000 0.0047
55.0000 0.0048
2.0000 0.0050
1.0000 0.0051
26.0000 0.0051
21.0000 0.0052
3.0000 0.0054
37.0000 0.0055
7.0000 0.0056
32.0000 0.0057
10.0000 0.0058
23.0000 0.0058
40.0000 0.0058
48.0000 0.0058
27.0000 0.0062
29.0000 0.0062
30.0000 0.0063
19.0000 0.0064
25.0000 0.0064
4.0000 0.0067
17.0000 0.0067
8.0000 0.0068
11.0000 0.0068
44.0000 0.0069
15.0000 0.0071
51.0000 0.0074
18.0000 0.0078
43.0000 0.0087
13.0000 0.0091
42.0000 0.0092
33.0000 0.0096
24.0000 0.0098
46.0000 0.0103
39.0000 0.0110
58.0000 0.0113
28.0000 0.0117
45.0000 0.0131
16.0000 0.0162
52.0000 0.0166
34.0000 0.0179
22.0000 0.0186
49.0000 0.0187
36.0000 0.0193
56.0000 0.0197
59.0000 0.0200
23.0000 0.0204
14.0000 0.0205
35.0000 0.0206
7.0000 0.0207
30.0000 0.0208
27.0000 0.0214
31.0000 0.0216
15.0000 0.0218
2.0000 0.0221
9.0000 0.0221
18.0000 0.0224
1.0000 0.0227
19.0000 0.0229
25.0000 0.0230
38.0000 0.0230
32.0000 0.0238
11.0000 0.0241
21.0000 0.0242
55.0000 0.0244
8.0000 0.0247
17.0000 0.0249
10.0000 0.0252
53.0000 0.0252
37.0000 0.0255
20.0000 0.0257
44.0000 0.0258
45.0000 0.0267
42.0000 0.0271
51.0000 0.0271
13.0000 0.0281
46.0000 0.0282
58.0000 0.0289
33.0000 0.0294
39.0000 0.0295
48.0000 0.0304
24.0000 0.0323
23.0000 0.0327
30.0000 0.0344
7.0000 0.0345
15.0000 0.0357
4.0000 0.0361
27.0000 0.0364
16.0000 0.0373
25.0000 0.0375
29.0000 0.0376
34.0000 0.0376
18.0000 0.0383
1.0000 0.0390
28.0000 0.0390
3.0000 0.0391
14.0000 0.0391
2.0000 0.0393
38.0000 0.0393
11.0000 0.0410
19.0000 0.0413
44.0000 0.0417
17.0000 0.0418
32.0000 0.0421
8.0000 0.0430
45.0000 0.0440
10.0000 0.0446
23.0000 0.0447
55.0000 0.0448
46.0000 0.0453
13.0000 0.0454
21.0000 0.0456
42.0000 0.0456
30.0000 0.0466
48.0000 0.0467
58.0000 0.0468
59.0000 0.0470
39.0000 0.0474
52.0000 0.0474
56.0000 0.0477
7.0000 0.0481
27.0000 0.0484
15.0000 0.0490
33.0000 0.0494
22.0000 0.0496
14.0000 0.0502
51.0000 0.0507
25.0000 0.0509
18.0000 0.0511
2.0000 0.0518
53.0000 0.0518
24.0000 0.0523
11.0000 0.0528
38.0000 0.0528
9.0000 0.0529
34.0000 0.0529
37.0000 0.0531
35.0000 0.0532
26.0000 0.0533
1.0000 0.0535
32.0000 0.0535
19.0000 0.0548
23.0000 0.0551
17.0000 0.0553
31.0000 0.0560
45.0000 0.0560
44.0000 0.0564
16.0000 0.0567
28.0000 0.0574
8.0000 0.0582
4.0000 0.0583
30.0000 0.0584
55.0000 0.0598
46.0000 0.0600
58.0000 0.0601
7.0000 0.0602
27.0000 0.0606
42.0000 0.0607
15.0000 0.0609
29.0000 0.0612
21.0000 0.0616
13.0000 0.0621
0.0000 0.0623
3.0000 0.0628
39.0000 0.0631
14.0000 0.0633
18.0000 0.0633
38.0000 0.0633
48.0000 0.0633
25.0000 0.0637
10.0000 0.0638
49.0000 0.0641
2.0000 0.0647
23.0000 0.0656
59.0000 0.0657
1.0000 0.0665
32.0000 0.0665
52.0000 0.0665
11.0000 0.0668
17.0000 0.0674
33.0000 0.0675
53.0000 0.0676
43.0000 0.0680
56.0000 0.0682
34.0000 0.0683
19.0000 0.0687
45.0000 0.0695
51.0000 0.0699
30.0000 0.0700
44.0000 0.0702
24.0000 0.0712
37.0000 0.0713
22.0000 0.0715
27.0000 0.0715
7.0000 0.0716
15.0000 0.0729
55.0000 0.0729
46.0000 0.0733
8.0000 0.0736
58.0000 0.0749
42.0000 0.0750
23.0000 0.0755
28.0000 0.0757
13.0000 0.0759
4.0000 0.0762
18.0000 0.0763
38.0000 0.0764
25.0000 0.0766
14.0000 0.0769
21.0000 0.0771
48.0000 0.0778
2.0000 0.0780
10.0000 0.0783
39.0000 0.0785
20.0000 0.0791
11.0000 0.0792
1.0000 0.0795
32.0000 0.0795
9.0000 0.0797
30.0000 0.0804
7.0000 0.0811
45.0000 0.0811
16.0000 0.0812
17.0000 0.0812
3.0000 0.0816
35.0000 0.0820
27.0000 0.0821
34.0000 0.0822
19.0000 0.0823
26.0000 0.0826
44.0000 0.0826
15.0000 0.0828
29.0000 0.0828
59.0000 0.0833
31.0000 0.0835
33.0000 0.0838
55.0000 0.0838
46.0000 0.0850
51.0000 0.0859
23.0000 0.0862
8.0000 0.0865
53.0000 0.0865
18.0000 0.0873
24.0000 0.0876
38.0000 0.0879
14.0000 0.0880
52.0000 0.0880
25.0000 0.0881
37.0000 0.0884
58.0000 0.0885
42.0000 0.0887
56.0000 0.0892
2.0000 0.0904
30.0000 0.0904
32.0000 0.0912
13.0000 0.0915
48.0000 0.0918
7.0000 0.0919
36.0000 0.0919
21.0000 0.0921
11.0000 0.0924
27.0000 0.0927
39.0000 0.0928
1.0000 0.0934
15.0000 0.0940
22.0000 0.0946
17.0000 0.0948
28.0000 0.0949
10.0000 0.0952
49.0000 0.0953
45.0000 0.0955
19.0000 0.0960
23.0000 0.0962
4.0000 0.0965
44.0000 0.0968
16.0000 0.0980
46.0000 0.0990
34.0000 0.0992
25.0000 0.0998
18.0000 0.1000
38.0000 0.1001
55.0000 0.1001
33.0000 0.1003
30.0000 0.1009
2.0000 0.1013
14.0000 0.1014
8.0000 0.1015
42.0000 0.1021
58.0000 0.1027
7.0000 0.1030
9.0000 0.1031
32.0000 0.1031
51.0000 0.1033
27.0000 0.1034
59.0000 0.1034
3.0000 0.1037
15.0000 0.1047
29.0000 0.1048
13.0000 0.1049
24.0000 0.1049
1.0000 0.1050
11.0000 0.1051
53.0000 0.1052
56.0000 0.1052
23.0000 0.1056
48.0000 0.1059
37.0000 0.1061
21.0000 0.1065
52.0000 0.1069
17.0000 0.1071
39.0000 0.1072
35.0000 0.1078
31.0000 0.1079
45.0000 0.1079
19.0000 0.1080
10.0000 0.1081
41.0000 0.1088
44.0000 0.1092
25.0000 0.1099
30.0000 0.1105
18.0000 0.1110
20.0000 0.1112
22.0000 0.1114
14.0000 0.1115
38.0000 0.1115
46.0000 0.1115
55.0000 0.1116
2.0000 0.1117
43.0000 0.1118
28.0000 0.1122
34.0000 0.1132
33.0000 0.1135
7.0000 0.1136
8.0000 0.1138
32.0000 0.1139
42.0000 0.1139
27.0000 0.1141
4.0000 0.1150
15.0000 0.1150
16.0000 0.1151
58.0000 0.1155
23.0000 0.1158
11.0000 0.1160
51.0000 0.1162
26.0000 0.1165
1.0000 0.1166
13.0000 0.1182
0.0000 0.1187
19.0000 0.1188
17.0000 0.1191
48.0000 0.1191
59.0000 0.1191
53.0000 0.1197
24.0000 0.1198
3.0000 0.1199
21.0000 0.1200
30.0000 0.1200
37.0000 0.1200
44.0000 0.1203
18.0000 0.1204
25.0000 0.1206
39.0000 0.1210
45.0000 0.1213
14.0000 0.1218
10.0000 0.1219
29.0000 0.1223
36.0000 0.1224
56.0000 0.1226
46.0000 0.1227
2.0000 0.1228
7.0000 0.1228
55.0000 0.1234
27.0000 0.1236
38.0000 0.1236
42.0000 0.1240
49.0000 0.1247
23.0000 0.1249
32.0000 0.1250
15.0000 0.1257
52.0000 0.1257
8.0000 0.1259
33.0000 0.1268
28.0000 0.1278
34.0000 0.1278
1.0000 0.1285
11.0000 0.1287
58.0000 0.1290
30.0000 0.1294
9.0000 0.1298
35.0000 0.1299
18.0000 0.1303
50.0000 0.1303
51.0000 0.1306
25.0000 0.1308
22.0000 0.1311
48.0000 0.1311
19.0000 0.1313
17.0000 0.1314
4.0000 0.1316
13.0000 0.1316
7.0000 0.1319
21.0000 0.1319
16.0000 0.1323
44.0000 0.1325
45.0000 0.1325
27.0000 0.1331
31.0000 0.1331
14.0000 0.1332
24.0000 0.1336
46.0000 0.1337
2.0000 0.1339
23.0000 0.1340
37.0000 0.1340
38.0000 0.1342
39.0000 0.1343
15.0000 0.1345
32.0000 0.1350
59.0000 0.1353
55.0000 0.1355
3.0000 0.1365
53.0000 0.1369
42.0000 0.1373
8.0000 0.1379
10.0000 0.1380
30.0000 0.1385
29.0000 0.1386
56.0000 0.1391
11.0000 0.1398
34.0000 0.1398
1.0000 0.1399
18.0000 0.1407
58.0000 0.1409
25.0000 0.1412
33.0000 0.1414
7.0000 0.1420
17.0000 0.1423
27.0000 0.1424
20.0000 0.1425
52.0000 0.1427
26.0000 0.1428
48.0000 0.1428
19.0000 0.1429
23.0000 0.1432
44.0000 0.1432
28.0000 0.1436
14.0000 0.1438
45.0000 0.1440
51.0000 0.1443
2.0000 0.1446
15.0000 0.1446
21.0000 0.1448
38.0000 0.1449
43.0000 0.1450
32.0000 0.1451
13.0000 0.1456
46.0000 0.1460
49.0000 0.1467
4.0000 0.1468
39.0000 0.1468
55.0000 0.1468
22.0000 0.1473
30.0000 0.1477
37.0000 0.1478
16.0000 0.1481
24.0000 0.1488
42.0000 0.1492
8.0000 0.1495
11.0000 0.1499
1.0000 0.1500
53.0000 0.1500
35.0000 0.1502
9.0000 0.1503
18.0000 0.1504
7.0000 0.1511
10.0000 0.1511
59.0000 0.1511
3.0000 0.1516
25.0000 0.1516
34.0000 0.1519
23.0000 0.1524
27.0000 0.1526
58.0000 0.1527
15.0000 0.1533
56.0000 0.1538
12.0000 0.1539
19.0000 0.1539
33.0000 0.1539
14.0000 0.1546
17.0000 0.1546
31.0000 0.1546
29.0000 0.1548
45.0000 0.1549
48.0000 0.1550
44.0000 0.1551
2.0000 0.1553
32.0000 0.1559
38.0000 0.1563
21.0000 0.1566
30.0000 0.1570
36.0000 0.1574
28.0000 0.1578
55.0000 0.1578
51.0000 0.1583
46.0000 0.1584
39.0000 0.1595
52.0000 0.1595
40.0000 0.1599
7.0000 0.1606
1.0000 0.1608
13.0000 0.1608
11.0000 0.1610
8.0000 0.1611
18.0000 0.1611
41.0000 0.1612
0.0000 0.1613
4.0000 0.1613
23.0000 0.1616
25.0000 0.1616
27.0000 0.1623
42.0000 0.1624
15.0000 0.1628
24.0000 0.1628
58.0000 0.1641
17.0000 0.1645
34.0000 0.1645
14.0000 0.1647
37.0000 0.1649
10.0000 0.1657
19.0000 0.1659
53.0000 0.1659
2.0000 0.1661
45.0000 0.1661
16.0000 0.1662
26.0000 0.1662
44.0000 0.1665
32.0000 0.1666
30.0000 0.1668
33.0000 0.1676
21.0000 0.1678
38.0000 0.1680
48.0000 0.1681
59.0000 0.1683
20.0000 0.1692
35.0000 0.1694
29.0000 0.1695
22.0000 0.1696
56.0000 0.1700
7.0000 0.1701
18.0000 0.1703
23.0000 0.1704
3.0000 0.1705
55.0000 0.1705
49.0000 0.1707
1.0000 0.1709
11.0000 0.1710
46.0000 0.1711
27.0000 0.1717
25.0000 0.1718
8.0000 0.1719
39.0000 0.1723
51.0000 0.1723
15.0000 0.1730
28.0000 0.1737
9.0000 0.1744
13.0000 0.1745
42.0000 0.1746
43.0000 0.1757
50.0000 0.1758
31.0000 0.1759
14.0000 0.1760
17.0000 0.1763
58.0000 0.1764
30.0000 0.1767
10.0000 0.1768
4.0000 0.1770
32.0000 0.1770
19.0000 0.1771
2.0000 0.1772
45.0000 0.1774
34.0000 0.1783
52.0000 0.1783
24.0000 0.1786
38.0000 0.1787
44.0000 0.1790
21.0000 0.1792
7.0000 0.1798
48.0000 0.1798
23.0000 0.1799
53.0000 0.1806
37.0000 0.1809
18.0000 0.1813
33.0000 0.1818
11.0000 0.1819
27.0000 0.1820
55.0000 0.1821
1.0000 0.1823
25.0000 0.1823
16.0000 0.1829
15.0000 0.1830
46.0000 0.1831
8.0000 0.1833
59.0000 0.1846
29.0000 0.1850
39.0000 0.1851
51.0000 0.1851
30.0000 0.1860
42.0000 0.1860
3.0000 0.1862
32.0000 0.1862
14.0000 0.1865
13.0000 0.1870
22.0000 0.1873
2.0000 0.1874
56.0000 0.1875
58.0000 0.1875
17.0000 0.1877
28.0000 0.1885
45.0000 0.1885
23.0000 0.1886
7.0000 0.1891
19.0000 0.1893
38.0000 0.1893
35.0000 0.1894
44.0000 0.1902
48.0000 0.1904
34.0000 0.1905
10.0000 0.1906
18.0000 0.1906
36.0000 0.1906
4.0000 0.1909
21.0000 0.1913
27.0000 0.1913
26.0000 0.1917
25.0000 0.1922
11.0000 0.1925
15.0000 0.1926
55.0000 0.1927
1.0000 0.1928
53.0000 0.1939
46.0000 0.1945
49.0000 0.1945
20.0000 0.1948
24.0000 0.1948
52.0000 0.1948
33.0000 0.1951
37.0000 0.1951
9.0000 0.1955
8.0000 0.1957
30.0000 0.1959
32.0000 0.1962
31.0000 0.1969
14.0000 0.1970
39.0000 0.1972
2.0000 0.1974
23.0000 0.1974
42.0000 0.1975
41.0000 0.1979
7.0000 0.1982
51.0000 0.1982
16.0000 0.1989
17.0000 0.1990
38.0000 0.1993
58.0000 0.1994
19.0000 0.1996
13.0000 0.1997
45.0000 0.1997
59.0000 0.1998
