0.0000 0.0000
1.0000 0.0000
2.0000 0.0000
3.0000 0.0000
4.0000 0.0000
5.0000 0.0000
6.0000 0.0000
7.0000 0.0000
8.0000 0.0000
9.0000 0.0000
10.0000 0.0000
11.0000 0.0000
12.0000 0.0000
13.0000 0.0000
14.0000 0.0000
15.0000 0.0000
16.0000 0.0000
17.0000 0.0000
18.0000 0.0000
19.0000 0.0000
20.0000 0.0000
21.0000 0.0000
22.0000 0.0000
23.0000 0.0000
24.0000 0.0000
25.0000 0.0000
26.0000 0.0000
27.0000 0.0000
28.0000 0.0000
29.0000 0.0000
30.0000 0.0000
31.0000 0.0000
32.0000 0.0000
33.0000 0.0000
34.0000 0.0000
35.0000 0.0000
36.0000 0.0000
37.0000 0.0000
38.0000 0.0000
39.0000 0.0000
40.0000 0.0000
41.0000 0.0000
42.0000 0.0000
43.0000 0.0000
44.0000 0.0000
45.0000 0.0000
46.0000 0.0000
47.0000 0.0000
48.0000 0.0000
49.0000 0.0000
50.0000 0.0000
51.0000 0.0000
52.0000 0.0000
53.0000 0.0000
54.0000 0.0000
55.0000 0.0000
56.0000 0.0000
57.0000 0.0000
58.0000 0.0000
59.0000 0.0000
60.0000 0.0000
61.0000 0.0000
62.0000 0.0000
63.0000 0.0000
64.0000 0.0000
65.0000 0.0000
66.0000 0.0000
67.0000 0.0000
68.0000 0.0000
69.0000 0.0000
70.0000 0.0000
71.0000 0.0000
72.0000 0.0000
73.0000 0.0000
74.0000 0.0000
75.0000 0.0000
76.0000 0.0000
77.0000 0.0000
78.0000 0.0000
79.0000 0.0000
80.0000 0.0000
81.0000 0.0000
82.0000 0.0000
83.0000 0.0000
84.0000 0.0000
85.0000 0.0000
86.0000 0.0000
87.0000 0.0000
88.0000 0.0000
89.0000 0.0000
90.0000 0.0000
91.0000 0.0000
92.0000 0.0000
93.0000 0.0000
94.0000 0.0000
95.0000 0.0000
96.0000 0.0000
97.0000 0.0000
98.0000 0.0000
99.0000 0.0000
100.0000 0.0000
101.0000 0.0000
102.0000 0.0000
103.0000 0.0000
104.0000 0.0000
105.0000 0.0000
106.0000 0.0000
107.0000 0.0000
108.0000 0.0000
109.0000 0.0000
110.0000 0.0000
111.0000 0.0000
112.0000 0.0000
113.0000 0.0000
114.0000 0.0000
115.0000 0.0000
116.0000 0.0000
117.0000 0.0000
118.0000 0.0000
119.0000 0.0000
120.0000 0.0000
121.0000 0.0000
122.0000 0.0000
123.0000 0.0000
124.0000 0.0000
125.0000 0.0000
126.0000 0.0000
127.0000 0.0000
128.0000 0.0000
129.0000 0.0000
130.0000 0.0000
131.0000 0.0000
132.0000 0.0000
133.0000 0.0000
134.0000 0.0000
135.0000 0.0000
136.0000 0.0000
137.0000 0.0000
138.0000 0.0000
139.0000 0.0000
140.0000 0.0000
141.0000 0.0000
142.0000 0.0000
143.0000 0.0000
144.0000 0.0000
145.0000 0.0000
146.0000 0.0000
147.0000 0.0000
148.0000 0.0000
149.0000 0.0000
159.0000 0.0038
193.0000 0.0038
153.0000 0.0041
175.0000 0.0041
189.0000 0.0045
190.0000 0.0045
150.0000 0.0047
230.0000 0.0047
227.0000 0.0049
157.0000 0.0050
170.0000 0.0050
163.0000 0.0051
152.0000 0.0052
176.0000 0.0053
178.0000 0.0054
202.0000 0.0054
222.0000 0.0055
194.0000 0.0056
197.0000 0.0056
210.0000 0.0056
216.0000 0.0056
162.0000 0.0057
168.0000 0.0058
187.0000 0.0058
169.0000 0.0060
182.0000 0.0060
154.0000 0.0061
165.0000 0.0061
239.0000 0.0061
214.0000 0.0062
233.0000 0.0062
181.0000 0.0063
224.0000 0.0064
179.0000 0.0065
171.0000 0.0066
177.0000 0.0066
191.0000 0.0066
186.0000 0.0069
201.0000 0.0069
212.0000 0.0069
151.0000 0.0071
166.0000 0.0072
195.0000 0.0072
204.0000 0.0072
183.0000 0.0073
185.0000 0.0073
174.0000 0.0074
192.0000 0.0074
200.0000 0.0074
203.0000 0.0074
211.0000 0.0076
237.0000 0.0078
156.0000 0.0080
167.0000 0.0081
229.0000 0.0081
188.0000 0.0082
173.0000 0.0083
225.0000 0.0083
219.0000 0.0084
223.0000 0.0085
220.0000 0.0087
89.0000 0.0092
160.0000 0.0097
217.0000 0.0098
215.0000 0.0101
161.0000 0.0105
213.0000 0.0106
226.0000 0.0106
36.0000 0.0110
155.0000 0.0110
27.0000 0.0112
231.0000 0.0112
16.0000 0.0115
115.0000 0.0116
114.0000 0.0118
14.0000 0.0119
94.0000 0.0119
209.0000 0.0119
55.0000 0.0120
45.0000 0.0123
73.0000 0.0124
122.0000 0.0125
61.0000 0.0126
79.0000 0.0126
13.0000 0.0128
106.0000 0.0128
29.0000 0.0129
101.0000 0.0129
64.0000 0.0130
120.0000 0.0130
221.0000 0.0130
110.0000 0.0131
95.0000 0.0132
57.0000 0.0134
124.0000 0.0136
7.0000 0.0137
33.0000 0.0137
23.0000 0.0139
48.0000 0.0142
141.0000 0.0142
20.0000 0.0143
88.0000 0.0143
43.0000 0.0145
17.0000 0.0147
135.0000 0.0148
72.0000 0.0149
118.0000 0.0151
137.0000 0.0151
147.0000 0.0151
132.0000 0.0152
56.0000 0.0154
74.0000 0.0155
130.0000 0.0155
193.0000 0.0156
87.0000 0.0157
103.0000 0.0157
15.0000 0.0158
30.0000 0.0158
146.0000 0.0158
85.0000 0.0159
127.0000 0.0159
159.0000 0.0159
86.0000 0.0160
108.0000 0.0160
235.0000 0.0160
145.0000 0.0161
31.0000 0.0162
100.0000 0.0162
109.0000 0.0162
129.0000 0.0162
184.0000 0.0162
50.0000 0.0163
18.0000 0.0164
12.0000 0.0165
6.0000 0.0166
189.0000 0.0166
133.0000 0.0167
148.0000 0.0167
80.0000 0.0168
84.0000 0.0168
196.0000 0.0168
3.0000 0.0169
164.0000 0.0169
102.0000 0.0170
54.0000 0.0171
78.0000 0.0172
123.0000 0.0172
139.0000 0.0172
199.0000 0.0172
202.0000 0.0172
150.0000 0.0173
35.0000 0.0175
153.0000 0.0175
208.0000 0.0176
182.0000 0.0178
140.0000 0.0179
178.0000 0.0179
28.0000 0.0180
157.0000 0.0180
47.0000 0.0181
149.0000 0.0181
169.0000 0.0182
207.0000 0.0182
46.0000 0.0183
63.0000 0.0183
9.0000 0.0184
116.0000 0.0184
62.0000 0.0185
97.0000 0.0185
163.0000 0.0185
53.0000 0.0186
92.0000 0.0186
172.0000 0.0187
82.0000 0.0188
170.0000 0.0188
44.0000 0.0189
152.0000 0.0189
89.0000 0.0191
11.0000 0.0192
98.0000 0.0193
119.0000 0.0193
210.0000 0.0193
176.0000 0.0194
179.0000 0.0194
194.0000 0.0194
37.0000 0.0196
136.0000 0.0196
67.0000 0.0199
104.0000 0.0199
175.0000 0.0199
177.0000 0.0199
34.0000 0.0200
239.0000 0.0202
70.0000 0.0203
230.0000 0.0203
8.0000 0.0204
134.0000 0.0206
180.0000 0.0206
216.0000 0.0206
71.0000 0.0209
211.0000 0.0209
229.0000 0.0209
224.0000 0.0211
165.0000 0.0212
171.0000 0.0212
58.0000 0.0213
174.0000 0.0213
2.0000 0.0214
24.0000 0.0214
204.0000 0.0214
27.0000 0.0215
183.0000 0.0216
192.0000 0.0216
225.0000 0.0216
39.0000 0.0217
201.0000 0.0217
151.0000 0.0218
36.0000 0.0223
160.0000 0.0224
188.0000 0.0224
125.0000 0.0226
186.0000 0.0226
214.0000 0.0226
219.0000 0.0226
233.0000 0.0226
76.0000 0.0227
206.0000 0.0228
237.0000 0.0228
122.0000 0.0230
203.0000 0.0230
38.0000 0.0231
115.0000 0.0232
59.0000 0.0233
73.0000 0.0236
45.0000 0.0237
94.0000 0.0237
16.0000 0.0238
185.0000 0.0238
197.0000 0.0238
101.0000 0.0239
212.0000 0.0240
95.0000 0.0243
13.0000 0.0245
156.0000 0.0245
57.0000 0.0246
66.0000 0.0246
106.0000 0.0246
217.0000 0.0246
14.0000 0.0247
29.0000 0.0247
51.0000 0.0247
168.0000 0.0247
191.0000 0.0248
213.0000 0.0248
52.0000 0.0250
93.0000 0.0250
200.0000 0.0250
238.0000 0.0250
64.0000 0.0251
79.0000 0.0253
193.0000 0.0254
19.0000 0.0256
61.0000 0.0257
96.0000 0.0258
114.0000 0.0258
120.0000 0.0259
77.0000 0.0260
143.0000 0.0260
55.0000 0.0261
126.0000 0.0261
173.0000 0.0261
161.0000 0.0262
131.0000 0.0263
23.0000 0.0264
33.0000 0.0264
88.0000 0.0264
4.0000 0.0265
159.0000 0.0266
162.0000 0.0266
189.0000 0.0266
26.0000 0.0267
124.0000 0.0268
20.0000 0.0269
41.0000 0.0269
222.0000 0.0269
49.0000 0.0270
190.0000 0.0270
234.0000 0.0270
22.0000 0.0271
74.0000 0.0271
110.0000 0.0271
17.0000 0.0274
223.0000 0.0275
40.0000 0.0276
130.0000 0.0276
182.0000 0.0276
220.0000 0.0276
56.0000 0.0277
178.0000 0.0277
187.0000 0.0277
135.0000 0.0280
153.0000 0.0281
228.0000 0.0282
7.0000 0.0283
100.0000 0.0283
169.0000 0.0283
123.0000 0.0284
157.0000 0.0284
202.0000 0.0284
132.0000 0.0285
72.0000 0.0286
84.0000 0.0286
137.0000 0.0286
103.0000 0.0287
43.0000 0.0288
81.0000 0.0288
215.0000 0.0289
15.0000 0.0290
87.0000 0.0290
147.0000 0.0291
89.0000 0.0293
146.0000 0.0293
152.0000 0.0294
150.0000 0.0295
195.0000 0.0295
127.0000 0.0296
194.0000 0.0296
86.0000 0.0298
108.0000 0.0301
209.0000 0.0301
176.0000 0.0302
48.0000 0.0303
163.0000 0.0303
50.0000 0.0304
80.0000 0.0304
118.0000 0.0304
27.0000 0.0305
145.0000 0.0306
141.0000 0.0307
30.0000 0.0308
175.0000 0.0309
210.0000 0.0309
31.0000 0.0310
148.0000 0.0310
224.0000 0.0310
170.0000 0.0311
75.0000 0.0312
139.0000 0.0313
177.0000 0.0315
28.0000 0.0316
36.0000 0.0316
42.0000 0.0316
53.0000 0.0316
109.0000 0.0317
155.0000 0.0317
179.0000 0.0317
211.0000 0.0317
3.0000 0.0318
5.0000 0.0319
18.0000 0.0319
171.0000 0.0319
63.0000 0.0320
129.0000 0.0321
165.0000 0.0321
230.0000 0.0321
78.0000 0.0322
102.0000 0.0322
239.0000 0.0322
35.0000 0.0324
149.0000 0.0324
221.0000 0.0324
225.0000 0.0325
154.0000 0.0326
166.0000 0.0326
54.0000 0.0327
107.0000 0.0329
174.0000 0.0329
6.0000 0.0330
94.0000 0.0332
151.0000 0.0332
90.0000 0.0333
122.0000 0.0333
231.0000 0.0333
201.0000 0.0334
229.0000 0.0334
82.0000 0.0335
97.0000 0.0336
160.0000 0.0336
44.0000 0.0337
62.0000 0.0337
85.0000 0.0338
101.0000 0.0338
188.0000 0.0338
192.0000 0.0338
47.0000 0.0339
13.0000 0.0340
115.0000 0.0340
133.0000 0.0340
142.0000 0.0340
183.0000 0.0341
25.0000 0.0342
45.0000 0.0342
99.0000 0.0342
104.0000 0.0342
105.0000 0.0342
193.0000 0.0345
73.0000 0.0346
216.0000 0.0346
12.0000 0.0347
16.0000 0.0347
116.0000 0.0347
204.0000 0.0347
95.0000 0.0348
14.0000 0.0349
226.0000 0.0350
9.0000 0.0351
57.0000 0.0351
140.0000 0.0351
219.0000 0.0351
189.0000 0.0354
212.0000 0.0354
214.0000 0.0354
185.0000 0.0356
29.0000 0.0359
92.0000 0.0359
203.0000 0.0359
79.0000 0.0360
156.0000 0.0360
159.0000 0.0360
64.0000 0.0362
98.0000 0.0362
46.0000 0.0363
237.0000 0.0363
106.0000 0.0364
34.0000 0.0367
61.0000 0.0368
213.0000 0.0368
233.0000 0.0368
113.0000 0.0369
167.0000 0.0369
17.0000 0.0370
11.0000 0.0371
67.0000 0.0371
169.0000 0.0371
182.0000 0.0371
128.0000 0.0372
70.0000 0.0373
121.0000 0.0373
114.0000 0.0374
74.0000 0.0375
110.0000 0.0375
178.0000 0.0375
23.0000 0.0377
33.0000 0.0377
56.0000 0.0377
153.0000 0.0377
202.0000 0.0378
89.0000 0.0379
120.0000 0.0379
208.0000 0.0379
20.0000 0.0381
88.0000 0.0383
157.0000 0.0384
186.0000 0.0384
130.0000 0.0385
55.0000 0.0386
37.0000 0.0387
137.0000 0.0387
38.0000 0.0388
191.0000 0.0389
200.0000 0.0389
132.0000 0.0391
7.0000 0.0392
21.0000 0.0392
161.0000 0.0393
194.0000 0.0393
124.0000 0.0395
27.0000 0.0396
8.0000 0.0398
173.0000 0.0398
152.0000 0.0399
217.0000 0.0399
184.0000 0.0401
1.0000 0.0402
15.0000 0.0402
84.0000 0.0403
146.0000 0.0403
147.0000 0.0403
150.0000 0.0403
197.0000 0.0404
199.0000 0.0404
123.0000 0.0405
168.0000 0.0405
87.0000 0.0406
100.0000 0.0406
163.0000 0.0406
71.0000 0.0407
135.0000 0.0407
36.0000 0.0408
24.0000 0.0409
103.0000 0.0410
59.0000 0.0411
119.0000 0.0411
125.0000 0.0411
127.0000 0.0413
224.0000 0.0414
72.0000 0.0415
170.0000 0.0415
176.0000 0.0415
86.0000 0.0417
177.0000 0.0421
80.0000 0.0423
175.0000 0.0423
211.0000 0.0423
210.0000 0.0424
2.0000 0.0425
134.0000 0.0425
145.0000 0.0425
43.0000 0.0426
108.0000 0.0426
48.0000 0.0427
196.0000 0.0429
52.0000 0.0430
179.0000 0.0433
193.0000 0.0433
122.0000 0.0435
239.0000 0.0435
13.0000 0.0436
50.0000 0.0437
31.0000 0.0438
171.0000 0.0438
190.0000 0.0438
94.0000 0.0439
151.0000 0.0439
165.0000 0.0439
220.0000 0.0439
225.0000 0.0440
230.0000 0.0440
53.0000 0.0443
101.0000 0.0443
109.0000 0.0443
189.0000 0.0443
41.0000 0.0446
223.0000 0.0446
118.0000 0.0447
174.0000 0.0449
45.0000 0.0450
115.0000 0.0450
148.0000 0.0450
139.0000 0.0451
201.0000 0.0451
30.0000 0.0452
28.0000 0.0453
73.0000 0.0453
159.0000 0.0453
58.0000 0.0454
160.0000 0.0454
3.0000 0.0455
188.0000 0.0455
215.0000 0.0455
131.0000 0.0456
141.0000 0.0456
204.0000 0.0456
129.0000 0.0457
136.0000 0.0457
192.0000 0.0457
35.0000 0.0459
95.0000 0.0459
229.0000 0.0459
57.0000 0.0461
78.0000 0.0461
169.0000 0.0461
16.0000 0.0462
14.0000 0.0463
18.0000 0.0463
63.0000 0.0463
178.0000 0.0464
6.0000 0.0465
96.0000 0.0465
111.0000 0.0466
182.0000 0.0466
209.0000 0.0466
222.0000 0.0467
54.0000 0.0468
89.0000 0.0468
64.0000 0.0470
79.0000 0.0470
149.0000 0.0470
62.0000 0.0471
106.0000 0.0471
17.0000 0.0472
162.0000 0.0472
213.0000 0.0472
39.0000 0.0473
102.0000 0.0473
216.0000 0.0473
93.0000 0.0474
187.0000 0.0474
202.0000 0.0474
203.0000 0.0475
44.0000 0.0476
61.0000 0.0477
29.0000 0.0478
110.0000 0.0478
153.0000 0.0478
76.0000 0.0479
207.0000 0.0479
183.0000 0.0480
49.0000 0.0481
185.0000 0.0481
4.0000 0.0482
214.0000 0.0482
219.0000 0.0482
212.0000 0.0483
27.0000 0.0485
66.0000 0.0485
104.0000 0.0485
82.0000 0.0486
47.0000 0.0487
77.0000 0.0487
140.0000 0.0487
157.0000 0.0487
97.0000 0.0488
137.0000 0.0488
156.0000 0.0488
74.0000 0.0489
23.0000 0.0490
51.0000 0.0490
60.0000 0.0490
114.0000 0.0490
20.0000 0.0492
130.0000 0.0492
56.0000 0.0493
194.0000 0.0493
237.0000 0.0493
33.0000 0.0495
36.0000 0.0497
40.0000 0.0498
26.0000 0.0499
172.0000 0.0499
120.0000 0.0500
150.0000 0.0502
152.0000 0.0502
85.0000 0.0504
88.0000 0.0504
132.0000 0.0504
124.0000 0.0505
221.0000 0.0506
19.0000 0.0507
163.0000 0.0507
34.0000 0.0509
55.0000 0.0510
233.0000 0.0511
176.0000 0.0512
195.0000 0.0512
9.0000 0.0513
123.0000 0.0513
180.0000 0.0514
224.0000 0.0514
161.0000 0.0515
235.0000 0.0515
100.0000 0.0516
193.0000 0.0516
211.0000 0.0517
143.0000 0.0518
7.0000 0.0520
146.0000 0.0520
67.0000 0.0521
84.0000 0.0521
15.0000 0.0524
103.0000 0.0524
81.0000 0.0525
46.0000 0.0526
133.0000 0.0526
166.0000 0.0526
177.0000 0.0526
94.0000 0.0527
127.0000 0.0527
147.0000 0.0527
12.0000 0.0528
135.0000 0.0528
170.0000 0.0528
186.0000 0.0529
11.0000 0.0530
92.0000 0.0530
210.0000 0.0530
191.0000 0.0531
70.0000 0.0532
87.0000 0.0532
122.0000 0.0532
175.0000 0.0533
189.0000 0.0535
13.0000 0.0536
86.0000 0.0536
164.0000 0.0536
101.0000 0.0537
217.0000 0.0537
155.0000 0.0538
173.0000 0.0539
165.0000 0.0540
231.0000 0.0540
145.0000 0.0541
72.0000 0.0542
238.0000 0.0543
239.0000 0.0543
48.0000 0.0544
116.0000 0.0544
171.0000 0.0545
45.0000 0.0546
225.0000 0.0546
108.0000 0.0547
159.0000 0.0547
179.0000 0.0548
169.0000 0.0549
80.0000 0.0550
151.0000 0.0550
73.0000 0.0551
154.0000 0.0551
230.0000 0.0551
22.0000 0.0552
182.0000 0.0552
43.0000 0.0554
200.0000 0.0554
37.0000 0.0557
98.0000 0.0557
174.0000 0.0557
50.0000 0.0558
89.0000 0.0558
115.0000 0.0561
38.0000 0.0562
31.0000 0.0563
188.0000 0.0565
8.0000 0.0566
75.0000 0.0566
178.0000 0.0566
16.0000 0.0567
126.0000 0.0567
192.0000 0.0567
160.0000 0.0568
201.0000 0.0568
57.0000 0.0569
197.0000 0.0569
35.0000 0.0570
53.0000 0.0570
95.0000 0.0571
27.0000 0.0572
110.0000 0.0572
202.0000 0.0572
168.0000 0.0573
234.0000 0.0573
17.0000 0.0574
14.0000 0.0575
79.0000 0.0575
229.0000 0.0575
106.0000 0.0576
157.0000 0.0576
28.0000 0.0577
153.0000 0.0577
29.0000 0.0578
204.0000 0.0578
213.0000 0.0579
64.0000 0.0582
139.0000 0.0582
220.0000 0.0582
118.0000 0.0584
3.0000 0.0586
30.0000 0.0586
194.0000 0.0586
71.0000 0.0587
114.0000 0.0587
148.0000 0.0587
223.0000 0.0587
5.0000 0.0588
36.0000 0.0588
59.0000 0.0589
78.0000 0.0589
109.0000 0.0590
203.0000 0.0590
125.0000 0.0591
61.0000 0.0593
185.0000 0.0593
212.0000 0.0593
90.0000 0.0595
74.0000 0.0596
183.0000 0.0596
18.0000 0.0597
23.0000 0.0597
149.0000 0.0598
216.0000 0.0598
130.0000 0.0599
137.0000 0.0599
156.0000 0.0599
184.0000 0.0599
56.0000 0.0600
193.0000 0.0601
6.0000 0.0602
44.0000 0.0602
163.0000 0.0602
52.0000 0.0603
54.0000 0.0603
102.0000 0.0603
150.0000 0.0603
214.0000 0.0604
158.0000 0.0605
24.0000 0.0607
120.0000 0.0607
141.0000 0.0607
219.0000 0.0607
62.0000 0.0608
104.0000 0.0608
152.0000 0.0608
20.0000 0.0609
129.0000 0.0609
226.0000 0.0609
33.0000 0.0610
63.0000 0.0611
134.0000 0.0611
176.0000 0.0611
208.0000 0.0612
88.0000 0.0614
47.0000 0.0615
124.0000 0.0616
82.0000 0.0617
132.0000 0.0617
209.0000 0.0617
211.0000 0.0617
224.0000 0.0617
55.0000 0.0619
215.0000 0.0619
119.0000 0.0621
189.0000 0.0621
2.0000 0.0624
122.0000 0.0624
190.0000 0.0624
237.0000 0.0624
94.0000 0.0625
123.0000 0.0625
13.0000 0.0629
96.0000 0.0630
97.0000 0.0630
15.0000 0.0631
100.0000 0.0631
101.0000 0.0631
170.0000 0.0631
177.0000 0.0631
87.0000 0.0632
140.0000 0.0632
131.0000 0.0633
169.0000 0.0633
84.0000 0.0634
89.0000 0.0637
159.0000 0.0637
147.0000 0.0638
182.0000 0.0638
135.0000 0.0640
210.0000 0.0640
146.0000 0.0641
161.0000 0.0642
175.0000 0.0642
127.0000 0.0643
41.0000 0.0644
73.0000 0.0644
233.0000 0.0645
7.0000 0.0646
165.0000 0.0646
45.0000 0.0647
206.0000 0.0647
145.0000 0.0649
103.0000 0.0650
9.0000 0.0651
85.0000 0.0651
171.0000 0.0652
179.0000 0.0652
86.0000 0.0653
34.0000 0.0655
151.0000 0.0659
167.0000 0.0660
178.0000 0.0661
239.0000 0.0661
227.0000 0.0662
128.0000 0.0663
202.0000 0.0663
25.0000 0.0664
196.0000 0.0664
199.0000 0.0665
72.0000 0.0667
225.0000 0.0667
95.0000 0.0668
115.0000 0.0668
187.0000 0.0668
27.0000 0.0669
153.0000 0.0669
217.0000 0.0669
80.0000 0.0670
99.0000 0.0670
57.0000 0.0671
17.0000 0.0672
70.0000 0.0673
157.0000 0.0673
191.0000 0.0673
14.0000 0.0674
67.0000 0.0675
110.0000 0.0675
58.0000 0.0676
162.0000 0.0676
160.0000 0.0678
36.0000 0.0679
79.0000 0.0679
174.0000 0.0679
173.0000 0.0681
188.0000 0.0681
230.0000 0.0681
16.0000 0.0684
49.0000 0.0685
201.0000 0.0685
43.0000 0.0686
186.0000 0.0686
192.0000 0.0686
193.0000 0.0687
222.0000 0.0689
133.0000 0.0690
213.0000 0.0690
11.0000 0.0692
29.0000 0.0692
64.0000 0.0692
194.0000 0.0692
50.0000 0.0693
106.0000 0.0694
107.0000 0.0695
150.0000 0.0695
108.0000 0.0696
163.0000 0.0696
46.0000 0.0697
200.0000 0.0697
48.0000 0.0698
53.0000 0.0699
39.0000 0.0700
114.0000 0.0700
204.0000 0.0701
229.0000 0.0701
61.0000 0.0702
221.0000 0.0702
76.0000 0.0703
35.0000 0.0704
195.0000 0.0705
212.0000 0.0705
28.0000 0.0706
189.0000 0.0706
66.0000 0.0707
92.0000 0.0708
130.0000 0.0708
155.0000 0.0708
42.0000 0.0709
137.0000 0.0709
139.0000 0.0709
93.0000 0.0710
142.0000 0.0710
31.0000 0.0711
38.0000 0.0711
116.0000 0.0711
120.0000 0.0711
183.0000 0.0712
203.0000 0.0712
176.0000 0.0713
224.0000 0.0714
152.0000 0.0716
148.0000 0.0718
156.0000 0.0718
94.0000 0.0719
12.0000 0.0720
13.0000 0.0720
211.0000 0.0720
169.0000 0.0721
56.0000 0.0722
74.0000 0.0722
185.0000 0.0722
20.0000 0.0724
23.0000 0.0724
101.0000 0.0724
182.0000 0.0725
30.0000 0.0726
122.0000 0.0726
78.0000 0.0727
88.0000 0.0727
89.0000 0.0727
37.0000 0.0728
118.0000 0.0729
177.0000 0.0729
159.0000 0.0730
166.0000 0.0730
3.0000 0.0731
33.0000 0.0731
219.0000 0.0732
44.0000 0.0733
77.0000 0.0733
216.0000 0.0733
55.0000 0.0734
197.0000 0.0734
19.0000 0.0735
109.0000 0.0735
132.0000 0.0735
54.0000 0.0736
6.0000 0.0737
62.0000 0.0738
223.0000 0.0739
18.0000 0.0740
220.0000 0.0740
105.0000 0.0741
168.0000 0.0743
170.0000 0.0743
4.0000 0.0744
123.0000 0.0744
104.0000 0.0745
45.0000 0.0746
63.0000 0.0746
87.0000 0.0746
91.0000 0.0746
214.0000 0.0747
100.0000 0.0749
124.0000 0.0749
143.0000 0.0749
102.0000 0.0751
178.0000 0.0751
73.0000 0.0752
98.0000 0.0752
175.0000 0.0752
84.0000 0.0753
129.0000 0.0754
210.0000 0.0754
179.0000 0.0756
15.0000 0.0757
59.0000 0.0757
40.0000 0.0758
51.0000 0.0758
146.0000 0.0758
149.0000 0.0758
231.0000 0.0758
1.0000 0.0759
147.0000 0.0759
202.0000 0.0759
27.0000 0.0760
121.0000 0.0760
135.0000 0.0760
103.0000 0.0761
153.0000 0.0761
171.0000 0.0761
47.0000 0.0762
165.0000 0.0762
7.0000 0.0763
8.0000 0.0763
141.0000 0.0763
151.0000 0.0763
237.0000 0.0763
81.0000 0.0764
82.0000 0.0764
36.0000 0.0765
71.0000 0.0765
115.0000 0.0765
17.0000 0.0768
180.0000 0.0768
161.0000 0.0769
193.0000 0.0769
209.0000 0.0769
127.0000 0.0770
140.0000 0.0770
57.0000 0.0771
136.0000 0.0772
225.0000 0.0772
69.0000 0.0774
95.0000 0.0774
97.0000 0.0774
239.0000 0.0774
9.0000 0.0775
86.0000 0.0775
233.0000 0.0775
145.0000 0.0777
157.0000 0.0777
14.0000 0.0778
79.0000 0.0778
188.0000 0.0779
24.0000 0.0780
110.0000 0.0780
16.0000 0.0781
72.0000 0.0781
208.0000 0.0781
194.0000 0.0783
207.0000 0.0783
230.0000 0.0783
52.0000 0.0785
215.0000 0.0787
217.0000 0.0787
134.0000 0.0788
172.0000 0.0788
189.0000 0.0788
80.0000 0.0789
85.0000 0.0789
106.0000 0.0789
160.0000 0.0789
163.0000 0.0790
150.0000 0.0791
192.0000 0.0791
201.0000 0.0791
64.0000 0.0792
29.0000 0.0794
125.0000 0.0795
154.0000 0.0795
174.0000 0.0795
213.0000 0.0795
26.0000 0.0799
34.0000 0.0799
61.0000 0.0799
50.0000 0.0802
190.0000 0.0802
130.0000 0.0803
169.0000 0.0803
119.0000 0.0804
48.0000 0.0805
89.0000 0.0805
184.0000 0.0805
75.0000 0.0807
173.0000 0.0807
131.0000 0.0808
120.0000 0.0809
224.0000 0.0809
182.0000 0.0811
94.0000 0.0812
191.0000 0.0812
114.0000 0.0813
176.0000 0.0813
229.0000 0.0813
101.0000 0.0814
152.0000 0.0814
13.0000 0.0815
43.0000 0.0815
53.0000 0.0815
35.0000 0.0816
137.0000 0.0816
159.0000 0.0816
22.0000 0.0817
183.0000 0.0817
212.0000 0.0817
41.0000 0.0819
96.0000 0.0819
122.0000 0.0819
177.0000 0.0819
204.0000 0.0819
211.0000 0.0820
108.0000 0.0821
23.0000 0.0822
186.0000 0.0822
56.0000 0.0823
11.0000 0.0824
126.0000 0.0824
164.0000 0.0825
203.0000 0.0826
74.0000 0.0827
88.0000 0.0827
60.0000 0.0828
31.0000 0.0829
156.0000 0.0830
28.0000 0.0831
33.0000 0.0831
70.0000 0.0831
20.0000 0.0832
133.0000 0.0832
139.0000 0.0832
187.0000 0.0833
67.0000 0.0834
200.0000 0.0835
45.0000 0.0836
92.0000 0.0836
222.0000 0.0836
185.0000 0.0837
178.0000 0.0838
55.0000 0.0839
162.0000 0.0839
132.0000 0.0841
21.0000 0.0842
148.0000 0.0842
238.0000 0.0842
170.0000 0.0843
30.0000 0.0846
124.0000 0.0846
44.0000 0.0848
123.0000 0.0848
216.0000 0.0848
38.0000 0.0850
113.0000 0.0850
27.0000 0.0851
46.0000 0.0851
73.0000 0.0851
78.0000 0.0851
100.0000 0.0852
193.0000 0.0852
202.0000 0.0852
36.0000 0.0854
87.0000 0.0854
3.0000 0.0855
153.0000 0.0856
62.0000 0.0857
210.0000 0.0857
219.0000 0.0857
115.0000 0.0858
179.0000 0.0858
165.0000 0.0860
18.0000 0.0861
84.0000 0.0861
175.0000 0.0862
2.0000 0.0864
6.0000 0.0864
49.0000 0.0865
54.0000 0.0865
12.0000 0.0866
15.0000 0.0868
151.0000 0.0869
220.0000 0.0870
37.0000 0.0871
103.0000 0.0871
226.0000 0.0871
17.0000 0.0872
95.0000 0.0872
102.0000 0.0872
109.0000 0.0872
118.0000 0.0872
135.0000 0.0873
189.0000 0.0873
146.0000 0.0874
214.0000 0.0874
225.0000 0.0874
239.0000 0.0874
90.0000 0.0875
157.0000 0.0875
14.0000 0.0877
171.0000 0.0877
79.0000 0.0878
147.0000 0.0878
110.0000 0.0879
116.0000 0.0879
57.0000 0.0880
104.0000 0.0880
63.0000 0.0882
155.0000 0.0882
194.0000 0.0882
7.0000 0.0883
82.0000 0.0883
188.0000 0.0884
16.0000 0.0885
76.0000 0.0885
161.0000 0.0885
163.0000 0.0885
234.0000 0.0885
39.0000 0.0886
129.0000 0.0886
106.0000 0.0887
223.0000 0.0888
169.0000 0.0889
47.0000 0.0890
197.0000 0.0890
127.0000 0.0891
5.0000 0.0892
145.0000 0.0892
237.0000 0.0892
89.0000 0.0893
182.0000 0.0893
141.0000 0.0894
160.0000 0.0895
72.0000 0.0897
61.0000 0.0898
86.0000 0.0898
150.0000 0.0898
196.0000 0.0900
221.0000 0.0900
201.0000 0.0901
230.0000 0.0901
149.0000 0.0902
13.0000 0.0903
58.0000 0.0903
217.0000 0.0904
94.0000 0.0905
168.0000 0.0905
192.0000 0.0905
213.0000 0.0905
9.0000 0.0906
64.0000 0.0906
29.0000 0.0907
80.0000 0.0907
66.0000 0.0908
114.0000 0.0908
159.0000 0.0910
130.0000 0.0911
176.0000 0.0911
59.0000 0.0912
101.0000 0.0912
152.0000 0.0912
174.0000 0.0912
233.0000 0.0912
224.0000 0.0913
97.0000 0.0914
8.0000 0.0915
120.0000 0.0916
122.0000 0.0916
229.0000 0.0917
50.0000 0.0918
166.0000 0.0918
195.0000 0.0919
167.0000 0.0920
235.0000 0.0921
211.0000 0.0923
56.0000 0.0924
71.0000 0.0924
177.0000 0.0924
77.0000 0.0926
111.0000 0.0926
137.0000 0.0926
178.0000 0.0926
140.0000 0.0927
93.0000 0.0928
199.0000 0.0929
212.0000 0.0929
27.0000 0.0931
45.0000 0.0932
53.0000 0.0932
98.0000 0.0932
193.0000 0.0932
209.0000 0.0932
23.0000 0.0933
74.0000 0.0933
183.0000 0.0933
36.0000 0.0937
85.0000 0.0938
173.0000 0.0939
202.0000 0.0939
20.0000 0.0940
35.0000 0.0940
88.0000 0.0940
170.0000 0.0940
203.0000 0.0940
204.0000 0.0941
231.0000 0.0941
28.0000 0.0943
43.0000 0.0943
73.0000 0.0945
108.0000 0.0945
153.0000 0.0945
33.0000 0.0946
215.0000 0.0947
139.0000 0.0948
156.0000 0.0948
191.0000 0.0949
34.0000 0.0950
132.0000 0.0950
115.0000 0.0951
48.0000 0.0952
55.0000 0.0953
143.0000 0.0953
31.0000 0.0955
123.0000 0.0955
100.0000 0.0957
179.0000 0.0957
185.0000 0.0957
124.0000 0.0958
144.0000 0.0960
210.0000 0.0960
175.0000 0.0961
189.0000 0.0961
4.0000 0.0964
99.0000 0.0964
186.0000 0.0964
134.0000 0.0965
19.0000 0.0966
67.0000 0.0966
157.0000 0.0966
216.0000 0.0966
52.0000 0.0967
78.0000 0.0967
84.0000 0.0967
133.0000 0.0968
30.0000 0.0969
44.0000 0.0969
40.0000 0.0970
87.0000 0.0971
17.0000 0.0972
148.0000 0.0972
165.0000 0.0972
169.0000 0.0973
200.0000 0.0974
225.0000 0.0974
103.0000 0.0975
79.0000 0.0976
96.0000 0.0976
110.0000 0.0976
182.0000 0.0976
163.0000 0.0977
171.0000 0.0977
194.0000 0.0977
219.0000 0.0977
24.0000 0.0978
89.0000 0.0978
125.0000 0.0978
239.0000 0.0978
95.0000 0.0979
151.0000 0.0979
131.0000 0.0980
208.0000 0.0980
3.0000 0.0981
11.0000 0.0981
14.0000 0.0982
146.0000 0.0982
57.0000 0.0983
70.0000 0.0983
135.0000 0.0984
15.0000 0.0985
190.0000 0.0985
62.0000 0.0987
13.0000 0.0988
16.0000 0.0989
119.0000 0.0989
188.0000 0.0989
6.0000 0.0991
18.0000 0.0992
102.0000 0.0992
51.0000 0.0993
81.0000 0.0994
106.0000 0.0995
54.0000 0.0997
7.0000 0.0998
61.0000 0.0998
150.0000 0.0998
159.0000 0.0998
207.0000 0.0998
94.0000 0.0999
109.0000 0.0999
107.0000 0.1000
118.0000 0.1000
147.0000 0.1000
214.0000 0.1000
38.0000 0.1001
41.0000 0.1001
46.0000 0.1001
101.0000 0.1002
128.0000 0.1002
187.0000 0.1002
160.0000 0.1003
176.0000 0.1004
12.0000 0.1005
92.0000 0.1005
237.0000 0.1005
130.0000 0.1007
222.0000 0.1007
72.0000 0.1008
201.0000 0.1008
224.0000 0.1008
29.0000 0.1009
162.0000 0.1009
64.0000 0.1010
161.0000 0.1010
213.0000 0.1010
104.0000 0.1011
127.0000 0.1011
174.0000 0.1011
63.0000 0.1012
122.0000 0.1012
178.0000 0.1012
192.0000 0.1012
193.0000 0.1012
25.0000 0.1013
136.0000 0.1013
145.0000 0.1013
152.0000 0.1013
42.0000 0.1014
82.0000 0.1014
120.0000 0.1015
114.0000 0.1016
154.0000 0.1016
230.0000 0.1016
27.0000 0.1017
86.0000 0.1017
211.0000 0.1017
47.0000 0.1020
105.0000 0.1020
180.0000 0.1020
220.0000 0.1020
36.0000 0.1021
80.0000 0.1021
129.0000 0.1021
45.0000 0.1024
177.0000 0.1024
202.0000 0.1025
56.0000 0.1026
26.0000 0.1027
141.0000 0.1027
68.0000 0.1028
223.0000 0.1028
149.0000 0.1029
184.0000 0.1029
217.0000 0.1029
233.0000 0.1029
37.0000 0.1030
50.0000 0.1030
75.0000 0.1030
206.0000 0.1030
2.0000 0.1031
137.0000 0.1031
229.0000 0.1031
212.0000 0.1033
23.0000 0.1034
83.0000 0.1034
197.0000 0.1034
9.0000 0.1035
88.0000 0.1036
1.0000 0.1037
53.0000 0.1037
39.0000 0.1038
73.0000 0.1038
74.0000 0.1038
142.0000 0.1039
153.0000 0.1040
170.0000 0.1040
189.0000 0.1040
97.0000 0.1041
116.0000 0.1041
20.0000 0.1043
22.0000 0.1043
115.0000 0.1043
33.0000 0.1046
49.0000 0.1046
168.0000 0.1046
203.0000 0.1048
204.0000 0.1048
108.0000 0.1050
157.0000 0.1050
124.0000 0.1052
155.0000 0.1052
123.0000 0.1053
172.0000 0.1053
35.0000 0.1054
55.0000 0.1055
185.0000 0.1055
100.0000 0.1056
132.0000 0.1057
169.0000 0.1057
179.0000 0.1057
182.0000 0.1057
43.0000 0.1059
183.0000 0.1059
48.0000 0.1061
110.0000 0.1061
163.0000 0.1061
17.0000 0.1062
89.0000 0.1062
156.0000 0.1063
175.0000 0.1063
194.0000 0.1063
210.0000 0.1063
28.0000 0.1064
8.0000 0.1065
59.0000 0.1065
139.0000 0.1065
31.0000 0.1066
173.0000 0.1066
209.0000 0.1067
79.0000 0.1068
191.0000 0.1068
225.0000 0.1069
66.0000 0.1071
14.0000 0.1072
58.0000 0.1074
84.0000 0.1074
85.0000 0.1075
95.0000 0.1075
159.0000 0.1076
239.0000 0.1076
165.0000 0.1077
171.0000 0.1077
76.0000 0.1078
13.0000 0.1079
216.0000 0.1079
87.0000 0.1080
221.0000 0.1080
151.0000 0.1081
30.0000 0.1083
34.0000 0.1083
140.0000 0.1083
126.0000 0.1084
57.0000 0.1085
103.0000 0.1085
15.0000 0.1086
16.0000 0.1087
135.0000 0.1088
186.0000 0.1089
94.0000 0.1090
101.0000 0.1091
106.0000 0.1091
146.0000 0.1091
188.0000 0.1091
193.0000 0.1093
44.0000 0.1094
148.0000 0.1094
176.0000 0.1094
178.0000 0.1094
219.0000 0.1095
78.0000 0.1096
3.0000 0.1097
150.0000 0.1097
215.0000 0.1099
195.0000 0.1100
27.0000 0.1101
71.0000 0.1101
61.0000 0.1102
130.0000 0.1103
164.0000 0.1103
147.0000 0.1104
200.0000 0.1104
62.0000 0.1105
36.0000 0.1106
166.0000 0.1106
224.0000 0.1106
18.0000 0.1107
152.0000 0.1107
226.0000 0.1107
122.0000 0.1109
160.0000 0.1109
7.0000 0.1110
211.0000 0.1111
5.0000 0.1112
67.0000 0.1112
98.0000 0.1112
29.0000 0.1113
213.0000 0.1113
120.0000 0.1115
202.0000 0.1115
54.0000 0.1116
6.0000 0.1117
52.0000 0.1117
102.0000 0.1117
231.0000 0.1118
237.0000 0.1119
118.0000 0.1120
133.0000 0.1120
72.0000 0.1121
189.0000 0.1122
201.0000 0.1122
45.0000 0.1123
64.0000 0.1123
86.0000 0.1124
145.0000 0.1124
177.0000 0.1124
238.0000 0.1124
174.0000 0.1125
190.0000 0.1125
214.0000 0.1125
60.0000 0.1126
90.0000 0.1126
70.0000 0.1127
109.0000 0.1127
114.0000 0.1127
153.0000 0.1127
63.0000 0.1129
121.0000 0.1130
127.0000 0.1130
192.0000 0.1130
161.0000 0.1131
230.0000 0.1131
56.0000 0.1132
82.0000 0.1133
80.0000 0.1134
96.0000 0.1135
137.0000 0.1135
73.0000 0.1136
227.0000 0.1136
196.0000 0.1137
229.0000 0.1137
11.0000 0.1138
23.0000 0.1138
50.0000 0.1138
169.0000 0.1139
74.0000 0.1140
88.0000 0.1140
89.0000 0.1140
131.0000 0.1140
104.0000 0.1141
115.0000 0.1141
234.0000 0.1141
170.0000 0.1142
53.0000 0.1143
157.0000 0.1143
182.0000 0.1143
77.0000 0.1144
20.0000 0.1145
46.0000 0.1145
129.0000 0.1145
212.0000 0.1145
40.0000 0.1146
217.0000 0.1148
24.0000 0.1149
233.0000 0.1149
19.0000 0.1150
113.0000 0.1150
163.0000 0.1151
17.0000 0.1152
38.0000 0.1153
194.0000 0.1153
204.0000 0.1153
12.0000 0.1154
33.0000 0.1154
55.0000 0.1155
123.0000 0.1155
167.0000 0.1155
47.0000 0.1156
134.0000 0.1156
110.0000 0.1158
179.0000 0.1158
220.0000 0.1158
141.0000 0.1159
79.0000 0.1160
125.0000 0.1160
4.0000 0.1161
92.0000 0.1161
149.0000 0.1161
208.0000 0.1161
93.0000 0.1162
185.0000 0.1162
124.0000 0.1163
132.0000 0.1163
159.0000 0.1163
175.0000 0.1163
199.0000 0.1163
203.0000 0.1163
41.0000 0.1164
210.0000 0.1164
13.0000 0.1169
35.0000 0.1169
119.0000 0.1169
143.0000 0.1169
183.0000 0.1169
9.0000 0.1170
100.0000 0.1170
193.0000 0.1170
37.0000 0.1171
156.0000 0.1171
225.0000 0.1171
108.0000 0.1173
187.0000 0.1174
239.0000 0.1174
14.0000 0.1175
97.0000 0.1176
165.0000 0.1176
28.0000 0.1177
43.0000 0.1177
223.0000 0.1177
178.0000 0.1178
171.0000 0.1179
16.0000 0.1180
95.0000 0.1180
94.0000 0.1181
197.0000 0.1181
27.0000 0.1182
57.0000 0.1182
84.0000 0.1182
87.0000 0.1182
101.0000 0.1182
222.0000 0.1182
31.0000 0.1184
48.0000 0.1184
139.0000 0.1185
216.0000 0.1185
106.0000 0.1187
151.0000 0.1187
103.0000 0.1188
36.0000 0.1189
173.0000 0.1189
188.0000 0.1189
162.0000 0.1190
116.0000 0.1191
150.0000 0.1191
168.0000 0.1192
176.0000 0.1193
15.0000 0.1195
135.0000 0.1195
61.0000 0.1196
51.0000 0.1199
146.0000 0.1199
224.0000 0.1200
130.0000 0.1201
152.0000 0.1201
191.0000 0.1201
211.0000 0.1202
30.0000 0.1203
202.0000 0.1203
189.0000 0.1204
209.0000 0.1204
184.0000 0.1205
39.0000 0.1207
122.0000 0.1207
219.0000 0.1208
2.0000 0.1210
148.0000 0.1210
18.0000 0.1211
213.0000 0.1211
45.0000 0.1212
160.0000 0.1212
81.0000 0.1213
158.0000 0.1213
154.0000 0.1214
44.0000 0.1215
85.0000 0.1215
8.0000 0.1216
120.0000 0.1216
155.0000 0.1216
153.0000 0.1217
186.0000 0.1217
89.0000 0.1218
29.0000 0.1219
78.0000 0.1219
169.0000 0.1219
3.0000 0.1220
21.0000 0.1220
7.0000 0.1221
34.0000 0.1221
59.0000 0.1221
201.0000 0.1221
75.0000 0.1222
147.0000 0.1223
99.0000 0.1224
177.0000 0.1224
140.0000 0.1225
182.0000 0.1225
73.0000 0.1226
6.0000 0.1227
56.0000 0.1227
174.0000 0.1227
207.0000 0.1228
62.0000 0.1229
86.0000 0.1230
235.0000 0.1230
49.0000 0.1231
157.0000 0.1231
200.0000 0.1231
64.0000 0.1232
72.0000 0.1232
74.0000 0.1232
114.0000 0.1232
54.0000 0.1234
23.0000 0.1235
137.0000 0.1235
102.0000 0.1236
115.0000 0.1236
145.0000 0.1236
192.0000 0.1237
230.0000 0.1238
214.0000 0.1240
22.0000 0.1241
127.0000 0.1241
170.0000 0.1241
215.0000 0.1241
80.0000 0.1242
163.0000 0.1243
194.0000 0.1243
237.0000 0.1243
118.0000 0.1244
17.0000 0.1245
193.0000 0.1245
229.0000 0.1245
212.0000 0.1246
53.0000 0.1247
63.0000 0.1248
20.0000 0.1249
26.0000 0.1250
88.0000 0.1250
107.0000 0.1250
123.0000 0.1250
159.0000 0.1250
13.0000 0.1252
55.0000 0.1252
161.0000 0.1252
180.0000 0.1253
67.0000 0.1255
109.0000 0.1255
179.0000 0.1255
33.0000 0.1256
132.0000 0.1256
66.0000 0.1257
110.0000 0.1257
175.0000 0.1257
221.0000 0.1257
79.0000 0.1258
133.0000 0.1258
58.0000 0.1259
76.0000 0.1259
185.0000 0.1259
71.0000 0.1260
82.0000 0.1260
210.0000 0.1260
178.0000 0.1262
50.0000 0.1263
217.0000 0.1263
204.0000 0.1264
225.0000 0.1264
128.0000 0.1265
129.0000 0.1265
136.0000 0.1265
14.0000 0.1266
27.0000 0.1266
100.0000 0.1266
104.0000 0.1266
233.0000 0.1266
70.0000 0.1268
111.0000 0.1270
203.0000 0.1270
239.0000 0.1270
36.0000 0.1271
101.0000 0.1271
172.0000 0.1271
35.0000 0.1272
94.0000 0.1272
108.0000 0.1272
165.0000 0.1272
124.0000 0.1273
16.0000 0.1274
46.0000 0.1275
42.0000 0.1276
47.0000 0.1276
95.0000 0.1276
171.0000 0.1276
151.0000 0.1277
106.0000 0.1278
149.0000 0.1278
156.0000 0.1278
183.0000 0.1278
57.0000 0.1280
150.0000 0.1280
166.0000 0.1281
52.0000 0.1282
98.0000 0.1282
43.0000 0.1283
69.0000 0.1284
28.0000 0.1285
87.0000 0.1285
141.0000 0.1285
190.0000 0.1285
11.0000 0.1287
176.0000 0.1288
195.0000 0.1288
84.0000 0.1289
189.0000 0.1289
224.0000 0.1289
216.0000 0.1290
152.0000 0.1291
130.0000 0.1292
131.0000 0.1292
103.0000 0.1293
202.0000 0.1293
122.0000 0.1294
9.0000 0.1295
12.0000 0.1295
31.0000 0.1295
96.0000 0.1295
211.0000 0.1295
89.0000 0.1296
220.0000 0.1296
15.0000 0.1297
25.0000 0.1297
48.0000 0.1298
188.0000 0.1298
61.0000 0.1299
92.0000 0.1299
38.0000 0.1301
97.0000 0.1301
135.0000 0.1301
139.0000 0.1301
231.0000 0.1301
169.0000 0.1302
153.0000 0.1304
32.0000 0.1305
45.0000 0.1305
105.0000 0.1306
146.0000 0.1309
182.0000 0.1309
219.0000 0.1309
1.0000 0.1310
37.0000 0.1311
160.0000 0.1312
197.0000 0.1312
173.0000 0.1313
223.0000 0.1314
30.0000 0.1315
177.0000 0.1315
213.0000 0.1315
29.0000 0.1317
73.0000 0.1318
157.0000 0.1318
77.0000 0.1319
125.0000 0.1319
168.0000 0.1319
120.0000 0.1320
148.0000 0.1322
187.0000 0.1322
24.0000 0.1323
5.0000 0.1324
191.0000 0.1324
7.0000 0.1325
126.0000 0.1325
41.0000 0.1326
147.0000 0.1326
193.0000 0.1326
201.0000 0.1326
56.0000 0.1327
163.0000 0.1327
18.0000 0.1328
134.0000 0.1329
174.0000 0.1329
194.0000 0.1329
64.0000 0.1330
114.0000 0.1330
115.0000 0.1330
137.0000 0.1331
170.0000 0.1333
74.0000 0.1334
86.0000 0.1334
186.0000 0.1335
226.0000 0.1335
19.0000 0.1336
222.0000 0.1336
3.0000 0.1337
85.0000 0.1337
13.0000 0.1338
78.0000 0.1338
17.0000 0.1339
40.0000 0.1340
44.0000 0.1340
93.0000 0.1340
119.0000 0.1340
159.0000 0.1341
142.0000 0.1342
145.0000 0.1342
208.0000 0.1343
209.0000 0.1343
23.0000 0.1344
72.0000 0.1344
192.0000 0.1345
212.0000 0.1346
230.0000 0.1346
6.0000 0.1348
54.0000 0.1348
62.0000 0.1348
178.0000 0.1348
229.0000 0.1348
80.0000 0.1349
90.0000 0.1349
116.0000 0.1349
123.0000 0.1349
27.0000 0.1350
36.0000 0.1350
79.0000 0.1351
88.0000 0.1351
110.0000 0.1351
196.0000 0.1351
206.0000 0.1351
20.0000 0.1352
102.0000 0.1352
127.0000 0.1352
34.0000 0.1353
175.0000 0.1354
162.0000 0.1355
179.0000 0.1355
53.0000 0.1356
8.0000 0.1357
55.0000 0.1358
101.0000 0.1358
214.0000 0.1358
4.0000 0.1359
33.0000 0.1359
200.0000 0.1359
94.0000 0.1360
14.0000 0.1361
50.0000 0.1361
210.0000 0.1364
225.0000 0.1364
16.0000 0.1365
140.0000 0.1365
237.0000 0.1365
185.0000 0.1366
161.0000 0.1367
164.0000 0.1367
118.0000 0.1368
57.0000 0.1369
189.0000 0.1369
106.0000 0.1370
132.0000 0.1370
204.0000 0.1370
124.0000 0.1371
63.0000 0.1372
39.0000 0.1373
95.0000 0.1373
109.0000 0.1373
150.0000 0.1373
89.0000 0.1374
165.0000 0.1374
233.0000 0.1374
59.0000 0.1375
143.0000 0.1375
151.0000 0.1375
217.0000 0.1375
171.0000 0.1376
203.0000 0.1377
224.0000 0.1378
100.0000 0.1379
155.0000 0.1379
239.0000 0.1379
202.0000 0.1380
35.0000 0.1381
108.0000 0.1381
156.0000 0.1382
184.0000 0.1382
215.0000 0.1382
130.0000 0.1383
211.0000 0.1383
87.0000 0.1384
152.0000 0.1384
181.0000 0.1384
129.0000 0.1385
169.0000 0.1385
67.0000 0.1386
82.0000 0.1386
104.0000 0.1386
122.0000 0.1386
133.0000 0.1388
176.0000 0.1388
182.0000 0.1388
228.0000 0.1388
238.0000 0.1389
84.0000 0.1390
183.0000 0.1390
61.0000 0.1391
45.0000 0.1392
154.0000 0.1392
199.0000 0.1392
43.0000 0.1393
234.0000 0.1393
2.0000 0.1394
188.0000 0.1394
167.0000 0.1395
15.0000 0.1396
28.0000 0.1397
216.0000 0.1397
47.0000 0.1398
49.0000 0.1398
91.0000 0.1398
149.0000 0.1399
153.0000 0.1399
51.0000 0.1400
31.0000 0.1401
48.0000 0.1402
70.0000 0.1402
135.0000 0.1402
193.0000 0.1402
73.0000 0.1403
177.0000 0.1404
60.0000 0.1405
71.0000 0.1405
157.0000 0.1405
75.0000 0.1406
103.0000 0.1406
29.0000 0.1407
81.0000 0.1407
141.0000 0.1409
194.0000 0.1409
160.0000 0.1410
213.0000 0.1411
46.0000 0.1412
120.0000 0.1414
146.0000 0.1414
163.0000 0.1414
115.0000 0.1418
220.0000 0.1419
97.0000 0.1420
139.0000 0.1420
13.0000 0.1421
64.0000 0.1421
11.0000 0.1422
56.0000 0.1423
9.0000 0.1424
137.0000 0.1426
159.0000 0.1427
170.0000 0.1427
30.0000 0.1428
219.0000 0.1428
27.0000 0.1429
36.0000 0.1430
178.0000 0.1431
201.0000 0.1431
114.0000 0.1432
17.0000 0.1433
74.0000 0.1433
76.0000 0.1434
12.0000 0.1435
86.0000 0.1435
7.0000 0.1436
173.0000 0.1437
174.0000 0.1438
23.0000 0.1440
197.0000 0.1441
229.0000 0.1441
38.0000 0.1442
18.0000 0.1443
79.0000 0.1443
92.0000 0.1443
147.0000 0.1443
131.0000 0.1444
166.0000 0.1444
98.0000 0.1445
58.0000 0.1446
179.0000 0.1446
66.0000 0.1447
101.0000 0.1447
148.0000 0.1448
212.0000 0.1448
94.0000 0.1449
221.0000 0.1449
110.0000 0.1452
52.0000 0.1453
80.0000 0.1453
191.0000 0.1453
20.0000 0.1454
145.0000 0.1454
189.0000 0.1454
223.0000 0.1454
230.0000 0.1454
72.0000 0.1455
123.0000 0.1456
190.0000 0.1456
78.0000 0.1458
3.0000 0.1459
14.0000 0.1459
175.0000 0.1460
127.0000 0.1461
62.0000 0.1462
210.0000 0.1462
37.0000 0.1463
89.0000 0.1463
44.0000 0.1464
53.0000 0.1464
185.0000 0.1464
88.0000 0.1465
96.0000 0.1465
33.0000 0.1466
16.0000 0.1467
54.0000 0.1467
95.0000 0.1467
150.0000 0.1468
169.0000 0.1468
6.0000 0.1469
22.0000 0.1469
192.0000 0.1469
106.0000 0.1470
186.0000 0.1470
202.0000 0.1470
26.0000 0.1473
182.0000 0.1473
195.0000 0.1473
225.0000 0.1473
124.0000 0.1474
57.0000 0.1475
121.0000 0.1475
207.0000 0.1475
85.0000 0.1476
122.0000 0.1476
50.0000 0.1477
165.0000 0.1477
171.0000 0.1478
180.0000 0.1478
211.0000 0.1478
224.0000 0.1478
151.0000 0.1479
176.0000 0.1479
187.0000 0.1479
214.0000 0.1479
132.0000 0.1480
45.0000 0.1481
55.0000 0.1481
102.0000 0.1481
125.0000 0.1481
193.0000 0.1482
100.0000 0.1483
231.0000 0.1483
204.0000 0.1484
107.0000 0.1485
130.0000 0.1485
136.0000 0.1485
152.0000 0.1485
222.0000 0.1485
41.0000 0.1486
153.0000 0.1486
161.0000 0.1486
168.0000 0.1487
188.0000 0.1487
34.0000 0.1488
99.0000 0.1488
209.0000 0.1488
156.0000 0.1490
200.0000 0.1490
239.0000 0.1490
73.0000 0.1491
217.0000 0.1491
87.0000 0.1492
109.0000 0.1492
203.0000 0.1492
237.0000 0.1492
24.0000 0.1493
61.0000 0.1493
116.0000 0.1493
157.0000 0.1493
235.0000 0.1493
183.0000 0.1494
104.0000 0.1495
82.0000 0.1496
35.0000 0.1497
63.0000 0.1497
118.0000 0.1498
177.0000 0.1498
194.0000 0.1498
163.0000 0.1500
43.0000 0.1501
15.0000 0.1502
140.0000 0.1502
84.0000 0.1504
108.0000 0.1504
233.0000 0.1504
29.0000 0.1505
129.0000 0.1505
159.0000 0.1506
27.0000 0.1507
216.0000 0.1508
8.0000 0.1509
13.0000 0.1509
36.0000 0.1509
115.0000 0.1509
77.0000 0.1510
120.0000 0.1511
213.0000 0.1511
155.0000 0.1512
103.0000 0.1513
135.0000 0.1513
28.0000 0.1514
160.0000 0.1514
162.0000 0.1514
93.0000 0.1515
56.0000 0.1516
119.0000 0.1516
133.0000 0.1516
134.0000 0.1516
64.0000 0.1517
146.0000 0.1517
47.0000 0.1519
48.0000 0.1519
178.0000 0.1519
40.0000 0.1520
170.0000 0.1520
215.0000 0.1520
31.0000 0.1521
149.0000 0.1521
208.0000 0.1521
59.0000 0.1522
113.0000 0.1522
137.0000 0.1524
172.0000 0.1524
17.0000 0.1525
101.0000 0.1528
114.0000 0.1528
67.0000 0.1529
219.0000 0.1531
70.0000 0.1532
74.0000 0.1535
139.0000 0.1535
189.0000 0.1535
201.0000 0.1536
128.0000 0.1537
94.0000 0.1538
141.0000 0.1539
174.0000 0.1539
229.0000 0.1539
79.0000 0.1540
86.0000 0.1541
110.0000 0.1542
89.0000 0.1543
147.0000 0.1543
9.0000 0.1544
7.0000 0.1545
19.0000 0.1545
179.0000 0.1545
23.0000 0.1549
30.0000 0.1550
39.0000 0.1551
97.0000 0.1551
21.0000 0.1553
46.0000 0.1554
123.0000 0.1555
169.0000 0.1555
212.0000 0.1556
80.0000 0.1557
145.0000 0.1557
95.0000 0.1558
202.0000 0.1558
20.0000 0.1559
16.0000 0.1560
14.0000 0.1561
182.0000 0.1561
193.0000 0.1561
220.0000 0.1561
11.0000 0.1562
175.0000 0.1563
71.0000 0.1566
4.0000 0.1567
150.0000 0.1567
184.0000 0.1567
210.0000 0.1567
57.0000 0.1568
122.0000 0.1568
173.0000 0.1569
143.0000 0.1571
144.0000 0.1571
148.0000 0.1571
230.0000 0.1571
25.0000 0.1572
72.0000 0.1572
106.0000 0.1572
224.0000 0.1572
154.0000 0.1573
33.0000 0.1574
45.0000 0.1574
49.0000 0.1574
176.0000 0.1575
226.0000 0.1575
53.0000 0.1576
191.0000 0.1576
5.0000 0.1577
12.0000 0.1577
88.0000 0.1577
225.0000 0.1577
18.0000 0.1578
3.0000 0.1579
211.0000 0.1579
124.0000 0.1580
152.0000 0.1580
192.0000 0.1580
78.0000 0.1581
153.0000 0.1582
196.0000 0.1582
151.0000 0.1583
157.0000 0.1583
171.0000 0.1583
185.0000 0.1584
2.0000 0.1585
62.0000 0.1585
105.0000 0.1585
127.0000 0.1585
130.0000 0.1585
81.0000 0.1586
111.0000 0.1586
132.0000 0.1586
165.0000 0.1586
38.0000 0.1587
73.0000 0.1587
44.0000 0.1588
159.0000 0.1588
188.0000 0.1588
194.0000 0.1588
6.0000 0.1589
163.0000 0.1589
27.0000 0.1590
50.0000 0.1590
100.0000 0.1590
126.0000 0.1590
197.0000 0.1590
92.0000 0.1591
177.0000 0.1592
204.0000 0.1592
102.0000 0.1593
186.0000 0.1593
42.0000 0.1594
1.0000 0.1595
61.0000 0.1595
36.0000 0.1596
54.0000 0.1596
55.0000 0.1596
98.0000 0.1596
87.0000 0.1597
29.0000 0.1598
13.0000 0.1599
156.0000 0.1600
239.0000 0.1601
217.0000 0.1603
223.0000 0.1603
214.0000 0.1604
115.0000 0.1605
131.0000 0.1605
199.0000 0.1605
90.0000 0.1606
35.0000 0.1607
75.0000 0.1607
37.0000 0.1608
178.0000 0.1608
161.0000 0.1609
203.0000 0.1609
227.0000 0.1609
108.0000 0.1611
189.0000 0.1612
15.0000 0.1613
237.0000 0.1613
137.0000 0.1614
183.0000 0.1614
213.0000 0.1614
64.0000 0.1615
84.0000 0.1615
101.0000 0.1616
104.0000 0.1616
216.0000 0.1616
56.0000 0.1617
142.0000 0.1618
170.0000 0.1618
17.0000 0.1619
34.0000 0.1619
103.0000 0.1619
109.0000 0.1619
120.0000 0.1619
164.0000 0.1619
166.0000 0.1619
76.0000 0.1620
135.0000 0.1620
28.0000 0.1621
85.0000 0.1621
233.0000 0.1621
66.0000 0.1622
160.0000 0.1622
89.0000 0.1623
31.0000 0.1625
63.0000 0.1625
114.0000 0.1626
129.0000 0.1626
82.0000 0.1627
52.0000 0.1628
167.0000 0.1628
58.0000 0.1629
110.0000 0.1629
200.0000 0.1629
221.0000 0.1630
74.0000 0.1631
94.0000 0.1631
146.0000 0.1631
43.0000 0.1632
47.0000 0.1632
169.0000 0.1633
51.0000 0.1634
79.0000 0.1634
96.0000 0.1635
118.0000 0.1635
209.0000 0.1635
190.0000 0.1636
219.0000 0.1636
193.0000 0.1637
168.0000 0.1638
179.0000 0.1639
182.0000 0.1639
201.0000 0.1639
149.0000 0.1640
48.0000 0.1641
23.0000 0.1642
174.0000 0.1642
86.0000 0.1643
133.0000 0.1643
187.0000 0.1644
202.0000 0.1644
125.0000 0.1645
229.0000 0.1645
140.0000 0.1646
231.0000 0.1646
7.0000 0.1648
139.0000 0.1648
8.0000 0.1649
222.0000 0.1649
116.0000 0.1652
147.0000 0.1652
16.0000 0.1653
123.0000 0.1653
95.0000 0.1654
14.0000 0.1658
212.0000 0.1658
20.0000 0.1659
150.0000 0.1659
175.0000 0.1661
238.0000 0.1661
30.0000 0.1662
41.0000 0.1662
210.0000 0.1662
80.0000 0.1663
145.0000 0.1663
57.0000 0.1664
224.0000 0.1664
67.0000 0.1665
45.0000 0.1666
122.0000 0.1667
152.0000 0.1668
106.0000 0.1669
162.0000 0.1669
211.0000 0.1669
215.0000 0.1669
9.0000 0.1670
27.0000 0.1670
176.0000 0.1671
97.0000 0.1672
157.0000 0.1672
159.0000 0.1672
195.0000 0.1672
225.0000 0.1672
230.0000 0.1673
70.0000 0.1674
24.0000 0.1675
33.0000 0.1675
141.0000 0.1675
59.0000 0.1676
153.0000 0.1676
155.0000 0.1676
163.0000 0.1676
194.0000 0.1676
171.0000 0.1677
36.0000 0.1679
73.0000 0.1681
188.0000 0.1681
234.0000 0.1681
53.0000 0.1684
177.0000 0.1684
151.0000 0.1685
192.0000 0.1685
88.0000 0.1686
124.0000 0.1686
134.0000 0.1686
13.0000 0.1687
130.0000 0.1688
72.0000 0.1689
165.0000 0.1690
50.0000 0.1691
185.0000 0.1691
189.0000 0.1691
29.0000 0.1692
77.0000 0.1692
100.0000 0.1692
132.0000 0.1692
173.0000 0.1692
61.0000 0.1693
178.0000 0.1693
78.0000 0.1694
127.0000 0.1695
136.0000 0.1695
3.0000 0.1696
115.0000 0.1696
148.0000 0.1697
191.0000 0.1697
11.0000 0.1698
119.0000 0.1698
18.0000 0.1699
46.0000 0.1699
93.0000 0.1699
89.0000 0.1700
207.0000 0.1700
220.0000 0.1700
87.0000 0.1701
55.0000 0.1702
101.0000 0.1702
239.0000 0.1702
180.0000 0.1703
26.0000 0.1704
71.0000 0.1704
156.0000 0.1705
204.0000 0.1706
6.0000 0.1707
17.0000 0.1707
62.0000 0.1707
102.0000 0.1708
137.0000 0.1708
44.0000 0.1710
213.0000 0.1710
22.0000 0.1711
40.0000 0.1712
56.0000 0.1712
183.0000 0.1714
208.0000 0.1714
217.0000 0.1714
169.0000 0.1715
170.0000 0.1715
54.0000 0.1716
60.0000 0.1716
206.0000 0.1716
94.0000 0.1717
193.0000 0.1717
214.0000 0.1718
64.0000 0.1719
186.0000 0.1719
35.0000 0.1720
110.0000 0.1721
103.0000 0.1722
160.0000 0.1722
12.0000 0.1723
79.0000 0.1723
182.0000 0.1723
15.0000 0.1724
203.0000 0.1724
92.0000 0.1725
120.0000 0.1726
161.0000 0.1728
216.0000 0.1728
84.0000 0.1729
104.0000 0.1730
114.0000 0.1730
74.0000 0.1731
135.0000 0.1731
202.0000 0.1731
28.0000 0.1733
146.0000 0.1734
219.0000 0.1734
237.0000 0.1734
39.0000 0.1735
197.0000 0.1735
108.0000 0.1736
179.0000 0.1736
38.0000 0.1737
23.0000 0.1738
49.0000 0.1738
109.0000 0.1738
63.0000 0.1740
200.0000 0.1740
201.0000 0.1741
233.0000 0.1741
143.0000 0.1742
82.0000 0.1743
174.0000 0.1744
34.0000 0.1745
223.0000 0.1745
95.0000 0.1746
98.0000 0.1746
229.0000 0.1746
19.0000 0.1747
31.0000 0.1747
85.0000 0.1747
16.0000 0.1748
86.0000 0.1748
107.0000 0.1748
43.0000 0.1749
123.0000 0.1751
147.0000 0.1753
7.0000 0.1754
37.0000 0.1754
47.0000 0.1754
48.0000 0.1755
129.0000 0.1755
14.0000 0.1756
122.0000 0.1756
224.0000 0.1756
2.0000 0.1757
27.0000 0.1758
152.0000 0.1758
159.0000 0.1758
210.0000 0.1758
45.0000 0.1759
57.0000 0.1759
150.0000 0.1759
20.0000 0.1761
131.0000 0.1761
153.0000 0.1761
36.0000 0.1762
157.0000 0.1762
175.0000 0.1764
212.0000 0.1764
163.0000 0.1765
139.0000 0.1767
194.0000 0.1767
118.0000 0.1768
211.0000 0.1769
106.0000 0.1771
149.0000 0.1772
184.0000 0.1772
209.0000 0.1772
13.0000 0.1774
80.0000 0.1774
176.0000 0.1774
189.0000 0.1774
4.0000 0.1775
225.0000 0.1775
33.0000 0.1776
178.0000 0.1776
171.0000 0.1777
172.0000 0.1777
177.0000 0.1777
145.0000 0.1778
73.0000 0.1779
192.0000 0.1780
188.0000 0.1781
230.0000 0.1781
53.0000 0.1784
133.0000 0.1784
89.0000 0.1786
29.0000 0.1787
124.0000 0.1787
72.0000 0.1788
151.0000 0.1788
30.0000 0.1789
88.0000 0.1789
101.0000 0.1789
130.0000 0.1789
115.0000 0.1790
165.0000 0.1790
61.0000 0.1793
99.0000 0.1793
100.0000 0.1794
132.0000 0.1795
169.0000 0.1795
196.0000 0.1795
17.0000 0.1796
154.0000 0.1796
185.0000 0.1798
8.0000 0.1799
9.0000 0.1801
193.0000 0.1801
126.0000 0.1802
140.0000 0.1802
190.0000 0.1802
5.0000 0.1805
168.0000 0.1806
182.0000 0.1806
52.0000 0.1808
96.0000 0.1808
137.0000 0.1808
239.0000 0.1809
50.0000 0.1810
125.0000 0.1810
204.0000 0.1810
3.0000 0.1812
110.0000 0.1813
213.0000 0.1813
221.0000 0.1814
64.0000 0.1815
87.0000 0.1815
94.0000 0.1815
127.0000 0.1815
97.0000 0.1817
56.0000 0.1818
67.0000 0.1818
116.0000 0.1819
173.0000 0.1820
76.0000 0.1821
79.0000 0.1821
202.0000 0.1822
55.0000 0.1824
156.0000 0.1824
141.0000 0.1825
70.0000 0.1826
170.0000 0.1826
81.0000 0.1827
160.0000 0.1827
191.0000 0.1828
75.0000 0.1829
166.0000 0.1829
199.0000 0.1830
217.0000 0.1830
59.0000 0.1831
74.0000 0.1831
78.0000 0.1831
220.0000 0.1831
44.0000 0.1832
121.0000 0.1832
215.0000 0.1832
15.0000 0.1833
62.0000 0.1833
183.0000 0.1833
66.0000 0.1834
148.0000 0.1834
187.0000 0.1834
18.0000 0.1835
102.0000 0.1835
120.0000 0.1836
214.0000 0.1836
114.0000 0.1837
226.0000 0.1837
23.0000 0.1838
84.0000 0.1838
155.0000 0.1838
103.0000 0.1839
6.0000 0.1840
54.0000 0.1840
203.0000 0.1842
58.0000 0.1843
179.0000 0.1843
159.0000 0.1845
35.0000 0.1846
135.0000 0.1846
11.0000 0.1847
27.0000 0.1848
95.0000 0.1848
108.0000 0.1848
41.0000 0.1849
162.0000 0.1849
235.0000 0.1849
36.0000 0.1850
123.0000 0.1850
201.0000 0.1850
146.0000 0.1851
222.0000 0.1851
150.0000 0.1852
231.0000 0.1852
28.0000 0.1853
45.0000 0.1853
122.0000 0.1853
216.0000 0.1853
219.0000 0.1853
14.0000 0.1854
16.0000 0.1854
152.0000 0.1854
86.0000 0.1855
46.0000 0.1856
51.0000 0.1856
153.0000 0.1856
161.0000 0.1856
174.0000 0.1856
210.0000 0.1856
163.0000 0.1857
189.0000 0.1857
224.0000 0.1857
90.0000 0.1858
134.0000 0.1859
57.0000 0.1860
63.0000 0.1860
157.0000 0.1860
211.0000 0.1860
31.0000 0.1861
24.0000 0.1862
104.0000 0.1862
105.0000 0.1862
186.0000 0.1862
106.0000 0.1863
178.0000 0.1864
194.0000 0.1864
237.0000 0.1864
7.0000 0.1865
43.0000 0.1865
164.0000 0.1865
175.0000 0.1865
195.0000 0.1865
229.0000 0.1865
13.0000 0.1866
176.0000 0.1866
89.0000 0.1867
20.0000 0.1869
73.0000 0.1869
25.0000 0.1870
92.0000 0.1870
147.0000 0.1871
212.0000 0.1871
233.0000 0.1871
225.0000 0.1872
34.0000 0.1874
71.0000 0.1874
48.0000 0.1875
109.0000 0.1875
167.0000 0.1875
12.0000 0.1876
101.0000 0.1877
169.0000 0.1877
38.0000 0.1878
82.0000 0.1878
177.0000 0.1878
193.0000 0.1878
200.0000 0.1879
130.0000 0.1880
139.0000 0.1880
77.0000 0.1881
129.0000 0.1881
1.0000 0.1882
171.0000 0.1882
33.0000 0.1883
80.0000 0.1883
115.0000 0.1883
197.0000 0.1883
119.0000 0.1884
188.0000 0.1885
223.0000 0.1885
29.0000 0.1886
47.0000 0.1886
145.0000 0.1886
192.0000 0.1886
128.0000 0.1887
151.0000 0.1887
182.0000 0.1887
61.0000 0.1888
230.0000 0.1889
17.0000 0.1890
53.0000 0.1890
113.0000 0.1890
149.0000 0.1891
124.0000 0.1892
165.0000 0.1892
42.0000 0.1893
100.0000 0.1893
85.0000 0.1894
158.0000 0.1895
37.0000 0.1896
88.0000 0.1896
118.0000 0.1896
185.0000 0.1896
94.0000 0.1900
30.0000 0.1901
72.0000 0.1901
132.0000 0.1902
69.0000 0.1903
137.0000 0.1905
239.0000 0.1905
110.0000 0.1906
202.0000 0.1907
213.0000 0.1907
50.0000 0.1908
93.0000 0.1908
131.0000 0.1909
56.0000 0.1911
79.0000 0.1911
87.0000 0.1911
142.0000 0.1911
204.0000 0.1911
133.0000 0.1912
208.0000 0.1912
21.0000 0.1913
64.0000 0.1913
98.0000 0.1913
209.0000 0.1913
160.0000 0.1916
170.0000 0.1916
127.0000 0.1920
156.0000 0.1921
140.0000 0.1923
55.0000 0.1925
40.0000 0.1926
49.0000 0.1926
3.0000 0.1927
36.0000 0.1929
159.0000 0.1929
9.0000 0.1930
74.0000 0.1931
136.0000 0.1932
168.0000 0.1932
2.0000 0.1933
97.0000 0.1934
114.0000 0.1934
15.0000 0.1936
120.0000 0.1937
143.0000 0.1937
95.0000 0.1939
234.0000 0.1939
27.0000 0.1940
150.0000 0.1941
217.0000 0.1941
45.0000 0.1942
173.0000 0.1942
179.0000 0.1942
23.0000 0.1943
39.0000 0.1943
189.0000 0.1944
103.0000 0.1945
178.0000 0.1945
184.0000 0.1945
8.0000 0.1946
89.0000 0.1946
163.0000 0.1947
16.0000 0.1948
78.0000 0.1948
152.0000 0.1949
153.0000 0.1949
183.0000 0.1949
84.0000 0.1950
26.0000 0.1951
141.0000 0.1951
224.0000 0.1951
122.0000 0.1952
201.0000 0.1952
44.0000 0.1953
102.0000 0.1953
194.0000 0.1953
214.0000 0.1953
207.0000 0.1954
13.0000 0.1955
22.0000 0.1955
67.0000 0.1955
54.0000 0.1956
135.0000 0.1956
157.0000 0.1956
19.0000 0.1957
190.0000 0.1957
14.0000 0.1958
62.0000 0.1958
86.0000 0.1958
96.0000 0.1958
108.0000 0.1958
146.0000 0.1958
148.0000 0.1959
211.0000 0.1959
6.0000 0.1960
57.0000 0.1960
70.0000 0.1960
193.0000 0.1960
210.0000 0.1961
219.0000 0.1961
180.0000 0.1962
73.0000 0.1963
111.0000 0.1963
123.0000 0.1963
191.0000 0.1963
203.0000 0.1963
169.0000 0.1964
174.0000 0.1964
116.0000 0.1965
18.0000 0.1966
28.0000 0.1966
35.0000 0.1967
176.0000 0.1967
101.0000 0.1969
106.0000 0.1969
4.0000 0.1970
83.0000 0.1970
175.0000 0.1970
216.0000 0.1970
225.0000 0.1970
238.0000 0.1970
125.0000 0.1971
182.0000 0.1971
220.0000 0.1973
7.0000 0.1974
212.0000 0.1974
52.0000 0.1975
177.0000 0.1975
215.0000 0.1975
20.0000 0.1976
17.0000 0.1977
229.0000 0.1977
59.0000 0.1978
115.0000 0.1978
31.0000 0.1979
61.0000 0.1979
63.0000 0.1979
130.0000 0.1981
46.0000 0.1982
104.0000 0.1982
161.0000 0.1983
76.0000 0.1984
48.0000 0.1985
147.0000 0.1985
237.0000 0.1985
171.0000 0.1986
192.0000 0.1987
29.0000 0.1988
43.0000 0.1988
151.0000 0.1989
166.0000 0.1989
188.0000 0.1989
33.0000 0.1991
154.0000 0.1991
202.0000 0.1991
186.0000 0.1992
200.0000 0.1993
221.0000 0.1993
11.0000 0.1994
80.0000 0.1994
230.0000 0.1994
94.0000 0.1995
165.0000 0.1995
145.0000 0.1996
233.0000 0.1997
100.0000 0.1998
155.0000 0.1998
88.0000 0.1999
109.0000 0.1999
