58.0000 0.0036
48.0000 0.0038
4.0000 0.0043
31.0000 0.0044
43.0000 0.0046
55.0000 0.0049
19.0000 0.0051
25.0000 0.0054
8.0000 0.0056
26.0000 0.0056
49.0000 0.0056
2.0000 0.0057
3.0000 0.0057
7.0000 0.0058
30.0000 0.0058
32.0000 0.0058
39.0000 0.0058
5.0000 0.0059
27.0000 0.0059
6.0000 0.0061
28.0000 0.0061
0.0000 0.0062
29.0000 0.0063
41.0000 0.0064
45.0000 0.0065
15.0000 0.0066
33.0000 0.0069
44.0000 0.0069
24.0000 0.0072
37.0000 0.0072
57.0000 0.0072
42.0000 0.0075
50.0000 0.0075
54.0000 0.0076
14.0000 0.0077
21.0000 0.0079
23.0000 0.0088
56.0000 0.0088
16.0000 0.0089
12.0000 0.0091
22.0000 0.0091
40.0000 0.0102
53.0000 0.0114
11.0000 0.0124
43.0000 0.0174
59.0000 0.0176
25.0000 0.0191
20.0000 0.0193
55.0000 0.0193
47.0000 0.0198
4.0000 0.0200
58.0000 0.0208
9.0000 0.0209
17.0000 0.0218
10.0000 0.0221
24.0000 0.0222
31.0000 0.0222
5.0000 0.0231
49.0000 0.0231
28.0000 0.0233
26.0000 0.0236
35.0000 0.0238
48.0000 0.0238
45.0000 0.0239
32.0000 0.0246
3.0000 0.0250
6.0000 0.0254
16.0000 0.0259
57.0000 0.0261
30.0000 0.0262
7.0000 0.0278
15.0000 0.0279
14.0000 0.0284
21.0000 0.0289
39.0000 0.0289
43.0000 0.0289
56.0000 0.0294
33.0000 0.0297
44.0000 0.0297
0.0000 0.0303
12.0000 0.0310
53.0000 0.0317
55.0000 0.0334
25.0000 0.0335
41.0000 0.0354
4.0000 0.0360
58.0000 0.0360
29.0000 0.0361
24.0000 0.0373
11.0000 0.0376
40.0000 0.0382
5.0000 0.0389
31.0000 0.0398
26.0000 0.0412
28.0000 0.0413
9.0000 0.0418
47.0000 0.0418
50.0000 0.0418
32.0000 0.0419
43.0000 0.0421
3.0000 0.0426
30.0000 0.0426
49.0000 0.0439
7.0000 0.0443
48.0000 0.0444
16.0000 0.0446
57.0000 0.0448
14.0000 0.0449
56.0000 0.0449
45.0000 0.0453
44.0000 0.0454
54.0000 0.0455
55.0000 0.0457
15.0000 0.0461
6.0000 0.0464
25.0000 0.0467
0.0000 0.0471
19.0000 0.0474
20.0000 0.0476
22.0000 0.0486
23.0000 0.0487
53.0000 0.0487
21.0000 0.0488
42.0000 0.0488
12.0000 0.0489
33.0000 0.0489
4.0000 0.0492
39.0000 0.0495
58.0000 0.0497
24.0000 0.0499
17.0000 0.0511
10.0000 0.0520
43.0000 0.0528
31.0000 0.0534
28.0000 0.0550
5.0000 0.0553
41.0000 0.0553
11.0000 0.0557
32.0000 0.0568
3.0000 0.0569
59.0000 0.0574
26.0000 0.0577
40.0000 0.0577
55.0000 0.0579
29.0000 0.0581
30.0000 0.0596
25.0000 0.0597
15.0000 0.0604
48.0000 0.0605
7.0000 0.0608
45.0000 0.0609
9.0000 0.0611
56.0000 0.0615
24.0000 0.0616
57.0000 0.0617
16.0000 0.0618
4.0000 0.0621
14.0000 0.0624
47.0000 0.0625
49.0000 0.0627
58.0000 0.0627
44.0000 0.0634
43.0000 0.0644
0.0000 0.0647
6.0000 0.0659
35.0000 0.0662
31.0000 0.0663
21.0000 0.0667
53.0000 0.0669
12.0000 0.0670
5.0000 0.0673
33.0000 0.0682
50.0000 0.0686
55.0000 0.0694
28.0000 0.0707
25.0000 0.0712
32.0000 0.0716
26.0000 0.0728
27.0000 0.0733
3.0000 0.0735
43.0000 0.0746
24.0000 0.0749
39.0000 0.0752
20.0000 0.0755
41.0000 0.0757
30.0000 0.0759
15.0000 0.0761
4.0000 0.0762
58.0000 0.0762
7.0000 0.0767
54.0000 0.0768
56.0000 0.0770
14.0000 0.0771
16.0000 0.0775
57.0000 0.0775
19.0000 0.0777
29.0000 0.0779
48.0000 0.0779
45.0000 0.0781
42.0000 0.0786
40.0000 0.0787
44.0000 0.0789
11.0000 0.0794
49.0000 0.0802
8.0000 0.0804
37.0000 0.0804
0.0000 0.0805
9.0000 0.0808
55.0000 0.0809
31.0000 0.0811
12.0000 0.0819
6.0000 0.0821
5.0000 0.0822
17.0000 0.0823
21.0000 0.0830
22.0000 0.0833
25.0000 0.0841
53.0000 0.0845
43.0000 0.0847
10.0000 0.0853
47.0000 0.0855
51.0000 0.0855
24.0000 0.0858
32.0000 0.0861
4.0000 0.0865
28.0000 0.0865
33.0000 0.0865
3.0000 0.0883
26.0000 0.0888
58.0000 0.0895
7.0000 0.0907
1.0000 0.0910
36.0000 0.0912
14.0000 0.0915
50.0000 0.0916
55.0000 0.0918
16.0000 0.0920
48.0000 0.0921
45.0000 0.0927
15.0000 0.0929
39.0000 0.0929
23.0000 0.0932
30.0000 0.0937
44.0000 0.0938
56.0000 0.0947
25.0000 0.0949
57.0000 0.0951
43.0000 0.0952
12.0000 0.0956
20.0000 0.0956
49.0000 0.0956
31.0000 0.0959
29.0000 0.0968
5.0000 0.0969
11.0000 0.0978
0.0000 0.0979
4.0000 0.0979
24.0000 0.0981
59.0000 0.0985
6.0000 0.0993
28.0000 0.0995
32.0000 0.1004
33.0000 0.1004
21.0000 0.1005
40.0000 0.1010
41.0000 0.1014
53.0000 0.1014
55.0000 0.1026
26.0000 0.1028
3.0000 0.1031
9.0000 0.1032
47.0000 0.1033
58.0000 0.1050
42.0000 0.1053
14.0000 0.1057
43.0000 0.1059
7.0000 0.1067
25.0000 0.1070
16.0000 0.1076
15.0000 0.1078
30.0000 0.1085
54.0000 0.1089
44.0000 0.1096
27.0000 0.1097
45.0000 0.1098
57.0000 0.1100
31.0000 0.1105
48.0000 0.1107
19.0000 0.1109
24.0000 0.1112
5.0000 0.1116
4.0000 0.1118
12.0000 0.1121
39.0000 0.1123
56.0000 0.1127
49.0000 0.1130
35.0000 0.1138
55.0000 0.1139
50.0000 0.1142
28.0000 0.1146
17.0000 0.1151
0.0000 0.1162
3.0000 0.1162
33.0000 0.1162
43.0000 0.1162
22.0000 0.1163
6.0000 0.1165
32.0000 0.1166
11.0000 0.1171
58.0000 0.1171
29.0000 0.1174
2.0000 0.1179
25.0000 0.1179
26.0000 0.1182
40.0000 0.1183
41.0000 0.1184
20.0000 0.1185
21.0000 0.1187
53.0000 0.1189
7.0000 0.1205
10.0000 0.1208
15.0000 0.1208
14.0000 0.1210
47.0000 0.1214
16.0000 0.1215
9.0000 0.1218
38.0000 0.1218
45.0000 0.1221
4.0000 0.1226
30.0000 0.1226
24.0000 0.1228
5.0000 0.1229
31.0000 0.1229
55.0000 0.1242
57.0000 0.1246
23.0000 0.1251
12.0000 0.1254
44.0000 0.1255
48.0000 0.1256
49.0000 0.1263
43.0000 0.1267
56.0000 0.1268
32.0000 0.1279
59.0000 0.1286
28.0000 0.1294
42.0000 0.1295
3.0000 0.1296
25.0000 0.1296
58.0000 0.1304
6.0000 0.1309
0.0000 0.1320
54.0000 0.1320
26.0000 0.1325
33.0000 0.1326
24.0000 0.1335
39.0000 0.1337
11.0000 0.1339
14.0000 0.1339
4.0000 0.1340
37.0000 0.1341
41.0000 0.1341
16.0000 0.1345
53.0000 0.1345
55.0000 0.1346
31.0000 0.1349
15.0000 0.1351
45.0000 0.1351
7.0000 0.1353
5.0000 0.1356
40.0000 0.1358
21.0000 0.1362
29.0000 0.1363
43.0000 0.1364
50.0000 0.1375
20.0000 0.1381
30.0000 0.1383
44.0000 0.1387
47.0000 0.1388
57.0000 0.1399
35.0000 0.1401
9.0000 0.1404
49.0000 0.1407
48.0000 0.1408
17.0000 0.1409
25.0000 0.1410
58.0000 0.1411
56.0000 0.1415
12.0000 0.1416
32.0000 0.1419
3.0000 0.1429
28.0000 0.1437
24.0000 0.1449
55.0000 0.1456
6.0000 0.1466
26.0000 0.1466
4.0000 0.1468
43.0000 0.1469
31.0000 0.1472
14.0000 0.1478
19.0000 0.1482
22.0000 0.1486
0.0000 0.1490
7.0000 0.1495
16.0000 0.1497
5.0000 0.1498
27.0000 0.1500
33.0000 0.1504
15.0000 0.1505
41.0000 0.1516
45.0000 0.1519
11.0000 0.1529
23.0000 0.1533
44.0000 0.1533
25.0000 0.1535
39.0000 0.1535
58.0000 0.1537
53.0000 0.1538
49.0000 0.1540
30.0000 0.1542
48.0000 0.1544
21.0000 0.1545
57.0000 0.1546
32.0000 0.1557
55.0000 0.1557
24.0000 0.1558
3.0000 0.1559
43.0000 0.1561
40.0000 0.1562
10.0000 0.1563
28.0000 0.1563
12.0000 0.1568
4.0000 0.1572
9.0000 0.1572
1.0000 0.1573
51.0000 0.1575
56.0000 0.1575
54.0000 0.1576
29.0000 0.1577
47.0000 0.1577
20.0000 0.1585
26.0000 0.1588
31.0000 0.1594
50.0000 0.1601
5.0000 0.1611
14.0000 0.1611
6.0000 0.1612
2.0000 0.1620
42.0000 0.1622
16.0000 0.1627
7.0000 0.1633
15.0000 0.1638
0.0000 0.1640
25.0000 0.1648
45.0000 0.1653
59.0000 0.1658
17.0000 0.1669
58.0000 0.1669
24.0000 0.1673
11.0000 0.1675
55.0000 0.1677
43.0000 0.1680
53.0000 0.1684
30.0000 0.1699
4.0000 0.1700
49.0000 0.1701
41.0000 0.1710
57.0000 0.1711
32.0000 0.1712
39.0000 0.1713
44.0000 0.1716
3.0000 0.1717
48.0000 0.1719
28.0000 0.1720
21.0000 0.1727
33.0000 0.1728
36.0000 0.1735
12.0000 0.1742
31.0000 0.1753
14.0000 0.1770
56.0000 0.1773
5.0000 0.1778
25.0000 0.1779
47.0000 0.1789
43.0000 0.1790
40.0000 0.1791
55.0000 0.1794
16.0000 0.1795
35.0000 0.1795
26.0000 0.1796
6.0000 0.1797
24.0000 0.1812
15.0000 0.1815
0.0000 0.1832
29.0000 0.1834
7.0000 0.1835
9.0000 0.1838
58.0000 0.1843
4.0000 0.1849
45.0000 0.1854
20.0000 0.1857
32.0000 0.1871
30.0000 0.1876
49.0000 0.1879
3.0000 0.1881
53.0000 0.1881
19.0000 0.1886
33.0000 0.1894
28.0000 0.1895
27.0000 0.1897
57.0000 0.1897
50.0000 0.1900
31.0000 0.1901
43.0000 0.1901
44.0000 0.1901
22.0000 0.1905
11.0000 0.1906
55.0000 0.1909
12.0000 0.1911
48.0000 0.1915
54.0000 0.1917
25.0000 0.1918
5.0000 0.1919
41.0000 0.1921
26.0000 0.1923
14.0000 0.1931
24.0000 0.1933
39.0000 0.1933
56.0000 0.1940
16.0000 0.1942
21.0000 0.1942
23.0000 0.1946
15.0000 0.1962
4.0000 0.1964
6.0000 0.1966
59.0000 0.1967
47.0000 0.1971
40.0000 0.1972
10.0000 0.1973
0.0000 0.1975
17.0000 0.1978
42.0000 0.1989
58.0000 0.1989
43.0000 0.1998
45.0000 0.1999
