0.0000 0.0000
1.0000 0.0000
2.0000 0.0000
3.0000 0.0000
4.0000 0.0000
5.0000 0.0000
6.0000 0.0000
7.0000 0.0000
8.0000 0.0000
9.0000 0.0000
10.0000 0.0000
11.0000 0.0000
12.0000 0.0000
13.0000 0.0000
14.0000 0.0000
15.0000 0.0000
16.0000 0.0000
17.0000 0.0000
18.0000 0.0000
19.0000 0.0000
20.0000 0.0000
21.0000 0.0000
22.0000 0.0000
23.0000 0.0000
24.0000 0.0000
25.0000 0.0000
26.0000 0.0000
27.0000 0.0000
28.0000 0.0000
29.0000 0.0000
30.0000 0.0000
31.0000 0.0000
32.0000 0.0000
33.0000 0.0000
34.0000 0.0000
35.0000 0.0000
36.0000 0.0000
37.0000 0.0000
38.0000 0.0000
39.0000 0.0000
40.0000 0.0000
41.0000 0.0000
42.0000 0.0000
43.0000 0.0000
44.0000 0.0000
45.0000 0.0000
46.0000 0.0000
47.0000 0.0000
48.0000 0.0000
49.0000 0.0000
50.0000 0.0000
51.0000 0.0000
52.0000 0.0000
53.0000 0.0000
54.0000 0.0000
55.0000 0.0000
56.0000 0.0000
57.0000 0.0000
58.0000 0.0000
59.0000 0.0000
60.0000 0.0000
61.0000 0.0000
62.0000 0.0000
63.0000 0.0000
64.0000 0.0000
65.0000 0.0000
66.0000 0.0000
67.0000 0.0000
68.0000 0.0000
69.0000 0.0000
70.0000 0.0000
71.0000 0.0000
72.0000 0.0000
73.0000 0.0000
74.0000 0.0000
75.0000 0.0000
76.0000 0.0000
77.0000 0.0000
78.0000 0.0000
79.0000 0.0000
80.0000 0.0000
81.0000 0.0000
82.0000 0.0000
83.0000 0.0000
84.0000 0.0000
85.0000 0.0000
86.0000 0.0000
87.0000 0.0000
88.0000 0.0000
89.0000 0.0000
90.0000 0.0000
91.0000 0.0000
92.0000 0.0000
93.0000 0.0000
94.0000 0.0000
95.0000 0.0000
96.0000 0.0000
97.0000 0.0000
98.0000 0.0000
99.0000 0.0000
100.0000 0.0000
101.0000 0.0000
102.0000 0.0000
103.0000 0.0000
104.0000 0.0000
105.0000 0.0000
106.0000 0.0000
107.0000 0.0000
108.0000 0.0000
109.0000 0.0000
110.0000 0.0000
111.0000 0.0000
112.0000 0.0000
113.0000 0.0000
114.0000 0.0000
115.0000 0.0000
116.0000 0.0000
117.0000 0.0000
118.0000 0.0000
119.0000 0.0000
120.0000 0.0000
121.0000 0.0000
122.0000 0.0000
123.0000 0.0000
124.0000 0.0000
125.0000 0.0000
126.0000 0.0000
127.0000 0.0000
128.0000 0.0000
129.0000 0.0000
130.0000 0.0000
131.0000 0.0000
132.0000 0.0000
133.0000 0.0000
134.0000 0.0000
135.0000 0.0000
136.0000 0.0000
137.0000 0.0000
138.0000 0.0000
139.0000 0.0000
140.0000 0.0000
141.0000 0.0000
142.0000 0.0000
143.0000 0.0000
144.0000 0.0000
145.0000 0.0000
146.0000 0.0000
147.0000 0.0000
148.0000 0.0000
149.0000 0.0000
164.0000 0.0037
206.0000 0.0037
211.0000 0.0038
195.0000 0.0041
221.0000 0.0045
226.0000 0.0046
202.0000 0.0049
219.0000 0.0050
229.0000 0.0050
169.0000 0.0052
217.0000 0.0052
220.0000 0.0052
176.0000 0.0053
208.0000 0.0053
199.0000 0.0054
155.0000 0.0055
159.0000 0.0055
224.0000 0.0056
228.0000 0.0056
207.0000 0.0057
180.0000 0.0058
200.0000 0.0058
234.0000 0.0058
156.0000 0.0059
223.0000 0.0059
166.0000 0.0060
186.0000 0.0060
235.0000 0.0060
236.0000 0.0065
157.0000 0.0066
209.0000 0.0066
227.0000 0.0066
230.0000 0.0066
177.0000 0.0067
197.0000 0.0067
152.0000 0.0068
213.0000 0.0068
233.0000 0.0068
212.0000 0.0069
171.0000 0.0070
175.0000 0.0071
168.0000 0.0072
178.0000 0.0072
214.0000 0.0072
216.0000 0.0072
170.0000 0.0073
188.0000 0.0074
153.0000 0.0075
185.0000 0.0076
165.0000 0.0077
182.0000 0.0077
190.0000 0.0077
210.0000 0.0077
222.0000 0.0078
162.0000 0.0080
158.0000 0.0081
150.0000 0.0085
231.0000 0.0088
141.0000 0.0091
160.0000 0.0091
183.0000 0.0096
17.0000 0.0101
32.0000 0.0110
193.0000 0.0112
232.0000 0.0112
203.0000 0.0114
142.0000 0.0115
76.0000 0.0116
205.0000 0.0116
55.0000 0.0117
101.0000 0.0118
83.0000 0.0122
102.0000 0.0122
98.0000 0.0125
103.0000 0.0126
87.0000 0.0127
71.0000 0.0129
90.0000 0.0129
1.0000 0.0130
39.0000 0.0130
85.0000 0.0135
24.0000 0.0140
3.0000 0.0141
0.0000 0.0143
30.0000 0.0143
60.0000 0.0146
10.0000 0.0149
49.0000 0.0149
19.0000 0.0150
62.0000 0.0151
195.0000 0.0152
25.0000 0.0154
184.0000 0.0156
82.0000 0.0159
35.0000 0.0162
80.0000 0.0163
48.0000 0.0166
115.0000 0.0166
18.0000 0.0167
2.0000 0.0170
59.0000 0.0171
181.0000 0.0173
116.0000 0.0178
61.0000 0.0179
74.0000 0.0179
100.0000 0.0182
154.0000 0.0182
45.0000 0.0183
137.0000 0.0183
92.0000 0.0184
8.0000 0.0185
68.0000 0.0186
206.0000 0.0186
6.0000 0.0187
72.0000 0.0189
132.0000 0.0189
50.0000 0.0190
130.0000 0.0191
145.0000 0.0192
198.0000 0.0193
67.0000 0.0196
36.0000 0.0200
97.0000 0.0200
141.0000 0.0200
134.0000 0.0201
86.0000 0.0203
66.0000 0.0205
164.0000 0.0205
4.0000 0.0206
21.0000 0.0207
65.0000 0.0208
40.0000 0.0210
46.0000 0.0210
211.0000 0.0210
122.0000 0.0212
31.0000 0.0213
70.0000 0.0215
237.0000 0.0215
9.0000 0.0216
217.0000 0.0218
29.0000 0.0219
172.0000 0.0219
28.0000 0.0222
128.0000 0.0222
218.0000 0.0222
126.0000 0.0223
124.0000 0.0229
73.0000 0.0231
140.0000 0.0235
147.0000 0.0240
194.0000 0.0240
224.0000 0.0240
55.0000 0.0241
182.0000 0.0241
229.0000 0.0244
84.0000 0.0245
17.0000 0.0247
188.0000 0.0248
197.0000 0.0249
207.0000 0.0251
212.0000 0.0251
91.0000 0.0255
153.0000 0.0256
42.0000 0.0258
43.0000 0.0259
157.0000 0.0259
226.0000 0.0259
88.0000 0.0260
210.0000 0.0261
5.0000 0.0262
112.0000 0.0262
1.0000 0.0270
83.0000 0.0271
135.0000 0.0271
216.0000 0.0273
178.0000 0.0274
37.0000 0.0275
52.0000 0.0275
32.0000 0.0276
27.0000 0.0277
71.0000 0.0277
156.0000 0.0277
219.0000 0.0278
136.0000 0.0279
171.0000 0.0280
149.0000 0.0281
158.0000 0.0282
103.0000 0.0283
118.0000 0.0283
238.0000 0.0283
152.0000 0.0285
155.0000 0.0287
77.0000 0.0288
168.0000 0.0289
139.0000 0.0292
151.0000 0.0293
231.0000 0.0294
3.0000 0.0296
220.0000 0.0297
30.0000 0.0299
162.0000 0.0299
165.0000 0.0300
53.0000 0.0301
87.0000 0.0301
98.0000 0.0302
94.0000 0.0305
90.0000 0.0306
78.0000 0.0307
166.0000 0.0307
195.0000 0.0307
63.0000 0.0308
69.0000 0.0308
39.0000 0.0311
117.0000 0.0311
206.0000 0.0311
24.0000 0.0314
167.0000 0.0314
102.0000 0.0318
169.0000 0.0319
14.0000 0.0320
186.0000 0.0320
221.0000 0.0321
202.0000 0.0324
227.0000 0.0326
141.0000 0.0327
10.0000 0.0328
180.0000 0.0328
142.0000 0.0329
76.0000 0.0330
15.0000 0.0331
79.0000 0.0331
209.0000 0.0331
233.0000 0.0333
183.0000 0.0334
60.0000 0.0338
82.0000 0.0338
115.0000 0.0338
214.0000 0.0338
25.0000 0.0339
85.0000 0.0339
7.0000 0.0340
176.0000 0.0340
101.0000 0.0341
2.0000 0.0342
49.0000 0.0343
203.0000 0.0346
138.0000 0.0348
0.0000 0.0349
228.0000 0.0350
179.0000 0.0351
175.0000 0.0353
170.0000 0.0355
159.0000 0.0356
80.0000 0.0358
199.0000 0.0358
35.0000 0.0364
164.0000 0.0365
111.0000 0.0371
217.0000 0.0371
62.0000 0.0374
74.0000 0.0377
100.0000 0.0378
18.0000 0.0381
222.0000 0.0381
59.0000 0.0382
190.0000 0.0386
17.0000 0.0387
153.0000 0.0392
61.0000 0.0393
55.0000 0.0396
92.0000 0.0397
212.0000 0.0397
9.0000 0.0398
28.0000 0.0407
216.0000 0.0407
188.0000 0.0408
4.0000 0.0409
48.0000 0.0409
19.0000 0.0410
16.0000 0.0416
126.0000 0.0416
57.0000 0.0420
197.0000 0.0420
184.0000 0.0421
145.0000 0.0422
224.0000 0.0423
211.0000 0.0427
124.0000 0.0428
6.0000 0.0433
207.0000 0.0435
236.0000 0.0437
109.0000 0.0438
83.0000 0.0442
223.0000 0.0443
103.0000 0.0446
141.0000 0.0451
171.0000 0.0452
36.0000 0.0457
32.0000 0.0459
50.0000 0.0464
68.0000 0.0464
195.0000 0.0466
86.0000 0.0470
182.0000 0.0474
39.0000 0.0475
67.0000 0.0475
225.0000 0.0477
116.0000 0.0479
200.0000 0.0479
237.0000 0.0479
29.0000 0.0483
97.0000 0.0483
137.0000 0.0484
1.0000 0.0487
155.0000 0.0488
70.0000 0.0489
3.0000 0.0492
178.0000 0.0492
210.0000 0.0492
87.0000 0.0493
162.0000 0.0494
152.0000 0.0495
72.0000 0.0496
30.0000 0.0498
174.0000 0.0499
206.0000 0.0501
71.0000 0.0503
90.0000 0.0503
84.0000 0.0505
102.0000 0.0505
229.0000 0.0505
66.0000 0.0507
8.0000 0.0509
132.0000 0.0509
73.0000 0.0512
220.0000 0.0517
2.0000 0.0518
123.0000 0.0520
158.0000 0.0523
10.0000 0.0524
156.0000 0.0524
121.0000 0.0525
130.0000 0.0529
173.0000 0.0533
27.0000 0.0536
157.0000 0.0544
233.0000 0.0549
55.0000 0.0550
85.0000 0.0553
49.0000 0.0555
183.0000 0.0558
76.0000 0.0559
135.0000 0.0561
212.0000 0.0562
24.0000 0.0565
160.0000 0.0570
216.0000 0.0576
9.0000 0.0578
115.0000 0.0579
168.0000 0.0581
134.0000 0.0586
217.0000 0.0591
141.0000 0.0596
153.0000 0.0599
25.0000 0.0601
60.0000 0.0605
98.0000 0.0609
226.0000 0.0622
169.0000 0.0624
165.0000 0.0627
166.0000 0.0629
117.0000 0.0653
103.0000 0.0674
