11.0000 0.0042
43.0000 0.0044
57.0000 0.0046
15.0000 0.0048
58.0000 0.0048
44.0000 0.0051
34.0000 0.0052
41.0000 0.0052
35.0000 0.0053
3.0000 0.0054
33.0000 0.0054
0.0000 0.0057
6.0000 0.0057
17.0000 0.0058
28.0000 0.0058
29.0000 0.0058
13.0000 0.0059
21.0000 0.0060
59.0000 0.0061
9.0000 0.0062
18.0000 0.0062
23.0000 0.0062
53.0000 0.0062
2.0000 0.0063
5.0000 0.0065
19.0000 0.0065
26.0000 0.0065
47.0000 0.0065
30.0000 0.0070
24.0000 0.0077
54.0000 0.0080
4.0000 0.0084
27.0000 0.0084
39.0000 0.0087
36.0000 0.0089
40.0000 0.0090
10.0000 0.0091
20.0000 0.0095
55.0000 0.0101
42.0000 0.0138
31.0000 0.0146
3.0000 0.0216
38.0000 0.0216
11.0000 0.0225
44.0000 0.0227
34.0000 0.0233
25.0000 0.0247
33.0000 0.0248
26.0000 0.0298
45.0000 0.0298
2.0000 0.0339
