0.0000 0.0000
1.0000 0.0000
2.0000 0.0000
3.0000 0.0000
4.0000 0.0000
5.0000 0.0000
6.0000 0.0000
7.0000 0.0000
8.0000 0.0000
9.0000 0.0000
10.0000 0.0000
11.0000 0.0000
12.0000 0.0000
13.0000 0.0000
14.0000 0.0000
15.0000 0.0000
16.0000 0.0000
17.0000 0.0000
18.0000 0.0000
19.0000 0.0000
20.0000 0.0000
21.0000 0.0000
22.0000 0.0000
23.0000 0.0000
24.0000 0.0000
25.0000 0.0000
26.0000 0.0000
27.0000 0.0000
28.0000 0.0000
29.0000 0.0000
30.0000 0.0000
31.0000 0.0000
32.0000 0.0000
33.0000 0.0000
34.0000 0.0000
35.0000 0.0000
36.0000 0.0000
37.0000 0.0000
38.0000 0.0000
39.0000 0.0000
40.0000 0.0000
41.0000 0.0000
42.0000 0.0000
43.0000 0.0000
44.0000 0.0000
45.0000 0.0000
46.0000 0.0000
47.0000 0.0000
48.0000 0.0000
49.0000 0.0000
50.0000 0.0000
51.0000 0.0000
52.0000 0.0000
53.0000 0.0000
54.0000 0.0000
55.0000 0.0000
56.0000 0.0000
57.0000 0.0000
58.0000 0.0000
59.0000 0.0000
60.0000 0.0000
61.0000 0.0000
62.0000 0.0000
63.0000 0.0000
64.0000 0.0000
65.0000 0.0000
66.0000 0.0000
67.0000 0.0000
68.0000 0.0000
69.0000 0.0000
70.0000 0.0000
71.0000 0.0000
72.0000 0.0000
73.0000 0.0000
74.0000 0.0000
75.0000 0.0000
76.0000 0.0000
77.0000 0.0000
78.0000 0.0000
79.0000 0.0000
80.0000 0.0000
81.0000 0.0000
82.0000 0.0000
83.0000 0.0000
84.0000 0.0000
85.0000 0.0000
86.0000 0.0000
87.0000 0.0000
88.0000 0.0000
89.0000 0.0000
90.0000 0.0000
91.0000 0.0000
92.0000 0.0000
93.0000 0.0000
94.0000 0.0000
95.0000 0.0000
96.0000 0.0000
97.0000 0.0000
98.0000 0.0000
99.0000 0.0000
100.0000 0.0000
101.0000 0.0000
102.0000 0.0000
103.0000 0.0000
104.0000 0.0000
105.0000 0.0000
106.0000 0.0000
107.0000 0.0000
108.0000 0.0000
109.0000 0.0000
110.0000 0.0000
111.0000 0.0000
112.0000 0.0000
113.0000 0.0000
114.0000 0.0000
115.0000 0.0000
116.0000 0.0000
117.0000 0.0000
118.0000 0.0000
119.0000 0.0000
120.0000 0.0000
121.0000 0.0000
122.0000 0.0000
123.0000 0.0000
124.0000 0.0000
125.0000 0.0000
126.0000 0.0000
127.0000 0.0000
128.0000 0.0000
129.0000 0.0000
130.0000 0.0000
131.0000 0.0000
132.0000 0.0000
133.0000 0.0000
134.0000 0.0000
135.0000 0.0000
136.0000 0.0000
137.0000 0.0000
138.0000 0.0000
139.0000 0.0000
140.0000 0.0000
141.0000 0.0000
142.0000 0.0000
143.0000 0.0000
144.0000 0.0000
145.0000 0.0000
146.0000 0.0000
147.0000 0.0000
148.0000 0.0000
149.0000 0.0000
166.0000 0.0037
172.0000 0.0040
168.0000 0.0048
187.0000 0.0050
169.0000 0.0051
209.0000 0.0051
150.0000 0.0052
185.0000 0.0052
156.0000 0.0053
195.0000 0.0054
201.0000 0.0058
212.0000 0.0058
239.0000 0.0061
171.0000 0.0062
198.0000 0.0062
200.0000 0.0062
234.0000 0.0062
238.0000 0.0062
184.0000 0.0063
190.0000 0.0063
170.0000 0.0064
174.0000 0.0064
167.0000 0.0065
158.0000 0.0066
159.0000 0.0067
176.0000 0.0067
179.0000 0.0067
224.0000 0.0067
188.0000 0.0069
191.0000 0.0070
164.0000 0.0071
165.0000 0.0072
214.0000 0.0072
218.0000 0.0072
223.0000 0.0072
232.0000 0.0072
207.0000 0.0073
180.0000 0.0075
175.0000 0.0076
226.0000 0.0076
228.0000 0.0076
161.0000 0.0077
189.0000 0.0079
160.0000 0.0082
237.0000 0.0082
152.0000 0.0084
186.0000 0.0084
236.0000 0.0085
196.0000 0.0090
151.0000 0.0094
81.0000 0.0097
225.0000 0.0100
71.0000 0.0110
93.0000 0.0111
177.0000 0.0112
67.0000 0.0115
131.0000 0.0115
157.0000 0.0115
49.0000 0.0117
2.0000 0.0118
140.0000 0.0119
141.0000 0.0120
6.0000 0.0122
64.0000 0.0126
98.0000 0.0129
85.0000 0.0131
102.0000 0.0132
76.0000 0.0134
86.0000 0.0134
112.0000 0.0136
120.0000 0.0136
194.0000 0.0136
55.0000 0.0137
144.0000 0.0138
74.0000 0.0139
110.0000 0.0140
25.0000 0.0141
12.0000 0.0143
235.0000 0.0143
37.0000 0.0144
21.0000 0.0146
18.0000 0.0147
53.0000 0.0148
138.0000 0.0148
78.0000 0.0149
80.0000 0.0151
8.0000 0.0152
119.0000 0.0153
219.0000 0.0153
15.0000 0.0154
92.0000 0.0154
19.0000 0.0155
36.0000 0.0155
41.0000 0.0155
137.0000 0.0156
90.0000 0.0157
128.0000 0.0157
230.0000 0.0160
29.0000 0.0163
48.0000 0.0164
77.0000 0.0164
91.0000 0.0164
149.0000 0.0167
187.0000 0.0170
7.0000 0.0174
34.0000 0.0174
4.0000 0.0175
125.0000 0.0175
14.0000 0.0176
116.0000 0.0176
127.0000 0.0176
163.0000 0.0176
193.0000 0.0176
197.0000 0.0176
56.0000 0.0177
113.0000 0.0177
136.0000 0.0179
52.0000 0.0185
148.0000 0.0185
121.0000 0.0186
195.0000 0.0186
61.0000 0.0187
109.0000 0.0189
10.0000 0.0190
233.0000 0.0190
68.0000 0.0191
183.0000 0.0192
209.0000 0.0193
13.0000 0.0194
97.0000 0.0194
166.0000 0.0194
168.0000 0.0194
182.0000 0.0195
132.0000 0.0197
227.0000 0.0199
155.0000 0.0200
210.0000 0.0202
238.0000 0.0202
32.0000 0.0204
202.0000 0.0204
214.0000 0.0204
30.0000 0.0206
192.0000 0.0206
96.0000 0.0211
35.0000 0.0212
94.0000 0.0212
213.0000 0.0212
9.0000 0.0218
71.0000 0.0218
234.0000 0.0219
69.0000 0.0221
93.0000 0.0221
118.0000 0.0221
22.0000 0.0223
170.0000 0.0223
212.0000 0.0223
150.0000 0.0224
185.0000 0.0225
206.0000 0.0228
72.0000 0.0229
81.0000 0.0229
188.0000 0.0229
115.0000 0.0230
44.0000 0.0233
153.0000 0.0234
50.0000 0.0235
140.0000 0.0235
123.0000 0.0237
31.0000 0.0238
6.0000 0.0239
79.0000 0.0239
162.0000 0.0239
2.0000 0.0240
54.0000 0.0241
131.0000 0.0241
133.0000 0.0241
180.0000 0.0241
225.0000 0.0241
49.0000 0.0242
205.0000 0.0243
200.0000 0.0244
215.0000 0.0244
16.0000 0.0245
156.0000 0.0245
226.0000 0.0245
174.0000 0.0246
124.0000 0.0247
141.0000 0.0248
201.0000 0.0248
176.0000 0.0249
105.0000 0.0251
159.0000 0.0251
171.0000 0.0251
199.0000 0.0251
85.0000 0.0253
142.0000 0.0253
229.0000 0.0253
204.0000 0.0254
228.0000 0.0254
64.0000 0.0255
190.0000 0.0255
20.0000 0.0256
65.0000 0.0257
38.0000 0.0258
198.0000 0.0258
76.0000 0.0259
161.0000 0.0259
186.0000 0.0259
191.0000 0.0259
67.0000 0.0260
99.0000 0.0261
98.0000 0.0262
51.0000 0.0263
108.0000 0.0263
207.0000 0.0263
223.0000 0.0263
232.0000 0.0263
40.0000 0.0264
160.0000 0.0264
17.0000 0.0266
21.0000 0.0268
218.0000 0.0268
138.0000 0.0269
237.0000 0.0269
57.0000 0.0270
102.0000 0.0271
167.0000 0.0271
175.0000 0.0271
42.0000 0.0272
25.0000 0.0273
83.0000 0.0273
137.0000 0.0273
158.0000 0.0273
80.0000 0.0274
18.0000 0.0276
82.0000 0.0276
90.0000 0.0277
63.0000 0.0278
165.0000 0.0278
231.0000 0.0278
12.0000 0.0279
74.0000 0.0279
36.0000 0.0280
112.0000 0.0280
122.0000 0.0280
5.0000 0.0281
37.0000 0.0281
53.0000 0.0281
120.0000 0.0282
86.0000 0.0283
189.0000 0.0283
78.0000 0.0284
106.0000 0.0285
144.0000 0.0285
19.0000 0.0287
95.0000 0.0287
239.0000 0.0289
89.0000 0.0290
107.0000 0.0290
91.0000 0.0291
92.0000 0.0291
164.0000 0.0292
8.0000 0.0293
126.0000 0.0294
48.0000 0.0296
55.0000 0.0297
145.0000 0.0299
187.0000 0.0299
87.0000 0.0300
184.0000 0.0300
119.0000 0.0301
4.0000 0.0302
224.0000 0.0303
77.0000 0.0306
169.0000 0.0307
128.0000 0.0308
214.0000 0.0308
41.0000 0.0309
59.0000 0.0310
149.0000 0.0310
135.0000 0.0311
60.0000 0.0314
110.0000 0.0314
195.0000 0.0315
15.0000 0.0316
127.0000 0.0316
166.0000 0.0316
13.0000 0.0317
168.0000 0.0317
172.0000 0.0318
150.0000 0.0319
194.0000 0.0323
104.0000 0.0324
209.0000 0.0324
238.0000 0.0324
81.0000 0.0325
116.0000 0.0325
71.0000 0.0327
7.0000 0.0330
11.0000 0.0330
34.0000 0.0330
93.0000 0.0331
32.0000 0.0332
52.0000 0.0333
88.0000 0.0334
113.0000 0.0334
196.0000 0.0334
125.0000 0.0335
140.0000 0.0337
134.0000 0.0339
29.0000 0.0340
56.0000 0.0340
132.0000 0.0340
1.0000 0.0342
2.0000 0.0342
14.0000 0.0342
97.0000 0.0342
136.0000 0.0343
49.0000 0.0346
131.0000 0.0346
61.0000 0.0348
170.0000 0.0350
0.0000 0.0354
152.0000 0.0354
68.0000 0.0355
98.0000 0.0357
188.0000 0.0357
225.0000 0.0357
141.0000 0.0358
85.0000 0.0359
212.0000 0.0360
6.0000 0.0361
30.0000 0.0361
234.0000 0.0362
22.0000 0.0363
64.0000 0.0364
76.0000 0.0364
179.0000 0.0364
84.0000 0.0366
129.0000 0.0366
185.0000 0.0369
180.0000 0.0370
35.0000 0.0372
69.0000 0.0372
109.0000 0.0373
157.0000 0.0374
161.0000 0.0374
226.0000 0.0375
10.0000 0.0377
67.0000 0.0378
137.0000 0.0379
27.0000 0.0380
138.0000 0.0380
197.0000 0.0380
176.0000 0.0381
18.0000 0.0382
36.0000 0.0385
75.0000 0.0385
80.0000 0.0386
118.0000 0.0386
12.0000 0.0388
201.0000 0.0388
90.0000 0.0390
102.0000 0.0392
174.0000 0.0392
200.0000 0.0392
9.0000 0.0393
228.0000 0.0393
25.0000 0.0394
171.0000 0.0394
160.0000 0.0396
44.0000 0.0397
21.0000 0.0401
37.0000 0.0402
53.0000 0.0402
121.0000 0.0402
156.0000 0.0402
186.0000 0.0402
233.0000 0.0402
191.0000 0.0403
78.0000 0.0404
198.0000 0.0404
92.0000 0.0405
74.0000 0.0406
151.0000 0.0406
235.0000 0.0407
96.0000 0.0409
232.0000 0.0409
86.0000 0.0410
115.0000 0.0410
94.0000 0.0411
91.0000 0.0413
79.0000 0.0414
3.0000 0.0415
133.0000 0.0416
236.0000 0.0416
71.0000 0.0418
187.0000 0.0418
144.0000 0.0419
55.0000 0.0420
123.0000 0.0420
8.0000 0.0421
105.0000 0.0422
120.0000 0.0422
19.0000 0.0423
112.0000 0.0423
195.0000 0.0424
148.0000 0.0425
230.0000 0.0425
119.0000 0.0426
147.0000 0.0426
210.0000 0.0426
38.0000 0.0428
175.0000 0.0428
214.0000 0.0428
93.0000 0.0429
43.0000 0.0430
159.0000 0.0430
193.0000 0.0430
128.0000 0.0432
238.0000 0.0432
20.0000 0.0433
81.0000 0.0434
209.0000 0.0434
16.0000 0.0435
23.0000 0.0435
140.0000 0.0435
189.0000 0.0435
168.0000 0.0436
223.0000 0.0436
4.0000 0.0437
48.0000 0.0437
155.0000 0.0438
237.0000 0.0438
218.0000 0.0439
219.0000 0.0439
166.0000 0.0441
182.0000 0.0441
217.0000 0.0441
72.0000 0.0442
150.0000 0.0442
54.0000 0.0443
77.0000 0.0443
50.0000 0.0444
167.0000 0.0444
2.0000 0.0446
190.0000 0.0446
239.0000 0.0446
142.0000 0.0447
222.0000 0.0447
49.0000 0.0450
127.0000 0.0450
31.0000 0.0451
131.0000 0.0451
149.0000 0.0451
13.0000 0.0452
65.0000 0.0452
183.0000 0.0453
85.0000 0.0456
42.0000 0.0457
165.0000 0.0458
203.0000 0.0460
110.0000 0.0461
158.0000 0.0465
6.0000 0.0467
14.0000 0.0468
99.0000 0.0469
113.0000 0.0470
15.0000 0.0471
98.0000 0.0471
225.0000 0.0473
76.0000 0.0474
141.0000 0.0475
40.0000 0.0477
56.0000 0.0477
97.0000 0.0477
177.0000 0.0478
41.0000 0.0480
164.0000 0.0480
202.0000 0.0480
34.0000 0.0481
64.0000 0.0481
206.0000 0.0481
32.0000 0.0482
234.0000 0.0482
136.0000 0.0484
138.0000 0.0484
194.0000 0.0484
68.0000 0.0485
188.0000 0.0485
125.0000 0.0486
137.0000 0.0488
124.0000 0.0489
227.0000 0.0489
36.0000 0.0490
52.0000 0.0490
229.0000 0.0490
180.0000 0.0491
132.0000 0.0492
51.0000 0.0493
116.0000 0.0493
7.0000 0.0494
170.0000 0.0494
29.0000 0.0495
80.0000 0.0495
67.0000 0.0498
90.0000 0.0498
207.0000 0.0498
83.0000 0.0499
18.0000 0.0500
102.0000 0.0500
224.0000 0.0500
78.0000 0.0503
212.0000 0.0504
25.0000 0.0505
30.0000 0.0506
101.0000 0.0507
12.0000 0.0511
21.0000 0.0511
111.0000 0.0511
122.0000 0.0511
163.0000 0.0511
226.0000 0.0511
200.0000 0.0513
53.0000 0.0514
57.0000 0.0514
61.0000 0.0514
108.0000 0.0514
174.0000 0.0515
185.0000 0.0515
82.0000 0.0516
176.0000 0.0516
126.0000 0.0518
161.0000 0.0518
22.0000 0.0519
91.0000 0.0520
71.0000 0.0521
214.0000 0.0521
37.0000 0.0523
171.0000 0.0526
69.0000 0.0527
35.0000 0.0528
228.0000 0.0528
184.0000 0.0529
81.0000 0.0530
186.0000 0.0530
24.0000 0.0531
93.0000 0.0531
74.0000 0.0532
86.0000 0.0532
140.0000 0.0534
120.0000 0.0535
187.0000 0.0535
195.0000 0.0536
95.0000 0.0537
196.0000 0.0537
92.0000 0.0538
109.0000 0.0539
144.0000 0.0540
198.0000 0.0540
160.0000 0.0542
204.0000 0.0542
168.0000 0.0543
201.0000 0.0543
17.0000 0.0544
2.0000 0.0545
112.0000 0.0545
19.0000 0.0546
63.0000 0.0546
5.0000 0.0547
156.0000 0.0547
55.0000 0.0548
166.0000 0.0549
119.0000 0.0551
131.0000 0.0551
150.0000 0.0551
169.0000 0.0551
162.0000 0.0552
238.0000 0.0552
60.0000 0.0553
85.0000 0.0553
152.0000 0.0553
192.0000 0.0553
10.0000 0.0554
106.0000 0.0554
191.0000 0.0554
232.0000 0.0556
8.0000 0.0557
128.0000 0.0557
49.0000 0.0558
96.0000 0.0560
4.0000 0.0561
48.0000 0.0562
118.0000 0.0564
172.0000 0.0565
209.0000 0.0565
9.0000 0.0567
87.0000 0.0567
77.0000 0.0569
133.0000 0.0570
149.0000 0.0570
175.0000 0.0570
6.0000 0.0572
98.0000 0.0572
134.0000 0.0575
141.0000 0.0575
237.0000 0.0575
76.0000 0.0576
44.0000 0.0577
64.0000 0.0578
107.0000 0.0579
88.0000 0.0580
145.0000 0.0581
104.0000 0.0582
127.0000 0.0582
197.0000 0.0582
13.0000 0.0583
38.0000 0.0583
121.0000 0.0585
123.0000 0.0585
225.0000 0.0587
159.0000 0.0591
211.0000 0.0593
105.0000 0.0595
137.0000 0.0596
138.0000 0.0597
18.0000 0.0600
36.0000 0.0601
80.0000 0.0601
188.0000 0.0601
67.0000 0.0602
90.0000 0.0604
213.0000 0.0605
231.0000 0.0606
234.0000 0.0606
102.0000 0.0607
189.0000 0.0607
167.0000 0.0610
218.0000 0.0610
71.0000 0.0611
97.0000 0.0611
179.0000 0.0611
25.0000 0.0612
190.0000 0.0612
89.0000 0.0613
110.0000 0.0613
148.0000 0.0614
239.0000 0.0615
14.0000 0.0616
170.0000 0.0616
78.0000 0.0618
12.0000 0.0619
16.0000 0.0619
41.0000 0.0620
68.0000 0.0620
94.0000 0.0620
214.0000 0.0620
72.0000 0.0621
180.0000 0.0621
1.0000 0.0622
142.0000 0.0622
15.0000 0.0623
113.0000 0.0623
115.0000 0.0623
79.0000 0.0624
165.0000 0.0624
223.0000 0.0625
65.0000 0.0626
32.0000 0.0627
125.0000 0.0627
52.0000 0.0628
56.0000 0.0629
84.0000 0.0629
174.0000 0.0630
53.0000 0.0631
226.0000 0.0631
7.0000 0.0632
185.0000 0.0632
200.0000 0.0632
233.0000 0.0632
91.0000 0.0633
116.0000 0.0634
20.0000 0.0635
50.0000 0.0635
93.0000 0.0635
194.0000 0.0635
212.0000 0.0635
21.0000 0.0637
42.0000 0.0637
81.0000 0.0637
132.0000 0.0638
157.0000 0.0638
176.0000 0.0638
161.0000 0.0639
193.0000 0.0640
230.0000 0.0641
136.0000 0.0642
153.0000 0.0642
30.0000 0.0643
140.0000 0.0643
37.0000 0.0644
195.0000 0.0644
34.0000 0.0645
210.0000 0.0646
86.0000 0.0647
54.0000 0.0648
158.0000 0.0648
171.0000 0.0649
235.0000 0.0650
92.0000 0.0651
131.0000 0.0651
182.0000 0.0652
70.0000 0.0653
120.0000 0.0653
135.0000 0.0653
2.0000 0.0654
29.0000 0.0655
59.0000 0.0655
228.0000 0.0655
40.0000 0.0657
74.0000 0.0657
22.0000 0.0658
49.0000 0.0658
99.0000 0.0658
85.0000 0.0659
168.0000 0.0660
186.0000 0.0660
55.0000 0.0661
187.0000 0.0661
207.0000 0.0661
150.0000 0.0662
155.0000 0.0662
164.0000 0.0663
166.0000 0.0664
8.0000 0.0667
144.0000 0.0667
156.0000 0.0667
119.0000 0.0668
35.0000 0.0671
198.0000 0.0671
98.0000 0.0672
114.0000 0.0672
209.0000 0.0672
64.0000 0.0673
151.0000 0.0674
76.0000 0.0675
6.0000 0.0676
219.0000 0.0676
238.0000 0.0676
141.0000 0.0677
48.0000 0.0679
51.0000 0.0679
69.0000 0.0679
112.0000 0.0679
19.0000 0.0683
103.0000 0.0685
128.0000 0.0686
61.0000 0.0687
183.0000 0.0687
236.0000 0.0687
160.0000 0.0689
201.0000 0.0690
4.0000 0.0692
149.0000 0.0692
13.0000 0.0693
137.0000 0.0693
225.0000 0.0694
18.0000 0.0695
77.0000 0.0695
232.0000 0.0697
36.0000 0.0698
11.0000 0.0699
80.0000 0.0699
127.0000 0.0700
229.0000 0.0700
90.0000 0.0702
138.0000 0.0703
71.0000 0.0705
118.0000 0.0706
199.0000 0.0706
10.0000 0.0708
109.0000 0.0710
31.0000 0.0714
191.0000 0.0714
25.0000 0.0715
122.0000 0.0716
234.0000 0.0719
67.0000 0.0720
214.0000 0.0720
237.0000 0.0721
124.0000 0.0725
12.0000 0.0726
133.0000 0.0726
169.0000 0.0726
78.0000 0.0727
159.0000 0.0727
81.0000 0.0728
93.0000 0.0728
175.0000 0.0729
83.0000 0.0730
206.0000 0.0730
9.0000 0.0731
82.0000 0.0731
38.0000 0.0732
188.0000 0.0732
102.0000 0.0733
53.0000 0.0736
121.0000 0.0737
140.0000 0.0737
224.0000 0.0738
152.0000 0.0741
91.0000 0.0742
180.0000 0.0745
227.0000 0.0745
106.0000 0.0746
75.0000 0.0747
195.0000 0.0748
184.0000 0.0749
14.0000 0.0751
131.0000 0.0753
96.0000 0.0754
97.0000 0.0754
85.0000 0.0755
125.0000 0.0755
62.0000 0.0757
123.0000 0.0757
196.0000 0.0758
86.0000 0.0760
21.0000 0.0761
44.0000 0.0761
239.0000 0.0761
49.0000 0.0762
170.0000 0.0763
185.0000 0.0763
223.0000 0.0763
2.0000 0.0764
15.0000 0.0764
32.0000 0.0764
189.0000 0.0764
168.0000 0.0766
37.0000 0.0767
176.0000 0.0767
56.0000 0.0768
110.0000 0.0769
161.0000 0.0770
41.0000 0.0771
218.0000 0.0771
113.0000 0.0772
165.0000 0.0772
200.0000 0.0772
212.0000 0.0773
187.0000 0.0774
6.0000 0.0775
92.0000 0.0777
226.0000 0.0777
171.0000 0.0778
98.0000 0.0779
228.0000 0.0779
174.0000 0.0780
68.0000 0.0781
105.0000 0.0782
76.0000 0.0783
141.0000 0.0783
197.0000 0.0783
30.0000 0.0784
177.0000 0.0784
150.0000 0.0785
167.0000 0.0785
47.0000 0.0786
95.0000 0.0787
126.0000 0.0787
52.0000 0.0789
55.0000 0.0789
64.0000 0.0789
74.0000 0.0790
186.0000 0.0790
8.0000 0.0791
120.0000 0.0791
43.0000 0.0792
132.0000 0.0793
116.0000 0.0795
166.0000 0.0795
29.0000 0.0796
108.0000 0.0797
144.0000 0.0797
194.0000 0.0797
136.0000 0.0798
158.0000 0.0800
119.0000 0.0801
7.0000 0.0802
134.0000 0.0803
209.0000 0.0803
238.0000 0.0803
27.0000 0.0804
48.0000 0.0804
215.0000 0.0805
225.0000 0.0805
63.0000 0.0806
190.0000 0.0806
112.0000 0.0807
18.0000 0.0808
198.0000 0.0808
0.0000 0.0809
36.0000 0.0809
5.0000 0.0811
71.0000 0.0811
90.0000 0.0812
127.0000 0.0813
128.0000 0.0814
138.0000 0.0814
148.0000 0.0814
34.0000 0.0815
54.0000 0.0815
163.0000 0.0815
233.0000 0.0815
16.0000 0.0816
65.0000 0.0816
79.0000 0.0816
22.0000 0.0817
80.0000 0.0818
164.0000 0.0818
81.0000 0.0819
214.0000 0.0819
42.0000 0.0820
115.0000 0.0821
202.0000 0.0821
4.0000 0.0822
25.0000 0.0822
137.0000 0.0822
13.0000 0.0823
93.0000 0.0823
193.0000 0.0823
19.0000 0.0824
77.0000 0.0824
156.0000 0.0824
72.0000 0.0825
149.0000 0.0825
204.0000 0.0825
207.0000 0.0825
20.0000 0.0826
101.0000 0.0826
60.0000 0.0827
217.0000 0.0827
172.0000 0.0828
57.0000 0.0829
160.0000 0.0829
12.0000 0.0830
35.0000 0.0830
94.0000 0.0832
104.0000 0.0832
232.0000 0.0832
50.0000 0.0833
69.0000 0.0833
84.0000 0.0833
147.0000 0.0833
162.0000 0.0833
192.0000 0.0833
67.0000 0.0834
140.0000 0.0834
129.0000 0.0835
179.0000 0.0835
142.0000 0.0837
188.0000 0.0837
78.0000 0.0839
102.0000 0.0839
201.0000 0.0839
40.0000 0.0840
88.0000 0.0840
3.0000 0.0841
145.0000 0.0841
53.0000 0.0842
230.0000 0.0843
99.0000 0.0846
195.0000 0.0847
91.0000 0.0848
107.0000 0.0848
2.0000 0.0849
85.0000 0.0849
131.0000 0.0850
205.0000 0.0850
210.0000 0.0850
157.0000 0.0851
191.0000 0.0852
61.0000 0.0853
234.0000 0.0853
49.0000 0.0854
87.0000 0.0856
109.0000 0.0856
175.0000 0.0857
89.0000 0.0859
237.0000 0.0859
10.0000 0.0860
38.0000 0.0860
180.0000 0.0860
17.0000 0.0861
118.0000 0.0862
133.0000 0.0862
21.0000 0.0868
159.0000 0.0868
37.0000 0.0869
98.0000 0.0870
6.0000 0.0872
51.0000 0.0872
170.0000 0.0872
14.0000 0.0874
235.0000 0.0874
86.0000 0.0875
141.0000 0.0875
168.0000 0.0876
185.0000 0.0877
1.0000 0.0878
161.0000 0.0878
187.0000 0.0879
9.0000 0.0880
23.0000 0.0880
125.0000 0.0880
76.0000 0.0881
176.0000 0.0881
64.0000 0.0882
97.0000 0.0886
150.0000 0.0886
226.0000 0.0886
32.0000 0.0887
182.0000 0.0887
92.0000 0.0892
44.0000 0.0894
228.0000 0.0894
56.0000 0.0896
174.0000 0.0897
219.0000 0.0898
171.0000 0.0899
74.0000 0.0900
166.0000 0.0900
189.0000 0.0903
212.0000 0.0904
71.0000 0.0905
200.0000 0.0905
18.0000 0.0906
209.0000 0.0907
120.0000 0.0908
113.0000 0.0909
238.0000 0.0909
55.0000 0.0910
81.0000 0.0911
165.0000 0.0911
214.0000 0.0911
15.0000 0.0914
223.0000 0.0914
144.0000 0.0915
80.0000 0.0916
119.0000 0.0916
138.0000 0.0916
36.0000 0.0917
68.0000 0.0917
110.0000 0.0917
183.0000 0.0917
239.0000 0.0917
41.0000 0.0919
100.0000 0.0919
186.0000 0.0919
225.0000 0.0919
90.0000 0.0921
112.0000 0.0921
218.0000 0.0921
121.0000 0.0922
30.0000 0.0923
93.0000 0.0923
137.0000 0.0924
151.0000 0.0925
25.0000 0.0927
48.0000 0.0927
169.0000 0.0927
203.0000 0.0927
152.0000 0.0928
167.0000 0.0928
8.0000 0.0929
198.0000 0.0929
82.0000 0.0930
155.0000 0.0930
13.0000 0.0931
31.0000 0.0931
111.0000 0.0931
123.0000 0.0931
7.0000 0.0932
78.0000 0.0932
96.0000 0.0932
229.0000 0.0932
140.0000 0.0933
236.0000 0.0933
105.0000 0.0934
128.0000 0.0934
52.0000 0.0935
132.0000 0.0935
59.0000 0.0936
106.0000 0.0939
12.0000 0.0940
124.0000 0.0940
184.0000 0.0940
85.0000 0.0941
83.0000 0.0942
116.0000 0.0942
213.0000 0.0942
29.0000 0.0943
127.0000 0.0943
194.0000 0.0943
34.0000 0.0944
136.0000 0.0944
224.0000 0.0944
231.0000 0.0944
122.0000 0.0945
91.0000 0.0946
149.0000 0.0946
158.0000 0.0946
196.0000 0.0946
2.0000 0.0947
19.0000 0.0947
67.0000 0.0948
131.0000 0.0948
53.0000 0.0949
58.0000 0.0949
195.0000 0.0953
197.0000 0.0954
4.0000 0.0955
49.0000 0.0955
190.0000 0.0955
206.0000 0.0955
77.0000 0.0956
222.0000 0.0956
135.0000 0.0957
188.0000 0.0957
102.0000 0.0960
22.0000 0.0961
24.0000 0.0961
156.0000 0.0963
201.0000 0.0963
42.0000 0.0964
98.0000 0.0965
234.0000 0.0966
95.0000 0.0967
160.0000 0.0968
54.0000 0.0969
232.0000 0.0969
35.0000 0.0970
6.0000 0.0971
164.0000 0.0972
21.0000 0.0973
227.0000 0.0973
11.0000 0.0975
69.0000 0.0975
126.0000 0.0975
148.0000 0.0976
16.0000 0.0977
37.0000 0.0977
64.0000 0.0977
76.0000 0.0977
141.0000 0.0977
150.0000 0.0977
65.0000 0.0978
180.0000 0.0978
168.0000 0.0979
38.0000 0.0980
79.0000 0.0980
86.0000 0.0980
153.0000 0.0980
187.0000 0.0981
20.0000 0.0985
175.0000 0.0985
50.0000 0.0986
161.0000 0.0990
71.0000 0.0991
176.0000 0.0994
115.0000 0.0995
134.0000 0.0997
170.0000 0.0997
32.0000 0.0998
72.0000 0.0998
92.0000 0.0998
125.0000 0.0998
191.0000 0.0998
233.0000 0.0998
81.0000 0.0999
166.0000 0.0999
185.0000 0.0999
226.0000 0.0999
193.0000 0.1001
133.0000 0.1002
14.0000 0.1003
61.0000 0.1003
159.0000 0.1003
214.0000 0.1003
18.0000 0.1005
207.0000 0.1005
109.0000 0.1006
237.0000 0.1007
238.0000 0.1008
55.0000 0.1009
171.0000 0.1009
10.0000 0.1010
40.0000 0.1010
90.0000 0.1010
174.0000 0.1010
209.0000 0.1010
74.0000 0.1011
94.0000 0.1011
5.0000 0.1012
97.0000 0.1012
118.0000 0.1012
36.0000 0.1013
120.0000 0.1013
200.0000 0.1013
228.0000 0.1013
80.0000 0.1014
93.0000 0.1015
177.0000 0.1015
211.0000 0.1019
138.0000 0.1020
119.0000 0.1021
144.0000 0.1022
225.0000 0.1023
9.0000 0.1024
25.0000 0.1024
182.0000 0.1024
140.0000 0.1025
142.0000 0.1025
56.0000 0.1026
60.0000 0.1028
202.0000 0.1028
137.0000 0.1030
172.0000 0.1030
212.0000 0.1030
78.0000 0.1033
85.0000 0.1034
198.0000 0.1036
2.0000 0.1037
113.0000 0.1037
8.0000 0.1039
12.0000 0.1039
112.0000 0.1041
99.0000 0.1042
204.0000 0.1044
15.0000 0.1045
48.0000 0.1046
96.0000 0.1046
210.0000 0.1046
131.0000 0.1048
186.0000 0.1048
49.0000 0.1051
68.0000 0.1052
128.0000 0.1052
189.0000 0.1052
165.0000 0.1053
218.0000 0.1053
13.0000 0.1054
30.0000 0.1054
53.0000 0.1054
91.0000 0.1054
195.0000 0.1055
230.0000 0.1056
108.0000 0.1057
127.0000 0.1057
7.0000 0.1058
67.0000 0.1058
149.0000 0.1059
235.0000 0.1061
98.0000 0.1062
110.0000 0.1063
88.0000 0.1064
41.0000 0.1065
223.0000 0.1065
102.0000 0.1066
239.0000 0.1066
6.0000 0.1067
44.0000 0.1067
52.0000 0.1070
123.0000 0.1070
75.0000 0.1072
188.0000 0.1073
77.0000 0.1074
157.0000 0.1074
167.0000 0.1074
64.0000 0.1075
51.0000 0.1076
63.0000 0.1076
37.0000 0.1077
141.0000 0.1077
150.0000 0.1077
57.0000 0.1079
45.0000 0.1081
84.0000 0.1081
19.0000 0.1082
4.0000 0.1083
29.0000 0.1083
76.0000 0.1083
104.0000 0.1083
234.0000 0.1083
71.0000 0.1084
136.0000 0.1085
116.0000 0.1086
132.0000 0.1086
162.0000 0.1087
21.0000 0.1088
179.0000 0.1088
187.0000 0.1090
43.0000 0.1092
81.0000 0.1092
156.0000 0.1092
168.0000 0.1092
87.0000 0.1093
180.0000 0.1093
194.0000 0.1093
214.0000 0.1093
22.0000 0.1096
34.0000 0.1096
158.0000 0.1098
86.0000 0.1099
166.0000 0.1099
199.0000 0.1099
107.0000 0.1100
121.0000 0.1101
93.0000 0.1102
219.0000 0.1103
105.0000 0.1104
232.0000 0.1104
163.0000 0.1105
160.0000 0.1107
201.0000 0.1108
161.0000 0.1109
190.0000 0.1110
90.0000 0.1112
169.0000 0.1112
175.0000 0.1112
176.0000 0.1112
80.0000 0.1113
18.0000 0.1114
209.0000 0.1114
92.0000 0.1115
36.0000 0.1117
74.0000 0.1117
140.0000 0.1117
226.0000 0.1117
170.0000 0.1118
17.0000 0.1119
69.0000 0.1119
35.0000 0.1120
89.0000 0.1120
238.0000 0.1120
120.0000 0.1124
125.0000 0.1124
25.0000 0.1125
55.0000 0.1126
225.0000 0.1126
27.0000 0.1127
138.0000 0.1128
32.0000 0.1129
42.0000 0.1130
174.0000 0.1130
0.0000 0.1131
14.0000 0.1131
85.0000 0.1131
185.0000 0.1132
1.0000 0.1133
103.0000 0.1133
54.0000 0.1134
137.0000 0.1134
144.0000 0.1134
2.0000 0.1135
155.0000 0.1135
184.0000 0.1135
191.0000 0.1135
224.0000 0.1135
82.0000 0.1136
196.0000 0.1136
38.0000 0.1137
119.0000 0.1137
171.0000 0.1137
122.0000 0.1138
145.0000 0.1138
200.0000 0.1138
131.0000 0.1139
152.0000 0.1139
50.0000 0.1140
183.0000 0.1140
12.0000 0.1141
78.0000 0.1141
228.0000 0.1141
197.0000 0.1142
106.0000 0.1143
192.0000 0.1144
49.0000 0.1145
31.0000 0.1146
237.0000 0.1146
164.0000 0.1147
229.0000 0.1147
159.0000 0.1148
97.0000 0.1149
3.0000 0.1150
20.0000 0.1150
151.0000 0.1150
195.0000 0.1150
16.0000 0.1151
83.0000 0.1151
8.0000 0.1152
118.0000 0.1152
198.0000 0.1152
207.0000 0.1152
212.0000 0.1152
61.0000 0.1153
112.0000 0.1153
148.0000 0.1153
67.0000 0.1155
79.0000 0.1155
124.0000 0.1155
56.0000 0.1156
91.0000 0.1156
65.0000 0.1157
72.0000 0.1158
113.0000 0.1158
115.0000 0.1158
48.0000 0.1159
10.0000 0.1160
53.0000 0.1161
133.0000 0.1161
128.0000 0.1162
6.0000 0.1163
98.0000 0.1163
217.0000 0.1163
13.0000 0.1164
206.0000 0.1164
94.0000 0.1165
109.0000 0.1165
64.0000 0.1166
71.0000 0.1167
114.0000 0.1167
102.0000 0.1169
126.0000 0.1169
30.0000 0.1170
186.0000 0.1170
236.0000 0.1171
15.0000 0.1172
227.0000 0.1172
76.0000 0.1173
95.0000 0.1173
150.0000 0.1173
193.0000 0.1173
9.0000 0.1174
233.0000 0.1174
40.0000 0.1176
127.0000 0.1176
68.0000 0.1177
37.0000 0.1178
101.0000 0.1178
141.0000 0.1178
214.0000 0.1178
149.0000 0.1179
81.0000 0.1180
129.0000 0.1181
234.0000 0.1181
147.0000 0.1182
187.0000 0.1182
41.0000 0.1184
52.0000 0.1184
7.0000 0.1185
21.0000 0.1185
23.0000 0.1185
29.0000 0.1185
188.0000 0.1185
77.0000 0.1186
165.0000 0.1188
142.0000 0.1189
168.0000 0.1190
223.0000 0.1190
110.0000 0.1191
189.0000 0.1191
93.0000 0.1192
96.0000 0.1193
167.0000 0.1193
86.0000 0.1196
166.0000 0.1196
19.0000 0.1197
180.0000 0.1197
116.0000 0.1198
239.0000 0.1198
4.0000 0.1199
18.0000 0.1199
60.0000 0.1199
59.0000 0.1201
80.0000 0.1201
134.0000 0.1201
215.0000 0.1201
62.0000 0.1203
218.0000 0.1205
34.0000 0.1206
140.0000 0.1206
90.0000 0.1208
156.0000 0.1209
132.0000 0.1211
136.0000 0.1212
209.0000 0.1212
44.0000 0.1214
176.0000 0.1214
36.0000 0.1215
85.0000 0.1218
99.0000 0.1218
172.0000 0.1219
74.0000 0.1220
138.0000 0.1220
238.0000 0.1220
123.0000 0.1222
92.0000 0.1223
232.0000 0.1223
25.0000 0.1224
182.0000 0.1226
2.0000 0.1227
201.0000 0.1227
137.0000 0.1228
160.0000 0.1228
161.0000 0.1229
194.0000 0.1229
131.0000 0.1230
175.0000 0.1230
225.0000 0.1230
170.0000 0.1231
144.0000 0.1233
120.0000 0.1234
22.0000 0.1237
153.0000 0.1237
49.0000 0.1239
78.0000 0.1239
158.0000 0.1239
12.0000 0.1242
125.0000 0.1242
226.0000 0.1242
5.0000 0.1244
55.0000 0.1244
35.0000 0.1245
231.0000 0.1245
32.0000 0.1246
51.0000 0.1247
174.0000 0.1251
230.0000 0.1252
69.0000 0.1253
119.0000 0.1253
195.0000 0.1253
213.0000 0.1253
67.0000 0.1256
91.0000 0.1256
185.0000 0.1256
190.0000 0.1256
200.0000 0.1256
14.0000 0.1257
98.0000 0.1257
64.0000 0.1259
210.0000 0.1259
6.0000 0.1260
235.0000 0.1260
121.0000 0.1262
11.0000 0.1263
71.0000 0.1263
202.0000 0.1263
105.0000 0.1264
48.0000 0.1265
112.0000 0.1267
191.0000 0.1268
214.0000 0.1269
81.0000 0.1270
171.0000 0.1270
228.0000 0.1270
76.0000 0.1271
150.0000 0.1271
57.0000 0.1272
128.0000 0.1272
53.0000 0.1274
102.0000 0.1274
141.0000 0.1274
179.0000 0.1274
198.0000 0.1275
108.0000 0.1276
8.0000 0.1277
93.0000 0.1278
97.0000 0.1278
237.0000 0.1279
42.0000 0.1280
219.0000 0.1280
38.0000 0.1282
212.0000 0.1282
104.0000 0.1283
13.0000 0.1285
56.0000 0.1285
63.0000 0.1285
37.0000 0.1286
187.0000 0.1286
61.0000 0.1287
113.0000 0.1288
118.0000 0.1289
127.0000 0.1291
87.0000 0.1292
159.0000 0.1292
157.0000 0.1293
204.0000 0.1293
207.0000 0.1293
169.0000 0.1294
173.0000 0.1294
77.0000 0.1295
186.0000 0.1296
140.0000 0.1297
166.0000 0.1297
168.0000 0.1297
18.0000 0.1298
68.0000 0.1299
234.0000 0.1300
80.0000 0.1301
177.0000 0.1301
21.0000 0.1302
188.0000 0.1303
86.0000 0.1304
149.0000 0.1305
133.0000 0.1307
54.0000 0.1308
4.0000 0.1309
90.0000 0.1309
135.0000 0.1309
36.0000 0.1310
19.0000 0.1311
164.0000 0.1311
15.0000 0.1312
224.0000 0.1313
30.0000 0.1314
9.0000 0.1316
85.0000 0.1316
180.0000 0.1316
197.0000 0.1316
50.0000 0.1317
7.0000 0.1318
52.0000 0.1318
82.0000 0.1318
209.0000 0.1318
41.0000 0.1319
72.0000 0.1319
196.0000 0.1319
115.0000 0.1322
122.0000 0.1322
65.0000 0.1323
25.0000 0.1324
2.0000 0.1325
75.0000 0.1325
84.0000 0.1325
131.0000 0.1325
16.0000 0.1326
20.0000 0.1326
10.0000 0.1327
29.0000 0.1327
109.0000 0.1327
74.0000 0.1328
138.0000 0.1328
223.0000 0.1328
88.0000 0.1329
70.0000 0.1330
137.0000 0.1330
203.0000 0.1331
218.0000 0.1331
79.0000 0.1332
148.0000 0.1332
155.0000 0.1332
165.0000 0.1332
116.0000 0.1333
161.0000 0.1333
167.0000 0.1333
238.0000 0.1333
92.0000 0.1334
189.0000 0.1334
96.0000 0.1335
111.0000 0.1335
176.0000 0.1335
205.0000 0.1335
43.0000 0.1337
49.0000 0.1337
195.0000 0.1337
233.0000 0.1337
94.0000 0.1338
156.0000 0.1338
225.0000 0.1338
12.0000 0.1340
110.0000 0.1340
184.0000 0.1340
144.0000 0.1341
152.0000 0.1341
222.0000 0.1341
31.0000 0.1342
78.0000 0.1343
120.0000 0.1343
226.0000 0.1344
106.0000 0.1345
107.0000 0.1345
142.0000 0.1345
71.0000 0.1346
83.0000 0.1346
98.0000 0.1346
162.0000 0.1346
232.0000 0.1346
34.0000 0.1347
239.0000 0.1347
175.0000 0.1348
40.0000 0.1349
89.0000 0.1349
170.0000 0.1349
193.0000 0.1349
55.0000 0.1350
163.0000 0.1350
124.0000 0.1351
126.0000 0.1351
132.0000 0.1351
136.0000 0.1351
160.0000 0.1351
44.0000 0.1352
6.0000 0.1354
64.0000 0.1354
201.0000 0.1355
229.0000 0.1355
194.0000 0.1357
32.0000 0.1358
67.0000 0.1358
81.0000 0.1358
91.0000 0.1358
183.0000 0.1358
1.0000 0.1359
76.0000 0.1359
47.0000 0.1360
119.0000 0.1360
123.0000 0.1360
150.0000 0.1361
93.0000 0.1362
174.0000 0.1362
214.0000 0.1364
53.0000 0.1365
141.0000 0.1365
22.0000 0.1367
14.0000 0.1370
35.0000 0.1370
125.0000 0.1370
112.0000 0.1371
145.0000 0.1372
185.0000 0.1372
200.0000 0.1372
48.0000 0.1373
99.0000 0.1373
158.0000 0.1373
171.0000 0.1374
211.0000 0.1374
228.0000 0.1375
206.0000 0.1376
128.0000 0.1377
69.0000 0.1378
140.0000 0.1381
8.0000 0.1382
27.0000 0.1383
151.0000 0.1383
198.0000 0.1383
17.0000 0.1386
102.0000 0.1386
168.0000 0.1386
13.0000 0.1387
37.0000 0.1387
187.0000 0.1387
80.0000 0.1389
95.0000 0.1390
0.0000 0.1391
51.0000 0.1392
191.0000 0.1392
18.0000 0.1393
127.0000 0.1393
166.0000 0.1393
186.0000 0.1393
60.0000 0.1395
56.0000 0.1399
172.0000 0.1400
182.0000 0.1400
21.0000 0.1401
38.0000 0.1401
212.0000 0.1401
134.0000 0.1402
24.0000 0.1403
85.0000 0.1403
237.0000 0.1403
36.0000 0.1404
90.0000 0.1404
188.0000 0.1404
113.0000 0.1405
19.0000 0.1406
149.0000 0.1407
97.0000 0.1408
131.0000 0.1408
234.0000 0.1408
2.0000 0.1409
199.0000 0.1409
227.0000 0.1409
105.0000 0.1410
77.0000 0.1411
190.0000 0.1411
86.0000 0.1413
121.0000 0.1413
192.0000 0.1415
138.0000 0.1417
210.0000 0.1417
236.0000 0.1417
42.0000 0.1419
118.0000 0.1419
25.0000 0.1420
61.0000 0.1420
180.0000 0.1421
4.0000 0.1422
30.0000 0.1422
68.0000 0.1424
49.0000 0.1425
207.0000 0.1427
209.0000 0.1427
71.0000 0.1429
159.0000 0.1429
74.0000 0.1431
78.0000 0.1432
230.0000 0.1433
235.0000 0.1433
41.0000 0.1434
137.0000 0.1434
164.0000 0.1435
225.0000 0.1435
133.0000 0.1436
195.0000 0.1437
238.0000 0.1437
5.0000 0.1438
12.0000 0.1441
15.0000 0.1441
52.0000 0.1441
98.0000 0.1441
81.0000 0.1442
120.0000 0.1443
161.0000 0.1443
176.0000 0.1444
92.0000 0.1448
197.0000 0.1448
144.0000 0.1450
29.0000 0.1451
93.0000 0.1451
6.0000 0.1452
9.0000 0.1454
54.0000 0.1454
64.0000 0.1454
55.0000 0.1455
76.0000 0.1455
214.0000 0.1455
50.0000 0.1456
91.0000 0.1456
223.0000 0.1457
67.0000 0.1458
141.0000 0.1458
226.0000 0.1461
109.0000 0.1462
7.0000 0.1463
156.0000 0.1463
150.0000 0.1464
170.0000 0.1466
53.0000 0.1469
100.0000 0.1469
165.0000 0.1471
104.0000 0.1472
119.0000 0.1473
160.0000 0.1473
116.0000 0.1474
224.0000 0.1474
65.0000 0.1475
167.0000 0.1476
179.0000 0.1477
16.0000 0.1478
140.0000 0.1478
175.0000 0.1478
218.0000 0.1478
10.0000 0.1479
23.0000 0.1479
34.0000 0.1481
189.0000 0.1481
169.0000 0.1483
219.0000 0.1483
132.0000 0.1486
228.0000 0.1486
63.0000 0.1487
101.0000 0.1487
174.0000 0.1489
136.0000 0.1490
232.0000 0.1490
80.0000 0.1491
11.0000 0.1492
201.0000 0.1492
96.0000 0.1494
112.0000 0.1494
18.0000 0.1495
37.0000 0.1495
125.0000 0.1495
194.0000 0.1495
196.0000 0.1495
102.0000 0.1496
110.0000 0.1496
122.0000 0.1496
48.0000 0.1497
215.0000 0.1497
217.0000 0.1497
32.0000 0.1499
128.0000 0.1499
187.0000 0.1499
200.0000 0.1499
14.0000 0.1500
233.0000 0.1500
13.0000 0.1501
36.0000 0.1501
85.0000 0.1501
171.0000 0.1501
59.0000 0.1502
115.0000 0.1502
148.0000 0.1502
185.0000 0.1502
35.0000 0.1503
168.0000 0.1503
198.0000 0.1503
44.0000 0.1504
166.0000 0.1504
20.0000 0.1505
131.0000 0.1505
239.0000 0.1505
157.0000 0.1506
202.0000 0.1507
2.0000 0.1509
79.0000 0.1509
87.0000 0.1509
90.0000 0.1509
22.0000 0.1510
72.0000 0.1510
108.0000 0.1511
155.0000 0.1511
123.0000 0.1514
127.0000 0.1514
204.0000 0.1514
21.0000 0.1515
33.0000 0.1515
40.0000 0.1516
71.0000 0.1516
69.0000 0.1517
82.0000 0.1517
8.0000 0.1518
86.0000 0.1518
3.0000 0.1519
188.0000 0.1519
234.0000 0.1519
158.0000 0.1521
186.0000 0.1521
138.0000 0.1522
49.0000 0.1523
94.0000 0.1523
142.0000 0.1524
184.0000 0.1524
25.0000 0.1525
126.0000 0.1525
97.0000 0.1526
83.0000 0.1527
88.0000 0.1527
106.0000 0.1527
152.0000 0.1527
177.0000 0.1527
19.0000 0.1529
149.0000 0.1529
212.0000 0.1529
78.0000 0.1530
81.0000 0.1530
195.0000 0.1530
209.0000 0.1530
77.0000 0.1531
137.0000 0.1531
56.0000 0.1532
147.0000 0.1533
31.0000 0.1534
191.0000 0.1534
114.0000 0.1535
57.0000 0.1536
98.0000 0.1536
238.0000 0.1536
64.0000 0.1537
74.0000 0.1537
93.0000 0.1538
229.0000 0.1538
231.0000 0.1538
193.0000 0.1539
214.0000 0.1539
225.0000 0.1539
4.0000 0.1540
30.0000 0.1541
12.0000 0.1543
38.0000 0.1543
113.0000 0.1543
153.0000 0.1543
180.0000 0.1543
76.0000 0.1544
144.0000 0.1546
237.0000 0.1546
6.0000 0.1547
84.0000 0.1547
68.0000 0.1548
99.0000 0.1548
141.0000 0.1548
161.0000 0.1549
91.0000 0.1552
121.0000 0.1552
67.0000 0.1554
118.0000 0.1554
176.0000 0.1554
92.0000 0.1555
120.0000 0.1555
150.0000 0.1555
55.0000 0.1557
124.0000 0.1557
105.0000 0.1558
183.0000 0.1558
15.0000 0.1559
140.0000 0.1560
190.0000 0.1561
226.0000 0.1564
41.0000 0.1565
52.0000 0.1567
53.0000 0.1567
206.0000 0.1569
61.0000 0.1570
164.0000 0.1572
159.0000 0.1573
119.0000 0.1574
7.0000 0.1575
42.0000 0.1575
29.0000 0.1576
51.0000 0.1576
133.0000 0.1576
162.0000 0.1576
213.0000 0.1578
207.0000 0.1579
156.0000 0.1581
170.0000 0.1583
145.0000 0.1584
223.0000 0.1584
18.0000 0.1585
182.0000 0.1585
89.0000 0.1586
160.0000 0.1586
116.0000 0.1589
134.0000 0.1591
80.0000 0.1592
129.0000 0.1592
85.0000 0.1595
36.0000 0.1598
187.0000 0.1598
9.0000 0.1599
168.0000 0.1599
228.0000 0.1599
1.0000 0.1600
174.0000 0.1600
131.0000 0.1601
102.0000 0.1602
107.0000 0.1602
13.0000 0.1603
128.0000 0.1603
112.0000 0.1604
172.0000 0.1604
34.0000 0.1605
37.0000 0.1605
54.0000 0.1605
165.0000 0.1605
166.0000 0.1605
175.0000 0.1605
60.0000 0.1608
71.0000 0.1608
171.0000 0.1608
189.0000 0.1608
2.0000 0.1610
10.0000 0.1610
90.0000 0.1610
58.0000 0.1611
198.0000 0.1612
201.0000 0.1612
210.0000 0.1612
16.0000 0.1613
45.0000 0.1613
163.0000 0.1613
167.0000 0.1613
232.0000 0.1613
235.0000 0.1613
125.0000 0.1614
135.0000 0.1614
109.0000 0.1615
151.0000 0.1615
185.0000 0.1615
32.0000 0.1616
218.0000 0.1616
75.0000 0.1617
95.0000 0.1617
14.0000 0.1618
49.0000 0.1618
65.0000 0.1618
81.0000 0.1618
197.0000 0.1619
200.0000 0.1619
21.0000 0.1620
110.0000 0.1620
136.0000 0.1620
25.0000 0.1622
96.0000 0.1623
137.0000 0.1623
48.0000 0.1624
86.0000 0.1626
132.0000 0.1626
138.0000 0.1626
195.0000 0.1626
227.0000 0.1626
230.0000 0.1626
50.0000 0.1627
35.0000 0.1628
78.0000 0.1628
98.0000 0.1628
127.0000 0.1628
214.0000 0.1628
209.0000 0.1629
43.0000 0.1630
93.0000 0.1630
0.0000 0.1631
64.0000 0.1631
194.0000 0.1631
224.0000 0.1631
186.0000 0.1632
188.0000 0.1632
234.0000 0.1632
238.0000 0.1633
8.0000 0.1634
19.0000 0.1635
76.0000 0.1635
196.0000 0.1635
5.0000 0.1637
103.0000 0.1637
115.0000 0.1637
12.0000 0.1639
149.0000 0.1639
6.0000 0.1640
141.0000 0.1640
169.0000 0.1640
225.0000 0.1642
219.0000 0.1643
69.0000 0.1644
74.0000 0.1644
239.0000 0.1644
233.0000 0.1645
77.0000 0.1647
140.0000 0.1647
150.0000 0.1647
4.0000 0.1648
20.0000 0.1648
22.0000 0.1648
144.0000 0.1648
91.0000 0.1649
158.0000 0.1649
180.0000 0.1649
236.0000 0.1649
17.0000 0.1650
55.0000 0.1651
97.0000 0.1651
123.0000 0.1652
192.0000 0.1653
92.0000 0.1654
113.0000 0.1654
161.0000 0.1654
212.0000 0.1654
67.0000 0.1656
72.0000 0.1657
122.0000 0.1657
56.0000 0.1658
148.0000 0.1658
30.0000 0.1659
44.0000 0.1659
53.0000 0.1659
120.0000 0.1659
111.0000 0.1661
142.0000 0.1661
191.0000 0.1663
176.0000 0.1664
38.0000 0.1666
179.0000 0.1666
40.0000 0.1667
79.0000 0.1667
68.0000 0.1670
52.0000 0.1672
18.0000 0.1673
226.0000 0.1675
237.0000 0.1676
203.0000 0.1677
104.0000 0.1678
119.0000 0.1678
80.0000 0.1680
41.0000 0.1681
11.0000 0.1684
85.0000 0.1685
131.0000 0.1686
36.0000 0.1688
82.0000 0.1688
170.0000 0.1691
71.0000 0.1692
94.0000 0.1692
187.0000 0.1693
168.0000 0.1695
15.0000 0.1696
63.0000 0.1696
83.0000 0.1696
184.0000 0.1696
121.0000 0.1698
81.0000 0.1700
118.0000 0.1700
7.0000 0.1701
190.0000 0.1702
2.0000 0.1703
166.0000 0.1703
126.0000 0.1704
222.0000 0.1704
87.0000 0.1705
112.0000 0.1705
157.0000 0.1705
99.0000 0.1706
164.0000 0.1706
106.0000 0.1707
102.0000 0.1708
116.0000 0.1708
37.0000 0.1709
156.0000 0.1709
61.0000 0.1711
90.0000 0.1711
175.0000 0.1711
228.0000 0.1711
29.0000 0.1712
49.0000 0.1712
160.0000 0.1714
105.0000 0.1715
152.0000 0.1717
195.0000 0.1718
13.0000 0.1719
125.0000 0.1719
21.0000 0.1720
133.0000 0.1720
155.0000 0.1720
93.0000 0.1721
98.0000 0.1721
159.0000 0.1721
174.0000 0.1721
25.0000 0.1723
31.0000 0.1723
171.0000 0.1723
24.0000 0.1724
128.0000 0.1724
223.0000 0.1724
193.0000 0.1725
229.0000 0.1725
27.0000 0.1726
137.0000 0.1726
198.0000 0.1726
64.0000 0.1727
214.0000 0.1727
78.0000 0.1728
124.0000 0.1728
57.0000 0.1731
138.0000 0.1731
42.0000 0.1733
108.0000 0.1733
86.0000 0.1734
207.0000 0.1734
48.0000 0.1736
140.0000 0.1736
34.0000 0.1737
165.0000 0.1737
204.0000 0.1737
209.0000 0.1737
12.0000 0.1739
59.0000 0.1739
150.0000 0.1739
202.0000 0.1739
76.0000 0.1740
88.0000 0.1740
188.0000 0.1740
141.0000 0.1742
232.0000 0.1742
6.0000 0.1744
74.0000 0.1744
201.0000 0.1744
185.0000 0.1745
62.0000 0.1746
149.0000 0.1746
144.0000 0.1747
225.0000 0.1747
84.0000 0.1748
132.0000 0.1748
238.0000 0.1748
14.0000 0.1749
127.0000 0.1749
186.0000 0.1749
234.0000 0.1749
8.0000 0.1750
32.0000 0.1750
110.0000 0.1750
9.0000 0.1751
177.0000 0.1752
200.0000 0.1752
51.0000 0.1753
206.0000 0.1754
54.0000 0.1756
91.0000 0.1758
167.0000 0.1758
189.0000 0.1758
120.0000 0.1759
77.0000 0.1760
182.0000 0.1760
65.0000 0.1761
67.0000 0.1761
19.0000 0.1762
92.0000 0.1762
180.0000 0.1762
53.0000 0.1763
183.0000 0.1763
55.0000 0.1764
4.0000 0.1765
194.0000 0.1765
10.0000 0.1766
35.0000 0.1767
239.0000 0.1767
70.0000 0.1768
161.0000 0.1768
176.0000 0.1768
199.0000 0.1768
109.0000 0.1769
211.0000 0.1769
212.0000 0.1769
16.0000 0.1770
56.0000 0.1770
136.0000 0.1770
18.0000 0.1771
80.0000 0.1773
85.0000 0.1773
96.0000 0.1774
119.0000 0.1774
158.0000 0.1775
205.0000 0.1775
131.0000 0.1776
218.0000 0.1777
145.0000 0.1779
226.0000 0.1779
30.0000 0.1780
134.0000 0.1780
36.0000 0.1781
97.0000 0.1781
20.0000 0.1782
113.0000 0.1782
81.0000 0.1783
123.0000 0.1783
172.0000 0.1783
22.0000 0.1784
52.0000 0.1784
162.0000 0.1784
235.0000 0.1784
23.0000 0.1785
71.0000 0.1786
50.0000 0.1787
191.0000 0.1787
208.0000 0.1787
68.0000 0.1789
115.0000 0.1789
187.0000 0.1789
197.0000 0.1789
89.0000 0.1790
2.0000 0.1791
69.0000 0.1791
60.0000 0.1792
101.0000 0.1792
38.0000 0.1793
148.0000 0.1793
168.0000 0.1793
169.0000 0.1794
196.0000 0.1795
166.0000 0.1796
44.0000 0.1797
210.0000 0.1797
49.0000 0.1799
41.0000 0.1800
170.0000 0.1801
90.0000 0.1802
233.0000 0.1802
153.0000 0.1803
93.0000 0.1807
102.0000 0.1807
237.0000 0.1807
37.0000 0.1808
25.0000 0.1809
224.0000 0.1809
72.0000 0.1810
98.0000 0.1810
122.0000 0.1812
142.0000 0.1812
231.0000 0.1813
107.0000 0.1814
214.0000 0.1814
217.0000 0.1814
228.0000 0.1814
230.0000 0.1814
3.0000 0.1815
64.0000 0.1815
112.0000 0.1815
151.0000 0.1815
195.0000 0.1815
7.0000 0.1816
137.0000 0.1816
95.0000 0.1817
1.0000 0.1818
13.0000 0.1818
15.0000 0.1818
40.0000 0.1818
227.0000 0.1819
79.0000 0.1820
215.0000 0.1821
171.0000 0.1822
21.0000 0.1823
78.0000 0.1824
140.0000 0.1824
141.0000 0.1824
156.0000 0.1824
160.0000 0.1824
29.0000 0.1825
198.0000 0.1825
118.0000 0.1826
147.0000 0.1826
76.0000 0.1827
138.0000 0.1827
174.0000 0.1827
209.0000 0.1829
12.0000 0.1830
150.0000 0.1830
219.0000 0.1831
116.0000 0.1832
125.0000 0.1833
128.0000 0.1835
164.0000 0.1835
61.0000 0.1836
86.0000 0.1837
175.0000 0.1837
6.0000 0.1839
74.0000 0.1840
5.0000 0.1842
121.0000 0.1842
144.0000 0.1843
159.0000 0.1843
223.0000 0.1845
225.0000 0.1846
48.0000 0.1847
100.0000 0.1847
238.0000 0.1847
188.0000 0.1848
236.0000 0.1848
163.0000 0.1849
190.0000 0.1849
91.0000 0.1852
184.0000 0.1852
105.0000 0.1853
201.0000 0.1853
127.0000 0.1854
232.0000 0.1854
186.0000 0.1855
149.0000 0.1856
179.0000 0.1856
55.0000 0.1857
67.0000 0.1857
165.0000 0.1857
180.0000 0.1857
234.0000 0.1857
92.0000 0.1858
94.0000 0.1858
120.0000 0.1858
14.0000 0.1859
53.0000 0.1860
133.0000 0.1860
80.0000 0.1861
85.0000 0.1861
43.0000 0.1862
83.0000 0.1862
132.0000 0.1862
185.0000 0.1862
34.0000 0.1863
82.0000 0.1863
18.0000 0.1864
32.0000 0.1864
131.0000 0.1864
8.0000 0.1865
200.0000 0.1865
81.0000 0.1867
71.0000 0.1868
152.0000 0.1872
77.0000 0.1874
176.0000 0.1874
161.0000 0.1875
75.0000 0.1876
110.0000 0.1876
36.0000 0.1877
119.0000 0.1877
212.0000 0.1877
19.0000 0.1878
173.0000 0.1878
4.0000 0.1879
99.0000 0.1880
167.0000 0.1880
207.0000 0.1880
56.0000 0.1881
2.0000 0.1882
42.0000 0.1882
155.0000 0.1882
126.0000 0.1883
189.0000 0.1884
49.0000 0.1886
192.0000 0.1886
194.0000 0.1888
93.0000 0.1889
187.0000 0.1889
54.0000 0.1890
158.0000 0.1891
168.0000 0.1891
35.0000 0.1892
104.0000 0.1892
157.0000 0.1892
9.0000 0.1894
87.0000 0.1894
136.0000 0.1894
90.0000 0.1897
166.0000 0.1897
218.0000 0.1897
226.0000 0.1897
97.0000 0.1899
22.0000 0.1901
30.0000 0.1901
98.0000 0.1901
106.0000 0.1901
214.0000 0.1902
109.0000 0.1903
25.0000 0.1905
37.0000 0.1905
64.0000 0.1905
68.0000 0.1905
113.0000 0.1905
191.0000 0.1905
239.0000 0.1905
51.0000 0.1906
195.0000 0.1907
0.0000 0.1908
170.0000 0.1908
65.0000 0.1909
114.0000 0.1909
229.0000 0.1910
140.0000 0.1911
141.0000 0.1911
102.0000 0.1912
11.0000 0.1913
52.0000 0.1914
137.0000 0.1914
31.0000 0.1915
63.0000 0.1916
135.0000 0.1916
96.0000 0.1918
17.0000 0.1919
138.0000 0.1919
13.0000 0.1920
78.0000 0.1921
193.0000 0.1921
228.0000 0.1922
182.0000 0.1923
76.0000 0.1924
123.0000 0.1924
69.0000 0.1925
16.0000 0.1926
41.0000 0.1926
10.0000 0.1927
112.0000 0.1927
21.0000 0.1928
150.0000 0.1929
12.0000 0.1930
6.0000 0.1933
148.0000 0.1933
198.0000 0.1933
38.0000 0.1935
171.0000 0.1935
15.0000 0.1936
44.0000 0.1937
134.0000 0.1937
86.0000 0.1938
160.0000 0.1938
237.0000 0.1938
20.0000 0.1939
74.0000 0.1939
128.0000 0.1939
174.0000 0.1939
144.0000 0.1940
209.0000 0.1940
50.0000 0.1941
129.0000 0.1942
156.0000 0.1942
125.0000 0.1943
213.0000 0.1943
7.0000 0.1944
206.0000 0.1944
84.0000 0.1945
108.0000 0.1945
238.0000 0.1945
225.0000 0.1946
115.0000 0.1948
124.0000 0.1948
197.0000 0.1948
116.0000 0.1949
188.0000 0.1949
169.0000 0.1950
202.0000 0.1951
57.0000 0.1952
91.0000 0.1952
85.0000 0.1953
131.0000 0.1954
175.0000 0.1954
196.0000 0.1954
235.0000 0.1954
48.0000 0.1955
18.0000 0.1956
29.0000 0.1956
81.0000 0.1956
67.0000 0.1957
71.0000 0.1958
177.0000 0.1958
80.0000 0.1959
164.0000 0.1959
234.0000 0.1959
53.0000 0.1960
118.0000 0.1960
55.0000 0.1961
122.0000 0.1962
127.0000 0.1964
233.0000 0.1964
72.0000 0.1965
224.0000 0.1965
92.0000 0.1966
149.0000 0.1966
204.0000 0.1966
180.0000 0.1967
40.0000 0.1968
2.0000 0.1970
210.0000 0.1970
142.0000 0.1971
36.0000 0.1972
183.0000 0.1972
186.0000 0.1972
79.0000 0.1973
88.0000 0.1973
8.0000 0.1974
203.0000 0.1975
120.0000 0.1976
161.0000 0.1976
223.0000 0.1977
77.0000 0.1978
159.0000 0.1978
201.0000 0.1978
232.0000 0.1978
49.0000 0.1979
61.0000 0.1979
93.0000 0.1980
132.0000 0.1980
172.0000 0.1980
34.0000 0.1981
119.0000 0.1981
185.0000 0.1981
32.0000 0.1982
187.0000 0.1983
59.0000 0.1984
176.0000 0.1984
14.0000 0.1985
60.0000 0.1985
190.0000 0.1987
212.0000 0.1987
4.0000 0.1988
98.0000 0.1988
111.0000 0.1988
121.0000 0.1988
200.0000 0.1988
214.0000 0.1988
27.0000 0.1989
166.0000 0.1989
168.0000 0.1990
64.0000 0.1991
140.0000 0.1991
145.0000 0.1991
165.0000 0.1992
19.0000 0.1993
90.0000 0.1993
105.0000 0.1994
47.0000 0.1995
195.0000 0.1996
25.0000 0.1997
226.0000 0.1997
89.0000 0.1998
