0.0000 0.0000
1.0000 0.0000
2.0000 0.0000
3.0000 0.0000
4.0000 0.0000
5.0000 0.0000
6.0000 0.0000
7.0000 0.0000
8.0000 0.0000
9.0000 0.0000
10.0000 0.0000
11.0000 0.0000
12.0000 0.0000
13.0000 0.0000
14.0000 0.0000
15.0000 0.0000
16.0000 0.0000
17.0000 0.0000
18.0000 0.0000
19.0000 0.0000
20.0000 0.0000
21.0000 0.0000
22.0000 0.0000
23.0000 0.0000
24.0000 0.0000
25.0000 0.0000
26.0000 0.0000
27.0000 0.0000
28.0000 0.0000
29.0000 0.0000
30.0000 0.0000
31.0000 0.0000
32.0000 0.0000
33.0000 0.0000
34.0000 0.0000
35.0000 0.0000
36.0000 0.0000
37.0000 0.0000
38.0000 0.0000
39.0000 0.0000
40.0000 0.0000
41.0000 0.0000
42.0000 0.0000
43.0000 0.0000
44.0000 0.0000
45.0000 0.0000
46.0000 0.0000
47.0000 0.0000
48.0000 0.0000
49.0000 0.0000
50.0000 0.0000
51.0000 0.0000
52.0000 0.0000
53.0000 0.0000
54.0000 0.0000
55.0000 0.0000
56.0000 0.0000
57.0000 0.0000
58.0000 0.0000
59.0000 0.0000
60.0000 0.0000
61.0000 0.0000
62.0000 0.0000
63.0000 0.0000
64.0000 0.0000
65.0000 0.0000
66.0000 0.0000
67.0000 0.0000
68.0000 0.0000
69.0000 0.0000
70.0000 0.0000
71.0000 0.0000
72.0000 0.0000
73.0000 0.0000
74.0000 0.0000
75.0000 0.0000
76.0000 0.0000
77.0000 0.0000
78.0000 0.0000
79.0000 0.0000
80.0000 0.0000
81.0000 0.0000
82.0000 0.0000
83.0000 0.0000
84.0000 0.0000
85.0000 0.0000
86.0000 0.0000
87.0000 0.0000
88.0000 0.0000
89.0000 0.0000
90.0000 0.0000
91.0000 0.0000
92.0000 0.0000
93.0000 0.0000
94.0000 0.0000
95.0000 0.0000
96.0000 0.0000
97.0000 0.0000
98.0000 0.0000
99.0000 0.0000
100.0000 0.0000
101.0000 0.0000
102.0000 0.0000
103.0000 0.0000
104.0000 0.0000
105.0000 0.0000
106.0000 0.0000
107.0000 0.0000
108.0000 0.0000
109.0000 0.0000
110.0000 0.0000
111.0000 0.0000
112.0000 0.0000
113.0000 0.0000
114.0000 0.0000
115.0000 0.0000
116.0000 0.0000
117.0000 0.0000
118.0000 0.0000
119.0000 0.0000
120.0000 0.0000
121.0000 0.0000
122.0000 0.0000
123.0000 0.0000
124.0000 0.0000
125.0000 0.0000
126.0000 0.0000
127.0000 0.0000
128.0000 0.0000
129.0000 0.0000
130.0000 0.0000
131.0000 0.0000
132.0000 0.0000
133.0000 0.0000
134.0000 0.0000
135.0000 0.0000
136.0000 0.0000
137.0000 0.0000
138.0000 0.0000
139.0000 0.0000
140.0000 0.0000
141.0000 0.0000
142.0000 0.0000
143.0000 0.0000
144.0000 0.0000
145.0000 0.0000
146.0000 0.0000
147.0000 0.0000
148.0000 0.0000
149.0000 0.0000
199.0000 0.0038
236.0000 0.0038
153.0000 0.0040
201.0000 0.0041
202.0000 0.0043
154.0000 0.0045
210.0000 0.0047
164.0000 0.0050
181.0000 0.0050
163.0000 0.0052
165.0000 0.0052
179.0000 0.0052
193.0000 0.0052
177.0000 0.0054
239.0000 0.0054
176.0000 0.0055
197.0000 0.0055
217.0000 0.0055
204.0000 0.0056
231.0000 0.0056
225.0000 0.0057
182.0000 0.0058
207.0000 0.0058
228.0000 0.0058
222.0000 0.0060
170.0000 0.0061
183.0000 0.0061
219.0000 0.0061
233.0000 0.0061
215.0000 0.0062
221.0000 0.0062
172.0000 0.0063
232.0000 0.0063
169.0000 0.0064
206.0000 0.0064
220.0000 0.0065
214.0000 0.0067
223.0000 0.0067
205.0000 0.0068
185.0000 0.0071
166.0000 0.0073
175.0000 0.0073
200.0000 0.0073
238.0000 0.0073
235.0000 0.0079
237.0000 0.0080
184.0000 0.0082
161.0000 0.0083
151.0000 0.0084
173.0000 0.0087
155.0000 0.0088
186.0000 0.0089
188.0000 0.0090
158.0000 0.0091
227.0000 0.0091
180.0000 0.0093
211.0000 0.0095
208.0000 0.0097
226.0000 0.0105
152.0000 0.0106
192.0000 0.0107
111.0000 0.0109
42.0000 0.0111
178.0000 0.0111
213.0000 0.0111
23.0000 0.0114
132.0000 0.0116
91.0000 0.0118
41.0000 0.0122
99.0000 0.0122
97.0000 0.0123
120.0000 0.0123
49.0000 0.0125
19.0000 0.0128
122.0000 0.0128
194.0000 0.0129
2.0000 0.0130
48.0000 0.0133
116.0000 0.0133
43.0000 0.0135
12.0000 0.0139
145.0000 0.0141
86.0000 0.0146
61.0000 0.0148
110.0000 0.0148
113.0000 0.0149
77.0000 0.0151
66.0000 0.0152
17.0000 0.0155
3.0000 0.0159
112.0000 0.0160
118.0000 0.0161
136.0000 0.0163
68.0000 0.0164
135.0000 0.0166
195.0000 0.0167
109.0000 0.0168
27.0000 0.0170
176.0000 0.0172
36.0000 0.0176
60.0000 0.0177
31.0000 0.0178
69.0000 0.0178
147.0000 0.0179
63.0000 0.0180
165.0000 0.0181
16.0000 0.0182
95.0000 0.0182
82.0000 0.0184
154.0000 0.0184
20.0000 0.0185
218.0000 0.0186
124.0000 0.0187
181.0000 0.0187
191.0000 0.0187
193.0000 0.0187
133.0000 0.0188
126.0000 0.0190
101.0000 0.0192
134.0000 0.0192
14.0000 0.0197
18.0000 0.0197
59.0000 0.0198
102.0000 0.0198
107.0000 0.0198
70.0000 0.0199
92.0000 0.0199
115.0000 0.0200
8.0000 0.0206
54.0000 0.0207
78.0000 0.0207
32.0000 0.0213
40.0000 0.0213
34.0000 0.0214
141.0000 0.0214
104.0000 0.0216
225.0000 0.0217
142.0000 0.0218
121.0000 0.0219
207.0000 0.0221
177.0000 0.0222
232.0000 0.0223
238.0000 0.0224
64.0000 0.0227
62.0000 0.0228
199.0000 0.0228
216.0000 0.0228
229.0000 0.0228
85.0000 0.0230
149.0000 0.0232
24.0000 0.0234
196.0000 0.0234
202.0000 0.0234
26.0000 0.0235
42.0000 0.0235
231.0000 0.0235
47.0000 0.0236
169.0000 0.0236
160.0000 0.0238
56.0000 0.0240
67.0000 0.0241
201.0000 0.0242
237.0000 0.0244
6.0000 0.0245
197.0000 0.0245
233.0000 0.0245
239.0000 0.0247
111.0000 0.0252
52.0000 0.0254
74.0000 0.0254
153.0000 0.0256
105.0000 0.0258
151.0000 0.0259
132.0000 0.0260
223.0000 0.0261
2.0000 0.0263
182.0000 0.0263
23.0000 0.0265
204.0000 0.0265
210.0000 0.0265
28.0000 0.0266
140.0000 0.0267
206.0000 0.0267
117.0000 0.0268
120.0000 0.0269
125.0000 0.0272
184.0000 0.0272
55.0000 0.0273
87.0000 0.0273
122.0000 0.0276
0.0000 0.0278
89.0000 0.0279
19.0000 0.0281
73.0000 0.0281
155.0000 0.0281
49.0000 0.0283
72.0000 0.0285
75.0000 0.0285
215.0000 0.0285
97.0000 0.0286
228.0000 0.0287
22.0000 0.0290
41.0000 0.0290
129.0000 0.0290
156.0000 0.0291
186.0000 0.0293
146.0000 0.0295
212.0000 0.0295
205.0000 0.0296
84.0000 0.0297
188.0000 0.0297
236.0000 0.0298
108.0000 0.0299
170.0000 0.0301
90.0000 0.0302
35.0000 0.0304
180.0000 0.0306
224.0000 0.0306
91.0000 0.0307
163.0000 0.0307
7.0000 0.0309
165.0000 0.0311
217.0000 0.0311
211.0000 0.0312
222.0000 0.0312
99.0000 0.0313
154.0000 0.0313
94.0000 0.0314
110.0000 0.0314
176.0000 0.0314
185.0000 0.0314
181.0000 0.0315
193.0000 0.0315
219.0000 0.0315
43.0000 0.0317
109.0000 0.0317
1.0000 0.0320
183.0000 0.0320
230.0000 0.0320
16.0000 0.0321
61.0000 0.0322
36.0000 0.0324
135.0000 0.0324
48.0000 0.0325
136.0000 0.0327
145.0000 0.0327
112.0000 0.0328
157.0000 0.0328
25.0000 0.0330
17.0000 0.0331
166.0000 0.0332
200.0000 0.0332
44.0000 0.0334
15.0000 0.0336
113.0000 0.0338
3.0000 0.0339
221.0000 0.0340
68.0000 0.0344
131.0000 0.0344
12.0000 0.0346
65.0000 0.0346
69.0000 0.0346
123.0000 0.0346
31.0000 0.0347
53.0000 0.0347
126.0000 0.0347
235.0000 0.0347
238.0000 0.0348
214.0000 0.0349
102.0000 0.0351
46.0000 0.0355
133.0000 0.0355
152.0000 0.0355
124.0000 0.0360
226.0000 0.0360
116.0000 0.0366
213.0000 0.0369
63.0000 0.0370
134.0000 0.0375
172.0000 0.0375
232.0000 0.0375
70.0000 0.0377
42.0000 0.0378
27.0000 0.0381
77.0000 0.0382
111.0000 0.0382
14.0000 0.0383
173.0000 0.0384
207.0000 0.0387
169.0000 0.0389
101.0000 0.0398
60.0000 0.0401
86.0000 0.0401
142.0000 0.0401
4.0000 0.0402
82.0000 0.0402
78.0000 0.0403
32.0000 0.0405
237.0000 0.0406
8.0000 0.0408
118.0000 0.0410
120.0000 0.0412
141.0000 0.0414
144.0000 0.0414
23.0000 0.0416
177.0000 0.0417
19.0000 0.0419
147.0000 0.0420
151.0000 0.0420
225.0000 0.0420
2.0000 0.0421
59.0000 0.0421
199.0000 0.0422
122.0000 0.0424
149.0000 0.0426
231.0000 0.0426
164.0000 0.0428
184.0000 0.0428
54.0000 0.0429
83.0000 0.0431
202.0000 0.0432
41.0000 0.0433
132.0000 0.0433
85.0000 0.0435
165.0000 0.0435
154.0000 0.0437
158.0000 0.0437
95.0000 0.0439
115.0000 0.0439
179.0000 0.0440
204.0000 0.0442
193.0000 0.0443
92.0000 0.0444
107.0000 0.0444
197.0000 0.0445
233.0000 0.0445
21.0000 0.0446
30.0000 0.0448
34.0000 0.0448
91.0000 0.0448
229.0000 0.0448
104.0000 0.0449
20.0000 0.0450
47.0000 0.0450
182.0000 0.0452
181.0000 0.0453
228.0000 0.0453
114.0000 0.0454
194.0000 0.0454
176.0000 0.0456
55.0000 0.0457
186.0000 0.0458
105.0000 0.0459
97.0000 0.0460
153.0000 0.0461
18.0000 0.0465
66.0000 0.0467
48.0000 0.0472
43.0000 0.0474
6.0000 0.0475
201.0000 0.0475
24.0000 0.0476
62.0000 0.0476
223.0000 0.0480
13.0000 0.0483
148.0000 0.0485
49.0000 0.0486
121.0000 0.0487
236.0000 0.0487
155.0000 0.0488
218.0000 0.0488
128.0000 0.0491
64.0000 0.0494
206.0000 0.0494
135.0000 0.0495
109.0000 0.0496
110.0000 0.0497
145.0000 0.0497
210.0000 0.0497
61.0000 0.0498
72.0000 0.0498
36.0000 0.0500
117.0000 0.0500
238.0000 0.0500
112.0000 0.0502
87.0000 0.0504
239.0000 0.0504
67.0000 0.0511
38.0000 0.0512
42.0000 0.0513
102.0000 0.0514
136.0000 0.0515
26.0000 0.0516
16.0000 0.0517
119.0000 0.0517
207.0000 0.0518
211.0000 0.0518
232.0000 0.0518
12.0000 0.0520
56.0000 0.0520
99.0000 0.0520
17.0000 0.0521
180.0000 0.0524
111.0000 0.0525
124.0000 0.0529
192.0000 0.0531
205.0000 0.0532
195.0000 0.0533
52.0000 0.0534
166.0000 0.0538
69.0000 0.0540
203.0000 0.0540
163.0000 0.0541
188.0000 0.0541
215.0000 0.0541
3.0000 0.0542
106.0000 0.0542
23.0000 0.0543
169.0000 0.0543
126.0000 0.0545
31.0000 0.0547
2.0000 0.0549
63.0000 0.0553
134.0000 0.0554
1.0000 0.0557
70.0000 0.0559
113.0000 0.0559
151.0000 0.0559
120.0000 0.0561
133.0000 0.0561
202.0000 0.0561
122.0000 0.0563
165.0000 0.0563
226.0000 0.0566
27.0000 0.0569
193.0000 0.0572
14.0000 0.0573
154.0000 0.0574
40.0000 0.0576
74.0000 0.0579
160.0000 0.0579
132.0000 0.0583
177.0000 0.0584
181.0000 0.0595
41.0000 0.0605
184.0000 0.0606
32.0000 0.0610
54.0000 0.0614
213.0000 0.0614
91.0000 0.0616
219.0000 0.0622
237.0000 0.0623
235.0000 0.0626
146.0000 0.0627
86.0000 0.0629
225.0000 0.0636
19.0000 0.0641
82.0000 0.0650
48.0000 0.0651
59.0000 0.0651
186.0000 0.0652
200.0000 0.0655
110.0000 0.0680
233.0000 0.0685
108.0000 0.0687
111.0000 0.0697
141.0000 0.0700
197.0000 0.0703
176.0000 0.0729
