0.0000 0.0000
1.0000 0.0000
2.0000 0.0000
3.0000 0.0000
4.0000 0.0000
5.0000 0.0000
6.0000 0.0000
7.0000 0.0000
8.0000 0.0000
9.0000 0.0000
10.0000 0.0000
11.0000 0.0000
12.0000 0.0000
13.0000 0.0000
14.0000 0.0000
15.0000 0.0000
16.0000 0.0000
17.0000 0.0000
18.0000 0.0000
19.0000 0.0000
20.0000 0.0000
21.0000 0.0000
22.0000 0.0000
23.0000 0.0000
24.0000 0.0000
25.0000 0.0000
26.0000 0.0000
27.0000 0.0000
28.0000 0.0000
29.0000 0.0000
30.0000 0.0000
31.0000 0.0000
32.0000 0.0000
33.0000 0.0000
34.0000 0.0000
35.0000 0.0000
36.0000 0.0000
37.0000 0.0000
38.0000 0.0000
39.0000 0.0000
40.0000 0.0000
41.0000 0.0000
42.0000 0.0000
43.0000 0.0000
44.0000 0.0000
45.0000 0.0000
46.0000 0.0000
47.0000 0.0000
48.0000 0.0000
49.0000 0.0000
50.0000 0.0000
51.0000 0.0000
52.0000 0.0000
53.0000 0.0000
54.0000 0.0000
55.0000 0.0000
56.0000 0.0000
57.0000 0.0000
58.0000 0.0000
59.0000 0.0000
60.0000 0.0000
61.0000 0.0000
62.0000 0.0000
63.0000 0.0000
64.0000 0.0000
65.0000 0.0000
66.0000 0.0000
67.0000 0.0000
68.0000 0.0000
69.0000 0.0000
70.0000 0.0000
71.0000 0.0000
72.0000 0.0000
73.0000 0.0000
74.0000 0.0000
75.0000 0.0000
76.0000 0.0000
77.0000 0.0000
78.0000 0.0000
79.0000 0.0000
80.0000 0.0000
81.0000 0.0000
82.0000 0.0000
83.0000 0.0000
84.0000 0.0000
85.0000 0.0000
86.0000 0.0000
87.0000 0.0000
88.0000 0.0000
89.0000 0.0000
90.0000 0.0000
91.0000 0.0000
92.0000 0.0000
93.0000 0.0000
94.0000 0.0000
95.0000 0.0000
96.0000 0.0000
97.0000 0.0000
98.0000 0.0000
99.0000 0.0000
100.0000 0.0000
101.0000 0.0000
102.0000 0.0000
103.0000 0.0000
104.0000 0.0000
105.0000 0.0000
106.0000 0.0000
107.0000 0.0000
108.0000 0.0000
109.0000 0.0000
110.0000 0.0000
111.0000 0.0000
112.0000 0.0000
113.0000 0.0000
114.0000 0.0000
115.0000 0.0000
116.0000 0.0000
117.0000 0.0000
118.0000 0.0000
119.0000 0.0000
120.0000 0.0000
121.0000 0.0000
122.0000 0.0000
123.0000 0.0000
124.0000 0.0000
125.0000 0.0000
126.0000 0.0000
127.0000 0.0000
128.0000 0.0000
129.0000 0.0000
130.0000 0.0000
131.0000 0.0000
132.0000 0.0000
133.0000 0.0000
134.0000 0.0000
135.0000 0.0000
136.0000 0.0000
137.0000 0.0000
138.0000 0.0000
139.0000 0.0000
140.0000 0.0000
141.0000 0.0000
142.0000 0.0000
143.0000 0.0000
144.0000 0.0000
145.0000 0.0000
146.0000 0.0000
147.0000 0.0000
148.0000 0.0000
149.0000 0.0000
186.0000 0.0037
153.0000 0.0040
217.0000 0.0041
176.0000 0.0043
172.0000 0.0045
194.0000 0.0045
202.0000 0.0045
163.0000 0.0047
174.0000 0.0047
179.0000 0.0047
182.0000 0.0047
208.0000 0.0047
223.0000 0.0048
189.0000 0.0049
171.0000 0.0050
222.0000 0.0050
201.0000 0.0051
204.0000 0.0051
209.0000 0.0051
211.0000 0.0052
233.0000 0.0054
235.0000 0.0054
227.0000 0.0055
177.0000 0.0056
180.0000 0.0057
228.0000 0.0057
197.0000 0.0058
160.0000 0.0059
190.0000 0.0059
229.0000 0.0059
161.0000 0.0062
184.0000 0.0062
200.0000 0.0063
221.0000 0.0063
230.0000 0.0063
216.0000 0.0065
212.0000 0.0066
162.0000 0.0067
175.0000 0.0067
185.0000 0.0067
192.0000 0.0068
193.0000 0.0069
205.0000 0.0070
236.0000 0.0070
238.0000 0.0070
232.0000 0.0071
167.0000 0.0072
203.0000 0.0073
154.0000 0.0074
173.0000 0.0074
210.0000 0.0074
181.0000 0.0075
169.0000 0.0076
156.0000 0.0078
195.0000 0.0078
220.0000 0.0078
166.0000 0.0079
226.0000 0.0087
213.0000 0.0091
157.0000 0.0092
120.0000 0.0098
31.0000 0.0100
57.0000 0.0104
168.0000 0.0106
82.0000 0.0109
119.0000 0.0109
33.0000 0.0112
100.0000 0.0117
214.0000 0.0117
89.0000 0.0119
104.0000 0.0121
234.0000 0.0121
18.0000 0.0123
132.0000 0.0124
147.0000 0.0124
141.0000 0.0125
137.0000 0.0126
43.0000 0.0127
84.0000 0.0127
56.0000 0.0131
70.0000 0.0131
199.0000 0.0134
44.0000 0.0135
115.0000 0.0136
142.0000 0.0137
81.0000 0.0138
7.0000 0.0139
47.0000 0.0139
135.0000 0.0139
164.0000 0.0139
105.0000 0.0141
80.0000 0.0142
196.0000 0.0143
68.0000 0.0144
88.0000 0.0145
225.0000 0.0146
4.0000 0.0148
138.0000 0.0148
158.0000 0.0149
1.0000 0.0151
95.0000 0.0151
217.0000 0.0151
46.0000 0.0152
5.0000 0.0153
165.0000 0.0153
178.0000 0.0154
231.0000 0.0154
17.0000 0.0155
204.0000 0.0156
133.0000 0.0157
90.0000 0.0158
28.0000 0.0159
22.0000 0.0160
94.0000 0.0160
93.0000 0.0161
36.0000 0.0163
118.0000 0.0165
12.0000 0.0166
98.0000 0.0166
151.0000 0.0167
79.0000 0.0168
191.0000 0.0168
144.0000 0.0169
16.0000 0.0170
111.0000 0.0171
155.0000 0.0171
78.0000 0.0172
24.0000 0.0173
58.0000 0.0173
161.0000 0.0173
222.0000 0.0173
194.0000 0.0174
3.0000 0.0175
110.0000 0.0175
159.0000 0.0177
180.0000 0.0177
15.0000 0.0178
99.0000 0.0178
174.0000 0.0178
223.0000 0.0180
140.0000 0.0181
60.0000 0.0182
108.0000 0.0182
25.0000 0.0183
209.0000 0.0183
61.0000 0.0185
116.0000 0.0186
182.0000 0.0186
211.0000 0.0186
101.0000 0.0188
183.0000 0.0188
32.0000 0.0189
134.0000 0.0190
198.0000 0.0190
197.0000 0.0191
227.0000 0.0191
8.0000 0.0192
40.0000 0.0192
139.0000 0.0192
186.0000 0.0193
121.0000 0.0194
208.0000 0.0194
235.0000 0.0194
6.0000 0.0195
145.0000 0.0195
224.0000 0.0195
45.0000 0.0196
113.0000 0.0196
14.0000 0.0197
96.0000 0.0197
55.0000 0.0198
131.0000 0.0198
143.0000 0.0198
54.0000 0.0199
62.0000 0.0199
65.0000 0.0200
102.0000 0.0200
189.0000 0.0200
125.0000 0.0201
128.0000 0.0201
202.0000 0.0201
64.0000 0.0202
103.0000 0.0202
112.0000 0.0203
237.0000 0.0203
10.0000 0.0204
51.0000 0.0204
66.0000 0.0204
126.0000 0.0205
160.0000 0.0205
215.0000 0.0205
229.0000 0.0205
9.0000 0.0206
59.0000 0.0206
73.0000 0.0206
136.0000 0.0206
179.0000 0.0206
106.0000 0.0207
120.0000 0.0207
172.0000 0.0207
31.0000 0.0208
71.0000 0.0208
122.0000 0.0208
97.0000 0.0209
219.0000 0.0210
67.0000 0.0211
37.0000 0.0212
57.0000 0.0213
89.0000 0.0213
166.0000 0.0213
176.0000 0.0213
212.0000 0.0213
163.0000 0.0214
192.0000 0.0214
216.0000 0.0215
82.0000 0.0216
119.0000 0.0217
220.0000 0.0217
233.0000 0.0218
33.0000 0.0219
162.0000 0.0220
29.0000 0.0221
221.0000 0.0221
83.0000 0.0222
153.0000 0.0222
21.0000 0.0223
48.0000 0.0223
195.0000 0.0223
92.0000 0.0225
203.0000 0.0225
185.0000 0.0226
11.0000 0.0227
74.0000 0.0227
137.0000 0.0227
147.0000 0.0227
156.0000 0.0227
201.0000 0.0227
86.0000 0.0228
230.0000 0.0228
181.0000 0.0229
30.0000 0.0230
41.0000 0.0230
109.0000 0.0230
171.0000 0.0230
228.0000 0.0230
70.0000 0.0233
75.0000 0.0233
115.0000 0.0233
117.0000 0.0233
34.0000 0.0234
104.0000 0.0234
100.0000 0.0235
168.0000 0.0236
72.0000 0.0237
141.0000 0.0237
184.0000 0.0237
207.0000 0.0237
217.0000 0.0237
204.0000 0.0238
53.0000 0.0239
129.0000 0.0239
132.0000 0.0239
52.0000 0.0240
193.0000 0.0240
232.0000 0.0240
88.0000 0.0241
123.0000 0.0242
157.0000 0.0243
190.0000 0.0243
238.0000 0.0243
18.0000 0.0244
152.0000 0.0244
142.0000 0.0245
2.0000 0.0246
39.0000 0.0246
167.0000 0.0246
169.0000 0.0246
127.0000 0.0249
173.0000 0.0249
43.0000 0.0251
84.0000 0.0252
135.0000 0.0252
77.0000 0.0255
44.0000 0.0256
124.0000 0.0256
13.0000 0.0257
56.0000 0.0257
7.0000 0.0259
81.0000 0.0259
226.0000 0.0259
4.0000 0.0260
35.0000 0.0260
105.0000 0.0261
138.0000 0.0262
161.0000 0.0262
17.0000 0.0264
47.0000 0.0264
80.0000 0.0264
175.0000 0.0265
94.0000 0.0266
180.0000 0.0266
222.0000 0.0266
22.0000 0.0267
27.0000 0.0267
46.0000 0.0267
28.0000 0.0268
68.0000 0.0268
205.0000 0.0268
90.0000 0.0269
133.0000 0.0269
218.0000 0.0273
0.0000 0.0274
1.0000 0.0274
206.0000 0.0276
149.0000 0.0277
209.0000 0.0277
174.0000 0.0278
200.0000 0.0278
114.0000 0.0279
194.0000 0.0279
93.0000 0.0280
223.0000 0.0281
58.0000 0.0282
76.0000 0.0283
98.0000 0.0283
144.0000 0.0283
211.0000 0.0283
111.0000 0.0285
95.0000 0.0286
197.0000 0.0288
236.0000 0.0288
213.0000 0.0289
26.0000 0.0291
36.0000 0.0292
79.0000 0.0292
118.0000 0.0292
199.0000 0.0292
164.0000 0.0293
5.0000 0.0294
235.0000 0.0294
227.0000 0.0295
120.0000 0.0297
182.0000 0.0297
234.0000 0.0297
49.0000 0.0299
31.0000 0.0302
208.0000 0.0303
57.0000 0.0304
89.0000 0.0304
177.0000 0.0304
186.0000 0.0304
3.0000 0.0305
12.0000 0.0307
229.0000 0.0307
33.0000 0.0308
82.0000 0.0308
191.0000 0.0309
214.0000 0.0310
110.0000 0.0311
119.0000 0.0311
160.0000 0.0313
189.0000 0.0313
25.0000 0.0316
217.0000 0.0318
204.0000 0.0320
78.0000 0.0322
172.0000 0.0322
24.0000 0.0323
192.0000 0.0323
116.0000 0.0324
216.0000 0.0324
140.0000 0.0326
233.0000 0.0327
16.0000 0.0328
137.0000 0.0329
147.0000 0.0329
108.0000 0.0330
165.0000 0.0330
8.0000 0.0331
179.0000 0.0333
45.0000 0.0334
101.0000 0.0334
70.0000 0.0336
99.0000 0.0336
212.0000 0.0336
96.0000 0.0337
113.0000 0.0339
141.0000 0.0339
145.0000 0.0340
100.0000 0.0341
104.0000 0.0341
162.0000 0.0341
50.0000 0.0342
87.0000 0.0342
166.0000 0.0342
176.0000 0.0342
55.0000 0.0343
61.0000 0.0343
132.0000 0.0343
220.0000 0.0343
32.0000 0.0344
62.0000 0.0344
143.0000 0.0344
88.0000 0.0345
125.0000 0.0345
139.0000 0.0345
15.0000 0.0346
115.0000 0.0346
103.0000 0.0347
178.0000 0.0348
161.0000 0.0349
202.0000 0.0349
231.0000 0.0349
66.0000 0.0350
121.0000 0.0350
73.0000 0.0351
134.0000 0.0351
14.0000 0.0353
135.0000 0.0353
158.0000 0.0353
18.0000 0.0354
221.0000 0.0354
131.0000 0.0355
168.0000 0.0355
180.0000 0.0355
10.0000 0.0356
153.0000 0.0356
185.0000 0.0356
54.0000 0.0357
126.0000 0.0357
40.0000 0.0358
112.0000 0.0359
163.0000 0.0359
195.0000 0.0359
203.0000 0.0359
69.0000 0.0360
142.0000 0.0360
228.0000 0.0360
230.0000 0.0362
9.0000 0.0364
60.0000 0.0364
156.0000 0.0365
222.0000 0.0365
84.0000 0.0366
128.0000 0.0369
174.0000 0.0369
6.0000 0.0370
28.0000 0.0370
43.0000 0.0370
102.0000 0.0371
136.0000 0.0371
196.0000 0.0371
17.0000 0.0372
20.0000 0.0372
44.0000 0.0372
65.0000 0.0372
232.0000 0.0372
4.0000 0.0373
7.0000 0.0373
51.0000 0.0373
181.0000 0.0373
201.0000 0.0373
209.0000 0.0375
238.0000 0.0375
105.0000 0.0376
138.0000 0.0376
183.0000 0.0376
56.0000 0.0377
133.0000 0.0378
194.0000 0.0378
80.0000 0.0379
193.0000 0.0380
22.0000 0.0381
90.0000 0.0381
94.0000 0.0381
81.0000 0.0382
184.0000 0.0382
59.0000 0.0383
171.0000 0.0383
120.0000 0.0385
29.0000 0.0386
68.0000 0.0386
151.0000 0.0386
167.0000 0.0386
46.0000 0.0387
211.0000 0.0387
223.0000 0.0387
173.0000 0.0388
197.0000 0.0388
1.0000 0.0389
64.0000 0.0389
122.0000 0.0389
144.0000 0.0389
157.0000 0.0389
31.0000 0.0391
67.0000 0.0391
47.0000 0.0392
57.0000 0.0392
227.0000 0.0392
155.0000 0.0393
38.0000 0.0394
89.0000 0.0394
182.0000 0.0394
82.0000 0.0395
159.0000 0.0396
204.0000 0.0396
37.0000 0.0397
169.0000 0.0397
33.0000 0.0398
119.0000 0.0398
217.0000 0.0398
109.0000 0.0400
208.0000 0.0400
92.0000 0.0401
235.0000 0.0401
58.0000 0.0402
83.0000 0.0402
93.0000 0.0402
106.0000 0.0402
111.0000 0.0402
130.0000 0.0402
190.0000 0.0403
21.0000 0.0405
86.0000 0.0405
98.0000 0.0405
189.0000 0.0406
42.0000 0.0407
97.0000 0.0407
225.0000 0.0407
85.0000 0.0409
79.0000 0.0410
186.0000 0.0411
226.0000 0.0411
147.0000 0.0413
229.0000 0.0414
215.0000 0.0415
192.0000 0.0416
3.0000 0.0417
5.0000 0.0417
41.0000 0.0417
137.0000 0.0417
2.0000 0.0418
34.0000 0.0418
95.0000 0.0418
129.0000 0.0418
172.0000 0.0418
71.0000 0.0421
74.0000 0.0421
160.0000 0.0421
53.0000 0.0422
118.0000 0.0422
123.0000 0.0422
72.0000 0.0423
75.0000 0.0423
164.0000 0.0426
198.0000 0.0426
70.0000 0.0427
36.0000 0.0428
52.0000 0.0428
161.0000 0.0428
110.0000 0.0429
11.0000 0.0431
127.0000 0.0432
224.0000 0.0433
88.0000 0.0434
132.0000 0.0434
180.0000 0.0434
77.0000 0.0436
205.0000 0.0437
12.0000 0.0438
115.0000 0.0438
191.0000 0.0438
233.0000 0.0438
216.0000 0.0439
25.0000 0.0440
116.0000 0.0440
13.0000 0.0441
104.0000 0.0441
166.0000 0.0441
141.0000 0.0442
200.0000 0.0442
179.0000 0.0443
100.0000 0.0444
124.0000 0.0444
237.0000 0.0444
117.0000 0.0446
135.0000 0.0446
199.0000 0.0446
212.0000 0.0447
30.0000 0.0449
162.0000 0.0449
213.0000 0.0449
45.0000 0.0450
175.0000 0.0450
222.0000 0.0451
24.0000 0.0452
140.0000 0.0452
219.0000 0.0452
142.0000 0.0453
48.0000 0.0455
108.0000 0.0455
39.0000 0.0456
78.0000 0.0458
145.0000 0.0458
168.0000 0.0458
202.0000 0.0458
18.0000 0.0459
174.0000 0.0459
236.0000 0.0459
220.0000 0.0460
8.0000 0.0461
27.0000 0.0462
221.0000 0.0462
84.0000 0.0463
209.0000 0.0463
16.0000 0.0464
103.0000 0.0464
63.0000 0.0465
163.0000 0.0465
176.0000 0.0465
185.0000 0.0465
4.0000 0.0466
28.0000 0.0466
101.0000 0.0466
228.0000 0.0467
120.0000 0.0468
62.0000 0.0469
105.0000 0.0469
113.0000 0.0469
76.0000 0.0470
195.0000 0.0470
204.0000 0.0470
31.0000 0.0471
43.0000 0.0471
156.0000 0.0473
7.0000 0.0474
89.0000 0.0474
154.0000 0.0474
217.0000 0.0474
143.0000 0.0476
194.0000 0.0476
203.0000 0.0476
14.0000 0.0477
139.0000 0.0477
17.0000 0.0478
57.0000 0.0478
56.0000 0.0479
153.0000 0.0479
232.0000 0.0479
55.0000 0.0480
125.0000 0.0480
131.0000 0.0480
22.0000 0.0482
96.0000 0.0482
197.0000 0.0482
223.0000 0.0482
230.0000 0.0482
80.0000 0.0483
121.0000 0.0483
227.0000 0.0483
33.0000 0.0484
66.0000 0.0484
82.0000 0.0484
126.0000 0.0484
134.0000 0.0484
138.0000 0.0484
149.0000 0.0484
44.0000 0.0485
61.0000 0.0485
94.0000 0.0485
119.0000 0.0485
81.0000 0.0486
133.0000 0.0486
73.0000 0.0487
211.0000 0.0487
99.0000 0.0488
90.0000 0.0489
210.0000 0.0489
10.0000 0.0490
68.0000 0.0491
234.0000 0.0491
238.0000 0.0491
182.0000 0.0492
235.0000 0.0492
46.0000 0.0493
144.0000 0.0493
1.0000 0.0495
9.0000 0.0496
184.0000 0.0496
189.0000 0.0496
112.0000 0.0497
165.0000 0.0497
15.0000 0.0498
193.0000 0.0499
208.0000 0.0499
111.0000 0.0500
32.0000 0.0501
181.0000 0.0501
0.0000 0.0503
58.0000 0.0503
60.0000 0.0503
147.0000 0.0504
47.0000 0.0506
177.0000 0.0506
178.0000 0.0506
201.0000 0.0506
93.0000 0.0507
186.0000 0.0508
214.0000 0.0508
35.0000 0.0509
137.0000 0.0509
229.0000 0.0509
231.0000 0.0509
54.0000 0.0510
102.0000 0.0510
157.0000 0.0510
161.0000 0.0510
180.0000 0.0511
192.0000 0.0512
51.0000 0.0513
98.0000 0.0513
172.0000 0.0513
173.0000 0.0513
167.0000 0.0514
40.0000 0.0516
70.0000 0.0516
132.0000 0.0516
65.0000 0.0517
136.0000 0.0517
160.0000 0.0518
169.0000 0.0520
49.0000 0.0521
26.0000 0.0523
3.0000 0.0525
79.0000 0.0525
88.0000 0.0525
115.0000 0.0525
128.0000 0.0526
171.0000 0.0526
95.0000 0.0529
59.0000 0.0530
36.0000 0.0531
6.0000 0.0533
104.0000 0.0533
158.0000 0.0533
222.0000 0.0533
64.0000 0.0534
152.0000 0.0534
118.0000 0.0535
141.0000 0.0536
100.0000 0.0537
5.0000 0.0538
29.0000 0.0541
226.0000 0.0541
204.0000 0.0542
67.0000 0.0543
135.0000 0.0543
233.0000 0.0543
21.0000 0.0545
174.0000 0.0545
216.0000 0.0545
110.0000 0.0546
179.0000 0.0547
120.0000 0.0548
122.0000 0.0548
31.0000 0.0549
37.0000 0.0549
190.0000 0.0549
209.0000 0.0549
217.0000 0.0549
142.0000 0.0550
151.0000 0.0550
196.0000 0.0551
89.0000 0.0552
116.0000 0.0552
212.0000 0.0552
25.0000 0.0554
164.0000 0.0554
18.0000 0.0557
166.0000 0.0557
83.0000 0.0558
183.0000 0.0558
12.0000 0.0560
45.0000 0.0560
57.0000 0.0560
191.0000 0.0560
4.0000 0.0561
162.0000 0.0561
168.0000 0.0561
28.0000 0.0563
114.0000 0.0563
72.0000 0.0567
108.0000 0.0567
119.0000 0.0567
84.0000 0.0568
105.0000 0.0568
106.0000 0.0569
109.0000 0.0569
140.0000 0.0569
185.0000 0.0569
194.0000 0.0569
7.0000 0.0570
33.0000 0.0570
148.0000 0.0571
53.0000 0.0572
197.0000 0.0572
227.0000 0.0572
86.0000 0.0573
145.0000 0.0573
24.0000 0.0574
82.0000 0.0574
97.0000 0.0576
195.0000 0.0576
2.0000 0.0577
43.0000 0.0577
220.0000 0.0577
221.0000 0.0577
223.0000 0.0577
22.0000 0.0581
56.0000 0.0581
228.0000 0.0581
199.0000 0.0582
211.0000 0.0583
182.0000 0.0584
16.0000 0.0585
113.0000 0.0585
133.0000 0.0585
17.0000 0.0586
81.0000 0.0586
156.0000 0.0586
159.0000 0.0586
161.0000 0.0586
34.0000 0.0587
74.0000 0.0587
176.0000 0.0587
202.0000 0.0588
80.0000 0.0589
44.0000 0.0590
52.0000 0.0590
138.0000 0.0590
41.0000 0.0591
101.0000 0.0591
147.0000 0.0591
203.0000 0.0591
208.0000 0.0591
75.0000 0.0592
78.0000 0.0592
90.0000 0.0592
103.0000 0.0592
232.0000 0.0592
155.0000 0.0594
235.0000 0.0594
46.0000 0.0595
94.0000 0.0595
180.0000 0.0595
189.0000 0.0595
144.0000 0.0596
163.0000 0.0596
205.0000 0.0596
137.0000 0.0597
213.0000 0.0599
230.0000 0.0599
8.0000 0.0600
111.0000 0.0600
123.0000 0.0600
215.0000 0.0601
1.0000 0.0602
127.0000 0.0602
87.0000 0.0603
129.0000 0.0603
143.0000 0.0603
153.0000 0.0603
200.0000 0.0603
92.0000 0.0604
192.0000 0.0604
68.0000 0.0605
58.0000 0.0606
70.0000 0.0608
132.0000 0.0608
186.0000 0.0608
229.0000 0.0608
11.0000 0.0609
13.0000 0.0609
160.0000 0.0609
238.0000 0.0609
55.0000 0.0610
131.0000 0.0610
126.0000 0.0611
175.0000 0.0611
14.0000 0.0612
139.0000 0.0612
172.0000 0.0612
207.0000 0.0612
10.0000 0.0613
115.0000 0.0613
184.0000 0.0613
204.0000 0.0613
73.0000 0.0614
88.0000 0.0614
125.0000 0.0614
47.0000 0.0615
61.0000 0.0615
93.0000 0.0615
96.0000 0.0615
121.0000 0.0615
224.0000 0.0615
66.0000 0.0616
77.0000 0.0616
198.0000 0.0616
225.0000 0.0616
62.0000 0.0617
50.0000 0.0618
98.0000 0.0618
134.0000 0.0618
71.0000 0.0619
117.0000 0.0619
124.0000 0.0619
222.0000 0.0619
236.0000 0.0621
181.0000 0.0623
217.0000 0.0623
141.0000 0.0624
31.0000 0.0625
120.0000 0.0625
174.0000 0.0625
173.0000 0.0626
99.0000 0.0627
100.0000 0.0627
104.0000 0.0627
201.0000 0.0628
209.0000 0.0628
157.0000 0.0629
193.0000 0.0629
3.0000 0.0630
167.0000 0.0630
32.0000 0.0631
135.0000 0.0631
218.0000 0.0632
9.0000 0.0633
79.0000 0.0633
57.0000 0.0634
89.0000 0.0634
112.0000 0.0636
206.0000 0.0636
69.0000 0.0637
60.0000 0.0638
102.0000 0.0639
165.0000 0.0639
216.0000 0.0639
169.0000 0.0640
15.0000 0.0641
118.0000 0.0643
142.0000 0.0643
179.0000 0.0643
39.0000 0.0644
54.0000 0.0644
119.0000 0.0644
233.0000 0.0644
5.0000 0.0646
18.0000 0.0646
212.0000 0.0647
65.0000 0.0648
95.0000 0.0648
33.0000 0.0649
231.0000 0.0649
237.0000 0.0649
27.0000 0.0650
130.0000 0.0650
194.0000 0.0650
48.0000 0.0651
149.0000 0.0651
30.0000 0.0652
84.0000 0.0653
166.0000 0.0653
4.0000 0.0654
82.0000 0.0654
136.0000 0.0654
168.0000 0.0654
178.0000 0.0654
28.0000 0.0655
36.0000 0.0655
40.0000 0.0655
76.0000 0.0655
227.0000 0.0656
105.0000 0.0657
226.0000 0.0657
128.0000 0.0658
219.0000 0.0658
223.0000 0.0658
171.0000 0.0659
25.0000 0.0660
51.0000 0.0660
197.0000 0.0660
110.0000 0.0661
162.0000 0.0661
116.0000 0.0662
161.0000 0.0662
7.0000 0.0666
43.0000 0.0666
12.0000 0.0668
45.0000 0.0669
185.0000 0.0669
191.0000 0.0670
211.0000 0.0670
21.0000 0.0672
180.0000 0.0672
214.0000 0.0672
234.0000 0.0673
56.0000 0.0674
64.0000 0.0674
147.0000 0.0674
182.0000 0.0674
22.0000 0.0675
133.0000 0.0675
208.0000 0.0677
228.0000 0.0677
164.0000 0.0678
108.0000 0.0679
6.0000 0.0680
138.0000 0.0680
59.0000 0.0681
221.0000 0.0681
80.0000 0.0682
137.0000 0.0682
189.0000 0.0682
190.0000 0.0682
235.0000 0.0682
17.0000 0.0683
29.0000 0.0683
195.0000 0.0683
204.0000 0.0683
20.0000 0.0684
81.0000 0.0685
145.0000 0.0685
24.0000 0.0686
90.0000 0.0686
94.0000 0.0689
177.0000 0.0690
38.0000 0.0692
67.0000 0.0692
192.0000 0.0692
46.0000 0.0693
122.0000 0.0693
156.0000 0.0693
44.0000 0.0694
70.0000 0.0694
111.0000 0.0694
140.0000 0.0694
113.0000 0.0695
132.0000 0.0695
217.0000 0.0695
220.0000 0.0695
16.0000 0.0696
88.0000 0.0697
158.0000 0.0697
144.0000 0.0698
202.0000 0.0698
232.0000 0.0698
176.0000 0.0699
0.0000 0.0700
37.0000 0.0701
72.0000 0.0701
115.0000 0.0701
222.0000 0.0701
31.0000 0.0702
83.0000 0.0702
120.0000 0.0702
229.0000 0.0702
58.0000 0.0704
230.0000 0.0704
103.0000 0.0705
172.0000 0.0705
106.0000 0.0706
68.0000 0.0707
160.0000 0.0707
186.0000 0.0708
203.0000 0.0709
78.0000 0.0710
101.0000 0.0710
209.0000 0.0710
1.0000 0.0711
89.0000 0.0712
53.0000 0.0713
174.0000 0.0713
163.0000 0.0714
57.0000 0.0715
93.0000 0.0715
153.0000 0.0715
100.0000 0.0716
42.0000 0.0717
86.0000 0.0718
104.0000 0.0718
238.0000 0.0718
109.0000 0.0719
141.0000 0.0719
196.0000 0.0719
2.0000 0.0720
34.0000 0.0720
98.0000 0.0720
135.0000 0.0721
184.0000 0.0722
199.0000 0.0723
143.0000 0.0724
47.0000 0.0726
119.0000 0.0726
8.0000 0.0729
73.0000 0.0729
33.0000 0.0730
125.0000 0.0731
3.0000 0.0733
183.0000 0.0733
216.0000 0.0733
10.0000 0.0734
41.0000 0.0734
126.0000 0.0734
131.0000 0.0735
151.0000 0.0735
18.0000 0.0736
161.0000 0.0736
173.0000 0.0736
82.0000 0.0737
194.0000 0.0738
79.0000 0.0739
14.0000 0.0740
134.0000 0.0740
142.0000 0.0741
227.0000 0.0741
139.0000 0.0742
181.0000 0.0742
233.0000 0.0742
28.0000 0.0744
49.0000 0.0744
84.0000 0.0744
200.0000 0.0744
213.0000 0.0744
4.0000 0.0745
97.0000 0.0745
55.0000 0.0746
180.0000 0.0746
197.0000 0.0746
26.0000 0.0747
121.0000 0.0747
212.0000 0.0747
179.0000 0.0748
66.0000 0.0750
75.0000 0.0750
96.0000 0.0750
193.0000 0.0750
62.0000 0.0751
118.0000 0.0751
157.0000 0.0751
167.0000 0.0752
223.0000 0.0753
204.0000 0.0754
201.0000 0.0755
35.0000 0.0756
52.0000 0.0756
169.0000 0.0756
7.0000 0.0757
9.0000 0.0757
159.0000 0.0757
5.0000 0.0758
63.0000 0.0758
105.0000 0.0758
168.0000 0.0759
211.0000 0.0760
13.0000 0.0761
236.0000 0.0761
95.0000 0.0762
129.0000 0.0762
147.0000 0.0762
166.0000 0.0762
208.0000 0.0762
127.0000 0.0763
205.0000 0.0764
61.0000 0.0765
74.0000 0.0765
137.0000 0.0765
99.0000 0.0766
215.0000 0.0766
43.0000 0.0767
92.0000 0.0767
116.0000 0.0767
123.0000 0.0768
162.0000 0.0768
36.0000 0.0769
56.0000 0.0769
217.0000 0.0769
235.0000 0.0769
32.0000 0.0770
112.0000 0.0770
189.0000 0.0770
185.0000 0.0771
22.0000 0.0772
77.0000 0.0772
133.0000 0.0772
25.0000 0.0773
90.0000 0.0773
136.0000 0.0774
11.0000 0.0775
175.0000 0.0775
182.0000 0.0775
132.0000 0.0776
110.0000 0.0777
124.0000 0.0777
31.0000 0.0778
88.0000 0.0778
94.0000 0.0778
102.0000 0.0778
155.0000 0.0778
165.0000 0.0778
226.0000 0.0778
15.0000 0.0779
54.0000 0.0779
171.0000 0.0779
80.0000 0.0780
17.0000 0.0781
81.0000 0.0781
120.0000 0.0781
192.0000 0.0781
23.0000 0.0782
45.0000 0.0782
117.0000 0.0782
138.0000 0.0782
60.0000 0.0783
70.0000 0.0783
228.0000 0.0783
115.0000 0.0784
114.0000 0.0785
154.0000 0.0785
195.0000 0.0785
44.0000 0.0786
222.0000 0.0786
12.0000 0.0788
144.0000 0.0789
145.0000 0.0789
221.0000 0.0789
40.0000 0.0790
65.0000 0.0790
21.0000 0.0791
46.0000 0.0791
209.0000 0.0791
232.0000 0.0791
108.0000 0.0792
191.0000 0.0792
198.0000 0.0792
229.0000 0.0792
89.0000 0.0793
174.0000 0.0793
57.0000 0.0794
111.0000 0.0794
156.0000 0.0794
71.0000 0.0795
128.0000 0.0797
178.0000 0.0797
164.0000 0.0798
172.0000 0.0798
224.0000 0.0798
119.0000 0.0800
160.0000 0.0800
176.0000 0.0800
231.0000 0.0800
186.0000 0.0801
51.0000 0.0802
135.0000 0.0802
140.0000 0.0802
58.0000 0.0803
100.0000 0.0803
141.0000 0.0804
1.0000 0.0805
24.0000 0.0805
104.0000 0.0805
64.0000 0.0806
220.0000 0.0806
16.0000 0.0807
68.0000 0.0807
93.0000 0.0807
113.0000 0.0808
98.0000 0.0810
190.0000 0.0810
33.0000 0.0811
230.0000 0.0811
161.0000 0.0812
202.0000 0.0812
39.0000 0.0813
153.0000 0.0813
203.0000 0.0813
82.0000 0.0814
91.0000 0.0816
29.0000 0.0817
194.0000 0.0817
180.0000 0.0818
87.0000 0.0819
6.0000 0.0820
101.0000 0.0820
204.0000 0.0822
47.0000 0.0823
163.0000 0.0823
59.0000 0.0824
37.0000 0.0825
225.0000 0.0825
48.0000 0.0826
216.0000 0.0826
214.0000 0.0827
18.0000 0.0828
122.0000 0.0828
78.0000 0.0829
103.0000 0.0829
142.0000 0.0830
184.0000 0.0830
227.0000 0.0830
28.0000 0.0831
3.0000 0.0832
30.0000 0.0832
197.0000 0.0832
152.0000 0.0833
234.0000 0.0833
67.0000 0.0835
233.0000 0.0836
4.0000 0.0837
149.0000 0.0837
238.0000 0.0837
72.0000 0.0839
84.0000 0.0839
27.0000 0.0841
217.0000 0.0841
125.0000 0.0843
223.0000 0.0843
199.0000 0.0844
83.0000 0.0845
85.0000 0.0846
147.0000 0.0846
212.0000 0.0846
143.0000 0.0847
179.0000 0.0847
181.0000 0.0848
10.0000 0.0849
79.0000 0.0849
137.0000 0.0849
7.0000 0.0850
118.0000 0.0850
14.0000 0.0851
173.0000 0.0852
31.0000 0.0853
34.0000 0.0853
53.0000 0.0853
105.0000 0.0853
208.0000 0.0854
43.0000 0.0855
73.0000 0.0856
120.0000 0.0856
76.0000 0.0857
158.0000 0.0857
126.0000 0.0858
219.0000 0.0858
235.0000 0.0858
237.0000 0.0858
106.0000 0.0859
131.0000 0.0859
168.0000 0.0859
211.0000 0.0859
8.0000 0.0860
132.0000 0.0860
5.0000 0.0861
189.0000 0.0861
56.0000 0.0862
134.0000 0.0862
139.0000 0.0862
70.0000 0.0863
166.0000 0.0864
88.0000 0.0865
96.0000 0.0866
177.0000 0.0866
182.0000 0.0866
90.0000 0.0867
167.0000 0.0867
22.0000 0.0868
94.0000 0.0868
116.0000 0.0868
109.0000 0.0869
115.0000 0.0869
192.0000 0.0870
57.0000 0.0871
89.0000 0.0871
133.0000 0.0871
210.0000 0.0871
36.0000 0.0872
55.0000 0.0872
86.0000 0.0872
121.0000 0.0872
185.0000 0.0872
193.0000 0.0872
222.0000 0.0872
66.0000 0.0873
95.0000 0.0873
130.0000 0.0873
174.0000 0.0873
196.0000 0.0873
80.0000 0.0875
157.0000 0.0875
162.0000 0.0875
200.0000 0.0875
209.0000 0.0875
41.0000 0.0876
2.0000 0.0877
50.0000 0.0877
138.0000 0.0877
169.0000 0.0878
201.0000 0.0878
25.0000 0.0879
81.0000 0.0879
17.0000 0.0880
119.0000 0.0881
183.0000 0.0883
0.0000 0.0884
69.0000 0.0884
9.0000 0.0886
144.0000 0.0886
46.0000 0.0887
161.0000 0.0887
195.0000 0.0887
229.0000 0.0887
33.0000 0.0888
44.0000 0.0888
62.0000 0.0888
45.0000 0.0889
61.0000 0.0889
100.0000 0.0889
172.0000 0.0889
110.0000 0.0890
213.0000 0.0890
97.0000 0.0891
160.0000 0.0891
204.0000 0.0891
228.0000 0.0891
111.0000 0.0892
82.0000 0.0893
108.0000 0.0893
135.0000 0.0893
141.0000 0.0893
221.0000 0.0893
104.0000 0.0895
156.0000 0.0895
99.0000 0.0896
180.0000 0.0896
171.0000 0.0897
226.0000 0.0897
32.0000 0.0899
107.0000 0.0900
136.0000 0.0900
151.0000 0.0900
1.0000 0.0901
186.0000 0.0901
54.0000 0.0902
145.0000 0.0902
194.0000 0.0902
232.0000 0.0902
58.0000 0.0903
75.0000 0.0903
112.0000 0.0903
140.0000 0.0903
68.0000 0.0904
93.0000 0.0905
52.0000 0.0906
176.0000 0.0906
227.0000 0.0906
98.0000 0.0908
65.0000 0.0910
197.0000 0.0910
102.0000 0.0911
217.0000 0.0911
236.0000 0.0911
12.0000 0.0912
164.0000 0.0912
11.0000 0.0913
21.0000 0.0914
113.0000 0.0914
159.0000 0.0915
191.0000 0.0915
16.0000 0.0916
129.0000 0.0917
220.0000 0.0917
15.0000 0.0918
18.0000 0.0918
28.0000 0.0918
153.0000 0.0918
216.0000 0.0918
60.0000 0.0919
92.0000 0.0919
142.0000 0.0919
165.0000 0.0919
205.0000 0.0919
13.0000 0.0920
24.0000 0.0920
175.0000 0.0920
203.0000 0.0920
215.0000 0.0920
223.0000 0.0921
127.0000 0.0922
47.0000 0.0923
230.0000 0.0923
74.0000 0.0924
202.0000 0.0924
206.0000 0.0925
4.0000 0.0926
147.0000 0.0926
31.0000 0.0927
207.0000 0.0927
40.0000 0.0928
120.0000 0.0928
84.0000 0.0931
124.0000 0.0931
163.0000 0.0931
233.0000 0.0931
190.0000 0.0932
117.0000 0.0933
137.0000 0.0933
78.0000 0.0934
184.0000 0.0934
212.0000 0.0934
218.0000 0.0936
3.0000 0.0937
101.0000 0.0937
51.0000 0.0938
123.0000 0.0938
179.0000 0.0938
235.0000 0.0939
43.0000 0.0940
64.0000 0.0940
77.0000 0.0941
208.0000 0.0941
70.0000 0.0942
7.0000 0.0943
103.0000 0.0943
29.0000 0.0944
231.0000 0.0944
57.0000 0.0945
105.0000 0.0945
38.0000 0.0946
49.0000 0.0946
132.0000 0.0946
189.0000 0.0946
238.0000 0.0946
26.0000 0.0947
88.0000 0.0947
178.0000 0.0947
211.0000 0.0947
209.0000 0.0949
56.0000 0.0950
125.0000 0.0951
222.0000 0.0951
89.0000 0.0952
128.0000 0.0952
35.0000 0.0953
168.0000 0.0953
143.0000 0.0954
155.0000 0.0954
173.0000 0.0954
42.0000 0.0955
59.0000 0.0955
90.0000 0.0955
115.0000 0.0955
118.0000 0.0955
6.0000 0.0957
22.0000 0.0957
71.0000 0.0957
79.0000 0.0957
174.0000 0.0957
192.0000 0.0957
10.0000 0.0959
133.0000 0.0959
166.0000 0.0959
182.0000 0.0959
94.0000 0.0960
119.0000 0.0960
122.0000 0.0960
161.0000 0.0960
181.0000 0.0960
39.0000 0.0961
204.0000 0.0961
37.0000 0.0963
80.0000 0.0963
138.0000 0.0964
199.0000 0.0965
185.0000 0.0966
33.0000 0.0967
180.0000 0.0967
14.0000 0.0970
126.0000 0.0970
135.0000 0.0970
198.0000 0.0971
214.0000 0.0971
224.0000 0.0971
5.0000 0.0972
82.0000 0.0972
81.0000 0.0973
8.0000 0.0974
67.0000 0.0974
95.0000 0.0974
114.0000 0.0974
116.0000 0.0974
131.0000 0.0974
134.0000 0.0974
17.0000 0.0975
229.0000 0.0975
160.0000 0.0976
162.0000 0.0977
34.0000 0.0978
53.0000 0.0978
72.0000 0.0978
73.0000 0.0978
100.0000 0.0978
139.0000 0.0978
144.0000 0.0978
167.0000 0.0978
234.0000 0.0978
25.0000 0.0979
48.0000 0.0980
96.0000 0.0980
172.0000 0.0980
44.0000 0.0981
194.0000 0.0981
46.0000 0.0982
30.0000 0.0983
104.0000 0.0984
186.0000 0.0984
217.0000 0.0984
36.0000 0.0986
45.0000 0.0986
66.0000 0.0986
141.0000 0.0986
157.0000 0.0987
193.0000 0.0987
111.0000 0.0988
195.0000 0.0989
197.0000 0.0989
58.0000 0.0990
201.0000 0.0990
227.0000 0.0991
169.0000 0.0993
2.0000 0.0994
83.0000 0.0994
108.0000 0.0994
156.0000 0.0994
1.0000 0.0995
55.0000 0.0995
200.0000 0.0995
228.0000 0.0996
93.0000 0.0997
121.0000 0.0997
68.0000 0.0998
31.0000 0.0999
232.0000 0.0999
221.0000 0.1000
9.0000 0.1001
98.0000 0.1001
223.0000 0.1002
110.0000 0.1003
120.0000 0.1003
20.0000 0.1004
28.0000 0.1005
145.0000 0.1005
147.0000 0.1005
158.0000 0.1005
18.0000 0.1006
109.0000 0.1006
140.0000 0.1006
142.0000 0.1007
226.0000 0.1007
106.0000 0.1008
176.0000 0.1008
213.0000 0.1009
61.0000 0.1010
63.0000 0.1010
216.0000 0.1010
4.0000 0.1011
62.0000 0.1012
86.0000 0.1014
153.0000 0.1014
149.0000 0.1015
137.0000 0.1016
154.0000 0.1018
16.0000 0.1019
57.0000 0.1019
70.0000 0.1019
41.0000 0.1020
84.0000 0.1020
47.0000 0.1021
171.0000 0.1021
220.0000 0.1021
235.0000 0.1021
203.0000 0.1022
87.0000 0.1023
113.0000 0.1023
99.0000 0.1024
112.0000 0.1024
189.0000 0.1024
136.0000 0.1025
208.0000 0.1026
12.0000 0.1027
43.0000 0.1027
65.0000 0.1029
89.0000 0.1029
164.0000 0.1029
196.0000 0.1029
209.0000 0.1029
222.0000 0.1029
3.0000 0.1030
27.0000 0.1030
32.0000 0.1030
132.0000 0.1030
191.0000 0.1030
204.0000 0.1030
179.0000 0.1031
230.0000 0.1031
102.0000 0.1032
202.0000 0.1032
212.0000 0.1032
24.0000 0.1033
88.0000 0.1033
163.0000 0.1033
54.0000 0.1034
177.0000 0.1034
233.0000 0.1034
7.0000 0.1035
105.0000 0.1035
211.0000 0.1036
119.0000 0.1037
161.0000 0.1037
174.0000 0.1037
183.0000 0.1037
75.0000 0.1038
115.0000 0.1038
184.0000 0.1038
21.0000 0.1041
192.0000 0.1041
15.0000 0.1042
22.0000 0.1042
56.0000 0.1042
180.0000 0.1042
60.0000 0.1043
0.0000 0.1044
76.0000 0.1044
165.0000 0.1044
239.0000 0.1044
33.0000 0.1046
90.0000 0.1046
97.0000 0.1046
152.0000 0.1046
168.0000 0.1046
182.0000 0.1046
78.0000 0.1047
82.0000 0.1048
52.0000 0.1049
94.0000 0.1049
148.0000 0.1049
190.0000 0.1050
237.0000 0.1050
80.0000 0.1051
225.0000 0.1051
151.0000 0.1052
217.0000 0.1052
40.0000 0.1053
133.0000 0.1053
219.0000 0.1053
236.0000 0.1053
238.0000 0.1053
11.0000 0.1054
101.0000 0.1054
103.0000 0.1056
118.0000 0.1056
135.0000 0.1057
138.0000 0.1057
166.0000 0.1057
143.0000 0.1058
79.0000 0.1059
175.0000 0.1059
205.0000 0.1059
51.0000 0.1060
159.0000 0.1062
160.0000 0.1062
194.0000 0.1062
100.0000 0.1063
104.0000 0.1064
185.0000 0.1064
229.0000 0.1064
129.0000 0.1065
173.0000 0.1065
172.0000 0.1066
141.0000 0.1067
197.0000 0.1067
10.0000 0.1068
17.0000 0.1068
81.0000 0.1068
92.0000 0.1068
125.0000 0.1068
144.0000 0.1069
181.0000 0.1069
64.0000 0.1070
74.0000 0.1070
127.0000 0.1070
13.0000 0.1072
5.0000 0.1073
31.0000 0.1073
227.0000 0.1073
116.0000 0.1074
46.0000 0.1075
186.0000 0.1075
215.0000 0.1075
111.0000 0.1076
117.0000 0.1076
29.0000 0.1077
8.0000 0.1078
95.0000 0.1078
25.0000 0.1079
120.0000 0.1080
126.0000 0.1080
44.0000 0.1081
162.0000 0.1081
1.0000 0.1084
123.0000 0.1084
124.0000 0.1084
134.0000 0.1084
58.0000 0.1085
147.0000 0.1087
223.0000 0.1087
14.0000 0.1088
128.0000 0.1088
195.0000 0.1088
231.0000 0.1088
6.0000 0.1089
199.0000 0.1089
45.0000 0.1091
50.0000 0.1092
68.0000 0.1092
156.0000 0.1092
18.0000 0.1093
131.0000 0.1093
139.0000 0.1094
142.0000 0.1094
178.0000 0.1094
98.0000 0.1095
157.0000 0.1095
169.0000 0.1095
28.0000 0.1096
37.0000 0.1096
93.0000 0.1096
201.0000 0.1096
57.0000 0.1097
70.0000 0.1097
73.0000 0.1097
204.0000 0.1097
4.0000 0.1098
36.0000 0.1098
167.0000 0.1098
59.0000 0.1099
228.0000 0.1099
130.0000 0.1100
137.0000 0.1100
66.0000 0.1101
216.0000 0.1101
96.0000 0.1102
232.0000 0.1102
122.0000 0.1104
235.0000 0.1104
108.0000 0.1105
110.0000 0.1105
176.0000 0.1105
209.0000 0.1105
221.0000 0.1105
53.0000 0.1107
84.0000 0.1107
189.0000 0.1107
55.0000 0.1108
72.0000 0.1108
89.0000 0.1108
132.0000 0.1108
193.0000 0.1108
222.0000 0.1108
34.0000 0.1109
83.0000 0.1110
88.0000 0.1110
161.0000 0.1110
77.0000 0.1112
145.0000 0.1112
214.0000 0.1112
43.0000 0.1113
121.0000 0.1113
153.0000 0.1113
208.0000 0.1113
226.0000 0.1113
67.0000 0.1114
119.0000 0.1114
140.0000 0.1115
155.0000 0.1115
174.0000 0.1115
180.0000 0.1115
212.0000 0.1118
62.0000 0.1119
47.0000 0.1121
115.0000 0.1121
179.0000 0.1121
234.0000 0.1121
105.0000 0.1122
217.0000 0.1122
9.0000 0.1123
30.0000 0.1123
203.0000 0.1123
211.0000 0.1124
33.0000 0.1125
233.0000 0.1125
26.0000 0.1126
82.0000 0.1126
16.0000 0.1127
39.0000 0.1127
113.0000 0.1127
220.0000 0.1127
7.0000 0.1128
22.0000 0.1128
71.0000 0.1128
61.0000 0.1129
69.0000 0.1129
192.0000 0.1129
12.0000 0.1130
90.0000 0.1130
3.0000 0.1132
109.0000 0.1132
200.0000 0.1132
2.0000 0.1133
56.0000 0.1133
224.0000 0.1133
48.0000 0.1134
163.0000 0.1134
182.0000 0.1134
213.0000 0.1134
171.0000 0.1135
35.0000 0.1136
106.0000 0.1137
202.0000 0.1137
24.0000 0.1138
158.0000 0.1138
194.0000 0.1138
80.0000 0.1139
94.0000 0.1139
230.0000 0.1139
99.0000 0.1140
191.0000 0.1140
184.0000 0.1141
138.0000 0.1142
49.0000 0.1143
112.0000 0.1144
197.0000 0.1144
100.0000 0.1145
164.0000 0.1145
31.0000 0.1147
133.0000 0.1147
135.0000 0.1147
136.0000 0.1147
168.0000 0.1147
229.0000 0.1147
79.0000 0.1149
104.0000 0.1149
160.0000 0.1149
198.0000 0.1149
120.0000 0.1151
32.0000 0.1152
118.0000 0.1153
141.0000 0.1154
227.0000 0.1154
41.0000 0.1155
81.0000 0.1155
78.0000 0.1156
166.0000 0.1156
238.0000 0.1156
65.0000 0.1157
54.0000 0.1158
101.0000 0.1159
185.0000 0.1159
186.0000 0.1159
17.0000 0.1160
86.0000 0.1160
144.0000 0.1160
172.0000 0.1160
21.0000 0.1163
46.0000 0.1163
102.0000 0.1163
143.0000 0.1163
15.0000 0.1164
147.0000 0.1164
223.0000 0.1165
204.0000 0.1167
44.0000 0.1168
57.0000 0.1171
210.0000 0.1171
111.0000 0.1172
149.0000 0.1172
60.0000 0.1173
114.0000 0.1173
5.0000 0.1174
40.0000 0.1174
116.0000 0.1174
173.0000 0.1174
1.0000 0.1175
196.0000 0.1175
103.0000 0.1176
95.0000 0.1177
125.0000 0.1177
70.0000 0.1178
85.0000 0.1178
165.0000 0.1178
10.0000 0.1179
25.0000 0.1179
58.0000 0.1179
190.0000 0.1179
18.0000 0.1180
181.0000 0.1180
75.0000 0.1181
195.0000 0.1184
209.0000 0.1184
89.0000 0.1185
161.0000 0.1185
235.0000 0.1185
28.0000 0.1186
51.0000 0.1186
68.0000 0.1186
137.0000 0.1186
162.0000 0.1186
52.0000 0.1188
180.0000 0.1188
4.0000 0.1189
8.0000 0.1190
132.0000 0.1190
142.0000 0.1190
189.0000 0.1190
119.0000 0.1191
222.0000 0.1191
216.0000 0.1192
177.0000 0.1193
45.0000 0.1194
217.0000 0.1194
88.0000 0.1195
175.0000 0.1196
236.0000 0.1196
0.0000 0.1197
174.0000 0.1198
205.0000 0.1198
126.0000 0.1199
183.0000 0.1199
93.0000 0.1201
98.0000 0.1202
134.0000 0.1202
156.0000 0.1202
159.0000 0.1202
33.0000 0.1203
157.0000 0.1203
208.0000 0.1203
11.0000 0.1204
84.0000 0.1204
176.0000 0.1204
108.0000 0.1205
27.0000 0.1206
64.0000 0.1206
82.0000 0.1207
97.0000 0.1207
115.0000 0.1207
232.0000 0.1207
14.0000 0.1208
139.0000 0.1208
169.0000 0.1208
228.0000 0.1208
29.0000 0.1209
43.0000 0.1210
128.0000 0.1210
105.0000 0.1211
129.0000 0.1212
218.0000 0.1212
13.0000 0.1213
151.0000 0.1213
73.0000 0.1214
201.0000 0.1214
211.0000 0.1214
212.0000 0.1214
221.0000 0.1214
117.0000 0.1215
36.0000 0.1216
167.0000 0.1216
22.0000 0.1217
153.0000 0.1217
38.0000 0.1218
110.0000 0.1218
131.0000 0.1218
192.0000 0.1218
7.0000 0.1219
74.0000 0.1219
182.0000 0.1219
31.0000 0.1220
179.0000 0.1220
59.0000 0.1221
127.0000 0.1221
193.0000 0.1222
231.0000 0.1222
42.0000 0.1224
233.0000 0.1224
47.0000 0.1225
56.0000 0.1225
90.0000 0.1225
96.0000 0.1225
120.0000 0.1225
145.0000 0.1225
197.0000 0.1225
100.0000 0.1226
207.0000 0.1226
226.0000 0.1226
55.0000 0.1227
66.0000 0.1227
194.0000 0.1227
121.0000 0.1228
140.0000 0.1228
215.0000 0.1228
80.0000 0.1229
113.0000 0.1229
6.0000 0.1231
199.0000 0.1231
203.0000 0.1231
229.0000 0.1232
138.0000 0.1233
92.0000 0.1234
76.0000 0.1235
124.0000 0.1235
3.0000 0.1236
94.0000 0.1236
168.0000 0.1236
12.0000 0.1237
135.0000 0.1237
204.0000 0.1237
227.0000 0.1237
37.0000 0.1239
104.0000 0.1239
160.0000 0.1239
206.0000 0.1239
220.0000 0.1239
16.0000 0.1240
87.0000 0.1240
141.0000 0.1240
133.0000 0.1241
34.0000 0.1242
184.0000 0.1242
61.0000 0.1243
63.0000 0.1243
62.0000 0.1244
202.0000 0.1244
57.0000 0.1245
72.0000 0.1246
79.0000 0.1246
122.0000 0.1247
147.0000 0.1247
230.0000 0.1247
219.0000 0.1248
9.0000 0.1250
83.0000 0.1250
53.0000 0.1251
81.0000 0.1251
144.0000 0.1251
237.0000 0.1251
46.0000 0.1252
123.0000 0.1252
163.0000 0.1252
186.0000 0.1252
223.0000 0.1252
24.0000 0.1253
172.0000 0.1253
178.0000 0.1253
166.0000 0.1254
191.0000 0.1254
17.0000 0.1255
20.0000 0.1255
67.0000 0.1258
118.0000 0.1258
180.0000 0.1258
185.0000 0.1258
70.0000 0.1259
44.0000 0.1260
89.0000 0.1261
161.0000 0.1261
214.0000 0.1261
225.0000 0.1261
111.0000 0.1262
164.0000 0.1262
171.0000 0.1262
200.0000 0.1262
137.0000 0.1263
143.0000 0.1263
209.0000 0.1263
213.0000 0.1264
217.0000 0.1264
1.0000 0.1266
112.0000 0.1266
77.0000 0.1267
238.0000 0.1267
189.0000 0.1268
18.0000 0.1269
119.0000 0.1269
132.0000 0.1269
222.0000 0.1269
235.0000 0.1269
116.0000 0.1270
5.0000 0.1271
58.0000 0.1271
2.0000 0.1272
4.0000 0.1272
78.0000 0.1272
101.0000 0.1272
136.0000 0.1272
152.0000 0.1272
99.0000 0.1273
142.0000 0.1273
28.0000 0.1274
25.0000 0.1275
95.0000 0.1275
173.0000 0.1275
195.0000 0.1275
32.0000 0.1276
65.0000 0.1276
106.0000 0.1276
174.0000 0.1276
234.0000 0.1276
88.0000 0.1277
109.0000 0.1277
68.0000 0.1281
33.0000 0.1282
41.0000 0.1282
54.0000 0.1282
102.0000 0.1282
103.0000 0.1282
30.0000 0.1283
82.0000 0.1283
15.0000 0.1285
21.0000 0.1285
39.0000 0.1287
115.0000 0.1287
125.0000 0.1287
158.0000 0.1287
208.0000 0.1287
224.0000 0.1288
10.0000 0.1289
155.0000 0.1289
162.0000 0.1289
84.0000 0.1290
181.0000 0.1290
216.0000 0.1290
48.0000 0.1294
31.0000 0.1295
105.0000 0.1295
26.0000 0.1296
43.0000 0.1296
71.0000 0.1296
93.0000 0.1296
156.0000 0.1297
23.0000 0.1298
120.0000 0.1298
60.0000 0.1299
176.0000 0.1299
98.0000 0.1300
45.0000 0.1301
182.0000 0.1301
212.0000 0.1301
232.0000 0.1301
154.0000 0.1302
192.0000 0.1302
204.0000 0.1302
211.0000 0.1302
190.0000 0.1303
7.0000 0.1304
8.0000 0.1305
22.0000 0.1306
40.0000 0.1306
126.0000 0.1306
134.0000 0.1308
194.0000 0.1308
197.0000 0.1308
86.0000 0.1310
100.0000 0.1310
51.0000 0.1311
228.0000 0.1312
139.0000 0.1313
169.0000 0.1313
56.0000 0.1314
165.0000 0.1314
221.0000 0.1314
108.0000 0.1315
179.0000 0.1315
157.0000 0.1316
227.0000 0.1316
233.0000 0.1316
50.0000 0.1317
196.0000 0.1317
229.0000 0.1317
80.0000 0.1318
135.0000 0.1318
75.0000 0.1319
90.0000 0.1319
153.0000 0.1319
35.0000 0.1320
36.0000 0.1320
57.0000 0.1320
14.0000 0.1321
47.0000 0.1321
110.0000 0.1322
160.0000 0.1323
201.0000 0.1323
147.0000 0.1324
104.0000 0.1325
138.0000 0.1325
141.0000 0.1325
49.0000 0.1326
167.0000 0.1326
193.0000 0.1326
3.0000 0.1329
73.0000 0.1329
145.0000 0.1329
113.0000 0.1330
130.0000 0.1330
180.0000 0.1330
64.0000 0.1331
175.0000 0.1331
94.0000 0.1332
168.0000 0.1332
223.0000 0.1332
133.0000 0.1333
140.0000 0.1334
203.0000 0.1334
220.0000 0.1334
161.0000 0.1335
202.0000 0.1335
217.0000 0.1335
52.0000 0.1336
70.0000 0.1336
89.0000 0.1336
198.0000 0.1337
121.0000 0.1338
149.0000 0.1338
226.0000 0.1338
12.0000 0.1339
29.0000 0.1340
46.0000 0.1340
81.0000 0.1340
236.0000 0.1340
131.0000 0.1341
184.0000 0.1341
66.0000 0.1342
55.0000 0.1343
128.0000 0.1343
137.0000 0.1343
209.0000 0.1343
11.0000 0.1344
96.0000 0.1344
172.0000 0.1344
186.0000 0.1345
119.0000 0.1346
59.0000 0.1347
79.0000 0.1347
222.0000 0.1347
144.0000 0.1348
189.0000 0.1348
205.0000 0.1348
159.0000 0.1349
0.0000 0.1350
17.0000 0.1350
97.0000 0.1350
129.0000 0.1350
132.0000 0.1350
235.0000 0.1350
16.0000 0.1351
117.0000 0.1351
177.0000 0.1352
44.0000 0.1353
118.0000 0.1353
183.0000 0.1353
185.0000 0.1353
230.0000 0.1353
174.0000 0.1354
111.0000 0.1355
199.0000 0.1355
4.0000 0.1356
91.0000 0.1357
13.0000 0.1358
18.0000 0.1358
61.0000 0.1358
88.0000 0.1358
231.0000 0.1358
24.0000 0.1359
1.0000 0.1360
28.0000 0.1360
166.0000 0.1360
33.0000 0.1361
142.0000 0.1361
82.0000 0.1362
9.0000 0.1365
31.0000 0.1365
62.0000 0.1365
115.0000 0.1365
69.0000 0.1367
151.0000 0.1367
163.0000 0.1367
58.0000 0.1369
116.0000 0.1369
191.0000 0.1370
5.0000 0.1371
6.0000 0.1371
37.0000 0.1371
143.0000 0.1371
195.0000 0.1371
27.0000 0.1372
127.0000 0.1372
238.0000 0.1372
72.0000 0.1373
74.0000 0.1373
204.0000 0.1373
215.0000 0.1373
34.0000 0.1374
208.0000 0.1374
68.0000 0.1375
95.0000 0.1375
120.0000 0.1375
114.0000 0.1376
171.0000 0.1378
25.0000 0.1380
84.0000 0.1380
173.0000 0.1380
164.0000 0.1381
200.0000 0.1381
83.0000 0.1382
101.0000 0.1382
192.0000 0.1383
43.0000 0.1384
53.0000 0.1384
122.0000 0.1385
78.0000 0.1386
124.0000 0.1386
216.0000 0.1386
92.0000 0.1387
105.0000 0.1387
112.0000 0.1387
156.0000 0.1388
211.0000 0.1388
182.0000 0.1389
197.0000 0.1389
213.0000 0.1389
162.0000 0.1390
93.0000 0.1391
103.0000 0.1391
212.0000 0.1391
65.0000 0.1392
67.0000 0.1392
125.0000 0.1392
194.0000 0.1392
32.0000 0.1393
99.0000 0.1393
100.0000 0.1393
57.0000 0.1394
98.0000 0.1394
22.0000 0.1395
148.0000 0.1395
7.0000 0.1397
10.0000 0.1399
54.0000 0.1399
181.0000 0.1399
214.0000 0.1400
227.0000 0.1401
56.0000 0.1402
136.0000 0.1403
180.0000 0.1403
45.0000 0.1404
147.0000 0.1404
176.0000 0.1404
229.0000 0.1404
232.0000 0.1404
15.0000 0.1405
233.0000 0.1405
80.0000 0.1407
135.0000 0.1407
179.0000 0.1407
21.0000 0.1408
90.0000 0.1408
123.0000 0.1408
161.0000 0.1408
217.0000 0.1408
102.0000 0.1409
178.0000 0.1410
221.0000 0.1410
228.0000 0.1410
2.0000 0.1411
138.0000 0.1412
150.0000 0.1412
160.0000 0.1412
104.0000 0.1413
126.0000 0.1413
106.0000 0.1414
89.0000 0.1415
139.0000 0.1415
70.0000 0.1416
41.0000 0.1417
108.0000 0.1417
141.0000 0.1417
223.0000 0.1417
234.0000 0.1417
76.0000 0.1418
133.0000 0.1418
153.0000 0.1418
8.0000 0.1419
47.0000 0.1420
209.0000 0.1421
36.0000 0.1423
119.0000 0.1424
134.0000 0.1424
157.0000 0.1424
201.0000 0.1424
222.0000 0.1424
77.0000 0.1425
168.0000 0.1425
190.0000 0.1425
14.0000 0.1426
39.0000 0.1426
60.0000 0.1426
109.0000 0.1426
137.0000 0.1427
169.0000 0.1427
170.0000 0.1427
46.0000 0.1428
81.0000 0.1428
158.0000 0.1428
94.0000 0.1429
189.0000 0.1429
132.0000 0.1430
235.0000 0.1430
3.0000 0.1431
51.0000 0.1431
172.0000 0.1431
113.0000 0.1432
219.0000 0.1432
140.0000 0.1435
174.0000 0.1435
203.0000 0.1435
186.0000 0.1436
12.0000 0.1437
82.0000 0.1437
110.0000 0.1437
202.0000 0.1437
144.0000 0.1438
145.0000 0.1438
167.0000 0.1438
40.0000 0.1439
88.0000 0.1440
204.0000 0.1440
31.0000 0.1441
33.0000 0.1442
184.0000 0.1442
220.0000 0.1442
18.0000 0.1443
48.0000 0.1443
193.0000 0.1443
226.0000 0.1443
237.0000 0.1443
4.0000 0.1444
44.0000 0.1444
73.0000 0.1444
224.0000 0.1444
155.0000 0.1445
28.0000 0.1446
115.0000 0.1447
142.0000 0.1447
17.0000 0.1448
118.0000 0.1448
120.0000 0.1448
30.0000 0.1449
42.0000 0.1449
87.0000 0.1449
185.0000 0.1449
79.0000 0.1450
66.0000 0.1452
86.0000 0.1452
111.0000 0.1453
165.0000 0.1453
166.0000 0.1453
1.0000 0.1454
55.0000 0.1454
96.0000 0.1454
71.0000 0.1455
131.0000 0.1455
16.0000 0.1456
38.0000 0.1459
121.0000 0.1460
208.0000 0.1460
230.0000 0.1461
58.0000 0.1463
225.0000 0.1463
75.0000 0.1464
84.0000 0.1464
24.0000 0.1465
26.0000 0.1465
175.0000 0.1465
196.0000 0.1465
57.0000 0.1466
197.0000 0.1466
64.0000 0.1467
116.0000 0.1467
192.0000 0.1467
195.0000 0.1469
182.0000 0.1470
29.0000 0.1471
68.0000 0.1471
5.0000 0.1472
194.0000 0.1472
199.0000 0.1472
211.0000 0.1472
43.0000 0.1473
61.0000 0.1473
95.0000 0.1473
105.0000 0.1473
128.0000 0.1475
207.0000 0.1476
180.0000 0.1477
238.0000 0.1477
163.0000 0.1478
217.0000 0.1478
227.0000 0.1478
25.0000 0.1479
62.0000 0.1479
100.0000 0.1480
143.0000 0.1480
191.0000 0.1480
236.0000 0.1480
147.0000 0.1481
210.0000 0.1481
216.0000 0.1481
212.0000 0.1482
11.0000 0.1483
98.0000 0.1484
161.0000 0.1484
7.0000 0.1485
9.0000 0.1487
59.0000 0.1487
93.0000 0.1487
22.0000 0.1488
52.0000 0.1488
135.0000 0.1490
173.0000 0.1490
162.0000 0.1491
164.0000 0.1491
89.0000 0.1492
152.0000 0.1492
229.0000 0.1493
90.0000 0.1494
101.0000 0.1494
156.0000 0.1494
171.0000 0.1494
231.0000 0.1495
233.0000 0.1495
80.0000 0.1496
56.0000 0.1497
78.0000 0.1497
70.0000 0.1499
104.0000 0.1500
160.0000 0.1501
176.0000 0.1501
138.0000 0.1502
205.0000 0.1502
209.0000 0.1502
103.0000 0.1503
179.0000 0.1503
223.0000 0.1504
112.0000 0.1505
117.0000 0.1505
232.0000 0.1505
99.0000 0.1506
119.0000 0.1506
198.0000 0.1506
200.0000 0.1506
222.0000 0.1506
122.0000 0.1507
129.0000 0.1507
137.0000 0.1507
183.0000 0.1507
83.0000 0.1508
204.0000 0.1508
221.0000 0.1508
13.0000 0.1509
34.0000 0.1509
37.0000 0.1509
132.0000 0.1509
35.0000 0.1510
65.0000 0.1510
149.0000 0.1510
181.0000 0.1510
0.0000 0.1511
6.0000 0.1511
97.0000 0.1511
125.0000 0.1511
133.0000 0.1511
159.0000 0.1511
45.0000 0.1512
141.0000 0.1512
72.0000 0.1513
206.0000 0.1513
31.0000 0.1514
82.0000 0.1515
10.0000 0.1516
46.0000 0.1516
177.0000 0.1516
235.0000 0.1516
228.0000 0.1517
153.0000 0.1518
174.0000 0.1518
218.0000 0.1518
53.0000 0.1519
81.0000 0.1519
127.0000 0.1519
47.0000 0.1520
63.0000 0.1520
74.0000 0.1520
189.0000 0.1520
20.0000 0.1521
32.0000 0.1521
107.0000 0.1521
151.0000 0.1521
33.0000 0.1522
54.0000 0.1522
88.0000 0.1523
94.0000 0.1523
108.0000 0.1523
136.0000 0.1523
213.0000 0.1523
168.0000 0.1524
126.0000 0.1525
139.0000 0.1525
115.0000 0.1526
120.0000 0.1526
172.0000 0.1526
201.0000 0.1527
4.0000 0.1528
36.0000 0.1528
3.0000 0.1529
28.0000 0.1529
67.0000 0.1529
186.0000 0.1529
49.0000 0.1530
157.0000 0.1530
215.0000 0.1530
214.0000 0.1531
18.0000 0.1532
144.0000 0.1532
15.0000 0.1533
102.0000 0.1533
124.0000 0.1533
169.0000 0.1533
8.0000 0.1534
50.0000 0.1535
14.0000 0.1536
92.0000 0.1536
184.0000 0.1536
140.0000 0.1537
21.0000 0.1538
111.0000 0.1538
134.0000 0.1538
113.0000 0.1539
130.0000 0.1539
57.0000 0.1540
2.0000 0.1541
44.0000 0.1541
142.0000 0.1541
145.0000 0.1541
203.0000 0.1541
85.0000 0.1542
118.0000 0.1542
202.0000 0.1542
1.0000 0.1544
12.0000 0.1544
185.0000 0.1544
208.0000 0.1544
217.0000 0.1544
27.0000 0.1545
60.0000 0.1545
193.0000 0.1545
17.0000 0.1547
84.0000 0.1547
220.0000 0.1547
167.0000 0.1548
180.0000 0.1548
197.0000 0.1548
106.0000 0.1550
110.0000 0.1550
194.0000 0.1550
178.0000 0.1551
211.0000 0.1551
154.0000 0.1552
190.0000 0.1552
192.0000 0.1552
41.0000 0.1553
182.0000 0.1553
123.0000 0.1554
161.0000 0.1554
58.0000 0.1555
68.0000 0.1555
79.0000 0.1555
114.0000 0.1555
166.0000 0.1555
105.0000 0.1556
226.0000 0.1556
234.0000 0.1557
131.0000 0.1558
43.0000 0.1559
66.0000 0.1559
73.0000 0.1559
227.0000 0.1559
51.0000 0.1560
96.0000 0.1560
147.0000 0.1560
16.0000 0.1561
24.0000 0.1561
40.0000 0.1561
100.0000 0.1562
55.0000 0.1563
158.0000 0.1564
195.0000 0.1564
89.0000 0.1566
95.0000 0.1567
109.0000 0.1567
212.0000 0.1568
216.0000 0.1568
5.0000 0.1569
116.0000 0.1569
7.0000 0.1573
93.0000 0.1573
230.0000 0.1573
22.0000 0.1574
135.0000 0.1574
39.0000 0.1575
98.0000 0.1575
204.0000 0.1575
25.0000 0.1576
70.0000 0.1576
86.0000 0.1576
229.0000 0.1577
80.0000 0.1579
104.0000 0.1579
209.0000 0.1579
238.0000 0.1579
121.0000 0.1580
77.0000 0.1581
143.0000 0.1582
119.0000 0.1583
223.0000 0.1583
56.0000 0.1584
90.0000 0.1584
163.0000 0.1584
165.0000 0.1584
222.0000 0.1584
137.0000 0.1585
162.0000 0.1585
191.0000 0.1585
199.0000 0.1585
62.0000 0.1586
76.0000 0.1586
173.0000 0.1586
64.0000 0.1587
69.0000 0.1587
132.0000 0.1587
138.0000 0.1587
233.0000 0.1587
31.0000 0.1588
156.0000 0.1588
82.0000 0.1590
160.0000 0.1591
179.0000 0.1591
61.0000 0.1593
48.0000 0.1594
101.0000 0.1596
174.0000 0.1596
235.0000 0.1596
33.0000 0.1597
120.0000 0.1597
141.0000 0.1597
232.0000 0.1597
176.0000 0.1598
133.0000 0.1599
9.0000 0.1600
219.0000 0.1600
155.0000 0.1601
164.0000 0.1601
171.0000 0.1601
30.0000 0.1602
46.0000 0.1602
88.0000 0.1602
175.0000 0.1602
75.0000 0.1603
78.0000 0.1603
128.0000 0.1603
189.0000 0.1603
196.0000 0.1603
236.0000 0.1603
221.0000 0.1604
29.0000 0.1605
224.0000 0.1606
115.0000 0.1607
228.0000 0.1608
81.0000 0.1609
59.0000 0.1610
103.0000 0.1611
47.0000 0.1612
153.0000 0.1612
18.0000 0.1613
181.0000 0.1613
217.0000 0.1613
45.0000 0.1614
28.0000 0.1615
4.0000 0.1616
57.0000 0.1616
172.0000 0.1616
237.0000 0.1616
239.0000 0.1616
94.0000 0.1617
65.0000 0.1618
125.0000 0.1618
168.0000 0.1618
11.0000 0.1620
180.0000 0.1620
144.0000 0.1621
99.0000 0.1623
112.0000 0.1623
3.0000 0.1624
71.0000 0.1624
83.0000 0.1624
231.0000 0.1624
161.0000 0.1625
10.0000 0.1626
186.0000 0.1627
36.0000 0.1628
208.0000 0.1628
225.0000 0.1628
108.0000 0.1629
194.0000 0.1629
1.0000 0.1630
6.0000 0.1630
37.0000 0.1630
52.0000 0.1630
84.0000 0.1630
122.0000 0.1630
200.0000 0.1630
32.0000 0.1631
197.0000 0.1632
211.0000 0.1632
139.0000 0.1633
142.0000 0.1633
157.0000 0.1633
184.0000 0.1634
201.0000 0.1634
44.0000 0.1635
111.0000 0.1635
182.0000 0.1635
192.0000 0.1635
126.0000 0.1636
72.0000 0.1637
117.0000 0.1637
140.0000 0.1637
169.0000 0.1638
185.0000 0.1638
147.0000 0.1639
203.0000 0.1639
89.0000 0.1640
227.0000 0.1640
34.0000 0.1641
26.0000 0.1642
105.0000 0.1642
118.0000 0.1642
205.0000 0.1643
204.0000 0.1644
113.0000 0.1645
166.0000 0.1645
17.0000 0.1646
54.0000 0.1646
79.0000 0.1646
136.0000 0.1646
43.0000 0.1647
58.0000 0.1647
145.0000 0.1647
87.0000 0.1648
202.0000 0.1648
100.0000 0.1650
167.0000 0.1650
193.0000 0.1650
14.0000 0.1651
110.0000 0.1651
12.0000 0.1652
53.0000 0.1652
102.0000 0.1652
8.0000 0.1653
68.0000 0.1653
97.0000 0.1653
183.0000 0.1654
220.0000 0.1654
22.0000 0.1655
70.0000 0.1655
134.0000 0.1655
151.0000 0.1655
15.0000 0.1656
213.0000 0.1656
13.0000 0.1658
31.0000 0.1658
67.0000 0.1658
177.0000 0.1658
212.0000 0.1658
119.0000 0.1659
195.0000 0.1660
216.0000 0.1660
229.0000 0.1660
24.0000 0.1661
135.0000 0.1661
209.0000 0.1661
222.0000 0.1661
7.0000 0.1664
82.0000 0.1665
129.0000 0.1665
149.0000 0.1665
104.0000 0.1666
137.0000 0.1666
5.0000 0.1667
226.0000 0.1667
95.0000 0.1668
132.0000 0.1668
0.0000 0.1669
21.0000 0.1669
74.0000 0.1669
16.0000 0.1670
56.0000 0.1670
120.0000 0.1670
223.0000 0.1670
73.0000 0.1671
80.0000 0.1671
116.0000 0.1671
124.0000 0.1671
90.0000 0.1672
93.0000 0.1672
214.0000 0.1672
55.0000 0.1673
66.0000 0.1673
2.0000 0.1674
131.0000 0.1674
159.0000 0.1674
160.0000 0.1674
127.0000 0.1675
33.0000 0.1676
41.0000 0.1676
60.0000 0.1676
96.0000 0.1676
174.0000 0.1676
233.0000 0.1676
98.0000 0.1677
138.0000 0.1677
190.0000 0.1677
25.0000 0.1678
215.0000 0.1678
235.0000 0.1678
162.0000 0.1679
141.0000 0.1680
88.0000 0.1681
179.0000 0.1681
189.0000 0.1682
217.0000 0.1682
38.0000 0.1683
40.0000 0.1683
230.0000 0.1683
143.0000 0.1685
156.0000 0.1685
115.0000 0.1686
106.0000 0.1687
238.0000 0.1687
35.0000 0.1688
57.0000 0.1689
152.0000 0.1689
173.0000 0.1689
46.0000 0.1690
51.0000 0.1690
180.0000 0.1690
92.0000 0.1691
121.0000 0.1691
133.0000 0.1691
163.0000 0.1692
176.0000 0.1694
81.0000 0.1696
109.0000 0.1696
42.0000 0.1697
191.0000 0.1698
198.0000 0.1698
232.0000 0.1698
161.0000 0.1699
221.0000 0.1699
4.0000 0.1701
47.0000 0.1702
18.0000 0.1703
101.0000 0.1703
178.0000 0.1704
234.0000 0.1705
28.0000 0.1707
64.0000 0.1707
27.0000 0.1708
194.0000 0.1708
19.0000 0.1709
62.0000 0.1709
158.0000 0.1709
172.0000 0.1709
94.0000 0.1710
153.0000 0.1711
168.0000 0.1711
199.0000 0.1711
204.0000 0.1711
197.0000 0.1712
228.0000 0.1712
181.0000 0.1713
144.0000 0.1714
165.0000 0.1714
208.0000 0.1714
61.0000 0.1715
84.0000 0.1715
147.0000 0.1715
45.0000 0.1717
89.0000 0.1717
164.0000 0.1717
103.0000 0.1718
211.0000 0.1718
78.0000 0.1719
123.0000 0.1719
192.0000 0.1719
171.0000 0.1720
1.0000 0.1721
142.0000 0.1721
182.0000 0.1721
186.0000 0.1722
3.0000 0.1723
39.0000 0.1723
86.0000 0.1723
111.0000 0.1723
227.0000 0.1724
9.0000 0.1726
49.0000 0.1727
44.0000 0.1728
125.0000 0.1728
105.0000 0.1731
77.0000 0.1733
184.0000 0.1733
185.0000 0.1733
31.0000 0.1734
100.0000 0.1734
236.0000 0.1734
108.0000 0.1736
166.0000 0.1736
17.0000 0.1737
29.0000 0.1737
70.0000 0.1737
112.0000 0.1738
119.0000 0.1738
43.0000 0.1739
222.0000 0.1739
75.0000 0.1740
209.0000 0.1740
58.0000 0.1741
36.0000 0.1742
82.0000 0.1742
118.0000 0.1742
140.0000 0.1742
22.0000 0.1743
59.0000 0.1743
203.0000 0.1743
135.0000 0.1745
120.0000 0.1746
175.0000 0.1746
229.0000 0.1746
99.0000 0.1747
157.0000 0.1747
201.0000 0.1747
10.0000 0.1748
126.0000 0.1748
132.0000 0.1748
79.0000 0.1749
137.0000 0.1750
7.0000 0.1751
104.0000 0.1751
68.0000 0.1752
145.0000 0.1752
212.0000 0.1752
217.0000 0.1752
139.0000 0.1753
169.0000 0.1753
202.0000 0.1753
65.0000 0.1755
196.0000 0.1755
32.0000 0.1756
128.0000 0.1756
174.0000 0.1756
56.0000 0.1758
216.0000 0.1758
223.0000 0.1758
195.0000 0.1760
200.0000 0.1760
30.0000 0.1761
37.0000 0.1761
50.0000 0.1761
113.0000 0.1761
130.0000 0.1761
160.0000 0.1761
33.0000 0.1762
136.0000 0.1762
167.0000 0.1762
80.0000 0.1763
83.0000 0.1763
90.0000 0.1763
122.0000 0.1764
193.0000 0.1764
54.0000 0.1765
207.0000 0.1765
231.0000 0.1765
34.0000 0.1766
57.0000 0.1766
88.0000 0.1766
114.0000 0.1766
141.0000 0.1766
180.0000 0.1766
110.0000 0.1767
189.0000 0.1767
220.0000 0.1767
235.0000 0.1767
8.0000 0.1768
11.0000 0.1768
115.0000 0.1768
72.0000 0.1769
95.0000 0.1769
138.0000 0.1769
5.0000 0.1770
12.0000 0.1770
24.0000 0.1770
233.0000 0.1770
14.0000 0.1771
224.0000 0.1771
6.0000 0.1772
93.0000 0.1772
48.0000 0.1773
148.0000 0.1773
161.0000 0.1774
116.0000 0.1775
52.0000 0.1776
76.0000 0.1776
102.0000 0.1776
117.0000 0.1777
134.0000 0.1777
179.0000 0.1777
98.0000 0.1778
162.0000 0.1779
226.0000 0.1780
15.0000 0.1781
46.0000 0.1781
204.0000 0.1781
219.0000 0.1781
133.0000 0.1782
25.0000 0.1785
73.0000 0.1785
81.0000 0.1785
16.0000 0.1786
53.0000 0.1786
67.0000 0.1786
71.0000 0.1786
4.0000 0.1787
63.0000 0.1787
155.0000 0.1787
55.0000 0.1788
66.0000 0.1788
131.0000 0.1788
194.0000 0.1788
89.0000 0.1789
143.0000 0.1789
18.0000 0.1790
28.0000 0.1791
156.0000 0.1792
197.0000 0.1792
213.0000 0.1792
238.0000 0.1792
173.0000 0.1793
210.0000 0.1793
230.0000 0.1793
21.0000 0.1795
190.0000 0.1795
147.0000 0.1796
20.0000 0.1797
208.0000 0.1797
154.0000 0.1798
94.0000 0.1800
182.0000 0.1801
192.0000 0.1801
205.0000 0.1801
84.0000 0.1802
96.0000 0.1802
176.0000 0.1803
211.0000 0.1803
26.0000 0.1804
60.0000 0.1804
144.0000 0.1804
172.0000 0.1804
2.0000 0.1805
13.0000 0.1805
97.0000 0.1805
163.0000 0.1805
232.0000 0.1805
237.0000 0.1805
31.0000 0.1806
168.0000 0.1806
221.0000 0.1806
227.0000 0.1807
47.0000 0.1808
121.0000 0.1808
228.0000 0.1808
153.0000 0.1809
186.0000 0.1809
191.0000 0.1810
218.0000 0.1810
101.0000 0.1811
119.0000 0.1812
51.0000 0.1814
142.0000 0.1814
177.0000 0.1814
183.0000 0.1814
1.0000 0.1815
40.0000 0.1815
111.0000 0.1815
214.0000 0.1817
44.0000 0.1818
70.0000 0.1818
100.0000 0.1818
151.0000 0.1818
181.0000 0.1818
209.0000 0.1818
222.0000 0.1818
41.0000 0.1819
120.0000 0.1819
82.0000 0.1820
45.0000 0.1821
105.0000 0.1821
217.0000 0.1821
103.0000 0.1822
43.0000 0.1823
124.0000 0.1823
62.0000 0.1825
74.0000 0.1825
106.0000 0.1825
206.0000 0.1825
3.0000 0.1826
17.0000 0.1826
137.0000 0.1827
132.0000 0.1828
185.0000 0.1828
0.0000 0.1829
69.0000 0.1829
135.0000 0.1830
149.0000 0.1830
174.0000 0.1830
215.0000 0.1830
22.0000 0.1831
108.0000 0.1831
129.0000 0.1831
166.0000 0.1831
199.0000 0.1831
104.0000 0.1832
109.0000 0.1832
127.0000 0.1832
164.0000 0.1832
225.0000 0.1832
64.0000 0.1833
78.0000 0.1833
180.0000 0.1834
229.0000 0.1834
61.0000 0.1835
85.0000 0.1835
125.0000 0.1835
165.0000 0.1835
9.0000 0.1836
58.0000 0.1836
159.0000 0.1836
171.0000 0.1836
7.0000 0.1837
118.0000 0.1837
33.0000 0.1838
57.0000 0.1838
184.0000 0.1838
223.0000 0.1839
140.0000 0.1841
203.0000 0.1841
56.0000 0.1842
68.0000 0.1843
79.0000 0.1843
87.0000 0.1844
88.0000 0.1844
160.0000 0.1844
161.0000 0.1845
178.0000 0.1845
216.0000 0.1845
36.0000 0.1847
212.0000 0.1847
234.0000 0.1847
90.0000 0.1848
204.0000 0.1848
141.0000 0.1849
145.0000 0.1849
157.0000 0.1849
92.0000 0.1851
189.0000 0.1851
202.0000 0.1851
115.0000 0.1852
235.0000 0.1852
80.0000 0.1853
138.0000 0.1853
201.0000 0.1853
158.0000 0.1854
126.0000 0.1855
169.0000 0.1855
195.0000 0.1855
10.0000 0.1856
86.0000 0.1856
112.0000 0.1857
93.0000 0.1861
29.0000 0.1862
99.0000 0.1862
233.0000 0.1863
236.0000 0.1863
89.0000 0.1864
123.0000 0.1864
139.0000 0.1864
179.0000 0.1864
194.0000 0.1864
23.0000 0.1867
95.0000 0.1867
98.0000 0.1867
5.0000 0.1868
32.0000 0.1868
59.0000 0.1868
46.0000 0.1869
113.0000 0.1869
175.0000 0.1869
220.0000 0.1869
39.0000 0.1870
65.0000 0.1870
198.0000 0.1870
24.0000 0.1871
110.0000 0.1871
167.0000 0.1871
133.0000 0.1872
147.0000 0.1873
162.0000 0.1873
197.0000 0.1873
8.0000 0.1874
116.0000 0.1875
4.0000 0.1876
91.0000 0.1876
28.0000 0.1877
35.0000 0.1877
193.0000 0.1877
18.0000 0.1878
81.0000 0.1879
200.0000 0.1879
31.0000 0.1880
208.0000 0.1881
14.0000 0.1882
25.0000 0.1882
27.0000 0.1882
128.0000 0.1883
136.0000 0.1883
12.0000 0.1884
77.0000 0.1884
192.0000 0.1884
211.0000 0.1884
75.0000 0.1885
156.0000 0.1885
34.0000 0.1886
37.0000 0.1887
84.0000 0.1887
16.0000 0.1888
94.0000 0.1888
227.0000 0.1888
49.0000 0.1889
54.0000 0.1889
119.0000 0.1889
182.0000 0.1889
83.0000 0.1890
134.0000 0.1890
143.0000 0.1891
226.0000 0.1891
144.0000 0.1892
196.0000 0.1892
217.0000 0.1892
120.0000 0.1893
11.0000 0.1894
122.0000 0.1894
15.0000 0.1895
222.0000 0.1895
209.0000 0.1896
73.0000 0.1897
82.0000 0.1897
100.0000 0.1897
172.0000 0.1897
232.0000 0.1897
238.0000 0.1897
72.0000 0.1898
186.0000 0.1898
70.0000 0.1899
102.0000 0.1899
131.0000 0.1899
168.0000 0.1899
188.0000 0.1899
173.0000 0.1900
176.0000 0.1900
187.0000 0.1900
231.0000 0.1900
66.0000 0.1901
163.0000 0.1901
228.0000 0.1901
230.0000 0.1902
137.0000 0.1903
142.0000 0.1903
6.0000 0.1904
96.0000 0.1904
38.0000 0.1905
52.0000 0.1905
111.0000 0.1905
180.0000 0.1905
47.0000 0.1906
152.0000 0.1906
43.0000 0.1907
174.0000 0.1907
1.0000 0.1908
153.0000 0.1908
221.0000 0.1908
30.0000 0.1910
105.0000 0.1910
44.0000 0.1911
55.0000 0.1911
132.0000 0.1911
57.0000 0.1912
191.0000 0.1914
213.0000 0.1914
21.0000 0.1915
204.0000 0.1915
33.0000 0.1916
101.0000 0.1916
135.0000 0.1916
161.0000 0.1916
53.0000 0.1917
22.0000 0.1919
42.0000 0.1919
121.0000 0.1919
185.0000 0.1919
3.0000 0.1920
45.0000 0.1921
88.0000 0.1921
104.0000 0.1921
190.0000 0.1921
223.0000 0.1921
229.0000 0.1921
17.0000 0.1922
67.0000 0.1922
117.0000 0.1922
60.0000 0.1924
181.0000 0.1925
7.0000 0.1926
103.0000 0.1927
58.0000 0.1928
141.0000 0.1929
166.0000 0.1929
2.0000 0.1930
51.0000 0.1930
56.0000 0.1930
108.0000 0.1930
235.0000 0.1931
48.0000 0.1932
115.0000 0.1932
189.0000 0.1932
224.0000 0.1932
118.0000 0.1933
160.0000 0.1933
216.0000 0.1933
40.0000 0.1935
155.0000 0.1935
212.0000 0.1936
68.0000 0.1937
76.0000 0.1937
89.0000 0.1937
90.0000 0.1937
114.0000 0.1937
71.0000 0.1938
203.0000 0.1938
205.0000 0.1938
219.0000 0.1938
13.0000 0.1939
140.0000 0.1939
184.0000 0.1940
79.0000 0.1941
78.0000 0.1942
164.0000 0.1942
80.0000 0.1943
125.0000 0.1943
138.0000 0.1943
171.0000 0.1945
61.0000 0.1946
62.0000 0.1946
194.0000 0.1948
195.0000 0.1949
9.0000 0.1950
197.0000 0.1950
36.0000 0.1951
183.0000 0.1951
214.0000 0.1951
130.0000 0.1952
199.0000 0.1952
233.0000 0.1953
31.0000 0.1954
147.0000 0.1954
202.0000 0.1954
179.0000 0.1955
46.0000 0.1956
145.0000 0.1956
93.0000 0.1957
97.0000 0.1957
109.0000 0.1957
50.0000 0.1958
74.0000 0.1958
157.0000 0.1958
177.0000 0.1958
41.0000 0.1959
201.0000 0.1959
165.0000 0.1960
217.0000 0.1960
18.0000 0.1962
98.0000 0.1962
106.0000 0.1962
28.0000 0.1963
119.0000 0.1963
169.0000 0.1963
133.0000 0.1964
124.0000 0.1965
208.0000 0.1965
211.0000 0.1965
95.0000 0.1966
227.0000 0.1966
4.0000 0.1967
151.0000 0.1967
192.0000 0.1967
81.0000 0.1968
120.0000 0.1968
215.0000 0.1968
10.0000 0.1969
126.0000 0.1969
24.0000 0.1970
162.0000 0.1970
5.0000 0.1972
139.0000 0.1972
222.0000 0.1972
84.0000 0.1973
112.0000 0.1973
209.0000 0.1973
64.0000 0.1974
82.0000 0.1974
116.0000 0.1974
182.0000 0.1974
26.0000 0.1976
70.0000 0.1976
127.0000 0.1976
220.0000 0.1976
94.0000 0.1977
113.0000 0.1977
8.0000 0.1978
180.0000 0.1978
99.0000 0.1979
100.0000 0.1979
110.0000 0.1980
144.0000 0.1981
167.0000 0.1981
193.0000 0.1981
12.0000 0.1982
178.0000 0.1982
159.0000 0.1983
186.0000 0.1983
137.0000 0.1984
204.0000 0.1984
25.0000 0.1985
57.0000 0.1985
65.0000 0.1985
129.0000 0.1986
156.0000 0.1986
29.0000 0.1988
172.0000 0.1988
174.0000 0.1988
16.0000 0.1989
149.0000 0.1989
32.0000 0.1990
86.0000 0.1990
161.0000 0.1990
14.0000 0.1991
59.0000 0.1991
132.0000 0.1991
168.0000 0.1991
33.0000 0.1992
142.0000 0.1992
143.0000 0.1992
234.0000 0.1992
43.0000 0.1993
158.0000 0.1994
175.0000 0.1994
0.0000 0.1995
135.0000 0.1995
176.0000 0.1995
1.0000 0.1996
232.0000 0.1996
92.0000 0.1997
111.0000 0.1997
237.0000 0.1997
105.0000 0.1998
228.0000 0.1999
238.0000 0.1999
