0.0000 0.0000
1.0000 0.0000
2.0000 0.0000
3.0000 0.0000
4.0000 0.0000
5.0000 0.0000
6.0000 0.0000
7.0000 0.0000
8.0000 0.0000
9.0000 0.0000
10.0000 0.0000
11.0000 0.0000
12.0000 0.0000
13.0000 0.0000
14.0000 0.0000
15.0000 0.0000
16.0000 0.0000
17.0000 0.0000
18.0000 0.0000
19.0000 0.0000
20.0000 0.0000
21.0000 0.0000
22.0000 0.0000
23.0000 0.0000
24.0000 0.0000
25.0000 0.0000
26.0000 0.0000
27.0000 0.0000
28.0000 0.0000
29.0000 0.0000
30.0000 0.0000
31.0000 0.0000
32.0000 0.0000
33.0000 0.0000
34.0000 0.0000
35.0000 0.0000
36.0000 0.0000
37.0000 0.0000
38.0000 0.0000
39.0000 0.0000
40.0000 0.0000
41.0000 0.0000
42.0000 0.0000
43.0000 0.0000
44.0000 0.0000
45.0000 0.0000
46.0000 0.0000
47.0000 0.0000
48.0000 0.0000
49.0000 0.0000
50.0000 0.0000
51.0000 0.0000
52.0000 0.0000
53.0000 0.0000
54.0000 0.0000
55.0000 0.0000
56.0000 0.0000
57.0000 0.0000
58.0000 0.0000
59.0000 0.0000
60.0000 0.0000
61.0000 0.0000
62.0000 0.0000
63.0000 0.0000
64.0000 0.0000
65.0000 0.0000
66.0000 0.0000
67.0000 0.0000
68.0000 0.0000
69.0000 0.0000
70.0000 0.0000
71.0000 0.0000
72.0000 0.0000
73.0000 0.0000
74.0000 0.0000
75.0000 0.0000
76.0000 0.0000
77.0000 0.0000
78.0000 0.0000
79.0000 0.0000
80.0000 0.0000
81.0000 0.0000
82.0000 0.0000
83.0000 0.0000
84.0000 0.0000
85.0000 0.0000
86.0000 0.0000
87.0000 0.0000
88.0000 0.0000
89.0000 0.0000
90.0000 0.0000
91.0000 0.0000
92.0000 0.0000
93.0000 0.0000
94.0000 0.0000
95.0000 0.0000
96.0000 0.0000
97.0000 0.0000
98.0000 0.0000
99.0000 0.0000
100.0000 0.0000
101.0000 0.0000
102.0000 0.0000
103.0000 0.0000
104.0000 0.0000
105.0000 0.0000
106.0000 0.0000
107.0000 0.0000
108.0000 0.0000
109.0000 0.0000
110.0000 0.0000
111.0000 0.0000
112.0000 0.0000
113.0000 0.0000
114.0000 0.0000
115.0000 0.0000
116.0000 0.0000
117.0000 0.0000
118.0000 0.0000
119.0000 0.0000
120.0000 0.0000
121.0000 0.0000
122.0000 0.0000
123.0000 0.0000
124.0000 0.0000
125.0000 0.0000
126.0000 0.0000
127.0000 0.0000
128.0000 0.0000
129.0000 0.0000
130.0000 0.0000
131.0000 0.0000
132.0000 0.0000
133.0000 0.0000
134.0000 0.0000
135.0000 0.0000
136.0000 0.0000
137.0000 0.0000
138.0000 0.0000
139.0000 0.0000
140.0000 0.0000
141.0000 0.0000
142.0000 0.0000
143.0000 0.0000
144.0000 0.0000
145.0000 0.0000
146.0000 0.0000
147.0000 0.0000
148.0000 0.0000
149.0000 0.0000
182.0000 0.0038
204.0000 0.0043
197.0000 0.0047
233.0000 0.0047
167.0000 0.0048
159.0000 0.0051
180.0000 0.0051
216.0000 0.0051
164.0000 0.0052
201.0000 0.0052
202.0000 0.0053
224.0000 0.0053
195.0000 0.0054
154.0000 0.0057
158.0000 0.0060
210.0000 0.0061
189.0000 0.0064
169.0000 0.0065
221.0000 0.0065
207.0000 0.0067
228.0000 0.0069
238.0000 0.0069
194.0000 0.0070
213.0000 0.0070
218.0000 0.0071
191.0000 0.0072
209.0000 0.0072
160.0000 0.0073
172.0000 0.0074
235.0000 0.0074
150.0000 0.0076
151.0000 0.0079
153.0000 0.0081
183.0000 0.0081
206.0000 0.0083
227.0000 0.0083
217.0000 0.0084
170.0000 0.0088
179.0000 0.0089
208.0000 0.0089
175.0000 0.0091
230.0000 0.0092
192.0000 0.0093
199.0000 0.0094
200.0000 0.0097
205.0000 0.0099
211.0000 0.0101
178.0000 0.0105
162.0000 0.0106
40.0000 0.0112
45.0000 0.0120
214.0000 0.0121
220.0000 0.0121
42.0000 0.0127
76.0000 0.0133
187.0000 0.0133
212.0000 0.0133
130.0000 0.0141
35.0000 0.0142
10.0000 0.0143
59.0000 0.0143
193.0000 0.0144
107.0000 0.0160
4.0000 0.0166
149.0000 0.0171
14.0000 0.0180
143.0000 0.0184
145.0000 0.0191
177.0000 0.0197
0.0000 0.0199
134.0000 0.0210
12.0000 0.0256
