8.0000 0.0040
46.0000 0.0043
12.0000 0.0044
47.0000 0.0045
51.0000 0.0047
23.0000 0.0049
41.0000 0.0049
19.0000 0.0050
0.0000 0.0051
18.0000 0.0053
34.0000 0.0053
26.0000 0.0054
15.0000 0.0055
32.0000 0.0055
9.0000 0.0056
50.0000 0.0057
22.0000 0.0058
49.0000 0.0059
5.0000 0.0061
52.0000 0.0061
13.0000 0.0062
40.0000 0.0062
24.0000 0.0064
38.0000 0.0065
27.0000 0.0067
39.0000 0.0067
7.0000 0.0068
48.0000 0.0069
54.0000 0.0069
3.0000 0.0071
6.0000 0.0072
58.0000 0.0072
17.0000 0.0074
55.0000 0.0074
36.0000 0.0076
42.0000 0.0077
16.0000 0.0083
14.0000 0.0084
21.0000 0.0089
45.0000 0.0093
10.0000 0.0097
29.0000 0.0098
20.0000 0.0122
43.0000 0.0128
59.0000 0.0133
44.0000 0.0141
37.0000 0.0146
2.0000 0.0151
8.0000 0.0152
25.0000 0.0153
41.0000 0.0179
23.0000 0.0180
28.0000 0.0183
12.0000 0.0184
51.0000 0.0186
47.0000 0.0187
34.0000 0.0188
19.0000 0.0189
0.0000 0.0190
26.0000 0.0191
11.0000 0.0194
31.0000 0.0197
5.0000 0.0207
49.0000 0.0214
3.0000 0.0215
32.0000 0.0216
24.0000 0.0219
18.0000 0.0221
39.0000 0.0225
52.0000 0.0225
13.0000 0.0232
45.0000 0.0233
48.0000 0.0238
50.0000 0.0241
38.0000 0.0245
42.0000 0.0247
6.0000 0.0248
7.0000 0.0250
58.0000 0.0250
8.0000 0.0253
9.0000 0.0259
55.0000 0.0269
46.0000 0.0275
10.0000 0.0280
54.0000 0.0280
34.0000 0.0283
36.0000 0.0290
14.0000 0.0291
17.0000 0.0291
41.0000 0.0293
23.0000 0.0295
0.0000 0.0301
27.0000 0.0301
12.0000 0.0303
51.0000 0.0303
26.0000 0.0313
47.0000 0.0316
16.0000 0.0322
3.0000 0.0329
5.0000 0.0340
59.0000 0.0340
28.0000 0.0341
25.0000 0.0343
19.0000 0.0347
40.0000 0.0355
8.0000 0.0357
15.0000 0.0362
29.0000 0.0363
37.0000 0.0364
35.0000 0.0365
45.0000 0.0366
32.0000 0.0369
22.0000 0.0370
49.0000 0.0374
52.0000 0.0377
43.0000 0.0380
48.0000 0.0381
39.0000 0.0382
13.0000 0.0383
24.0000 0.0383
18.0000 0.0386
34.0000 0.0398
7.0000 0.0399
38.0000 0.0399
6.0000 0.0401
23.0000 0.0404
41.0000 0.0405
20.0000 0.0408
51.0000 0.0417
50.0000 0.0419
26.0000 0.0424
42.0000 0.0425
12.0000 0.0430
0.0000 0.0435
58.0000 0.0441
9.0000 0.0450
8.0000 0.0460
47.0000 0.0468
55.0000 0.0468
3.0000 0.0471
10.0000 0.0482
5.0000 0.0489
36.0000 0.0495
19.0000 0.0499
46.0000 0.0519
45.0000 0.0521
32.0000 0.0522
34.0000 0.0523
23.0000 0.0524
54.0000 0.0532
44.0000 0.0537
41.0000 0.0546
51.0000 0.0552
49.0000 0.0556
26.0000 0.0557
25.0000 0.0563
52.0000 0.0565
39.0000 0.0573
0.0000 0.0576
13.0000 0.0577
8.0000 0.0586
38.0000 0.0593
48.0000 0.0604
28.0000 0.0612
7.0000 0.0631
12.0000 0.0632
6.0000 0.0695
37.0000 0.0729
