0.0000 0.0000
1.0000 0.0000
2.0000 0.0000
3.0000 0.0000
4.0000 0.0000
5.0000 0.0000
6.0000 0.0000
7.0000 0.0000
8.0000 0.0000
9.0000 0.0000
10.0000 0.0000
11.0000 0.0000
12.0000 0.0000
13.0000 0.0000
14.0000 0.0000
15.0000 0.0000
16.0000 0.0000
17.0000 0.0000
18.0000 0.0000
19.0000 0.0000
20.0000 0.0000
21.0000 0.0000
22.0000 0.0000
23.0000 0.0000
24.0000 0.0000
25.0000 0.0000
26.0000 0.0000
27.0000 0.0000
28.0000 0.0000
29.0000 0.0000
30.0000 0.0000
31.0000 0.0000
32.0000 0.0000
33.0000 0.0000
34.0000 0.0000
35.0000 0.0000
36.0000 0.0000
37.0000 0.0000
38.0000 0.0000
39.0000 0.0000
40.0000 0.0000
41.0000 0.0000
42.0000 0.0000
43.0000 0.0000
44.0000 0.0000
45.0000 0.0000
46.0000 0.0000
47.0000 0.0000
48.0000 0.0000
49.0000 0.0000
50.0000 0.0000
51.0000 0.0000
52.0000 0.0000
53.0000 0.0000
54.0000 0.0000
55.0000 0.0000
56.0000 0.0000
57.0000 0.0000
58.0000 0.0000
59.0000 0.0000
60.0000 0.0000
61.0000 0.0000
62.0000 0.0000
63.0000 0.0000
64.0000 0.0000
65.0000 0.0000
66.0000 0.0000
67.0000 0.0000
68.0000 0.0000
69.0000 0.0000
70.0000 0.0000
71.0000 0.0000
72.0000 0.0000
73.0000 0.0000
74.0000 0.0000
75.0000 0.0000
76.0000 0.0000
77.0000 0.0000
78.0000 0.0000
79.0000 0.0000
80.0000 0.0000
81.0000 0.0000
82.0000 0.0000
83.0000 0.0000
84.0000 0.0000
85.0000 0.0000
86.0000 0.0000
87.0000 0.0000
88.0000 0.0000
89.0000 0.0000
90.0000 0.0000
91.0000 0.0000
92.0000 0.0000
93.0000 0.0000
94.0000 0.0000
95.0000 0.0000
96.0000 0.0000
97.0000 0.0000
98.0000 0.0000
99.0000 0.0000
100.0000 0.0000
101.0000 0.0000
102.0000 0.0000
103.0000 0.0000
104.0000 0.0000
105.0000 0.0000
106.0000 0.0000
107.0000 0.0000
108.0000 0.0000
109.0000 0.0000
110.0000 0.0000
111.0000 0.0000
112.0000 0.0000
113.0000 0.0000
114.0000 0.0000
115.0000 0.0000
116.0000 0.0000
117.0000 0.0000
118.0000 0.0000
119.0000 0.0000
120.0000 0.0000
121.0000 0.0000
122.0000 0.0000
123.0000 0.0000
124.0000 0.0000
125.0000 0.0000
126.0000 0.0000
127.0000 0.0000
128.0000 0.0000
129.0000 0.0000
130.0000 0.0000
131.0000 0.0000
132.0000 0.0000
133.0000 0.0000
134.0000 0.0000
135.0000 0.0000
136.0000 0.0000
137.0000 0.0000
138.0000 0.0000
139.0000 0.0000
140.0000 0.0000
141.0000 0.0000
142.0000 0.0000
143.0000 0.0000
144.0000 0.0000
145.0000 0.0000
146.0000 0.0000
147.0000 0.0000
148.0000 0.0000
149.0000 0.0000
171.0000 0.0035
214.0000 0.0043
220.0000 0.0043
229.0000 0.0047
162.0000 0.0049
205.0000 0.0049
195.0000 0.0050
237.0000 0.0050
168.0000 0.0051
187.0000 0.0051
153.0000 0.0052
174.0000 0.0053
181.0000 0.0053
176.0000 0.0054
188.0000 0.0054
233.0000 0.0054
154.0000 0.0056
164.0000 0.0057
170.0000 0.0057
211.0000 0.0059
238.0000 0.0059
158.0000 0.0061
209.0000 0.0062
203.0000 0.0063
177.0000 0.0064
155.0000 0.0066
186.0000 0.0066
167.0000 0.0069
190.0000 0.0070
196.0000 0.0071
225.0000 0.0071
215.0000 0.0072
166.0000 0.0073
150.0000 0.0074
182.0000 0.0074
208.0000 0.0074
202.0000 0.0078
175.0000 0.0079
224.0000 0.0079
184.0000 0.0080
221.0000 0.0082
236.0000 0.0086
228.0000 0.0089
151.0000 0.0091
216.0000 0.0097
227.0000 0.0115
97.0000 0.0121
232.0000 0.0121
171.0000 0.0130
105.0000 0.0131
112.0000 0.0133
136.0000 0.0146
54.0000 0.0148
159.0000 0.0154
210.0000 0.0155
107.0000 0.0166
40.0000 0.0168
145.0000 0.0169
223.0000 0.0172
59.0000 0.0173
68.0000 0.0174
110.0000 0.0176
152.0000 0.0177
185.0000 0.0185
127.0000 0.0186
51.0000 0.0187
85.0000 0.0188
109.0000 0.0190
128.0000 0.0192
82.0000 0.0194
15.0000 0.0199
66.0000 0.0201
122.0000 0.0201
28.0000 0.0205
64.0000 0.0205
89.0000 0.0207
44.0000 0.0217
53.0000 0.0217
239.0000 0.0222
98.0000 0.0223
120.0000 0.0224
235.0000 0.0233
78.0000 0.0235
41.0000 0.0245
17.0000 0.0255
16.0000 0.0257
137.0000 0.0258
26.0000 0.0267
225.0000 0.0267
49.0000 0.0274
220.0000 0.0288
65.0000 0.0305
154.0000 0.0307
141.0000 0.0344
