2.0000 0.0042
26.0000 0.0044
12.0000 0.0046
18.0000 0.0048
38.0000 0.0048
54.0000 0.0048
9.0000 0.0049
17.0000 0.0051
25.0000 0.0051
30.0000 0.0051
19.0000 0.0054
53.0000 0.0056
13.0000 0.0057
27.0000 0.0057
7.0000 0.0058
23.0000 0.0061
41.0000 0.0063
52.0000 0.0064
4.0000 0.0067
21.0000 0.0067
14.0000 0.0068
35.0000 0.0070
48.0000 0.0070
36.0000 0.0072
45.0000 0.0072
46.0000 0.0072
58.0000 0.0076
34.0000 0.0078
20.0000 0.0080
51.0000 0.0080
10.0000 0.0081
32.0000 0.0082
0.0000 0.0085
31.0000 0.0085
44.0000 0.0085
1.0000 0.0086
50.0000 0.0093
8.0000 0.0096
33.0000 0.0096
5.0000 0.0108
24.0000 0.0108
57.0000 0.0117
22.0000 0.0119
59.0000 0.0120
55.0000 0.0124
11.0000 0.0142
28.0000 0.0151
26.0000 0.0152
54.0000 0.0154
37.0000 0.0167
27.0000 0.0170
2.0000 0.0173
6.0000 0.0182
30.0000 0.0184
40.0000 0.0188
23.0000 0.0191
53.0000 0.0192
25.0000 0.0195
16.0000 0.0196
38.0000 0.0197
48.0000 0.0201
19.0000 0.0209
35.0000 0.0215
7.0000 0.0223
1.0000 0.0228
46.0000 0.0228
12.0000 0.0230
43.0000 0.0231
13.0000 0.0233
18.0000 0.0235
31.0000 0.0238
34.0000 0.0238
56.0000 0.0238
42.0000 0.0243
10.0000 0.0245
26.0000 0.0253
32.0000 0.0253
39.0000 0.0257
58.0000 0.0258
36.0000 0.0259
50.0000 0.0263
8.0000 0.0268
41.0000 0.0268
27.0000 0.0269
54.0000 0.0269
9.0000 0.0270
52.0000 0.0276
0.0000 0.0280
20.0000 0.0282
24.0000 0.0289
51.0000 0.0289
57.0000 0.0301
4.0000 0.0317
2.0000 0.0322
38.0000 0.0342
53.0000 0.0347
30.0000 0.0348
28.0000 0.0360
21.0000 0.0365
48.0000 0.0373
11.0000 0.0378
54.0000 0.0396
26.0000 0.0402
27.0000 0.0409
1.0000 0.0430
19.0000 0.0440
23.0000 0.0458
17.0000 0.0463
35.0000 0.0473
12.0000 0.0488
13.0000 0.0520
2.0000 0.0560
53.0000 0.0575
