17.0000 0.0045
5.0000 0.0047
24.0000 0.0053
27.0000 0.0054
9.0000 0.0055
10.0000 0.0055
45.0000 0.0055
55.0000 0.0055
58.0000 0.0055
38.0000 0.0056
1.0000 0.0058
7.0000 0.0058
56.0000 0.0060
25.0000 0.0061
50.0000 0.0063
59.0000 0.0064
21.0000 0.0065
26.0000 0.0066
2.0000 0.0067
6.0000 0.0067
30.0000 0.0067
44.0000 0.0067
48.0000 0.0067
29.0000 0.0069
49.0000 0.0070
15.0000 0.0071
20.0000 0.0071
3.0000 0.0073
13.0000 0.0073
22.0000 0.0073
23.0000 0.0073
46.0000 0.0074
14.0000 0.0077
33.0000 0.0079
34.0000 0.0081
18.0000 0.0089
28.0000 0.0090
12.0000 0.0092
36.0000 0.0092
39.0000 0.0095
54.0000 0.0096
57.0000 0.0110
37.0000 0.0116
4.0000 0.0133
8.0000 0.0160
51.0000 0.0164
32.0000 0.0176
11.0000 0.0180
40.0000 0.0189
17.0000 0.0203
9.0000 0.0208
16.0000 0.0218
58.0000 0.0225
0.0000 0.0231
20.0000 0.0238
15.0000 0.0240
7.0000 0.0252
44.0000 0.0254
26.0000 0.0275
31.0000 0.0280
47.0000 0.0282
55.0000 0.0286
5.0000 0.0287
30.0000 0.0290
56.0000 0.0292
34.0000 0.0293
37.0000 0.0293
10.0000 0.0297
21.0000 0.0301
6.0000 0.0304
50.0000 0.0309
3.0000 0.0311
38.0000 0.0311
1.0000 0.0315
59.0000 0.0315
33.0000 0.0322
39.0000 0.0330
46.0000 0.0336
2.0000 0.0341
17.0000 0.0341
54.0000 0.0342
9.0000 0.0346
36.0000 0.0347
28.0000 0.0350
58.0000 0.0358
14.0000 0.0366
22.0000 0.0367
42.0000 0.0372
4.0000 0.0378
57.0000 0.0379
20.0000 0.0382
27.0000 0.0382
18.0000 0.0384
11.0000 0.0385
32.0000 0.0385
15.0000 0.0401
45.0000 0.0401
40.0000 0.0414
44.0000 0.0415
8.0000 0.0422
49.0000 0.0422
23.0000 0.0426
37.0000 0.0427
7.0000 0.0431
10.0000 0.0434
29.0000 0.0437
25.0000 0.0439
50.0000 0.0439
5.0000 0.0441
13.0000 0.0441
16.0000 0.0441
9.0000 0.0444
53.0000 0.0444
34.0000 0.0445
56.0000 0.0462
26.0000 0.0464
30.0000 0.0465
17.0000 0.0466
55.0000 0.0469
51.0000 0.0470
6.0000 0.0471
3.0000 0.0473
38.0000 0.0479
58.0000 0.0481
12.0000 0.0483
39.0000 0.0490
1.0000 0.0503
20.0000 0.0504
46.0000 0.0505
33.0000 0.0512
21.0000 0.0514
59.0000 0.0514
28.0000 0.0534
54.0000 0.0535
2.0000 0.0538
15.0000 0.0538
36.0000 0.0542
57.0000 0.0546
10.0000 0.0567
44.0000 0.0568
9.0000 0.0571
4.0000 0.0572
34.0000 0.0586
17.0000 0.0587
48.0000 0.0588
37.0000 0.0589
11.0000 0.0592
14.0000 0.0592
24.0000 0.0594
32.0000 0.0596
50.0000 0.0596
31.0000 0.0597
58.0000 0.0599
5.0000 0.0600
40.0000 0.0603
18.0000 0.0614
7.0000 0.0616
26.0000 0.0617
20.0000 0.0627
30.0000 0.0629
6.0000 0.0630
22.0000 0.0631
38.0000 0.0639
56.0000 0.0640
55.0000 0.0650
15.0000 0.0655
1.0000 0.0657
21.0000 0.0658
42.0000 0.0658
27.0000 0.0662
0.0000 0.0663
3.0000 0.0663
39.0000 0.0664
23.0000 0.0668
33.0000 0.0668
16.0000 0.0670
59.0000 0.0671
8.0000 0.0672
51.0000 0.0678
47.0000 0.0683
28.0000 0.0686
10.0000 0.0687
46.0000 0.0687
25.0000 0.0688
9.0000 0.0690
57.0000 0.0691
44.0000 0.0698
58.0000 0.0700
17.0000 0.0704
37.0000 0.0706
54.0000 0.0710
36.0000 0.0713
2.0000 0.0714
34.0000 0.0714
49.0000 0.0715
45.0000 0.0726
50.0000 0.0734
43.0000 0.0740
20.0000 0.0745
4.0000 0.0752
26.0000 0.0771
7.0000 0.0779
32.0000 0.0780
40.0000 0.0780
15.0000 0.0781
11.0000 0.0782
5.0000 0.0783
13.0000 0.0788
30.0000 0.0788
6.0000 0.0795
9.0000 0.0795
55.0000 0.0800
29.0000 0.0801
56.0000 0.0801
3.0000 0.0802
12.0000 0.0803
38.0000 0.0805
18.0000 0.0807
17.0000 0.0809
58.0000 0.0810
21.0000 0.0811
39.0000 0.0811
33.0000 0.0812
10.0000 0.0813
14.0000 0.0815
1.0000 0.0817
37.0000 0.0820
44.0000 0.0822
31.0000 0.0823
57.0000 0.0827
59.0000 0.0831
28.0000 0.0833
34.0000 0.0834
50.0000 0.0837
46.0000 0.0839
20.0000 0.0842
54.0000 0.0844
22.0000 0.0846
2.0000 0.0856
8.0000 0.0862
48.0000 0.0865
42.0000 0.0869
36.0000 0.0871
27.0000 0.0875
16.0000 0.0882
24.0000 0.0885
9.0000 0.0897
15.0000 0.0897
51.0000 0.0905
23.0000 0.0908
26.0000 0.0911
58.0000 0.0912
17.0000 0.0918
5.0000 0.0921
25.0000 0.0922
0.0000 0.0925
4.0000 0.0925
53.0000 0.0926
49.0000 0.0927
6.0000 0.0928
7.0000 0.0929
30.0000 0.0930
55.0000 0.0931
44.0000 0.0933
38.0000 0.0937
45.0000 0.0937
37.0000 0.0939
40.0000 0.0939
56.0000 0.0941
32.0000 0.0942
20.0000 0.0943
57.0000 0.0943
10.0000 0.0946
11.0000 0.0946
33.0000 0.0948
3.0000 0.0949
34.0000 0.0952
39.0000 0.0954
21.0000 0.0959
50.0000 0.0970
59.0000 0.0985
28.0000 0.0992
14.0000 0.0996
9.0000 0.1003
54.0000 0.1003
1.0000 0.1004
2.0000 0.1004
31.0000 0.1004
18.0000 0.1005
46.0000 0.1016
58.0000 0.1017
15.0000 0.1026
17.0000 0.1035
8.0000 0.1036
13.0000 0.1039
20.0000 0.1045
47.0000 0.1050
5.0000 0.1052
26.0000 0.1052
16.0000 0.1054
36.0000 0.1056
44.0000 0.1057
37.0000 0.1060
22.0000 0.1064
30.0000 0.1066
27.0000 0.1069
6.0000 0.1071
10.0000 0.1072
38.0000 0.1073
12.0000 0.1074
33.0000 0.1078
55.0000 0.1078
57.0000 0.1078
43.0000 0.1079
50.0000 0.1081
40.0000 0.1082
34.0000 0.1083
3.0000 0.1084
39.0000 0.1085
4.0000 0.1086
42.0000 0.1086
7.0000 0.1087
32.0000 0.1088
56.0000 0.1094
9.0000 0.1103
21.0000 0.1105
11.0000 0.1107
58.0000 0.1112
29.0000 0.1119
23.0000 0.1126
17.0000 0.1128
15.0000 0.1139
28.0000 0.1141
59.0000 0.1141
20.0000 0.1149
46.0000 0.1150
49.0000 0.1150
54.0000 0.1150
1.0000 0.1153
2.0000 0.1153
51.0000 0.1157
44.0000 0.1171
25.0000 0.1172
37.0000 0.1172
18.0000 0.1173
14.0000 0.1174
0.0000 0.1176
45.0000 0.1176
5.0000 0.1180
26.0000 0.1182
48.0000 0.1183
10.0000 0.1184
24.0000 0.1188
9.0000 0.1195
57.0000 0.1199
6.0000 0.1200
34.0000 0.1202
38.0000 0.1202
30.0000 0.1203
50.0000 0.1203
55.0000 0.1203
58.0000 0.1206
33.0000 0.1207
36.0000 0.1208
39.0000 0.1211
3.0000 0.1214
7.0000 0.1219
31.0000 0.1224
16.0000 0.1226
17.0000 0.1230
40.0000 0.1232
8.0000 0.1233
56.0000 0.1234
22.0000 0.1238
21.0000 0.1239
20.0000 0.1242
15.0000 0.1245
32.0000 0.1250
4.0000 0.1251
27.0000 0.1252
11.0000 0.1257
53.0000 0.1268
54.0000 0.1274
13.0000 0.1281
59.0000 0.1284
9.0000 0.1287
37.0000 0.1287
12.0000 0.1293
44.0000 0.1294
28.0000 0.1295
10.0000 0.1298
42.0000 0.1298
2.0000 0.1301
46.0000 0.1302
1.0000 0.1304
58.0000 0.1304
26.0000 0.1312
5.0000 0.1313
57.0000 0.1315
50.0000 0.1320
34.0000 0.1326
55.0000 0.1331
23.0000 0.1333
30.0000 0.1333
38.0000 0.1333
33.0000 0.1334
6.0000 0.1335
17.0000 0.1335
14.0000 0.1338
18.0000 0.1340
20.0000 0.1340
39.0000 0.1344
47.0000 0.1345
15.0000 0.1349
36.0000 0.1353
3.0000 0.1358
40.0000 0.1359
7.0000 0.1362
45.0000 0.1362
51.0000 0.1362
49.0000 0.1371
56.0000 0.1373
25.0000 0.1377
16.0000 0.1386
9.0000 0.1387
41.0000 0.1387
21.0000 0.1388
32.0000 0.1390
8.0000 0.1397
58.0000 0.1397
37.0000 0.1398
4.0000 0.1404
11.0000 0.1404
54.0000 0.1404
10.0000 0.1407
44.0000 0.1408
31.0000 0.1411
35.0000 0.1411
26.0000 0.1424
59.0000 0.1424
27.0000 0.1425
48.0000 0.1426
50.0000 0.1427
17.0000 0.1430
28.0000 0.1431
22.0000 0.1437
0.0000 0.1438
34.0000 0.1440
43.0000 0.1440
46.0000 0.1441
57.0000 0.1442
2.0000 0.1446
33.0000 0.1447
20.0000 0.1448
5.0000 0.1450
29.0000 0.1453
55.0000 0.1458
15.0000 0.1459
39.0000 0.1471
24.0000 0.1474
6.0000 0.1475
38.0000 0.1475
30.0000 0.1476
1.0000 0.1484
9.0000 0.1484
3.0000 0.1492
7.0000 0.1492
40.0000 0.1492
58.0000 0.1494
13.0000 0.1503
56.0000 0.1505
36.0000 0.1515
10.0000 0.1517
12.0000 0.1519
23.0000 0.1520
37.0000 0.1520
44.0000 0.1527
21.0000 0.1531
17.0000 0.1536
18.0000 0.1542
20.0000 0.1543
14.0000 0.1544
50.0000 0.1545
54.0000 0.1545
26.0000 0.1548
11.0000 0.1549
4.0000 0.1551
16.0000 0.1555
42.0000 0.1555
34.0000 0.1557
45.0000 0.1557
8.0000 0.1558
32.0000 0.1558
28.0000 0.1559
57.0000 0.1560
59.0000 0.1561
15.0000 0.1570
9.0000 0.1574
46.0000 0.1579
5.0000 0.1581
2.0000 0.1585
33.0000 0.1587
55.0000 0.1592
58.0000 0.1593
39.0000 0.1596
38.0000 0.1597
22.0000 0.1603
51.0000 0.1603
6.0000 0.1609
49.0000 0.1610
27.0000 0.1613
37.0000 0.1616
30.0000 0.1618
47.0000 0.1620
40.0000 0.1621
3.0000 0.1623
7.0000 0.1623
25.0000 0.1626
44.0000 0.1627
17.0000 0.1628
10.0000 0.1634
20.0000 0.1634
31.0000 0.1634
56.0000 0.1639
53.0000 0.1649
36.0000 0.1654
50.0000 0.1654
1.0000 0.1658
34.0000 0.1662
26.0000 0.1665
54.0000 0.1666
21.0000 0.1667
48.0000 0.1668
9.0000 0.1669
57.0000 0.1678
15.0000 0.1679
0.0000 0.1688
58.0000 0.1689
11.0000 0.1694
18.0000 0.1694
28.0000 0.1694
52.0000 0.1694
59.0000 0.1694
23.0000 0.1703
4.0000 0.1705
5.0000 0.1705
32.0000 0.1707
13.0000 0.1708
2.0000 0.1709
8.0000 0.1711
14.0000 0.1715
46.0000 0.1716
37.0000 0.1720
38.0000 0.1720
45.0000 0.1720
6.0000 0.1724
33.0000 0.1724
55.0000 0.1724
39.0000 0.1725
24.0000 0.1727
17.0000 0.1729
29.0000 0.1734
44.0000 0.1734
16.0000 0.1738
20.0000 0.1740
30.0000 0.1741
10.0000 0.1747
42.0000 0.1747
40.0000 0.1756
12.0000 0.1757
7.0000 0.1760
9.0000 0.1768
3.0000 0.1770
56.0000 0.1776
50.0000 0.1779
26.0000 0.1780
34.0000 0.1780
58.0000 0.1785
15.0000 0.1793
27.0000 0.1793
22.0000 0.1801
57.0000 0.1804
54.0000 0.1820
21.0000 0.1823
36.0000 0.1823
1.0000 0.1827
51.0000 0.1828
17.0000 0.1829
37.0000 0.1831
59.0000 0.1831
25.0000 0.1832
5.0000 0.1837
28.0000 0.1838
20.0000 0.1839
38.0000 0.1839
31.0000 0.1840
55.0000 0.1841
49.0000 0.1843
33.0000 0.1845
32.0000 0.1846
44.0000 0.1847
6.0000 0.1850
2.0000 0.1853
11.0000 0.1855
43.0000 0.1857
46.0000 0.1857
39.0000 0.1860
9.0000 0.1861
4.0000 0.1863
10.0000 0.1863
14.0000 0.1871
18.0000 0.1871
58.0000 0.1878
30.0000 0.1884
50.0000 0.1886
3.0000 0.1898
16.0000 0.1901
7.0000 0.1902
34.0000 0.1904
40.0000 0.1905
15.0000 0.1908
8.0000 0.1913
57.0000 0.1919
47.0000 0.1920
26.0000 0.1921
45.0000 0.1923
56.0000 0.1927
17.0000 0.1930
23.0000 0.1935
48.0000 0.1935
37.0000 0.1938
20.0000 0.1942
42.0000 0.1943
13.0000 0.1946
9.0000 0.1956
0.0000 0.1958
44.0000 0.1959
21.0000 0.1960
27.0000 0.1964
38.0000 0.1964
54.0000 0.1964
55.0000 0.1964
59.0000 0.1966
33.0000 0.1968
6.0000 0.1970
32.0000 0.1971
10.0000 0.1972
5.0000 0.1973
58.0000 0.1973
29.0000 0.1976
39.0000 0.1977
28.0000 0.1978
36.0000 0.1978
53.0000 0.1989
2.0000 0.1990
50.0000 0.1992
1.0000 0.1994
46.0000 0.1996
24.0000 0.1997
4.0000 0.1999
