23.0000 0.0045
33.0000 0.0045
48.0000 0.0047
29.0000 0.0048
42.0000 0.0049
11.0000 0.0051
39.0000 0.0053
45.0000 0.0053
7.0000 0.0054
25.0000 0.0054
53.0000 0.0054
26.0000 0.0055
16.0000 0.0057
12.0000 0.0058
21.0000 0.0059
41.0000 0.0059
15.0000 0.0060
38.0000 0.0061
22.0000 0.0063
34.0000 0.0064
6.0000 0.0065
4.0000 0.0067
31.0000 0.0068
55.0000 0.0068
24.0000 0.0070
37.0000 0.0071
50.0000 0.0071
56.0000 0.0071
47.0000 0.0072
8.0000 0.0073
3.0000 0.0074
58.0000 0.0076
59.0000 0.0076
46.0000 0.0077
17.0000 0.0078
14.0000 0.0079
32.0000 0.0079
27.0000 0.0080
13.0000 0.0085
1.0000 0.0090
18.0000 0.0093
0.0000 0.0099
36.0000 0.0100
2.0000 0.0112
57.0000 0.0118
9.0000 0.0140
26.0000 0.0152
29.0000 0.0153
19.0000 0.0164
42.0000 0.0166
35.0000 0.0170
16.0000 0.0172
12.0000 0.0175
52.0000 0.0175
25.0000 0.0179
48.0000 0.0180
4.0000 0.0183
10.0000 0.0184
28.0000 0.0184
22.0000 0.0189
21.0000 0.0191
56.0000 0.0191
7.0000 0.0196
20.0000 0.0196
37.0000 0.0198
40.0000 0.0202
43.0000 0.0203
53.0000 0.0203
55.0000 0.0207
23.0000 0.0208
33.0000 0.0208
15.0000 0.0210
59.0000 0.0210
13.0000 0.0213
50.0000 0.0213
6.0000 0.0214
24.0000 0.0215
34.0000 0.0216
47.0000 0.0216
27.0000 0.0217
36.0000 0.0222
39.0000 0.0223
41.0000 0.0225
0.0000 0.0227
18.0000 0.0231
31.0000 0.0231
58.0000 0.0232
1.0000 0.0234
26.0000 0.0234
29.0000 0.0239
11.0000 0.0245
32.0000 0.0248
46.0000 0.0249
17.0000 0.0250
3.0000 0.0251
42.0000 0.0264
4.0000 0.0268
2.0000 0.0269
12.0000 0.0270
16.0000 0.0274
14.0000 0.0286
48.0000 0.0287
9.0000 0.0293
37.0000 0.0293
57.0000 0.0294
22.0000 0.0295
25.0000 0.0297
21.0000 0.0302
56.0000 0.0304
26.0000 0.0316
45.0000 0.0318
53.0000 0.0318
55.0000 0.0319
29.0000 0.0320
7.0000 0.0323
59.0000 0.0330
13.0000 0.0332
15.0000 0.0332
19.0000 0.0333
36.0000 0.0333
50.0000 0.0334
6.0000 0.0338
27.0000 0.0339
24.0000 0.0341
8.0000 0.0342
47.0000 0.0345
0.0000 0.0346
23.0000 0.0349
33.0000 0.0350
34.0000 0.0350
18.0000 0.0353
12.0000 0.0354
42.0000 0.0359
4.0000 0.0360
1.0000 0.0365
39.0000 0.0365
16.0000 0.0366
41.0000 0.0371
58.0000 0.0371
31.0000 0.0376
10.0000 0.0380
2.0000 0.0383
22.0000 0.0383
46.0000 0.0383
37.0000 0.0384
43.0000 0.0384
48.0000 0.0384
3.0000 0.0388
32.0000 0.0388
25.0000 0.0389
26.0000 0.0392
21.0000 0.0393
28.0000 0.0396
29.0000 0.0397
11.0000 0.0399
17.0000 0.0405
52.0000 0.0405
56.0000 0.0405
9.0000 0.0422
36.0000 0.0426
53.0000 0.0426
55.0000 0.0426
12.0000 0.0429
7.0000 0.0430
13.0000 0.0435
14.0000 0.0435
59.0000 0.0438
6.0000 0.0439
4.0000 0.0440
50.0000 0.0444
15.0000 0.0445
24.0000 0.0446
57.0000 0.0446
27.0000 0.0447
42.0000 0.0447
0.0000 0.0451
23.0000 0.0458
47.0000 0.0458
16.0000 0.0459
18.0000 0.0459
26.0000 0.0463
33.0000 0.0463
20.0000 0.0465
48.0000 0.0466
34.0000 0.0467
37.0000 0.0467
22.0000 0.0472
29.0000 0.0472
19.0000 0.0476
25.0000 0.0476
58.0000 0.0485
39.0000 0.0486
21.0000 0.0487
1.0000 0.0489
2.0000 0.0496
56.0000 0.0497
3.0000 0.0501
41.0000 0.0503
12.0000 0.0505
31.0000 0.0505
38.0000 0.0510
32.0000 0.0515
46.0000 0.0515
45.0000 0.0517
4.0000 0.0518
8.0000 0.0520
43.0000 0.0520
36.0000 0.0522
53.0000 0.0524
55.0000 0.0526
7.0000 0.0529
11.0000 0.0531
13.0000 0.0531
42.0000 0.0531
26.0000 0.0534
40.0000 0.0535
6.0000 0.0536
10.0000 0.0537
9.0000 0.0538
16.0000 0.0539
17.0000 0.0540
50.0000 0.0544
24.0000 0.0547
29.0000 0.0547
59.0000 0.0548
0.0000 0.0549
28.0000 0.0552
48.0000 0.0553
37.0000 0.0554
27.0000 0.0555
15.0000 0.0558
22.0000 0.0560
23.0000 0.0560
18.0000 0.0562
25.0000 0.0562
47.0000 0.0568
34.0000 0.0571
33.0000 0.0577
21.0000 0.0579
12.0000 0.0580
57.0000 0.0582
56.0000 0.0583
14.0000 0.0586
4.0000 0.0594
58.0000 0.0599
2.0000 0.0601
52.0000 0.0602
26.0000 0.0605
19.0000 0.0610
39.0000 0.0611
1.0000 0.0613
42.0000 0.0614
55.0000 0.0617
36.0000 0.0619
3.0000 0.0620
29.0000 0.0621
7.0000 0.0626
13.0000 0.0626
16.0000 0.0626
31.0000 0.0627
53.0000 0.0627
41.0000 0.0633
48.0000 0.0634
6.0000 0.0637
37.0000 0.0637
22.0000 0.0638
32.0000 0.0638
46.0000 0.0638
9.0000 0.0643
25.0000 0.0644
50.0000 0.0644
24.0000 0.0645
0.0000 0.0646
27.0000 0.0650
11.0000 0.0652
59.0000 0.0652
35.0000 0.0655
12.0000 0.0656
18.0000 0.0659
43.0000 0.0659
23.0000 0.0660
15.0000 0.0662
21.0000 0.0665
56.0000 0.0665
47.0000 0.0666
17.0000 0.0668
4.0000 0.0671
26.0000 0.0674
8.0000 0.0680
33.0000 0.0680
34.0000 0.0680
10.0000 0.0689
20.0000 0.0691
29.0000 0.0693
42.0000 0.0694
45.0000 0.0695
28.0000 0.0702
55.0000 0.0706
58.0000 0.0706
14.0000 0.0709
16.0000 0.0709
36.0000 0.0710
57.0000 0.0710
2.0000 0.0717
37.0000 0.0717
22.0000 0.0719
13.0000 0.0720
39.0000 0.0721
1.0000 0.0722
7.0000 0.0723
48.0000 0.0723
53.0000 0.0727
12.0000 0.0730
25.0000 0.0730
6.0000 0.0732
19.0000 0.0735
24.0000 0.0739
3.0000 0.0740
31.0000 0.0741
50.0000 0.0741
0.0000 0.0742
26.0000 0.0742
9.0000 0.0743
4.0000 0.0745
56.0000 0.0746
59.0000 0.0746
32.0000 0.0747
21.0000 0.0749
27.0000 0.0750
46.0000 0.0750
41.0000 0.0752
23.0000 0.0754
18.0000 0.0757
15.0000 0.0759
29.0000 0.0761
52.0000 0.0763
47.0000 0.0764
11.0000 0.0770
42.0000 0.0773
33.0000 0.0775
34.0000 0.0782
16.0000 0.0793
43.0000 0.0793
17.0000 0.0794
37.0000 0.0795
55.0000 0.0797
40.0000 0.0801
12.0000 0.0803
22.0000 0.0803
36.0000 0.0803
48.0000 0.0805
26.0000 0.0810
58.0000 0.0812
13.0000 0.0815
25.0000 0.0817
7.0000 0.0818
4.0000 0.0820
53.0000 0.0822
38.0000 0.0825
2.0000 0.0827
14.0000 0.0827
24.0000 0.0829
56.0000 0.0829
1.0000 0.0830
6.0000 0.0830
39.0000 0.0832
57.0000 0.0832
29.0000 0.0833
8.0000 0.0835
21.0000 0.0835
0.0000 0.0838
10.0000 0.0838
50.0000 0.0839
9.0000 0.0844
27.0000 0.0845
59.0000 0.0846
3.0000 0.0847
28.0000 0.0847
42.0000 0.0850
51.0000 0.0851
18.0000 0.0852
23.0000 0.0853
31.0000 0.0853
19.0000 0.0854
32.0000 0.0859
15.0000 0.0860
47.0000 0.0863
46.0000 0.0864
41.0000 0.0868
45.0000 0.0869
16.0000 0.0871
12.0000 0.0874
37.0000 0.0875
26.0000 0.0876
33.0000 0.0876
34.0000 0.0877
55.0000 0.0884
11.0000 0.0887
20.0000 0.0888
48.0000 0.0888
36.0000 0.0890
22.0000 0.0891
4.0000 0.0894
25.0000 0.0899
13.0000 0.0904
29.0000 0.0904
17.0000 0.0909
7.0000 0.0910
56.0000 0.0910
53.0000 0.0911
58.0000 0.0912
21.0000 0.0919
30.0000 0.0920
2.0000 0.0924
6.0000 0.0924
35.0000 0.0924
24.0000 0.0925
42.0000 0.0930
0.0000 0.0932
43.0000 0.0932
39.0000 0.0934
52.0000 0.0935
50.0000 0.0937
59.0000 0.0942
26.0000 0.0943
27.0000 0.0944
57.0000 0.0946
1.0000 0.0947
12.0000 0.0947
18.0000 0.0948
23.0000 0.0949
16.0000 0.0950
37.0000 0.0950
9.0000 0.0953
14.0000 0.0955
15.0000 0.0956
3.0000 0.0959
31.0000 0.0966
47.0000 0.0968
4.0000 0.0972
48.0000 0.0972
32.0000 0.0975
22.0000 0.0976
29.0000 0.0976
55.0000 0.0976
34.0000 0.0977
36.0000 0.0978
19.0000 0.0981
10.0000 0.0984
33.0000 0.0984
25.0000 0.0985
41.0000 0.0988
46.0000 0.0991
28.0000 0.0994
13.0000 0.0995
56.0000 0.0997
21.0000 0.0999
7.0000 0.1001
53.0000 0.1002
8.0000 0.1005
11.0000 0.1009
42.0000 0.1009
26.0000 0.1012
6.0000 0.1014
12.0000 0.1018
58.0000 0.1019
2.0000 0.1022
24.0000 0.1022
0.0000 0.1025
16.0000 0.1028
37.0000 0.1028
45.0000 0.1028
50.0000 0.1034
17.0000 0.1036
39.0000 0.1036
59.0000 0.1036
23.0000 0.1037
18.0000 0.1041
27.0000 0.1043
29.0000 0.1044
4.0000 0.1045
48.0000 0.1051
43.0000 0.1052
15.0000 0.1055
22.0000 0.1055
9.0000 0.1056
40.0000 0.1056
1.0000 0.1057
55.0000 0.1058
57.0000 0.1061
25.0000 0.1062
36.0000 0.1062
47.0000 0.1063
3.0000 0.1066
31.0000 0.1067
34.0000 0.1072
14.0000 0.1075
52.0000 0.1077
26.0000 0.1078
56.0000 0.1080
13.0000 0.1081
21.0000 0.1083
32.0000 0.1084
38.0000 0.1085
42.0000 0.1085
7.0000 0.1087
33.0000 0.1088
12.0000 0.1091
53.0000 0.1093
19.0000 0.1102
37.0000 0.1104
6.0000 0.1105
41.0000 0.1105
16.0000 0.1108
46.0000 0.1109
29.0000 0.1114
4.0000 0.1117
24.0000 0.1117
0.0000 0.1118
20.0000 0.1118
11.0000 0.1121
58.0000 0.1124
2.0000 0.1126
10.0000 0.1129
23.0000 0.1129
48.0000 0.1129
50.0000 0.1130
27.0000 0.1132
18.0000 0.1133
22.0000 0.1134
59.0000 0.1134
25.0000 0.1138
28.0000 0.1139
26.0000 0.1144
39.0000 0.1148
36.0000 0.1149
55.0000 0.1152
42.0000 0.1158
15.0000 0.1159
17.0000 0.1159
47.0000 0.1159
9.0000 0.1161
12.0000 0.1161
1.0000 0.1162
56.0000 0.1163
8.0000 0.1164
21.0000 0.1166
34.0000 0.1167
13.0000 0.1168
3.0000 0.1169
7.0000 0.1179
31.0000 0.1179
57.0000 0.1179
33.0000 0.1183
37.0000 0.1183
53.0000 0.1183
29.0000 0.1184
16.0000 0.1186
45.0000 0.1189
4.0000 0.1191
43.0000 0.1191
32.0000 0.1194
6.0000 0.1197
35.0000 0.1204
48.0000 0.1206
14.0000 0.1207
26.0000 0.1211
0.0000 0.1212
24.0000 0.1213
22.0000 0.1215
19.0000 0.1216
41.0000 0.1217
25.0000 0.1220
50.0000 0.1220
23.0000 0.1222
52.0000 0.1222
46.0000 0.1224
58.0000 0.1224
27.0000 0.1226
2.0000 0.1228
18.0000 0.1228
12.0000 0.1231
36.0000 0.1233
59.0000 0.1233
11.0000 0.1235
42.0000 0.1237
55.0000 0.1241
21.0000 0.1248
56.0000 0.1248
39.0000 0.1251
29.0000 0.1252
13.0000 0.1254
34.0000 0.1258
15.0000 0.1259
9.0000 0.1260
47.0000 0.1260
37.0000 0.1261
1.0000 0.1262
7.0000 0.1262
4.0000 0.1264
16.0000 0.1265
10.0000 0.1268
17.0000 0.1272
53.0000 0.1276
3.0000 0.1277
26.0000 0.1278
33.0000 0.1278
48.0000 0.1282
6.0000 0.1288
22.0000 0.1291
28.0000 0.1291
31.0000 0.1291
40.0000 0.1293
57.0000 0.1297
25.0000 0.1298
12.0000 0.1300
32.0000 0.1301
0.0000 0.1304
24.0000 0.1305
23.0000 0.1314
50.0000 0.1314
43.0000 0.1315
36.0000 0.1316
42.0000 0.1316
51.0000 0.1318
8.0000 0.1319
38.0000 0.1319
58.0000 0.1319
27.0000 0.1322
29.0000 0.1322
18.0000 0.1323
14.0000 0.1324
2.0000 0.1326
20.0000 0.1327
21.0000 0.1327
41.0000 0.1327
55.0000 0.1328
56.0000 0.1329
59.0000 0.1330
19.0000 0.1331
37.0000 0.1335
45.0000 0.1335
4.0000 0.1336
46.0000 0.1336
16.0000 0.1341
13.0000 0.1342
11.0000 0.1345
26.0000 0.1346
34.0000 0.1349
7.0000 0.1350
39.0000 0.1353
47.0000 0.1353
15.0000 0.1356
48.0000 0.1359
53.0000 0.1364
9.0000 0.1368
12.0000 0.1371
1.0000 0.1376
22.0000 0.1376
6.0000 0.1378
25.0000 0.1378
17.0000 0.1381
52.0000 0.1383
3.0000 0.1386
33.0000 0.1389
29.0000 0.1391
42.0000 0.1393
0.0000 0.1395
24.0000 0.1395
36.0000 0.1400
31.0000 0.1402
56.0000 0.1408
4.0000 0.1410
50.0000 0.1411
21.0000 0.1412
23.0000 0.1414
26.0000 0.1414
27.0000 0.1414
32.0000 0.1414
37.0000 0.1416
18.0000 0.1417
55.0000 0.1420
58.0000 0.1421
16.0000 0.1423
59.0000 0.1423
2.0000 0.1425
10.0000 0.1425
57.0000 0.1427
28.0000 0.1434
13.0000 0.1435
48.0000 0.1437
41.0000 0.1438
7.0000 0.1439
12.0000 0.1442
43.0000 0.1445
14.0000 0.1446
19.0000 0.1446
34.0000 0.1447
47.0000 0.1447
46.0000 0.1449
53.0000 0.1452
25.0000 0.1454
11.0000 0.1455
15.0000 0.1455
22.0000 0.1456
39.0000 0.1456
29.0000 0.1458
6.0000 0.1467
42.0000 0.1468
8.0000 0.1470
9.0000 0.1475
26.0000 0.1480
33.0000 0.1480
4.0000 0.1481
1.0000 0.1483
24.0000 0.1484
36.0000 0.1485
54.0000 0.1486
0.0000 0.1487
37.0000 0.1491
56.0000 0.1491
3.0000 0.1492
45.0000 0.1493
17.0000 0.1494
21.0000 0.1494
20.0000 0.1502
23.0000 0.1505
16.0000 0.1506
50.0000 0.1506
55.0000 0.1507
18.0000 0.1508
27.0000 0.1509
31.0000 0.1510
12.0000 0.1514
48.0000 0.1515
59.0000 0.1519
52.0000 0.1521
32.0000 0.1522
2.0000 0.1523
13.0000 0.1526
29.0000 0.1526
58.0000 0.1528
7.0000 0.1531
25.0000 0.1534
22.0000 0.1535
47.0000 0.1539
53.0000 0.1540
34.0000 0.1542
42.0000 0.1543
57.0000 0.1543
38.0000 0.1544
26.0000 0.1546
15.0000 0.1550
44.0000 0.1550
6.0000 0.1552
41.0000 0.1553
4.0000 0.1554
39.0000 0.1554
46.0000 0.1555
19.0000 0.1564
11.0000 0.1565
10.0000 0.1570
37.0000 0.1570
43.0000 0.1573
56.0000 0.1573
36.0000 0.1574
24.0000 0.1575
0.0000 0.1578
21.0000 0.1579
33.0000 0.1579
14.0000 0.1580
40.0000 0.1583
28.0000 0.1586
35.0000 0.1586
1.0000 0.1587
9.0000 0.1587
16.0000 0.1587
12.0000 0.1588
3.0000 0.1593
55.0000 0.1593
29.0000 0.1596
48.0000 0.1596
23.0000 0.1598
27.0000 0.1604
50.0000 0.1604
18.0000 0.1608
17.0000 0.1611
26.0000 0.1614
31.0000 0.1615
13.0000 0.1616
22.0000 0.1616
59.0000 0.1616
25.0000 0.1618
7.0000 0.1623
42.0000 0.1625
4.0000 0.1626
32.0000 0.1629
53.0000 0.1633
58.0000 0.1636
2.0000 0.1637
8.0000 0.1639
47.0000 0.1642
34.0000 0.1647
37.0000 0.1651
6.0000 0.1652
56.0000 0.1658
15.0000 0.1659
39.0000 0.1660
12.0000 0.1661
57.0000 0.1663
36.0000 0.1665
45.0000 0.1665
29.0000 0.1666
16.0000 0.1667
21.0000 0.1668
46.0000 0.1668
0.0000 0.1670
24.0000 0.1670
41.0000 0.1673
33.0000 0.1677
48.0000 0.1678
55.0000 0.1679
26.0000 0.1680
52.0000 0.1680
11.0000 0.1681
19.0000 0.1682
1.0000 0.1689
27.0000 0.1691
23.0000 0.1692
22.0000 0.1693
9.0000 0.1694
20.0000 0.1694
25.0000 0.1697
50.0000 0.1697
4.0000 0.1698
3.0000 0.1699
43.0000 0.1700
14.0000 0.1702
42.0000 0.1702
13.0000 0.1703
18.0000 0.1703
59.0000 0.1707
7.0000 0.1709
10.0000 0.1711
31.0000 0.1724
53.0000 0.1726
37.0000 0.1727
17.0000 0.1728
12.0000 0.1730
32.0000 0.1736
29.0000 0.1738
56.0000 0.1741
58.0000 0.1741
28.0000 0.1743
6.0000 0.1745
47.0000 0.1745
2.0000 0.1746
26.0000 0.1746
16.0000 0.1750
34.0000 0.1750
21.0000 0.1752
36.0000 0.1754
15.0000 0.1759
48.0000 0.1759
24.0000 0.1761
0.0000 0.1763
39.0000 0.1764
55.0000 0.1769
4.0000 0.1770
22.0000 0.1771
33.0000 0.1777
46.0000 0.1777
25.0000 0.1779
27.0000 0.1780
42.0000 0.1780
57.0000 0.1784
41.0000 0.1789
1.0000 0.1791
11.0000 0.1792
13.0000 0.1793
23.0000 0.1793
50.0000 0.1793
9.0000 0.1794
18.0000 0.1794
19.0000 0.1797
7.0000 0.1798
8.0000 0.1800
12.0000 0.1801
30.0000 0.1802
37.0000 0.1802
59.0000 0.1803
3.0000 0.1805
29.0000 0.1805
38.0000 0.1807
26.0000 0.1811
14.0000 0.1816
45.0000 0.1819
53.0000 0.1819
56.0000 0.1820
43.0000 0.1821
52.0000 0.1821
31.0000 0.1825
16.0000 0.1829
6.0000 0.1832
21.0000 0.1834
36.0000 0.1838
48.0000 0.1838
32.0000 0.1840
17.0000 0.1841
58.0000 0.1841
47.0000 0.1843
4.0000 0.1844
24.0000 0.1847
2.0000 0.1849
22.0000 0.1852
40.0000 0.1853
34.0000 0.1856
10.0000 0.1857
25.0000 0.1857
42.0000 0.1858
0.0000 0.1859
15.0000 0.1860
55.0000 0.1863
29.0000 0.1872
12.0000 0.1875
51.0000 0.1875
27.0000 0.1878
20.0000 0.1879
26.0000 0.1879
39.0000 0.1880
28.0000 0.1882
37.0000 0.1882
33.0000 0.1884
13.0000 0.1885
18.0000 0.1885
7.0000 0.1886
50.0000 0.1893
59.0000 0.1896
9.0000 0.1897
56.0000 0.1898
11.0000 0.1900
46.0000 0.1900
23.0000 0.1901
1.0000 0.1908
16.0000 0.1908
35.0000 0.1908
57.0000 0.1908
53.0000 0.1913
41.0000 0.1914
19.0000 0.1915
3.0000 0.1917
21.0000 0.1917
4.0000 0.1919
48.0000 0.1920
6.0000 0.1922
36.0000 0.1922
31.0000 0.1932
42.0000 0.1933
25.0000 0.1934
47.0000 0.1934
22.0000 0.1936
14.0000 0.1938
29.0000 0.1941
24.0000 0.1942
26.0000 0.1946
58.0000 0.1946
12.0000 0.1948
2.0000 0.1949
0.0000 0.1950
32.0000 0.1952
15.0000 0.1953
55.0000 0.1953
17.0000 0.1956
37.0000 0.1957
8.0000 0.1958
34.0000 0.1959
43.0000 0.1959
52.0000 0.1971
7.0000 0.1977
13.0000 0.1977
45.0000 0.1977
27.0000 0.1978
18.0000 0.1980
56.0000 0.1982
16.0000 0.1985
39.0000 0.1985
50.0000 0.1986
33.0000 0.1987
59.0000 0.1989
4.0000 0.1992
9.0000 0.1998
23.0000 0.1998
