0.0000 0.0000
1.0000 0.0000
2.0000 0.0000
3.0000 0.0000
4.0000 0.0000
5.0000 0.0000
6.0000 0.0000
7.0000 0.0000
8.0000 0.0000
9.0000 0.0000
10.0000 0.0000
11.0000 0.0000
12.0000 0.0000
13.0000 0.0000
14.0000 0.0000
15.0000 0.0000
16.0000 0.0000
17.0000 0.0000
18.0000 0.0000
19.0000 0.0000
20.0000 0.0000
21.0000 0.0000
22.0000 0.0000
23.0000 0.0000
24.0000 0.0000
25.0000 0.0000
26.0000 0.0000
27.0000 0.0000
28.0000 0.0000
29.0000 0.0000
30.0000 0.0000
31.0000 0.0000
32.0000 0.0000
33.0000 0.0000
34.0000 0.0000
35.0000 0.0000
36.0000 0.0000
37.0000 0.0000
38.0000 0.0000
39.0000 0.0000
40.0000 0.0000
41.0000 0.0000
42.0000 0.0000
43.0000 0.0000
44.0000 0.0000
45.0000 0.0000
46.0000 0.0000
47.0000 0.0000
48.0000 0.0000
49.0000 0.0000
50.0000 0.0000
51.0000 0.0000
52.0000 0.0000
53.0000 0.0000
54.0000 0.0000
55.0000 0.0000
56.0000 0.0000
57.0000 0.0000
58.0000 0.0000
59.0000 0.0000
60.0000 0.0000
61.0000 0.0000
62.0000 0.0000
63.0000 0.0000
64.0000 0.0000
65.0000 0.0000
66.0000 0.0000
67.0000 0.0000
68.0000 0.0000
69.0000 0.0000
70.0000 0.0000
71.0000 0.0000
72.0000 0.0000
73.0000 0.0000
74.0000 0.0000
75.0000 0.0000
76.0000 0.0000
77.0000 0.0000
78.0000 0.0000
79.0000 0.0000
80.0000 0.0000
81.0000 0.0000
82.0000 0.0000
83.0000 0.0000
84.0000 0.0000
85.0000 0.0000
86.0000 0.0000
87.0000 0.0000
88.0000 0.0000
89.0000 0.0000
90.0000 0.0000
91.0000 0.0000
92.0000 0.0000
93.0000 0.0000
94.0000 0.0000
95.0000 0.0000
96.0000 0.0000
97.0000 0.0000
98.0000 0.0000
99.0000 0.0000
100.0000 0.0000
101.0000 0.0000
102.0000 0.0000
103.0000 0.0000
104.0000 0.0000
105.0000 0.0000
106.0000 0.0000
107.0000 0.0000
108.0000 0.0000
109.0000 0.0000
110.0000 0.0000
111.0000 0.0000
112.0000 0.0000
113.0000 0.0000
114.0000 0.0000
115.0000 0.0000
116.0000 0.0000
117.0000 0.0000
118.0000 0.0000
119.0000 0.0000
120.0000 0.0000
121.0000 0.0000
122.0000 0.0000
123.0000 0.0000
124.0000 0.0000
125.0000 0.0000
126.0000 0.0000
127.0000 0.0000
128.0000 0.0000
129.0000 0.0000
130.0000 0.0000
131.0000 0.0000
132.0000 0.0000
133.0000 0.0000
134.0000 0.0000
135.0000 0.0000
136.0000 0.0000
137.0000 0.0000
138.0000 0.0000
139.0000 0.0000
140.0000 0.0000
141.0000 0.0000
142.0000 0.0000
143.0000 0.0000
144.0000 0.0000
145.0000 0.0000
146.0000 0.0000
147.0000 0.0000
148.0000 0.0000
149.0000 0.0000
228.0000 0.0037
183.0000 0.0045
197.0000 0.0045
224.0000 0.0045
199.0000 0.0048
193.0000 0.0049
173.0000 0.0050
191.0000 0.0050
237.0000 0.0052
181.0000 0.0053
158.0000 0.0056
176.0000 0.0056
200.0000 0.0056
232.0000 0.0056
189.0000 0.0058
165.0000 0.0059
196.0000 0.0060
186.0000 0.0062
211.0000 0.0062
157.0000 0.0066
202.0000 0.0067
170.0000 0.0068
151.0000 0.0069
206.0000 0.0069
153.0000 0.0071
223.0000 0.0071
171.0000 0.0073
230.0000 0.0073
238.0000 0.0073
185.0000 0.0074
198.0000 0.0074
188.0000 0.0076
215.0000 0.0076
220.0000 0.0076
152.0000 0.0077
212.0000 0.0077
234.0000 0.0077
195.0000 0.0080
179.0000 0.0081
210.0000 0.0081
207.0000 0.0083
187.0000 0.0084
204.0000 0.0089
163.0000 0.0092
180.0000 0.0095
208.0000 0.0096
159.0000 0.0099
213.0000 0.0101
177.0000 0.0103
225.0000 0.0107
29.0000 0.0113
227.0000 0.0114
133.0000 0.0115
10.0000 0.0119
155.0000 0.0119
164.0000 0.0119
108.0000 0.0120
162.0000 0.0121
236.0000 0.0121
72.0000 0.0124
111.0000 0.0124
112.0000 0.0125
129.0000 0.0132
26.0000 0.0133
217.0000 0.0133
75.0000 0.0137
142.0000 0.0137
78.0000 0.0138
87.0000 0.0138
201.0000 0.0139
219.0000 0.0139
79.0000 0.0140
122.0000 0.0141
147.0000 0.0144
136.0000 0.0145
51.0000 0.0146
59.0000 0.0147
69.0000 0.0147
71.0000 0.0147
88.0000 0.0149
174.0000 0.0149
109.0000 0.0150
83.0000 0.0152
137.0000 0.0152
228.0000 0.0152
116.0000 0.0153
161.0000 0.0153
214.0000 0.0153
5.0000 0.0155
37.0000 0.0155
44.0000 0.0156
205.0000 0.0156
221.0000 0.0156
100.0000 0.0159
15.0000 0.0160
127.0000 0.0161
3.0000 0.0162
102.0000 0.0162
35.0000 0.0165
104.0000 0.0165
229.0000 0.0165
178.0000 0.0166
106.0000 0.0167
20.0000 0.0168
148.0000 0.0168
226.0000 0.0169
66.0000 0.0171
85.0000 0.0172
120.0000 0.0172
2.0000 0.0173
25.0000 0.0173
52.0000 0.0173
62.0000 0.0173
222.0000 0.0173
42.0000 0.0175
124.0000 0.0175
156.0000 0.0176
24.0000 0.0177
231.0000 0.0177
0.0000 0.0178
138.0000 0.0178
167.0000 0.0178
74.0000 0.0179
123.0000 0.0181
175.0000 0.0181
98.0000 0.0182
77.0000 0.0183
132.0000 0.0184
172.0000 0.0185
233.0000 0.0185
80.0000 0.0186
193.0000 0.0186
218.0000 0.0187
114.0000 0.0188
184.0000 0.0188
48.0000 0.0191
160.0000 0.0191
196.0000 0.0191
32.0000 0.0192
92.0000 0.0194
19.0000 0.0195
125.0000 0.0195
103.0000 0.0197
61.0000 0.0200
82.0000 0.0203
182.0000 0.0204
192.0000 0.0204
57.0000 0.0205
169.0000 0.0205
197.0000 0.0207
105.0000 0.0211
237.0000 0.0211
99.0000 0.0212
176.0000 0.0213
179.0000 0.0214
220.0000 0.0215
185.0000 0.0217
134.0000 0.0218
128.0000 0.0220
211.0000 0.0223
115.0000 0.0224
171.0000 0.0225
238.0000 0.0225
186.0000 0.0226
216.0000 0.0226
234.0000 0.0226
153.0000 0.0227
28.0000 0.0228
191.0000 0.0228
230.0000 0.0228
55.0000 0.0229
1.0000 0.0230
34.0000 0.0231
224.0000 0.0232
9.0000 0.0233
13.0000 0.0233
70.0000 0.0235
149.0000 0.0235
130.0000 0.0236
145.0000 0.0237
173.0000 0.0237
187.0000 0.0237
195.0000 0.0238
108.0000 0.0239
133.0000 0.0239
223.0000 0.0239
10.0000 0.0241
96.0000 0.0241
11.0000 0.0243
152.0000 0.0243
157.0000 0.0243
111.0000 0.0245
29.0000 0.0248
206.0000 0.0248
49.0000 0.0249
129.0000 0.0249
189.0000 0.0249
22.0000 0.0250
112.0000 0.0251
232.0000 0.0254
26.0000 0.0257
228.0000 0.0259
47.0000 0.0261
60.0000 0.0261
75.0000 0.0261
72.0000 0.0263
50.0000 0.0265
142.0000 0.0266
68.0000 0.0268
150.0000 0.0269
163.0000 0.0269
43.0000 0.0270
170.0000 0.0270
210.0000 0.0270
87.0000 0.0272
165.0000 0.0272
78.0000 0.0273
79.0000 0.0273
104.0000 0.0273
202.0000 0.0279
227.0000 0.0286
122.0000 0.0288
44.0000 0.0294
5.0000 0.0296
201.0000 0.0301
51.0000 0.0306
116.0000 0.0312
109.0000 0.0318
196.0000 0.0318
155.0000 0.0319
166.0000 0.0320
212.0000 0.0323
193.0000 0.0324
69.0000 0.0329
138.0000 0.0332
180.0000 0.0336
59.0000 0.0337
62.0000 0.0337
36.0000 0.0339
37.0000 0.0339
102.0000 0.0343
147.0000 0.0350
151.0000 0.0350
2.0000 0.0357
127.0000 0.0358
213.0000 0.0360
88.0000 0.0362
162.0000 0.0362
71.0000 0.0370
35.0000 0.0372
83.0000 0.0372
148.0000 0.0377
137.0000 0.0382
120.0000 0.0388
112.0000 0.0393
179.0000 0.0393
29.0000 0.0395
25.0000 0.0396
129.0000 0.0406
228.0000 0.0406
211.0000 0.0410
133.0000 0.0412
3.0000 0.0414
220.0000 0.0427
234.0000 0.0428
197.0000 0.0429
66.0000 0.0436
39.0000 0.0438
26.0000 0.0441
52.0000 0.0441
100.0000 0.0446
176.0000 0.0459
238.0000 0.0461
108.0000 0.0468
111.0000 0.0475
104.0000 0.0486
75.0000 0.0501
187.0000 0.0504
174.0000 0.0518
44.0000 0.0530
