0.0000 0.0000
1.0000 0.0000
2.0000 0.0000
3.0000 0.0000
4.0000 0.0000
5.0000 0.0000
6.0000 0.0000
7.0000 0.0000
8.0000 0.0000
9.0000 0.0000
10.0000 0.0000
11.0000 0.0000
12.0000 0.0000
13.0000 0.0000
14.0000 0.0000
15.0000 0.0000
16.0000 0.0000
17.0000 0.0000
18.0000 0.0000
19.0000 0.0000
20.0000 0.0000
21.0000 0.0000
22.0000 0.0000
23.0000 0.0000
24.0000 0.0000
25.0000 0.0000
26.0000 0.0000
27.0000 0.0000
28.0000 0.0000
29.0000 0.0000
30.0000 0.0000
31.0000 0.0000
32.0000 0.0000
33.0000 0.0000
34.0000 0.0000
35.0000 0.0000
36.0000 0.0000
37.0000 0.0000
38.0000 0.0000
39.0000 0.0000
40.0000 0.0000
41.0000 0.0000
42.0000 0.0000
43.0000 0.0000
44.0000 0.0000
45.0000 0.0000
46.0000 0.0000
47.0000 0.0000
48.0000 0.0000
49.0000 0.0000
50.0000 0.0000
51.0000 0.0000
52.0000 0.0000
53.0000 0.0000
54.0000 0.0000
55.0000 0.0000
56.0000 0.0000
57.0000 0.0000
58.0000 0.0000
59.0000 0.0000
60.0000 0.0000
61.0000 0.0000
62.0000 0.0000
63.0000 0.0000
64.0000 0.0000
65.0000 0.0000
66.0000 0.0000
67.0000 0.0000
68.0000 0.0000
69.0000 0.0000
70.0000 0.0000
71.0000 0.0000
72.0000 0.0000
73.0000 0.0000
74.0000 0.0000
75.0000 0.0000
76.0000 0.0000
77.0000 0.0000
78.0000 0.0000
79.0000 0.0000
80.0000 0.0000
81.0000 0.0000
82.0000 0.0000
83.0000 0.0000
84.0000 0.0000
85.0000 0.0000
86.0000 0.0000
87.0000 0.0000
88.0000 0.0000
89.0000 0.0000
90.0000 0.0000
91.0000 0.0000
92.0000 0.0000
93.0000 0.0000
94.0000 0.0000
95.0000 0.0000
96.0000 0.0000
97.0000 0.0000
98.0000 0.0000
99.0000 0.0000
100.0000 0.0000
101.0000 0.0000
102.0000 0.0000
103.0000 0.0000
104.0000 0.0000
105.0000 0.0000
106.0000 0.0000
107.0000 0.0000
108.0000 0.0000
109.0000 0.0000
110.0000 0.0000
111.0000 0.0000
112.0000 0.0000
113.0000 0.0000
114.0000 0.0000
115.0000 0.0000
116.0000 0.0000
117.0000 0.0000
118.0000 0.0000
119.0000 0.0000
120.0000 0.0000
121.0000 0.0000
122.0000 0.0000
123.0000 0.0000
124.0000 0.0000
125.0000 0.0000
126.0000 0.0000
127.0000 0.0000
128.0000 0.0000
129.0000 0.0000
130.0000 0.0000
131.0000 0.0000
132.0000 0.0000
133.0000 0.0000
134.0000 0.0000
135.0000 0.0000
136.0000 0.0000
137.0000 0.0000
138.0000 0.0000
139.0000 0.0000
140.0000 0.0000
141.0000 0.0000
142.0000 0.0000
143.0000 0.0000
144.0000 0.0000
145.0000 0.0000
146.0000 0.0000
147.0000 0.0000
148.0000 0.0000
149.0000 0.0000
183.0000 0.0038
201.0000 0.0043
208.0000 0.0043
155.0000 0.0045
159.0000 0.0045
174.0000 0.0045
185.0000 0.0045
205.0000 0.0045
218.0000 0.0047
223.0000 0.0047
196.0000 0.0048
239.0000 0.0048
157.0000 0.0050
210.0000 0.0050
215.0000 0.0050
170.0000 0.0051
182.0000 0.0051
199.0000 0.0051
161.0000 0.0052
162.0000 0.0052
158.0000 0.0053
166.0000 0.0053
235.0000 0.0053
181.0000 0.0054
211.0000 0.0054
229.0000 0.0054
179.0000 0.0055
190.0000 0.0056
212.0000 0.0056
151.0000 0.0058
154.0000 0.0058
180.0000 0.0058
200.0000 0.0058
153.0000 0.0059
198.0000 0.0059
156.0000 0.0060
224.0000 0.0062
167.0000 0.0063
209.0000 0.0064
225.0000 0.0064
168.0000 0.0065
213.0000 0.0065
194.0000 0.0066
150.0000 0.0067
193.0000 0.0068
188.0000 0.0069
217.0000 0.0069
220.0000 0.0069
175.0000 0.0070
234.0000 0.0070
171.0000 0.0072
222.0000 0.0072
219.0000 0.0076
163.0000 0.0077
192.0000 0.0079
214.0000 0.0081
203.0000 0.0086
107.0000 0.0089
237.0000 0.0091
177.0000 0.0092
76.0000 0.0093
184.0000 0.0093
189.0000 0.0094
236.0000 0.0095
186.0000 0.0096
52.0000 0.0098
202.0000 0.0100
231.0000 0.0100
108.0000 0.0101
207.0000 0.0101
32.0000 0.0104
18.0000 0.0105
117.0000 0.0105
62.0000 0.0109
169.0000 0.0109
115.0000 0.0110
112.0000 0.0113
118.0000 0.0113
78.0000 0.0117
90.0000 0.0117
230.0000 0.0119
37.0000 0.0120
143.0000 0.0120
206.0000 0.0123
81.0000 0.0124
139.0000 0.0124
197.0000 0.0124
142.0000 0.0125
160.0000 0.0126
65.0000 0.0130
165.0000 0.0130
2.0000 0.0131
69.0000 0.0132
51.0000 0.0134
75.0000 0.0135
138.0000 0.0136
204.0000 0.0136
227.0000 0.0136
96.0000 0.0139
195.0000 0.0139
88.0000 0.0140
105.0000 0.0140
77.0000 0.0141
57.0000 0.0143
71.0000 0.0143
176.0000 0.0143
7.0000 0.0144
43.0000 0.0145
63.0000 0.0145
92.0000 0.0145
79.0000 0.0148
113.0000 0.0148
140.0000 0.0148
106.0000 0.0149
111.0000 0.0149
41.0000 0.0150
55.0000 0.0150
121.0000 0.0150
125.0000 0.0151
174.0000 0.0151
221.0000 0.0151
72.0000 0.0152
130.0000 0.0152
29.0000 0.0153
39.0000 0.0153
131.0000 0.0153
85.0000 0.0154
66.0000 0.0155
64.0000 0.0156
31.0000 0.0157
46.0000 0.0158
5.0000 0.0159
97.0000 0.0159
149.0000 0.0159
25.0000 0.0160
50.0000 0.0161
54.0000 0.0161
6.0000 0.0163
26.0000 0.0163
82.0000 0.0163
28.0000 0.0164
114.0000 0.0164
183.0000 0.0164
152.0000 0.0165
185.0000 0.0165
216.0000 0.0165
19.0000 0.0166
61.0000 0.0166
141.0000 0.0167
201.0000 0.0167
122.0000 0.0168
223.0000 0.0168
226.0000 0.0168
22.0000 0.0169
23.0000 0.0170
133.0000 0.0171
1.0000 0.0172
86.0000 0.0172
129.0000 0.0172
190.0000 0.0172
15.0000 0.0173
127.0000 0.0173
59.0000 0.0174
102.0000 0.0174
60.0000 0.0175
80.0000 0.0175
153.0000 0.0175
157.0000 0.0175
27.0000 0.0176
191.0000 0.0176
14.0000 0.0177
178.0000 0.0177
210.0000 0.0177
34.0000 0.0178
144.0000 0.0178
9.0000 0.0179
156.0000 0.0179
199.0000 0.0179
107.0000 0.0180
120.0000 0.0180
135.0000 0.0180
170.0000 0.0180
172.0000 0.0181
17.0000 0.0182
103.0000 0.0182
229.0000 0.0182
167.0000 0.0183
179.0000 0.0185
104.0000 0.0187
8.0000 0.0188
180.0000 0.0188
99.0000 0.0189
196.0000 0.0189
13.0000 0.0190
21.0000 0.0190
38.0000 0.0192
45.0000 0.0192
211.0000 0.0192
3.0000 0.0193
215.0000 0.0193
76.0000 0.0194
158.0000 0.0194
33.0000 0.0195
83.0000 0.0195
150.0000 0.0195
209.0000 0.0195
212.0000 0.0195
47.0000 0.0196
52.0000 0.0196
40.0000 0.0197
89.0000 0.0197
98.0000 0.0197
128.0000 0.0197
147.0000 0.0198
228.0000 0.0198
232.0000 0.0198
213.0000 0.0199
225.0000 0.0199
32.0000 0.0200
108.0000 0.0200
217.0000 0.0200
220.0000 0.0200
44.0000 0.0202
208.0000 0.0202
235.0000 0.0202
42.0000 0.0203
84.0000 0.0203
132.0000 0.0203
234.0000 0.0203
35.0000 0.0204
68.0000 0.0204
73.0000 0.0204
136.0000 0.0204
164.0000 0.0204
182.0000 0.0204
188.0000 0.0204
20.0000 0.0205
154.0000 0.0205
198.0000 0.0205
155.0000 0.0208
37.0000 0.0209
166.0000 0.0209
78.0000 0.0210
115.0000 0.0210
18.0000 0.0211
112.0000 0.0211
126.0000 0.0211
62.0000 0.0212
116.0000 0.0212
117.0000 0.0212
161.0000 0.0212
10.0000 0.0213
118.0000 0.0213
203.0000 0.0213
94.0000 0.0215
224.0000 0.0216
181.0000 0.0217
4.0000 0.0218
139.0000 0.0219
159.0000 0.0219
177.0000 0.0219
90.0000 0.0220
148.0000 0.0220
163.0000 0.0221
186.0000 0.0221
231.0000 0.0221
143.0000 0.0223
11.0000 0.0225
142.0000 0.0226
110.0000 0.0227
174.0000 0.0227
184.0000 0.0227
16.0000 0.0229
56.0000 0.0229
238.0000 0.0229
214.0000 0.0230
100.0000 0.0231
192.0000 0.0233
237.0000 0.0234
193.0000 0.0235
24.0000 0.0237
65.0000 0.0239
69.0000 0.0239
109.0000 0.0239
81.0000 0.0240
138.0000 0.0241
88.0000 0.0242
96.0000 0.0242
162.0000 0.0243
41.0000 0.0245
185.0000 0.0245
2.0000 0.0246
168.0000 0.0247
77.0000 0.0248
207.0000 0.0249
105.0000 0.0250
113.0000 0.0251
51.0000 0.0253
202.0000 0.0253
230.0000 0.0253
71.0000 0.0254
106.0000 0.0256
63.0000 0.0258
57.0000 0.0259
131.0000 0.0259
107.0000 0.0260
125.0000 0.0260
190.0000 0.0260
140.0000 0.0262
26.0000 0.0263
49.0000 0.0263
75.0000 0.0263
183.0000 0.0263
55.0000 0.0264
79.0000 0.0264
121.0000 0.0266
153.0000 0.0266
31.0000 0.0268
145.0000 0.0269
54.0000 0.0270
204.0000 0.0270
82.0000 0.0271
85.0000 0.0271
156.0000 0.0272
7.0000 0.0274
29.0000 0.0275
66.0000 0.0276
206.0000 0.0276
5.0000 0.0277
111.0000 0.0277
114.0000 0.0277
219.0000 0.0277
48.0000 0.0278
64.0000 0.0278
130.0000 0.0280
50.0000 0.0281
72.0000 0.0281
43.0000 0.0282
92.0000 0.0283
157.0000 0.0283
218.0000 0.0283
97.0000 0.0284
223.0000 0.0284
19.0000 0.0285
76.0000 0.0285
141.0000 0.0286
149.0000 0.0286
179.0000 0.0286
199.0000 0.0287
227.0000 0.0287
39.0000 0.0288
52.0000 0.0289
210.0000 0.0289
229.0000 0.0289
169.0000 0.0290
197.0000 0.0290
32.0000 0.0291
170.0000 0.0292
201.0000 0.0292
171.0000 0.0293
6.0000 0.0294
108.0000 0.0294
236.0000 0.0294
1.0000 0.0295
93.0000 0.0295
160.0000 0.0295
167.0000 0.0295
25.0000 0.0297
59.0000 0.0298
61.0000 0.0299
180.0000 0.0299
14.0000 0.0301
22.0000 0.0301
37.0000 0.0301
195.0000 0.0301
209.0000 0.0301
15.0000 0.0304
23.0000 0.0304
28.0000 0.0304
62.0000 0.0304
78.0000 0.0304
129.0000 0.0304
18.0000 0.0305
27.0000 0.0306
174.0000 0.0307
189.0000 0.0307
234.0000 0.0308
158.0000 0.0309
46.0000 0.0310
112.0000 0.0310
150.0000 0.0310
222.0000 0.0310
213.0000 0.0311
17.0000 0.0312
115.0000 0.0312
104.0000 0.0313
118.0000 0.0313
196.0000 0.0313
215.0000 0.0314
90.0000 0.0315
102.0000 0.0315
146.0000 0.0315
225.0000 0.0315
139.0000 0.0316
217.0000 0.0316
133.0000 0.0317
135.0000 0.0317
117.0000 0.0318
127.0000 0.0318
212.0000 0.0321
220.0000 0.0321
216.0000 0.0322
103.0000 0.0323
211.0000 0.0323
33.0000 0.0324
188.0000 0.0324
34.0000 0.0325
142.0000 0.0325
239.0000 0.0326
60.0000 0.0327
120.0000 0.0327
186.0000 0.0328
198.0000 0.0328
155.0000 0.0329
165.0000 0.0329
8.0000 0.0330
13.0000 0.0330
86.0000 0.0330
143.0000 0.0330
182.0000 0.0330
224.0000 0.0330
30.0000 0.0331
154.0000 0.0331
144.0000 0.0332
194.0000 0.0332
231.0000 0.0332
80.0000 0.0335
83.0000 0.0335
107.0000 0.0335
177.0000 0.0335
185.0000 0.0335
138.0000 0.0336
203.0000 0.0336
21.0000 0.0338
69.0000 0.0338
128.0000 0.0338
178.0000 0.0338
137.0000 0.0339
176.0000 0.0339
47.0000 0.0340
132.0000 0.0341
163.0000 0.0342
208.0000 0.0343
65.0000 0.0344
96.0000 0.0344
41.0000 0.0345
81.0000 0.0345
45.0000 0.0347
38.0000 0.0348
166.0000 0.0348
190.0000 0.0348
74.0000 0.0349
122.0000 0.0349
153.0000 0.0350
235.0000 0.0350
2.0000 0.0351
89.0000 0.0351
113.0000 0.0351
42.0000 0.0352
161.0000 0.0352
183.0000 0.0352
73.0000 0.0353
88.0000 0.0354
106.0000 0.0354
84.0000 0.0356
221.0000 0.0356
77.0000 0.0357
181.0000 0.0357
192.0000 0.0357
105.0000 0.0358
147.0000 0.0358
156.0000 0.0358
9.0000 0.0359
44.0000 0.0359
58.0000 0.0359
71.0000 0.0359
98.0000 0.0359
51.0000 0.0360
63.0000 0.0360
184.0000 0.0360
140.0000 0.0361
205.0000 0.0362
57.0000 0.0363
68.0000 0.0363
125.0000 0.0363
237.0000 0.0363
131.0000 0.0364
136.0000 0.0364
55.0000 0.0366
76.0000 0.0367
152.0000 0.0367
230.0000 0.0367
54.0000 0.0368
12.0000 0.0369
121.0000 0.0369
134.0000 0.0370
26.0000 0.0373
35.0000 0.0373
85.0000 0.0373
32.0000 0.0374
52.0000 0.0375
193.0000 0.0375
214.0000 0.0375
31.0000 0.0376
79.0000 0.0376
199.0000 0.0376
82.0000 0.0377
75.0000 0.0378
157.0000 0.0378
159.0000 0.0379
66.0000 0.0380
126.0000 0.0380
174.0000 0.0380
200.0000 0.0380
3.0000 0.0381
5.0000 0.0381
108.0000 0.0381
179.0000 0.0381
207.0000 0.0382
116.0000 0.0383
229.0000 0.0383
223.0000 0.0384
114.0000 0.0385
20.0000 0.0386
37.0000 0.0386
72.0000 0.0387
29.0000 0.0388
18.0000 0.0389
43.0000 0.0390
50.0000 0.0390
64.0000 0.0390
7.0000 0.0391
36.0000 0.0391
78.0000 0.0391
201.0000 0.0391
19.0000 0.0393
62.0000 0.0393
141.0000 0.0393
204.0000 0.0393
209.0000 0.0393
210.0000 0.0393
167.0000 0.0394
149.0000 0.0395
180.0000 0.0395
97.0000 0.0396
130.0000 0.0396
202.0000 0.0396
6.0000 0.0397
10.0000 0.0397
100.0000 0.0397
111.0000 0.0397
118.0000 0.0397
170.0000 0.0398
39.0000 0.0399
92.0000 0.0399
1.0000 0.0400
115.0000 0.0400
40.0000 0.0401
90.0000 0.0401
112.0000 0.0401
139.0000 0.0402
148.0000 0.0402
164.0000 0.0402
109.0000 0.0403
162.0000 0.0404
14.0000 0.0405
107.0000 0.0405
117.0000 0.0406
99.0000 0.0407
4.0000 0.0408
215.0000 0.0409
234.0000 0.0409
22.0000 0.0410
94.0000 0.0410
213.0000 0.0410
56.0000 0.0411
158.0000 0.0412
11.0000 0.0413
150.0000 0.0413
142.0000 0.0414
168.0000 0.0414
129.0000 0.0415
206.0000 0.0415
59.0000 0.0416
185.0000 0.0416
160.0000 0.0417
23.0000 0.0419
46.0000 0.0420
196.0000 0.0420
217.0000 0.0421
227.0000 0.0421
15.0000 0.0422
27.0000 0.0423
61.0000 0.0423
169.0000 0.0424
124.0000 0.0425
186.0000 0.0425
212.0000 0.0425
219.0000 0.0425
143.0000 0.0426
16.0000 0.0427
104.0000 0.0427
25.0000 0.0428
220.0000 0.0428
225.0000 0.0428
28.0000 0.0429
110.0000 0.0429
135.0000 0.0429
138.0000 0.0429
172.0000 0.0429
197.0000 0.0429
127.0000 0.0430
188.0000 0.0430
190.0000 0.0430
153.0000 0.0431
24.0000 0.0432
211.0000 0.0432
231.0000 0.0432
17.0000 0.0433
69.0000 0.0433
154.0000 0.0433
195.0000 0.0433
177.0000 0.0435
191.0000 0.0435
203.0000 0.0435
65.0000 0.0436
102.0000 0.0436
133.0000 0.0436
96.0000 0.0437
182.0000 0.0437
183.0000 0.0437
0.0000 0.0440
198.0000 0.0440
33.0000 0.0442
113.0000 0.0442
2.0000 0.0443
13.0000 0.0443
41.0000 0.0443
103.0000 0.0443
156.0000 0.0443
224.0000 0.0444
34.0000 0.0445
76.0000 0.0445
155.0000 0.0445
171.0000 0.0445
81.0000 0.0446
232.0000 0.0446
106.0000 0.0447
163.0000 0.0448
77.0000 0.0451
88.0000 0.0451
174.0000 0.0451
189.0000 0.0451
71.0000 0.0453
105.0000 0.0453
32.0000 0.0454
60.0000 0.0454
83.0000 0.0454
218.0000 0.0454
125.0000 0.0455
208.0000 0.0455
8.0000 0.0456
51.0000 0.0456
128.0000 0.0456
63.0000 0.0457
216.0000 0.0457
52.0000 0.0458
55.0000 0.0458
131.0000 0.0458
140.0000 0.0458
236.0000 0.0458
144.0000 0.0460
57.0000 0.0461
120.0000 0.0461
166.0000 0.0461
21.0000 0.0462
54.0000 0.0462
108.0000 0.0462
228.0000 0.0463
80.0000 0.0464
199.0000 0.0464
47.0000 0.0465
192.0000 0.0465
26.0000 0.0466
86.0000 0.0467
178.0000 0.0467
157.0000 0.0468
229.0000 0.0468
37.0000 0.0469
179.0000 0.0469
121.0000 0.0470
45.0000 0.0471
78.0000 0.0471
85.0000 0.0471
122.0000 0.0471
223.0000 0.0471
226.0000 0.0471
31.0000 0.0472
62.0000 0.0472
181.0000 0.0472
18.0000 0.0473
230.0000 0.0475
75.0000 0.0476
82.0000 0.0476
209.0000 0.0476
107.0000 0.0477
132.0000 0.0477
72.0000 0.0478
79.0000 0.0478
184.0000 0.0478
145.0000 0.0479
38.0000 0.0480
42.0000 0.0480
66.0000 0.0480
5.0000 0.0481
118.0000 0.0481
147.0000 0.0481
44.0000 0.0482
73.0000 0.0482
90.0000 0.0482
114.0000 0.0482
98.0000 0.0483
167.0000 0.0483
139.0000 0.0484
237.0000 0.0484
115.0000 0.0485
161.0000 0.0485
180.0000 0.0486
235.0000 0.0486
89.0000 0.0488
141.0000 0.0488
185.0000 0.0489
201.0000 0.0489
210.0000 0.0489
112.0000 0.0490
165.0000 0.0490
19.0000 0.0491
84.0000 0.0492
7.0000 0.0493
117.0000 0.0493
170.0000 0.0493
68.0000 0.0494
193.0000 0.0494
50.0000 0.0495
136.0000 0.0495
1.0000 0.0496
9.0000 0.0496
29.0000 0.0496
97.0000 0.0496
48.0000 0.0497
64.0000 0.0497
92.0000 0.0497
194.0000 0.0497
234.0000 0.0497
43.0000 0.0498
149.0000 0.0498
207.0000 0.0498
93.0000 0.0499
239.0000 0.0499
142.0000 0.0500
39.0000 0.0501
49.0000 0.0502
222.0000 0.0502
111.0000 0.0503
130.0000 0.0503
158.0000 0.0503
213.0000 0.0503
215.0000 0.0503
6.0000 0.0504
14.0000 0.0504
153.0000 0.0506
204.0000 0.0507
214.0000 0.0507
159.0000 0.0508
176.0000 0.0509
143.0000 0.0510
190.0000 0.0511
35.0000 0.0512
186.0000 0.0513
138.0000 0.0514
150.0000 0.0514
202.0000 0.0514
59.0000 0.0515
22.0000 0.0516
129.0000 0.0516
3.0000 0.0517
183.0000 0.0517
217.0000 0.0517
212.0000 0.0518
76.0000 0.0519
174.0000 0.0519
69.0000 0.0520
196.0000 0.0521
65.0000 0.0523
126.0000 0.0523
156.0000 0.0523
188.0000 0.0523
96.0000 0.0524
154.0000 0.0524
15.0000 0.0525
238.0000 0.0525
116.0000 0.0526
225.0000 0.0526
113.0000 0.0528
231.0000 0.0528
27.0000 0.0530
41.0000 0.0530
146.0000 0.0530
160.0000 0.0530
203.0000 0.0530
28.0000 0.0531
152.0000 0.0531
46.0000 0.0532
211.0000 0.0532
2.0000 0.0533
23.0000 0.0533
32.0000 0.0533
61.0000 0.0533
135.0000 0.0533
220.0000 0.0533
221.0000 0.0533
104.0000 0.0534
177.0000 0.0534
52.0000 0.0535
100.0000 0.0535
198.0000 0.0535
127.0000 0.0536
81.0000 0.0537
206.0000 0.0538
106.0000 0.0539
133.0000 0.0539
108.0000 0.0540
182.0000 0.0541
20.0000 0.0542
77.0000 0.0542
25.0000 0.0543
107.0000 0.0544
17.0000 0.0545
169.0000 0.0545
88.0000 0.0546
197.0000 0.0546
37.0000 0.0547
71.0000 0.0547
155.0000 0.0547
163.0000 0.0547
199.0000 0.0547
227.0000 0.0547
195.0000 0.0548
168.0000 0.0549
105.0000 0.0550
224.0000 0.0550
33.0000 0.0551
51.0000 0.0551
102.0000 0.0551
62.0000 0.0552
78.0000 0.0552
125.0000 0.0552
131.0000 0.0552
157.0000 0.0552
164.0000 0.0552
57.0000 0.0553
34.0000 0.0554
54.0000 0.0554
55.0000 0.0554
140.0000 0.0554
179.0000 0.0555
18.0000 0.0556
13.0000 0.0557
63.0000 0.0557
229.0000 0.0557
209.0000 0.0558
219.0000 0.0558
223.0000 0.0559
109.0000 0.0560
26.0000 0.0562
90.0000 0.0563
148.0000 0.0563
162.0000 0.0564
103.0000 0.0565
115.0000 0.0565
121.0000 0.0565
56.0000 0.0566
118.0000 0.0567
10.0000 0.0568
67.0000 0.0568
185.0000 0.0568
4.0000 0.0569
75.0000 0.0570
82.0000 0.0570
85.0000 0.0570
128.0000 0.0570
208.0000 0.0570
8.0000 0.0571
31.0000 0.0571
94.0000 0.0572
175.0000 0.0574
192.0000 0.0574
40.0000 0.0575
139.0000 0.0575
180.0000 0.0575
60.0000 0.0576
72.0000 0.0576
79.0000 0.0576
83.0000 0.0576
112.0000 0.0576
166.0000 0.0578
167.0000 0.0578
216.0000 0.0578
11.0000 0.0579
120.0000 0.0579
144.0000 0.0579
205.0000 0.0579
21.0000 0.0580
153.0000 0.0580
114.0000 0.0581
210.0000 0.0581
117.0000 0.0582
5.0000 0.0583
45.0000 0.0584
66.0000 0.0584
171.0000 0.0584
141.0000 0.0585
181.0000 0.0585
201.0000 0.0586
230.0000 0.0586
170.0000 0.0587
234.0000 0.0587
19.0000 0.0588
80.0000 0.0588
97.0000 0.0588
99.0000 0.0588
174.0000 0.0588
184.0000 0.0588
47.0000 0.0590
142.0000 0.0590
190.0000 0.0592
110.0000 0.0593
137.0000 0.0594
189.0000 0.0594
7.0000 0.0595
16.0000 0.0595
143.0000 0.0596
76.0000 0.0597
178.0000 0.0597
213.0000 0.0597
86.0000 0.0598
122.0000 0.0598
138.0000 0.0599
149.0000 0.0599
215.0000 0.0599
158.0000 0.0600
30.0000 0.0601
218.0000 0.0601
1.0000 0.0602
24.0000 0.0602
156.0000 0.0602
183.0000 0.0602
50.0000 0.0603
132.0000 0.0603
29.0000 0.0604
43.0000 0.0604
64.0000 0.0605
186.0000 0.0605
236.0000 0.0605
237.0000 0.0605
32.0000 0.0606
74.0000 0.0607
92.0000 0.0607
111.0000 0.0607
6.0000 0.0608
14.0000 0.0608
98.0000 0.0608
147.0000 0.0608
151.0000 0.0608
69.0000 0.0609
39.0000 0.0610
44.0000 0.0610
65.0000 0.0610
154.0000 0.0610
107.0000 0.0611
188.0000 0.0611
207.0000 0.0611
42.0000 0.0612
150.0000 0.0612
96.0000 0.0613
212.0000 0.0613
38.0000 0.0614
59.0000 0.0614
130.0000 0.0614
204.0000 0.0615
52.0000 0.0616
68.0000 0.0617
73.0000 0.0617
113.0000 0.0617
200.0000 0.0617
91.0000 0.0618
108.0000 0.0618
217.0000 0.0618
41.0000 0.0619
89.0000 0.0619
161.0000 0.0619
172.0000 0.0619
193.0000 0.0620
129.0000 0.0621
225.0000 0.0621
231.0000 0.0621
22.0000 0.0622
196.0000 0.0622
235.0000 0.0623
58.0000 0.0624
2.0000 0.0625
37.0000 0.0625
9.0000 0.0627
78.0000 0.0627
81.0000 0.0627
134.0000 0.0627
203.0000 0.0627
15.0000 0.0628
84.0000 0.0628
106.0000 0.0628
27.0000 0.0629
62.0000 0.0631
77.0000 0.0631
104.0000 0.0631
177.0000 0.0631
199.0000 0.0631
220.0000 0.0632
202.0000 0.0634
214.0000 0.0634
18.0000 0.0635
88.0000 0.0635
127.0000 0.0635
159.0000 0.0635
182.0000 0.0635
135.0000 0.0636
179.0000 0.0636
157.0000 0.0637
28.0000 0.0638
36.0000 0.0638
131.0000 0.0638
198.0000 0.0638
209.0000 0.0638
211.0000 0.0638
23.0000 0.0639
51.0000 0.0639
105.0000 0.0639
57.0000 0.0640
125.0000 0.0640
133.0000 0.0640
165.0000 0.0640
185.0000 0.0640
229.0000 0.0640
46.0000 0.0641
55.0000 0.0641
136.0000 0.0641
140.0000 0.0641
61.0000 0.0643
71.0000 0.0644
90.0000 0.0644
115.0000 0.0644
163.0000 0.0644
54.0000 0.0645
63.0000 0.0645
118.0000 0.0645
223.0000 0.0645
155.0000 0.0646
33.0000 0.0648
160.0000 0.0648
26.0000 0.0649
17.0000 0.0651
35.0000 0.0651
153.0000 0.0652
112.0000 0.0653
3.0000 0.0654
25.0000 0.0654
139.0000 0.0654
145.0000 0.0654
174.0000 0.0654
224.0000 0.0654
239.0000 0.0654
206.0000 0.0655
102.0000 0.0656
222.0000 0.0658
232.0000 0.0658
176.0000 0.0659
167.0000 0.0660
180.0000 0.0660
197.0000 0.0660
13.0000 0.0661
116.0000 0.0661
121.0000 0.0661
191.0000 0.0661
82.0000 0.0662
85.0000 0.0662
194.0000 0.0662
195.0000 0.0662
227.0000 0.0662
75.0000 0.0663
34.0000 0.0664
117.0000 0.0665
126.0000 0.0665
169.0000 0.0665
31.0000 0.0666
190.0000 0.0666
79.0000 0.0667
100.0000 0.0667
103.0000 0.0667
210.0000 0.0668
76.0000 0.0669
234.0000 0.0669
72.0000 0.0670
12.0000 0.0671
128.0000 0.0672
142.0000 0.0672
201.0000 0.0672
208.0000 0.0673
141.0000 0.0674
170.0000 0.0674
114.0000 0.0675
168.0000 0.0675
93.0000 0.0676
183.0000 0.0676
20.0000 0.0677
32.0000 0.0677
143.0000 0.0677
192.0000 0.0677
97.0000 0.0678
107.0000 0.0678
5.0000 0.0679
60.0000 0.0679
152.0000 0.0679
156.0000 0.0680
8.0000 0.0681
19.0000 0.0681
83.0000 0.0681
213.0000 0.0682
66.0000 0.0683
166.0000 0.0683
144.0000 0.0684
181.0000 0.0684
219.0000 0.0684
138.0000 0.0685
215.0000 0.0686
120.0000 0.0687
221.0000 0.0687
230.0000 0.0687
149.0000 0.0688
184.0000 0.0688
164.0000 0.0689
48.0000 0.0690
52.0000 0.0691
65.0000 0.0691
158.0000 0.0691
7.0000 0.0692
21.0000 0.0692
186.0000 0.0692
45.0000 0.0695
56.0000 0.0695
69.0000 0.0696
108.0000 0.0696
109.0000 0.0696
1.0000 0.0698
37.0000 0.0698
96.0000 0.0699
64.0000 0.0700
212.0000 0.0700
29.0000 0.0701
188.0000 0.0701
216.0000 0.0702
14.0000 0.0703
111.0000 0.0703
50.0000 0.0704
78.0000 0.0704
148.0000 0.0704
162.0000 0.0704
113.0000 0.0705
43.0000 0.0706
154.0000 0.0706
217.0000 0.0706
39.0000 0.0707
80.0000 0.0707
47.0000 0.0708
62.0000 0.0708
130.0000 0.0708
150.0000 0.0708
228.0000 0.0709
10.0000 0.0711
41.0000 0.0711
226.0000 0.0711
2.0000 0.0712
92.0000 0.0712
6.0000 0.0713
106.0000 0.0713
231.0000 0.0713
178.0000 0.0714
18.0000 0.0715
185.0000 0.0715
199.0000 0.0715
225.0000 0.0715
4.0000 0.0716
209.0000 0.0716
49.0000 0.0717
129.0000 0.0717
146.0000 0.0717
204.0000 0.0717
237.0000 0.0717
157.0000 0.0718
207.0000 0.0718
44.0000 0.0719
81.0000 0.0719
122.0000 0.0719
196.0000 0.0719
229.0000 0.0719
77.0000 0.0720
0.0000 0.0721
40.0000 0.0721
86.0000 0.0721
59.0000 0.0722
171.0000 0.0722
174.0000 0.0722
177.0000 0.0722
179.0000 0.0722
203.0000 0.0722
118.0000 0.0723
22.0000 0.0724
90.0000 0.0724
132.0000 0.0724
147.0000 0.0725
115.0000 0.0726
125.0000 0.0726
131.0000 0.0726
153.0000 0.0726
88.0000 0.0727
193.0000 0.0727
27.0000 0.0728
42.0000 0.0728
57.0000 0.0728
99.0000 0.0728
140.0000 0.0728
182.0000 0.0728
189.0000 0.0728
15.0000 0.0729
98.0000 0.0729
104.0000 0.0729
124.0000 0.0729
220.0000 0.0729
11.0000 0.0730
68.0000 0.0730
112.0000 0.0730
55.0000 0.0731
94.0000 0.0731
54.0000 0.0732
105.0000 0.0732
223.0000 0.0732
38.0000 0.0733
51.0000 0.0733
127.0000 0.0733
110.0000 0.0734
71.0000 0.0735
139.0000 0.0735
198.0000 0.0735
26.0000 0.0736
63.0000 0.0736
89.0000 0.0737
135.0000 0.0737
161.0000 0.0737
180.0000 0.0739
190.0000 0.0739
211.0000 0.0739
28.0000 0.0740
73.0000 0.0740
214.0000 0.0740
236.0000 0.0740
16.0000 0.0741
163.0000 0.0741
23.0000 0.0742
76.0000 0.0742
85.0000 0.0743
107.0000 0.0743
167.0000 0.0743
202.0000 0.0743
84.0000 0.0744
235.0000 0.0745
117.0000 0.0746
133.0000 0.0746
155.0000 0.0746
9.0000 0.0747
33.0000 0.0747
46.0000 0.0747
121.0000 0.0747
218.0000 0.0747
32.0000 0.0748
82.0000 0.0748
61.0000 0.0749
17.0000 0.0751
159.0000 0.0751
183.0000 0.0751
75.0000 0.0753
142.0000 0.0753
210.0000 0.0753
224.0000 0.0753
156.0000 0.0755
234.0000 0.0755
24.0000 0.0756
201.0000 0.0756
25.0000 0.0757
31.0000 0.0760
102.0000 0.0760
143.0000 0.0760
13.0000 0.0761
72.0000 0.0761
170.0000 0.0761
79.0000 0.0762
136.0000 0.0762
160.0000 0.0762
114.0000 0.0763
238.0000 0.0764
52.0000 0.0765
205.0000 0.0765
138.0000 0.0767
141.0000 0.0767
197.0000 0.0767
213.0000 0.0767
5.0000 0.0768
97.0000 0.0768
108.0000 0.0769
34.0000 0.0770
128.0000 0.0771
37.0000 0.0772
65.0000 0.0772
19.0000 0.0773
66.0000 0.0773
192.0000 0.0774
215.0000 0.0775
78.0000 0.0776
227.0000 0.0776
35.0000 0.0778
69.0000 0.0779
103.0000 0.0779
169.0000 0.0779
208.0000 0.0779
149.0000 0.0780
158.0000 0.0780
195.0000 0.0780
96.0000 0.0781
166.0000 0.0781
186.0000 0.0781
3.0000 0.0782
60.0000 0.0782
62.0000 0.0784
206.0000 0.0784
1.0000 0.0786
165.0000 0.0786
8.0000 0.0787
83.0000 0.0788
113.0000 0.0788
181.0000 0.0788
185.0000 0.0788
184.0000 0.0789
174.0000 0.0790
230.0000 0.0790
7.0000 0.0791
29.0000 0.0791
116.0000 0.0791
212.0000 0.0791
188.0000 0.0792
168.0000 0.0793
18.0000 0.0794
217.0000 0.0794
137.0000 0.0796
144.0000 0.0796
209.0000 0.0796
14.0000 0.0797
50.0000 0.0797
199.0000 0.0797
41.0000 0.0798
106.0000 0.0798
70.0000 0.0799
154.0000 0.0799
64.0000 0.0800
111.0000 0.0800
126.0000 0.0800
157.0000 0.0800
30.0000 0.0801
229.0000 0.0801
2.0000 0.0802
118.0000 0.0802
172.0000 0.0802
43.0000 0.0803
153.0000 0.0803
90.0000 0.0804
120.0000 0.0804
21.0000 0.0805
100.0000 0.0805
115.0000 0.0805
130.0000 0.0805
179.0000 0.0805
231.0000 0.0805
39.0000 0.0806
225.0000 0.0806
77.0000 0.0807
150.0000 0.0808
92.0000 0.0809
219.0000 0.0809
107.0000 0.0810
112.0000 0.0811
131.0000 0.0811
20.0000 0.0813
6.0000 0.0814
125.0000 0.0814
129.0000 0.0814
139.0000 0.0814
176.0000 0.0814
194.0000 0.0814
196.0000 0.0814
45.0000 0.0815
81.0000 0.0815
140.0000 0.0816
177.0000 0.0816
190.0000 0.0816
54.0000 0.0817
76.0000 0.0817
145.0000 0.0817
55.0000 0.0818
57.0000 0.0818
58.0000 0.0818
88.0000 0.0818
204.0000 0.0818
51.0000 0.0819
105.0000 0.0819
203.0000 0.0819
32.0000 0.0820
182.0000 0.0820
200.0000 0.0820
239.0000 0.0820
223.0000 0.0821
59.0000 0.0822
119.0000 0.0823
180.0000 0.0823
47.0000 0.0824
27.0000 0.0825
44.0000 0.0825
152.0000 0.0825
220.0000 0.0825
222.0000 0.0825
22.0000 0.0826
26.0000 0.0826
71.0000 0.0826
167.0000 0.0826
178.0000 0.0826
237.0000 0.0826
104.0000 0.0827
207.0000 0.0827
15.0000 0.0828
63.0000 0.0828
80.0000 0.0828
85.0000 0.0828
216.0000 0.0828
164.0000 0.0829
109.0000 0.0830
156.0000 0.0830
56.0000 0.0831
74.0000 0.0831
127.0000 0.0831
183.0000 0.0831
198.0000 0.0831
117.0000 0.0832
135.0000 0.0833
234.0000 0.0833
121.0000 0.0834
86.0000 0.0835
134.0000 0.0835
142.0000 0.0835
211.0000 0.0836
210.0000 0.0837
221.0000 0.0837
52.0000 0.0838
122.0000 0.0838
28.0000 0.0839
82.0000 0.0839
148.0000 0.0839
162.0000 0.0839
163.0000 0.0839
147.0000 0.0840
93.0000 0.0841
193.0000 0.0841
23.0000 0.0842
201.0000 0.0842
42.0000 0.0843
132.0000 0.0843
155.0000 0.0843
98.0000 0.0844
133.0000 0.0844
75.0000 0.0845
143.0000 0.0845
38.0000 0.0846
108.0000 0.0846
171.0000 0.0846
232.0000 0.0846
37.0000 0.0847
46.0000 0.0847
170.0000 0.0847
33.0000 0.0848
68.0000 0.0848
78.0000 0.0849
224.0000 0.0849
31.0000 0.0850
89.0000 0.0850
161.0000 0.0850
202.0000 0.0850
72.0000 0.0851
138.0000 0.0851
175.0000 0.0851
17.0000 0.0852
5.0000 0.0853
48.0000 0.0853
79.0000 0.0853
97.0000 0.0853
189.0000 0.0853
61.0000 0.0854
65.0000 0.0854
174.0000 0.0854
213.0000 0.0854
214.0000 0.0854
4.0000 0.0855
73.0000 0.0855
114.0000 0.0855
215.0000 0.0855
185.0000 0.0856
36.0000 0.0857
191.0000 0.0857
10.0000 0.0858
62.0000 0.0858
141.0000 0.0858
25.0000 0.0859
19.0000 0.0860
235.0000 0.0861
40.0000 0.0862
69.0000 0.0862
66.0000 0.0864
84.0000 0.0864
13.0000 0.0865
186.0000 0.0865
128.0000 0.0866
159.0000 0.0866
9.0000 0.0867
96.0000 0.0867
102.0000 0.0867
18.0000 0.0868
149.0000 0.0868
99.0000 0.0869
192.0000 0.0870
209.0000 0.0871
236.0000 0.0871
34.0000 0.0872
113.0000 0.0872
103.0000 0.0873
107.0000 0.0873
158.0000 0.0873
153.0000 0.0874
160.0000 0.0875
166.0000 0.0876
197.0000 0.0876
11.0000 0.0877
217.0000 0.0877
110.0000 0.0878
118.0000 0.0878
199.0000 0.0879
212.0000 0.0879
1.0000 0.0880
90.0000 0.0880
106.0000 0.0880
208.0000 0.0880
94.0000 0.0881
157.0000 0.0881
188.0000 0.0881
218.0000 0.0881
16.0000 0.0882
29.0000 0.0882
229.0000 0.0883
41.0000 0.0884
154.0000 0.0884
179.0000 0.0884
50.0000 0.0886
77.0000 0.0886
115.0000 0.0886
181.0000 0.0886
227.0000 0.0886
60.0000 0.0887
2.0000 0.0888
7.0000 0.0888
76.0000 0.0888
139.0000 0.0888
184.0000 0.0888
14.0000 0.0889
32.0000 0.0890
112.0000 0.0891
190.0000 0.0891
111.0000 0.0892
231.0000 0.0893
230.0000 0.0894
8.0000 0.0895
43.0000 0.0895
136.0000 0.0895
131.0000 0.0896
64.0000 0.0897
81.0000 0.0897
169.0000 0.0897
195.0000 0.0897
225.0000 0.0898
3.0000 0.0899
92.0000 0.0899
49.0000 0.0900
105.0000 0.0900
130.0000 0.0900
57.0000 0.0901
83.0000 0.0901
88.0000 0.0901
125.0000 0.0901
39.0000 0.0903
51.0000 0.0903
223.0000 0.0903
54.0000 0.0904
140.0000 0.0904
146.0000 0.0904
150.0000 0.0904
156.0000 0.0904
196.0000 0.0904
206.0000 0.0904
144.0000 0.0905
12.0000 0.0906
24.0000 0.0906
180.0000 0.0906
55.0000 0.0907
226.0000 0.0907
35.0000 0.0908
167.0000 0.0908
183.0000 0.0909
129.0000 0.0910
168.0000 0.0910
52.0000 0.0911
85.0000 0.0912
116.0000 0.0912
177.0000 0.0912
21.0000 0.0913
182.0000 0.0913
6.0000 0.0914
151.0000 0.0914
26.0000 0.0915
117.0000 0.0915
203.0000 0.0915
63.0000 0.0916
120.0000 0.0916
165.0000 0.0916
234.0000 0.0916
59.0000 0.0917
142.0000 0.0917
204.0000 0.0917
37.0000 0.0918
71.0000 0.0918
108.0000 0.0918
220.0000 0.0918
121.0000 0.0919
174.0000 0.0919
210.0000 0.0920
22.0000 0.0922
27.0000 0.0922
78.0000 0.0924
104.0000 0.0924
82.0000 0.0925
15.0000 0.0926
143.0000 0.0928
45.0000 0.0929
47.0000 0.0929
127.0000 0.0929
185.0000 0.0929
198.0000 0.0929
219.0000 0.0929
62.0000 0.0930
237.0000 0.0930
44.0000 0.0932
126.0000 0.0932
170.0000 0.0932
201.0000 0.0932
211.0000 0.0932
65.0000 0.0934
138.0000 0.0935
163.0000 0.0935
28.0000 0.0936
23.0000 0.0938
79.0000 0.0938
135.0000 0.0938
155.0000 0.0938
75.0000 0.0939
80.0000 0.0939
107.0000 0.0939
31.0000 0.0940
207.0000 0.0940
228.0000 0.0940
0.0000 0.0942
5.0000 0.0942
100.0000 0.0942
133.0000 0.0942
213.0000 0.0942
72.0000 0.0943
97.0000 0.0943
178.0000 0.0943
215.0000 0.0944
18.0000 0.0945
114.0000 0.0945
141.0000 0.0945
205.0000 0.0945
224.0000 0.0945
17.0000 0.0946
33.0000 0.0946
66.0000 0.0946
193.0000 0.0946
69.0000 0.0947
147.0000 0.0947
153.0000 0.0947
46.0000 0.0948
96.0000 0.0948
209.0000 0.0949
86.0000 0.0950
19.0000 0.0951
186.0000 0.0952
20.0000 0.0953
216.0000 0.0953
118.0000 0.0956
158.0000 0.0956
90.0000 0.0958
109.0000 0.0958
122.0000 0.0958
161.0000 0.0958
42.0000 0.0959
176.0000 0.0959
199.0000 0.0959
76.0000 0.0961
98.0000 0.0961
113.0000 0.0961
157.0000 0.0962
190.0000 0.0962
32.0000 0.0964
164.0000 0.0964
13.0000 0.0965
89.0000 0.0965
106.0000 0.0965
149.0000 0.0965
25.0000 0.0966
68.0000 0.0966
115.0000 0.0966
132.0000 0.0966
217.0000 0.0966
229.0000 0.0966
73.0000 0.0967
128.0000 0.0967
172.0000 0.0967
41.0000 0.0968
152.0000 0.0968
38.0000 0.0969
139.0000 0.0969
154.0000 0.0969
145.0000 0.0970
166.0000 0.0970
179.0000 0.0970
202.0000 0.0970
2.0000 0.0971
61.0000 0.0971
112.0000 0.0971
188.0000 0.0971
214.0000 0.0971
162.0000 0.0972
192.0000 0.0973
194.0000 0.0973
239.0000 0.0973
102.0000 0.0974
212.0000 0.0974
1.0000 0.0975
77.0000 0.0975
29.0000 0.0976
56.0000 0.0976
159.0000 0.0976
235.0000 0.0976
34.0000 0.0977
50.0000 0.0977
103.0000 0.0977
156.0000 0.0977
221.0000 0.0977
14.0000 0.0978
171.0000 0.0979
189.0000 0.0982
111.0000 0.0983
131.0000 0.0983
148.0000 0.0983
88.0000 0.0984
223.0000 0.0984
7.0000 0.0985
183.0000 0.0985
208.0000 0.0985
52.0000 0.0986
84.0000 0.0986
125.0000 0.0986
174.0000 0.0986
231.0000 0.0986
81.0000 0.0987
105.0000 0.0987
9.0000 0.0988
60.0000 0.0988
54.0000 0.0989
167.0000 0.0989
197.0000 0.0989
184.0000 0.0990
51.0000 0.0991
57.0000 0.0991
108.0000 0.0991
160.0000 0.0991
37.0000 0.0992
130.0000 0.0992
180.0000 0.0993
225.0000 0.0993
55.0000 0.0994
64.0000 0.0994
140.0000 0.0995
234.0000 0.0995
43.0000 0.0996
85.0000 0.0996
117.0000 0.0996
181.0000 0.0996
30.0000 0.0997
150.0000 0.0997
196.0000 0.0997
238.0000 0.0997
67.0000 0.0998
78.0000 0.0998
177.0000 0.0998
200.0000 0.0998
92.0000 0.0999
93.0000 0.0999
26.0000 0.1000
124.0000 0.1000
142.0000 0.1000
230.0000 0.1000
40.0000 0.1002
227.0000 0.1002
185.0000 0.1003
210.0000 0.1003
39.0000 0.1004
107.0000 0.1004
182.0000 0.1004
8.0000 0.1005
48.0000 0.1005
62.0000 0.1005
236.0000 0.1005
4.0000 0.1006
63.0000 0.1006
121.0000 0.1007
129.0000 0.1007
203.0000 0.1007
143.0000 0.1008
222.0000 0.1008
99.0000 0.1009
137.0000 0.1010
169.0000 0.1010
71.0000 0.1011
82.0000 0.1011
10.0000 0.1012
21.0000 0.1013
59.0000 0.1013
138.0000 0.1013
220.0000 0.1013
6.0000 0.1014
110.0000 0.1014
83.0000 0.1015
144.0000 0.1015
206.0000 0.1015
65.0000 0.1016
153.0000 0.1016
204.0000 0.1017
18.0000 0.1018
27.0000 0.1018
22.0000 0.1019
170.0000 0.1019
195.0000 0.1020
94.0000 0.1021
120.0000 0.1021
168.0000 0.1021
201.0000 0.1021
134.0000 0.1022
136.0000 0.1022
58.0000 0.1023
75.0000 0.1023
104.0000 0.1023
31.0000 0.1024
213.0000 0.1024
3.0000 0.1026
15.0000 0.1026
198.0000 0.1026
209.0000 0.1026
79.0000 0.1027
141.0000 0.1027
16.0000 0.1028
96.0000 0.1028
127.0000 0.1028
69.0000 0.1029
97.0000 0.1029
163.0000 0.1029
211.0000 0.1029
66.0000 0.1030
76.0000 0.1030
116.0000 0.1030
47.0000 0.1031
118.0000 0.1031
215.0000 0.1031
28.0000 0.1032
218.0000 0.1032
237.0000 0.1032
72.0000 0.1033
114.0000 0.1033
155.0000 0.1034
232.0000 0.1034
5.0000 0.1035
23.0000 0.1035
135.0000 0.1035
123.0000 0.1036
186.0000 0.1036
190.0000 0.1036
191.0000 0.1036
11.0000 0.1037
32.0000 0.1037
90.0000 0.1037
35.0000 0.1038
45.0000 0.1038
207.0000 0.1040
157.0000 0.1041
158.0000 0.1041
199.0000 0.1041
219.0000 0.1041
44.0000 0.1042
19.0000 0.1043
33.0000 0.1043
224.0000 0.1043
17.0000 0.1044
46.0000 0.1044
133.0000 0.1044
106.0000 0.1045
113.0000 0.1045
115.0000 0.1045
139.0000 0.1045
229.0000 0.1046
179.0000 0.1047
193.0000 0.1048
112.0000 0.1049
156.0000 0.1050
174.0000 0.1050
2.0000 0.1051
41.0000 0.1052
126.0000 0.1052
154.0000 0.1052
178.0000 0.1053
24.0000 0.1054
80.0000 0.1054
149.0000 0.1054
165.0000 0.1054
217.0000 0.1054
74.0000 0.1056
13.0000 0.1057
188.0000 0.1057
77.0000 0.1058
52.0000 0.1059
147.0000 0.1059
1.0000 0.1061
36.0000 0.1061
183.0000 0.1062
86.0000 0.1063
37.0000 0.1064
212.0000 0.1064
223.0000 0.1064
14.0000 0.1065
128.0000 0.1065
161.0000 0.1065
166.0000 0.1065
88.0000 0.1066
108.0000 0.1066
122.0000 0.1066
25.0000 0.1067
29.0000 0.1067
42.0000 0.1067
167.0000 0.1067
216.0000 0.1067
105.0000 0.1069
107.0000 0.1069
131.0000 0.1069
192.0000 0.1069
50.0000 0.1070
81.0000 0.1071
78.0000 0.1072
100.0000 0.1072
102.0000 0.1072
125.0000 0.1072
231.0000 0.1072
7.0000 0.1073
111.0000 0.1073
91.0000 0.1074
103.0000 0.1074
234.0000 0.1074
54.0000 0.1075
185.0000 0.1075
57.0000 0.1076
68.0000 0.1076
117.0000 0.1076
140.0000 0.1076
208.0000 0.1076
214.0000 0.1076
61.0000 0.1077
98.0000 0.1077
146.0000 0.1077
180.0000 0.1077
51.0000 0.1078
62.0000 0.1078
89.0000 0.1078
85.0000 0.1079
34.0000 0.1080
38.0000 0.1080
49.0000 0.1080
132.0000 0.1080
20.0000 0.1081
73.0000 0.1081
142.0000 0.1081
196.0000 0.1081
159.0000 0.1082
143.0000 0.1084
225.0000 0.1084
235.0000 0.1084
26.0000 0.1085
55.0000 0.1085
109.0000 0.1085
177.0000 0.1085
202.0000 0.1086
150.0000 0.1087
130.0000 0.1088
153.0000 0.1088
210.0000 0.1088
64.0000 0.1089
43.0000 0.1091
121.0000 0.1092
18.0000 0.1093
60.0000 0.1093
63.0000 0.1094
197.0000 0.1094
65.0000 0.1095
71.0000 0.1095
138.0000 0.1096
181.0000 0.1096
184.0000 0.1096
82.0000 0.1097
230.0000 0.1097
92.0000 0.1098
84.0000 0.1099
39.0000 0.1100
129.0000 0.1100
182.0000 0.1100
203.0000 0.1100
76.0000 0.1101
160.0000 0.1101
164.0000 0.1101
176.0000 0.1102
162.0000 0.1103
171.0000 0.1103
189.0000 0.1103
209.0000 0.1104
118.0000 0.1105
32.0000 0.1107
56.0000 0.1107
152.0000 0.1107
170.0000 0.1107
213.0000 0.1107
8.0000 0.1108
239.0000 0.1108
69.0000 0.1109
194.0000 0.1109
201.0000 0.1109
227.0000 0.1109
6.0000 0.1110
190.0000 0.1110
21.0000 0.1111
31.0000 0.1111
175.0000 0.1111
221.0000 0.1111
96.0000 0.1112
220.0000 0.1112
9.0000 0.1113
75.0000 0.1115
79.0000 0.1115
90.0000 0.1115
141.0000 0.1115
204.0000 0.1115
174.0000 0.1116
59.0000 0.1117
148.0000 0.1117
157.0000 0.1117
199.0000 0.1117
22.0000 0.1118
66.0000 0.1118
144.0000 0.1118
145.0000 0.1118
205.0000 0.1118
226.0000 0.1118
27.0000 0.1119
215.0000 0.1119
72.0000 0.1120
186.0000 0.1120
97.0000 0.1121
115.0000 0.1122
15.0000 0.1123
104.0000 0.1123
127.0000 0.1123
172.0000 0.1123
112.0000 0.1124
139.0000 0.1124
229.0000 0.1124
5.0000 0.1125
106.0000 0.1125
114.0000 0.1125
169.0000 0.1125
211.0000 0.1125
120.0000 0.1126
163.0000 0.1126
179.0000 0.1126
83.0000 0.1127
156.0000 0.1127
198.0000 0.1127
28.0000 0.1128
155.0000 0.1128
158.0000 0.1128
206.0000 0.1129
236.0000 0.1129
52.0000 0.1131
113.0000 0.1132
195.0000 0.1132
107.0000 0.1133
237.0000 0.1133
12.0000 0.1135
23.0000 0.1135
41.0000 0.1135
37.0000 0.1136
135.0000 0.1136
154.0000 0.1136
2.0000 0.1137
19.0000 0.1137
99.0000 0.1137
168.0000 0.1137
183.0000 0.1137
77.0000 0.1138
108.0000 0.1138
228.0000 0.1138
4.0000 0.1139
217.0000 0.1139
207.0000 0.1140
17.0000 0.1141
47.0000 0.1141
224.0000 0.1141
33.0000 0.1142
46.0000 0.1143
116.0000 0.1143
149.0000 0.1143
188.0000 0.1143
133.0000 0.1144
40.0000 0.1145
185.0000 0.1145
78.0000 0.1147
110.0000 0.1147
167.0000 0.1147
44.0000 0.1148
45.0000 0.1149
62.0000 0.1149
212.0000 0.1150
88.0000 0.1151
223.0000 0.1151
3.0000 0.1152
105.0000 0.1152
136.0000 0.1153
1.0000 0.1154
81.0000 0.1154
131.0000 0.1154
180.0000 0.1155
234.0000 0.1155
125.0000 0.1156
14.0000 0.1157
94.0000 0.1157
142.0000 0.1157
153.0000 0.1157
13.0000 0.1158
93.0000 0.1158
117.0000 0.1159
140.0000 0.1159
222.0000 0.1159
231.0000 0.1159
54.0000 0.1160
10.0000 0.1161
29.0000 0.1161
50.0000 0.1161
128.0000 0.1161
193.0000 0.1161
85.0000 0.1162
143.0000 0.1162
111.0000 0.1163
35.0000 0.1164
51.0000 0.1164
219.0000 0.1164
192.0000 0.1165
26.0000 0.1166
57.0000 0.1166
210.0000 0.1166
80.0000 0.1167
166.0000 0.1167
7.0000 0.1168
18.0000 0.1169
25.0000 0.1169
55.0000 0.1169
151.0000 0.1169
102.0000 0.1170
122.0000 0.1171
177.0000 0.1171
76.0000 0.1172
178.0000 0.1172
196.0000 0.1172
225.0000 0.1172
48.0000 0.1173
218.0000 0.1173
42.0000 0.1176
126.0000 0.1176
32.0000 0.1177
65.0000 0.1177
138.0000 0.1177
16.0000 0.1179
103.0000 0.1179
121.0000 0.1179
147.0000 0.1179
150.0000 0.1179
208.0000 0.1179
209.0000 0.1179
161.0000 0.1180
200.0000 0.1180
38.0000 0.1181
61.0000 0.1181
64.0000 0.1181
118.0000 0.1181
174.0000 0.1181
86.0000 0.1182
63.0000 0.1183
190.0000 0.1183
214.0000 0.1183
30.0000 0.1184
11.0000 0.1185
34.0000 0.1185
130.0000 0.1185
71.0000 0.1186
82.0000 0.1186
216.0000 0.1186
43.0000 0.1187
68.0000 0.1188
159.0000 0.1188
213.0000 0.1188
24.0000 0.1189
69.0000 0.1189
89.0000 0.1189
90.0000 0.1189
165.0000 0.1189
170.0000 0.1189
92.0000 0.1190
132.0000 0.1190
203.0000 0.1191
98.0000 0.1192
129.0000 0.1192
182.0000 0.1192
199.0000 0.1193
202.0000 0.1193
201.0000 0.1194
96.0000 0.1195
157.0000 0.1195
184.0000 0.1195
0.0000 0.1196
31.0000 0.1196
73.0000 0.1196
107.0000 0.1198
115.0000 0.1198
235.0000 0.1198
39.0000 0.1199
230.0000 0.1199
181.0000 0.1200
139.0000 0.1201
156.0000 0.1201
52.0000 0.1202
60.0000 0.1202
100.0000 0.1202
112.0000 0.1202
141.0000 0.1202
215.0000 0.1202
137.0000 0.1204
186.0000 0.1204
197.0000 0.1204
6.0000 0.1205
179.0000 0.1205
238.0000 0.1205
75.0000 0.1206
220.0000 0.1206
37.0000 0.1207
106.0000 0.1207
79.0000 0.1208
204.0000 0.1208
229.0000 0.1208
66.0000 0.1209
183.0000 0.1209
97.0000 0.1210
134.0000 0.1210
160.0000 0.1210
5.0000 0.1211
109.0000 0.1211
158.0000 0.1211
72.0000 0.1212
108.0000 0.1212
21.0000 0.1213
27.0000 0.1213
59.0000 0.1214
113.0000 0.1214
8.0000 0.1215
84.0000 0.1215
154.0000 0.1215
185.0000 0.1215
20.0000 0.1216
227.0000 0.1216
114.0000 0.1217
211.0000 0.1217
41.0000 0.1218
2.0000 0.1219
104.0000 0.1219
163.0000 0.1219
22.0000 0.1220
77.0000 0.1220
15.0000 0.1221
28.0000 0.1221
78.0000 0.1221
62.0000 0.1222
155.0000 0.1222
217.0000 0.1223
232.0000 0.1223
120.0000 0.1224
124.0000 0.1224
127.0000 0.1224
144.0000 0.1224
191.0000 0.1224
189.0000 0.1225
9.0000 0.1227
167.0000 0.1227
198.0000 0.1228
19.0000 0.1229
149.0000 0.1230
153.0000 0.1230
169.0000 0.1230
171.0000 0.1230
188.0000 0.1230
83.0000 0.1231
23.0000 0.1232
162.0000 0.1232
237.0000 0.1232
234.0000 0.1233
88.0000 0.1235
135.0000 0.1235
142.0000 0.1235
164.0000 0.1235
58.0000 0.1236
152.0000 0.1236
180.0000 0.1236
33.0000 0.1237
223.0000 0.1237
1.0000 0.1238
17.0000 0.1238
81.0000 0.1238
212.0000 0.1238
224.0000 0.1238
117.0000 0.1239
207.0000 0.1239
105.0000 0.1240
125.0000 0.1240
131.0000 0.1240
54.0000 0.1241
76.0000 0.1241
195.0000 0.1241
140.0000 0.1243
143.0000 0.1243
176.0000 0.1243
231.0000 0.1244
56.0000 0.1245
133.0000 0.1245
174.0000 0.1245
221.0000 0.1245
14.0000 0.1246
47.0000 0.1246
148.0000 0.1246
206.0000 0.1246
18.0000 0.1247
32.0000 0.1247
46.0000 0.1247
85.0000 0.1248
29.0000 0.1249
51.0000 0.1249
236.0000 0.1249
49.0000 0.1250
146.0000 0.1250
210.0000 0.1250
50.0000 0.1251
57.0000 0.1251
74.0000 0.1251
209.0000 0.1251
26.0000 0.1252
111.0000 0.1252
194.0000 0.1252
168.0000 0.1253
45.0000 0.1254
55.0000 0.1254
190.0000 0.1254
13.0000 0.1255
44.0000 0.1256
196.0000 0.1257
7.0000 0.1258
118.0000 0.1258
177.0000 0.1258
239.0000 0.1258
99.0000 0.1259
138.0000 0.1259
65.0000 0.1260
116.0000 0.1260
225.0000 0.1261
128.0000 0.1262
25.0000 0.1263
107.0000 0.1263
166.0000 0.1263
192.0000 0.1263
90.0000 0.1265
150.0000 0.1265
193.0000 0.1265
121.0000 0.1268
145.0000 0.1268
69.0000 0.1269
102.0000 0.1269
63.0000 0.1270
82.0000 0.1270
136.0000 0.1271
157.0000 0.1271
36.0000 0.1272
115.0000 0.1273
170.0000 0.1273
199.0000 0.1273
110.0000 0.1274
130.0000 0.1274
156.0000 0.1274
213.0000 0.1274
201.0000 0.1275
52.0000 0.1276
64.0000 0.1276
96.0000 0.1276
139.0000 0.1277
3.0000 0.1278
37.0000 0.1278
40.0000 0.1278
71.0000 0.1278
103.0000 0.1278
122.0000 0.1279
178.0000 0.1279
112.0000 0.1280
203.0000 0.1280
208.0000 0.1281
219.0000 0.1281
61.0000 0.1282
215.0000 0.1282
4.0000 0.1283
31.0000 0.1283
43.0000 0.1283
214.0000 0.1283
42.0000 0.1284
108.0000 0.1284
126.0000 0.1284
172.0000 0.1284
183.0000 0.1284
129.0000 0.1285
141.0000 0.1285
179.0000 0.1285
185.0000 0.1285
34.0000 0.1286
35.0000 0.1286
229.0000 0.1286
80.0000 0.1287
92.0000 0.1287
106.0000 0.1287
161.0000 0.1287
182.0000 0.1287
38.0000 0.1288
186.0000 0.1288
66.0000 0.1291
39.0000 0.1292
75.0000 0.1293
86.0000 0.1293
205.0000 0.1293
78.0000 0.1294
147.0000 0.1295
154.0000 0.1295
184.0000 0.1295
62.0000 0.1296
68.0000 0.1296
94.0000 0.1296
226.0000 0.1296
158.0000 0.1297
159.0000 0.1297
202.0000 0.1297
6.0000 0.1298
10.0000 0.1298
230.0000 0.1298
97.0000 0.1299
113.0000 0.1299
220.0000 0.1299
72.0000 0.1300
181.0000 0.1300
222.0000 0.1300
5.0000 0.1301
41.0000 0.1301
70.0000 0.1302
132.0000 0.1302
153.0000 0.1302
204.0000 0.1302
27.0000 0.1303
79.0000 0.1303
216.0000 0.1303
89.0000 0.1304
77.0000 0.1305
167.0000 0.1305
2.0000 0.1306
217.0000 0.1306
218.0000 0.1307
73.0000 0.1309
98.0000 0.1309
114.0000 0.1309
21.0000 0.1310
67.0000 0.1310
174.0000 0.1310
211.0000 0.1310
59.0000 0.1311
76.0000 0.1311
163.0000 0.1311
235.0000 0.1311
28.0000 0.1312
60.0000 0.1313
234.0000 0.1313
155.0000 0.1314
19.0000 0.1316
88.0000 0.1316
104.0000 0.1316
142.0000 0.1316
149.0000 0.1316
188.0000 0.1316
15.0000 0.1317
32.0000 0.1317
197.0000 0.1317
117.0000 0.1318
127.0000 0.1318
160.0000 0.1318
180.0000 0.1318
16.0000 0.1319
125.0000 0.1319
165.0000 0.1319
22.0000 0.1320
54.0000 0.1320
93.0000 0.1320
143.0000 0.1320
18.0000 0.1321
48.0000 0.1321
105.0000 0.1321
81.0000 0.1322
223.0000 0.1322
11.0000 0.1323
131.0000 0.1323
227.0000 0.1323
1.0000 0.1324
8.0000 0.1324
212.0000 0.1324
84.0000 0.1325
120.0000 0.1325
100.0000 0.1326
107.0000 0.1326
209.0000 0.1326
190.0000 0.1327
210.0000 0.1327
24.0000 0.1328
231.0000 0.1328
23.0000 0.1329
33.0000 0.1329
198.0000 0.1329
109.0000 0.1330
140.0000 0.1330
144.0000 0.1330
51.0000 0.1331
135.0000 0.1331
118.0000 0.1332
237.0000 0.1332
29.0000 0.1333
224.0000 0.1333
14.0000 0.1334
57.0000 0.1334
228.0000 0.1334
17.0000 0.1335
85.0000 0.1335
65.0000 0.1338
83.0000 0.1338
111.0000 0.1338
133.0000 0.1338
138.0000 0.1338
200.0000 0.1338
26.0000 0.1339
50.0000 0.1339
55.0000 0.1340
90.0000 0.1340
196.0000 0.1342
169.0000 0.1343
9.0000 0.1344
156.0000 0.1345
20.0000 0.1346
47.0000 0.1346
157.0000 0.1346
46.0000 0.1347
189.0000 0.1347
37.0000 0.1348
7.0000 0.1349
115.0000 0.1349
177.0000 0.1349
207.0000 0.1349
52.0000 0.1350
171.0000 0.1351
225.0000 0.1351
69.0000 0.1352
96.0000 0.1353
195.0000 0.1353
199.0000 0.1353
13.0000 0.1354
121.0000 0.1354
139.0000 0.1354
150.0000 0.1354
44.0000 0.1355
108.0000 0.1356
128.0000 0.1356
170.0000 0.1356
185.0000 0.1356
82.0000 0.1357
112.0000 0.1357
192.0000 0.1358
166.0000 0.1360
183.0000 0.1360
213.0000 0.1360
45.0000 0.1361
63.0000 0.1362
12.0000 0.1363
25.0000 0.1364
162.0000 0.1364
179.0000 0.1364
236.0000 0.1364
193.0000 0.1365
201.0000 0.1365
78.0000 0.1366
168.0000 0.1366
206.0000 0.1366
164.0000 0.1367
215.0000 0.1368
71.0000 0.1369
62.0000 0.1370
106.0000 0.1370
229.0000 0.1370
64.0000 0.1371
130.0000 0.1371
148.0000 0.1371
186.0000 0.1371
175.0000 0.1372
31.0000 0.1373
102.0000 0.1373
203.0000 0.1373
152.0000 0.1374
66.0000 0.1375
141.0000 0.1375
153.0000 0.1375
174.0000 0.1375
129.0000 0.1376
182.0000 0.1377
30.0000 0.1379
92.0000 0.1380
208.0000 0.1380
43.0000 0.1381
56.0000 0.1381
75.0000 0.1381
41.0000 0.1382
137.0000 0.1382
154.0000 0.1382
76.0000 0.1383
167.0000 0.1383
158.0000 0.1384
72.0000 0.1385
34.0000 0.1387
221.0000 0.1387
103.0000 0.1388
230.0000 0.1388
32.0000 0.1389
116.0000 0.1389
2.0000 0.1390
97.0000 0.1390
113.0000 0.1390
220.0000 0.1390
39.0000 0.1391
77.0000 0.1391
107.0000 0.1391
176.0000 0.1393
184.0000 0.1393
234.0000 0.1393
6.0000 0.1394
79.0000 0.1395
122.0000 0.1395
204.0000 0.1395
5.0000 0.1396
217.0000 0.1396
27.0000 0.1397
42.0000 0.1397
142.0000 0.1397
3.0000 0.1398
38.0000 0.1398
161.0000 0.1398
18.0000 0.1400
61.0000 0.1400
99.0000 0.1400
114.0000 0.1402
117.0000 0.1402
178.0000 0.1402
134.0000 0.1403
180.0000 0.1403
190.0000 0.1403
88.0000 0.1404
125.0000 0.1404
188.0000 0.1404
209.0000 0.1404
80.0000 0.1405
211.0000 0.1405
214.0000 0.1405
219.0000 0.1405
19.0000 0.1406
81.0000 0.1406
86.0000 0.1406
143.0000 0.1406
54.0000 0.1407
105.0000 0.1407
118.0000 0.1407
155.0000 0.1407
223.0000 0.1407
163.0000 0.1409
136.0000 0.1410
181.0000 0.1410
191.0000 0.1410
202.0000 0.1410
68.0000 0.1411
132.0000 0.1411
239.0000 0.1411
149.0000 0.1412
210.0000 0.1412
28.0000 0.1413
131.0000 0.1413
212.0000 0.1413
231.0000 0.1413
232.0000 0.1413
15.0000 0.1414
127.0000 0.1414
104.0000 0.1415
126.0000 0.1415
145.0000 0.1415
1.0000 0.1416
147.0000 0.1416
159.0000 0.1416
21.0000 0.1417
73.0000 0.1418
89.0000 0.1418
110.0000 0.1418
138.0000 0.1418
59.0000 0.1419
37.0000 0.1420
51.0000 0.1420
60.0000 0.1420
90.0000 0.1420
35.0000 0.1421
65.0000 0.1421
140.0000 0.1421
57.0000 0.1422
40.0000 0.1423
156.0000 0.1423
194.0000 0.1423
198.0000 0.1423
22.0000 0.1424
52.0000 0.1424
85.0000 0.1424
55.0000 0.1425
14.0000 0.1427
33.0000 0.1427
49.0000 0.1427
197.0000 0.1427
216.0000 0.1427
235.0000 0.1427
23.0000 0.1428
98.0000 0.1428
146.0000 0.1428
157.0000 0.1428
185.0000 0.1428
115.0000 0.1429
26.0000 0.1430
111.0000 0.1430
139.0000 0.1430
10.0000 0.1431
29.0000 0.1431
96.0000 0.1431
108.0000 0.1431
196.0000 0.1431
50.0000 0.1432
199.0000 0.1432
227.0000 0.1432
69.0000 0.1433
112.0000 0.1433
183.0000 0.1433
8.0000 0.1434
17.0000 0.1435
120.0000 0.1435
144.0000 0.1435
224.0000 0.1435
237.0000 0.1436
4.0000 0.1437
174.0000 0.1437
7.0000 0.1438
78.0000 0.1438
135.0000 0.1438
177.0000 0.1438
225.0000 0.1438
94.0000 0.1439
133.0000 0.1439
160.0000 0.1439
179.0000 0.1441
0.0000 0.1442
170.0000 0.1442
83.0000 0.1443
84.0000 0.1443
218.0000 0.1443
62.0000 0.1444
153.0000 0.1444
121.0000 0.1445
213.0000 0.1445
150.0000 0.1446
74.0000 0.1447
229.0000 0.1447
82.0000 0.1448
201.0000 0.1448
63.0000 0.1449
100.0000 0.1449
166.0000 0.1449
238.0000 0.1449
46.0000 0.1450
165.0000 0.1450
172.0000 0.1452
186.0000 0.1452
192.0000 0.1452
58.0000 0.1453
106.0000 0.1453
71.0000 0.1454
107.0000 0.1454
128.0000 0.1454
215.0000 0.1454
13.0000 0.1455
44.0000 0.1455
76.0000 0.1455
109.0000 0.1455
47.0000 0.1456
141.0000 0.1456
169.0000 0.1458
32.0000 0.1459
31.0000 0.1460
41.0000 0.1460
207.0000 0.1460
11.0000 0.1461
16.0000 0.1461
66.0000 0.1461
203.0000 0.1461
25.0000 0.1462
64.0000 0.1463
130.0000 0.1463
154.0000 0.1463
75.0000 0.1464
167.0000 0.1465
9.0000 0.1466
24.0000 0.1466
182.0000 0.1466
205.0000 0.1466
20.0000 0.1468
195.0000 0.1468
129.0000 0.1469
158.0000 0.1469
189.0000 0.1470
45.0000 0.1471
77.0000 0.1471
222.0000 0.1471
43.0000 0.1472
72.0000 0.1472
168.0000 0.1472
171.0000 0.1472
193.0000 0.1472
208.0000 0.1472
234.0000 0.1472
2.0000 0.1473
92.0000 0.1473
151.0000 0.1474
18.0000 0.1475
102.0000 0.1475
113.0000 0.1476
142.0000 0.1476
190.0000 0.1476
48.0000 0.1479
217.0000 0.1479
209.0000 0.1480
79.0000 0.1482
97.0000 0.1482
124.0000 0.1482
206.0000 0.1482
101.0000 0.1483
103.0000 0.1483
118.0000 0.1483
220.0000 0.1483
230.0000 0.1484
81.0000 0.1485
117.0000 0.1485
184.0000 0.1485
6.0000 0.1486
180.0000 0.1486
34.0000 0.1487
204.0000 0.1487
5.0000 0.1488
39.0000 0.1488
36.0000 0.1489
54.0000 0.1489
114.0000 0.1489
27.0000 0.1490
88.0000 0.1490
105.0000 0.1490
162.0000 0.1490
125.0000 0.1491
143.0000 0.1491
223.0000 0.1491
236.0000 0.1491
226.0000 0.1492
19.0000 0.1493
93.0000 0.1493
188.0000 0.1493
37.0000 0.1494
210.0000 0.1494
52.0000 0.1495
90.0000 0.1495
155.0000 0.1496
231.0000 0.1496
185.0000 0.1497
131.0000 0.1498
148.0000 0.1498
156.0000 0.1498
65.0000 0.1500
138.0000 0.1501
211.0000 0.1501
61.0000 0.1502
174.0000 0.1502
200.0000 0.1502
212.0000 0.1502
122.0000 0.1503
1.0000 0.1504
149.0000 0.1504
164.0000 0.1504
51.0000 0.1505
57.0000 0.1505
127.0000 0.1505
163.0000 0.1505
108.0000 0.1506
112.0000 0.1507
152.0000 0.1507
55.0000 0.1508
56.0000 0.1508
104.0000 0.1508
115.0000 0.1508
139.0000 0.1508
96.0000 0.1509
157.0000 0.1509
161.0000 0.1509
28.0000 0.1510
42.0000 0.1510
78.0000 0.1510
85.0000 0.1510
199.0000 0.1510
15.0000 0.1511
140.0000 0.1511
181.0000 0.1511
183.0000 0.1511
3.0000 0.1512
38.0000 0.1512
178.0000 0.1514
80.0000 0.1515
153.0000 0.1515
219.0000 0.1515
202.0000 0.1516
62.0000 0.1517
69.0000 0.1517
198.0000 0.1517
14.0000 0.1518
214.0000 0.1518
60.0000 0.1519
179.0000 0.1519
86.0000 0.1520
107.0000 0.1520
111.0000 0.1520
26.0000 0.1521
68.0000 0.1521
22.0000 0.1522
50.0000 0.1523
76.0000 0.1523
29.0000 0.1525
59.0000 0.1525
132.0000 0.1525
177.0000 0.1525
196.0000 0.1525
99.0000 0.1526
228.0000 0.1526
229.0000 0.1526
21.0000 0.1527
32.0000 0.1527
116.0000 0.1528
225.0000 0.1528
33.0000 0.1529
147.0000 0.1529
159.0000 0.1529
170.0000 0.1529
221.0000 0.1529
23.0000 0.1530
197.0000 0.1530
7.0000 0.1531
135.0000 0.1531
73.0000 0.1532
136.0000 0.1532
201.0000 0.1533
213.0000 0.1533
17.0000 0.1535
106.0000 0.1535
121.0000 0.1536
126.0000 0.1536
144.0000 0.1536
215.0000 0.1536
35.0000 0.1537
63.0000 0.1537
82.0000 0.1537
89.0000 0.1537
237.0000 0.1537
8.0000 0.1538
71.0000 0.1538
176.0000 0.1538
224.0000 0.1538
227.0000 0.1538
133.0000 0.1539
186.0000 0.1540
41.0000 0.1541
98.0000 0.1541
150.0000 0.1541
235.0000 0.1541
166.0000 0.1543
167.0000 0.1543
83.0000 0.1544
120.0000 0.1544
141.0000 0.1544
154.0000 0.1545
75.0000 0.1549
160.0000 0.1549
203.0000 0.1549
216.0000 0.1549
190.0000 0.1550
31.0000 0.1551
40.0000 0.1551
66.0000 0.1551
46.0000 0.1552
192.0000 0.1552
110.0000 0.1553
128.0000 0.1553
13.0000 0.1554
18.0000 0.1554
2.0000 0.1556
25.0000 0.1556
142.0000 0.1556
182.0000 0.1556
234.0000 0.1556
77.0000 0.1557
158.0000 0.1557
10.0000 0.1558
64.0000 0.1558
84.0000 0.1558
209.0000 0.1558
44.0000 0.1559
113.0000 0.1559
118.0000 0.1559
130.0000 0.1560
239.0000 0.1560
72.0000 0.1562
92.0000 0.1562
129.0000 0.1562
207.0000 0.1564
37.0000 0.1565
117.0000 0.1565
185.0000 0.1565
43.0000 0.1566
52.0000 0.1566
169.0000 0.1566
217.0000 0.1566
174.0000 0.1568
47.0000 0.1569
79.0000 0.1569
180.0000 0.1569
194.0000 0.1569
90.0000 0.1570
156.0000 0.1570
195.0000 0.1570
88.0000 0.1571
223.0000 0.1571
81.0000 0.1572
145.0000 0.1572
100.0000 0.1573
102.0000 0.1573
54.0000 0.1574
134.0000 0.1574
143.0000 0.1574
4.0000 0.1575
125.0000 0.1575
208.0000 0.1575
5.0000 0.1577
114.0000 0.1577
193.0000 0.1577
210.0000 0.1577
105.0000 0.1578
137.0000 0.1578
168.0000 0.1578
220.0000 0.1578
97.0000 0.1579
9.0000 0.1580
45.0000 0.1580
65.0000 0.1580
6.0000 0.1581
19.0000 0.1581
39.0000 0.1581
204.0000 0.1581
188.0000 0.1582
230.0000 0.1582
94.0000 0.1583
108.0000 0.1583
131.0000 0.1583
78.0000 0.1584
107.0000 0.1584
138.0000 0.1584
184.0000 0.1584
139.0000 0.1585
189.0000 0.1585
231.0000 0.1585
27.0000 0.1586
183.0000 0.1586
199.0000 0.1586
218.0000 0.1586
112.0000 0.1587
115.0000 0.1587
165.0000 0.1587
30.0000 0.1588
155.0000 0.1588
49.0000 0.1589
103.0000 0.1589
153.0000 0.1589
157.0000 0.1589
51.0000 0.1590
212.0000 0.1590
96.0000 0.1591
109.0000 0.1591
55.0000 0.1592
62.0000 0.1592
146.0000 0.1592
34.0000 0.1593
57.0000 0.1593
191.0000 0.1593
1.0000 0.1594
76.0000 0.1594
91.0000 0.1594
85.0000 0.1596
32.0000 0.1597
206.0000 0.1597
16.0000 0.1598
163.0000 0.1598
211.0000 0.1598
149.0000 0.1599
69.0000 0.1600
127.0000 0.1600
179.0000 0.1600
232.0000 0.1600
140.0000 0.1601
171.0000 0.1601
20.0000 0.1603
229.0000 0.1603
11.0000 0.1604
61.0000 0.1607
104.0000 0.1608
26.0000 0.1609
111.0000 0.1609
14.0000 0.1610
28.0000 0.1610
50.0000 0.1610
15.0000 0.1612
198.0000 0.1613
170.0000 0.1615
177.0000 0.1615
202.0000 0.1615
225.0000 0.1615
122.0000 0.1616
60.0000 0.1617
29.0000 0.1619
106.0000 0.1619
181.0000 0.1619
186.0000 0.1619
213.0000 0.1619
12.0000 0.1622
24.0000 0.1622
59.0000 0.1622
196.0000 0.1622
7.0000 0.1623
42.0000 0.1623
121.0000 0.1623
190.0000 0.1623
22.0000 0.1624
41.0000 0.1624
201.0000 0.1624
215.0000 0.1624
167.0000 0.1625
172.0000 0.1625
236.0000 0.1626
63.0000 0.1627
71.0000 0.1627
161.0000 0.1627
38.0000 0.1628
135.0000 0.1628
219.0000 0.1628
17.0000 0.1630
162.0000 0.1630
178.0000 0.1630
18.0000 0.1632
82.0000 0.1632
141.0000 0.1632
222.0000 0.1632
33.0000 0.1633
154.0000 0.1633
21.0000 0.1634
150.0000 0.1634
174.0000 0.1634
224.0000 0.1634
148.0000 0.1635
197.0000 0.1635
48.0000 0.1636
118.0000 0.1636
142.0000 0.1636
209.0000 0.1636
214.0000 0.1636
23.0000 0.1637
144.0000 0.1638
31.0000 0.1639
75.0000 0.1640
37.0000 0.1641
66.0000 0.1641
86.0000 0.1641
185.0000 0.1641
2.0000 0.1642
52.0000 0.1642
132.0000 0.1642
3.0000 0.1643
237.0000 0.1643
234.0000 0.1644
77.0000 0.1645
166.0000 0.1645
203.0000 0.1645
56.0000 0.1646
68.0000 0.1646
90.0000 0.1646
113.0000 0.1646
8.0000 0.1647
117.0000 0.1647
156.0000 0.1648
72.0000 0.1649
80.0000 0.1649
107.0000 0.1649
120.0000 0.1649
133.0000 0.1651
147.0000 0.1651
227.0000 0.1651
88.0000 0.1652
89.0000 0.1652
159.0000 0.1652
180.0000 0.1652
192.0000 0.1652
64.0000 0.1653
217.0000 0.1653
205.0000 0.1654
164.0000 0.1655
175.0000 0.1655
158.0000 0.1656
182.0000 0.1656
83.0000 0.1657
128.0000 0.1657
143.0000 0.1657
74.0000 0.1658
78.0000 0.1658
136.0000 0.1658
13.0000 0.1659
46.0000 0.1659
54.0000 0.1659
65.0000 0.1659
81.0000 0.1660
98.0000 0.1660
129.0000 0.1660
183.0000 0.1660
216.0000 0.1660
223.0000 0.1660
25.0000 0.1661
43.0000 0.1661
108.0000 0.1661
125.0000 0.1661
153.0000 0.1661
105.0000 0.1662
116.0000 0.1662
138.0000 0.1662
73.0000 0.1663
79.0000 0.1663
92.0000 0.1663
210.0000 0.1663
35.0000 0.1664
130.0000 0.1664
139.0000 0.1664
115.0000 0.1665
235.0000 0.1665
114.0000 0.1666
157.0000 0.1666
199.0000 0.1666
5.0000 0.1667
62.0000 0.1667
99.0000 0.1667
152.0000 0.1667
160.0000 0.1667
76.0000 0.1668
112.0000 0.1668
126.0000 0.1668
131.0000 0.1668
19.0000 0.1669
32.0000 0.1669
207.0000 0.1669
97.0000 0.1670
220.0000 0.1670
93.0000 0.1671
188.0000 0.1671
231.0000 0.1671
39.0000 0.1672
96.0000 0.1672
208.0000 0.1672
44.0000 0.1673
55.0000 0.1673
51.0000 0.1674
85.0000 0.1674
6.0000 0.1675
212.0000 0.1675
84.0000 0.1676
204.0000 0.1676
238.0000 0.1676
102.0000 0.1677
169.0000 0.1677
195.0000 0.1677
221.0000 0.1677
0.0000 0.1678
57.0000 0.1678
200.0000 0.1678
47.0000 0.1679
179.0000 0.1679
226.0000 0.1679
27.0000 0.1680
176.0000 0.1680
230.0000 0.1680
1.0000 0.1681
193.0000 0.1681
69.0000 0.1682
149.0000 0.1683
229.0000 0.1683
103.0000 0.1684
155.0000 0.1684
140.0000 0.1685
184.0000 0.1685
211.0000 0.1688
45.0000 0.1690
163.0000 0.1690
168.0000 0.1690
127.0000 0.1692
40.0000 0.1693
58.0000 0.1693
10.0000 0.1694
190.0000 0.1694
50.0000 0.1695
34.0000 0.1696
67.0000 0.1696
26.0000 0.1697
177.0000 0.1697
239.0000 0.1697
9.0000 0.1698
14.0000 0.1698
111.0000 0.1698
174.0000 0.1698
106.0000 0.1700
170.0000 0.1700
225.0000 0.1700
186.0000 0.1701
110.0000 0.1702
213.0000 0.1702
104.0000 0.1703
41.0000 0.1705
189.0000 0.1705
215.0000 0.1705
198.0000 0.1706
28.0000 0.1707
167.0000 0.1707
201.0000 0.1707
15.0000 0.1708
18.0000 0.1708
100.0000 0.1708
121.0000 0.1708
29.0000 0.1709
196.0000 0.1709
36.0000 0.1710
118.0000 0.1710
37.0000 0.1711
185.0000 0.1711
209.0000 0.1711
60.0000 0.1712
61.0000 0.1712
7.0000 0.1714
63.0000 0.1714
107.0000 0.1714
206.0000 0.1714
52.0000 0.1715
142.0000 0.1715
71.0000 0.1716
22.0000 0.1718
202.0000 0.1719
59.0000 0.1720
82.0000 0.1720
141.0000 0.1720
154.0000 0.1720
94.0000 0.1723
150.0000 0.1723
156.0000 0.1723
109.0000 0.1725
181.0000 0.1725
17.0000 0.1726
90.0000 0.1726
194.0000 0.1726
2.0000 0.1727
4.0000 0.1727
31.0000 0.1727
42.0000 0.1727
122.0000 0.1727
135.0000 0.1727
77.0000 0.1728
113.0000 0.1728
218.0000 0.1728
234.0000 0.1728
78.0000 0.1730
165.0000 0.1730
33.0000 0.1731
75.0000 0.1731
153.0000 0.1733
224.0000 0.1733
72.0000 0.1734
88.0000 0.1734
117.0000 0.1734
171.0000 0.1734
180.0000 0.1734
228.0000 0.1735
16.0000 0.1736
66.0000 0.1736
108.0000 0.1737
145.0000 0.1737
23.0000 0.1738
38.0000 0.1738
143.0000 0.1738
183.0000 0.1738
21.0000 0.1739
32.0000 0.1739
178.0000 0.1739
65.0000 0.1740
197.0000 0.1740
203.0000 0.1740
217.0000 0.1740
54.0000 0.1741
76.0000 0.1741
11.0000 0.1742
20.0000 0.1743
144.0000 0.1743
161.0000 0.1744
199.0000 0.1744
62.0000 0.1745
81.0000 0.1745
138.0000 0.1745
166.0000 0.1745
115.0000 0.1746
125.0000 0.1746
139.0000 0.1746
157.0000 0.1747
158.0000 0.1747
214.0000 0.1747
223.0000 0.1747
192.0000 0.1748
210.0000 0.1748
237.0000 0.1748
112.0000 0.1749
219.0000 0.1749
105.0000 0.1751
129.0000 0.1751
131.0000 0.1751
182.0000 0.1751
64.0000 0.1752
96.0000 0.1753
236.0000 0.1753
8.0000 0.1754
114.0000 0.1754
5.0000 0.1755
13.0000 0.1755
55.0000 0.1757
124.0000 0.1757
128.0000 0.1757
132.0000 0.1757
227.0000 0.1757
19.0000 0.1758
79.0000 0.1758
97.0000 0.1758
119.0000 0.1758
133.0000 0.1758
188.0000 0.1758
86.0000 0.1759
68.0000 0.1760
92.0000 0.1760
69.0000 0.1761
85.0000 0.1761
130.0000 0.1761
212.0000 0.1761
231.0000 0.1761
43.0000 0.1762
179.0000 0.1762
120.0000 0.1763
146.0000 0.1763
162.0000 0.1763
174.0000 0.1764
51.0000 0.1765
148.0000 0.1765
3.0000 0.1766
39.0000 0.1766
49.0000 0.1766
220.0000 0.1766
229.0000 0.1766
46.0000 0.1767
57.0000 0.1767
80.0000 0.1767
137.0000 0.1768
27.0000 0.1769
147.0000 0.1769
25.0000 0.1770
30.0000 0.1770
159.0000 0.1770
190.0000 0.1770
207.0000 0.1770
1.0000 0.1771
24.0000 0.1771
89.0000 0.1771
204.0000 0.1771
83.0000 0.1772
134.0000 0.1772
140.0000 0.1773
191.0000 0.1773
208.0000 0.1773
151.0000 0.1774
149.0000 0.1776
160.0000 0.1776
6.0000 0.1777
163.0000 0.1777
98.0000 0.1778
107.0000 0.1779
136.0000 0.1780
155.0000 0.1780
230.0000 0.1780
26.0000 0.1781
73.0000 0.1781
102.0000 0.1781
185.0000 0.1781
18.0000 0.1782
37.0000 0.1782
47.0000 0.1782
56.0000 0.1782
14.0000 0.1783
186.0000 0.1783
213.0000 0.1783
41.0000 0.1784
216.0000 0.1784
44.0000 0.1785
50.0000 0.1785
170.0000 0.1785
211.0000 0.1785
232.0000 0.1785
106.0000 0.1786
177.0000 0.1786
235.0000 0.1786
35.0000 0.1787
103.0000 0.1787
118.0000 0.1787
193.0000 0.1787
209.0000 0.1787
52.0000 0.1788
111.0000 0.1788
48.0000 0.1789
184.0000 0.1789
215.0000 0.1789
167.0000 0.1790
172.0000 0.1790
45.0000 0.1791
222.0000 0.1791
84.0000 0.1792
121.0000 0.1792
142.0000 0.1792
169.0000 0.1792
195.0000 0.1792
201.0000 0.1792
99.0000 0.1793
116.0000 0.1793
127.0000 0.1793
225.0000 0.1793
104.0000 0.1794
164.0000 0.1794
196.0000 0.1794
156.0000 0.1795
34.0000 0.1796
29.0000 0.1797
198.0000 0.1797
126.0000 0.1798
63.0000 0.1799
90.0000 0.1799
71.0000 0.1801
152.0000 0.1801
154.0000 0.1801
28.0000 0.1802
78.0000 0.1802
168.0000 0.1802
7.0000 0.1803
15.0000 0.1804
153.0000 0.1804
82.0000 0.1805
2.0000 0.1806
77.0000 0.1808
141.0000 0.1808
22.0000 0.1809
60.0000 0.1809
234.0000 0.1809
32.0000 0.1810
59.0000 0.1810
76.0000 0.1810
221.0000 0.1810
31.0000 0.1811
108.0000 0.1811
113.0000 0.1811
117.0000 0.1811
183.0000 0.1811
61.0000 0.1812
150.0000 0.1813
180.0000 0.1813
9.0000 0.1815
62.0000 0.1815
75.0000 0.1815
88.0000 0.1815
143.0000 0.1815
65.0000 0.1816
176.0000 0.1817
54.0000 0.1818
139.0000 0.1820
199.0000 0.1820
72.0000 0.1821
205.0000 0.1821
181.0000 0.1822
115.0000 0.1823
17.0000 0.1824
40.0000 0.1824
135.0000 0.1824
202.0000 0.1824
203.0000 0.1824
217.0000 0.1824
33.0000 0.1825
157.0000 0.1825
189.0000 0.1825
66.0000 0.1826
81.0000 0.1826
206.0000 0.1826
138.0000 0.1827
210.0000 0.1827
223.0000 0.1827
125.0000 0.1828
112.0000 0.1829
174.0000 0.1829
93.0000 0.1830
96.0000 0.1831
110.0000 0.1831
122.0000 0.1832
131.0000 0.1833
224.0000 0.1833
42.0000 0.1834
100.0000 0.1834
192.0000 0.1834
105.0000 0.1835
158.0000 0.1835
23.0000 0.1836
239.0000 0.1836
12.0000 0.1837
69.0000 0.1837
55.0000 0.1839
144.0000 0.1839
179.0000 0.1839
190.0000 0.1841
64.0000 0.1842
114.0000 0.1842
197.0000 0.1842
107.0000 0.1843
130.0000 0.1844
166.0000 0.1844
182.0000 0.1844
188.0000 0.1844
200.0000 0.1844
21.0000 0.1845
85.0000 0.1845
229.0000 0.1845
5.0000 0.1846
10.0000 0.1847
38.0000 0.1847
97.0000 0.1847
161.0000 0.1848
212.0000 0.1848
19.0000 0.1849
51.0000 0.1849
129.0000 0.1849
185.0000 0.1851
92.0000 0.1852
178.0000 0.1852
231.0000 0.1852
13.0000 0.1853
237.0000 0.1853
8.0000 0.1854
37.0000 0.1854
39.0000 0.1855
79.0000 0.1855
171.0000 0.1855
57.0000 0.1856
214.0000 0.1856
94.0000 0.1858
165.0000 0.1858
43.0000 0.1859
18.0000 0.1860
52.0000 0.1861
133.0000 0.1861
227.0000 0.1862
109.0000 0.1863
128.0000 0.1863
140.0000 0.1863
209.0000 0.1863
218.0000 0.1863
220.0000 0.1863
204.0000 0.1864
1.0000 0.1865
213.0000 0.1867
27.0000 0.1868
149.0000 0.1869
46.0000 0.1870
118.0000 0.1870
156.0000 0.1870
26.0000 0.1871
41.0000 0.1871
86.0000 0.1871
120.0000 0.1871
208.0000 0.1871
163.0000 0.1872
207.0000 0.1872
68.0000 0.1873
170.0000 0.1873
4.0000 0.1874
50.0000 0.1874
142.0000 0.1874
186.0000 0.1874
6.0000 0.1875
70.0000 0.1875
74.0000 0.1875
106.0000 0.1875
167.0000 0.1875
177.0000 0.1875
194.0000 0.1875
14.0000 0.1876
20.0000 0.1876
80.0000 0.1876
132.0000 0.1876
90.0000 0.1877
215.0000 0.1877
16.0000 0.1878
78.0000 0.1878
121.0000 0.1878
153.0000 0.1878
219.0000 0.1878
76.0000 0.1879
211.0000 0.1879
111.0000 0.1880
230.0000 0.1880
236.0000 0.1880
155.0000 0.1881
226.0000 0.1881
3.0000 0.1882
25.0000 0.1882
196.0000 0.1882
32.0000 0.1883
154.0000 0.1884
201.0000 0.1884
83.0000 0.1885
89.0000 0.1886
0.0000 0.1887
147.0000 0.1887
159.0000 0.1887
183.0000 0.1887
127.0000 0.1888
108.0000 0.1889
225.0000 0.1889
62.0000 0.1890
63.0000 0.1890
47.0000 0.1891
103.0000 0.1891
117.0000 0.1891
184.0000 0.1891
71.0000 0.1894
102.0000 0.1894
104.0000 0.1894
7.0000 0.1895
77.0000 0.1895
160.0000 0.1895
198.0000 0.1895
2.0000 0.1896
29.0000 0.1896
31.0000 0.1896
44.0000 0.1896
82.0000 0.1896
98.0000 0.1896
145.0000 0.1897
174.0000 0.1897
180.0000 0.1897
234.0000 0.1897
113.0000 0.1898
65.0000 0.1899
143.0000 0.1899
162.0000 0.1899
11.0000 0.1900
45.0000 0.1900
58.0000 0.1900
139.0000 0.1900
193.0000 0.1900
199.0000 0.1900
88.0000 0.1901
34.0000 0.1902
157.0000 0.1902
15.0000 0.1903
123.0000 0.1903
148.0000 0.1903
54.0000 0.1904
112.0000 0.1904
115.0000 0.1904
141.0000 0.1905
28.0000 0.1906
73.0000 0.1906
107.0000 0.1906
59.0000 0.1907
169.0000 0.1907
210.0000 0.1907
235.0000 0.1907
72.0000 0.1908
138.0000 0.1908
75.0000 0.1909
96.0000 0.1909
125.0000 0.1909
136.0000 0.1909
150.0000 0.1909
81.0000 0.1910
223.0000 0.1910
66.0000 0.1911
158.0000 0.1911
216.0000 0.1911
22.0000 0.1912
190.0000 0.1913
217.0000 0.1913
60.0000 0.1914
179.0000 0.1915
203.0000 0.1917
33.0000 0.1918
17.0000 0.1919
69.0000 0.1919
131.0000 0.1919
181.0000 0.1919
195.0000 0.1919
238.0000 0.1919
168.0000 0.1920
35.0000 0.1921
84.0000 0.1921
185.0000 0.1921
105.0000 0.1922
229.0000 0.1922
116.0000 0.1923
24.0000 0.1925
36.0000 0.1925
55.0000 0.1925
37.0000 0.1926
228.0000 0.1926
135.0000 0.1927
182.0000 0.1927
61.0000 0.1929
126.0000 0.1929
52.0000 0.1931
188.0000 0.1931
192.0000 0.1931
64.0000 0.1932
164.0000 0.1932
114.0000 0.1933
224.0000 0.1933
18.0000 0.1934
175.0000 0.1934
5.0000 0.1935
51.0000 0.1935
202.0000 0.1935
9.0000 0.1936
23.0000 0.1936
85.0000 0.1937
19.0000 0.1938
130.0000 0.1939
152.0000 0.1939
212.0000 0.1939
231.0000 0.1939
99.0000 0.1940
209.0000 0.1940
56.0000 0.1941
48.0000 0.1942
129.0000 0.1942
166.0000 0.1942
21.0000 0.1943
97.0000 0.1943
144.0000 0.1943
156.0000 0.1945
189.0000 0.1945
206.0000 0.1945
57.0000 0.1946
118.0000 0.1946
79.0000 0.1947
13.0000 0.1948
49.0000 0.1948
146.0000 0.1948
92.0000 0.1949
153.0000 0.1949
76.0000 0.1950
172.0000 0.1950
213.0000 0.1950
32.0000 0.1951
90.0000 0.1951
191.0000 0.1951
197.0000 0.1951
42.0000 0.1952
8.0000 0.1953
26.0000 0.1953
38.0000 0.1953
122.0000 0.1953
41.0000 0.1954
43.0000 0.1954
78.0000 0.1954
186.0000 0.1954
39.0000 0.1955
140.0000 0.1955
161.0000 0.1955
167.0000 0.1956
237.0000 0.1956
221.0000 0.1957
1.0000 0.1958
106.0000 0.1958
142.0000 0.1958
176.0000 0.1958
204.0000 0.1958
137.0000 0.1959
220.0000 0.1959
108.0000 0.1961
174.0000 0.1961
149.0000 0.1962
170.0000 0.1962
215.0000 0.1962
121.0000 0.1963
50.0000 0.1964
183.0000 0.1964
62.0000 0.1965
128.0000 0.1965
100.0000 0.1966
27.0000 0.1967
154.0000 0.1967
177.0000 0.1967
178.0000 0.1968
201.0000 0.1968
14.0000 0.1969
163.0000 0.1969
133.0000 0.1970
117.0000 0.1971
107.0000 0.1972
196.0000 0.1972
222.0000 0.1972
30.0000 0.1973
134.0000 0.1973
227.0000 0.1973
111.0000 0.1974
155.0000 0.1974
208.0000 0.1974
46.0000 0.1975
110.0000 0.1975
139.0000 0.1975
180.0000 0.1975
211.0000 0.1976
40.0000 0.1977
207.0000 0.1977
214.0000 0.1977
230.0000 0.1977
232.0000 0.1977
2.0000 0.1978
63.0000 0.1978
239.0000 0.1978
6.0000 0.1979
77.0000 0.1979
157.0000 0.1979
112.0000 0.1980
143.0000 0.1980
234.0000 0.1980
115.0000 0.1981
120.0000 0.1981
25.0000 0.1982
65.0000 0.1983
86.0000 0.1983
199.0000 0.1983
225.0000 0.1983
31.0000 0.1984
68.0000 0.1984
113.0000 0.1984
54.0000 0.1985
82.0000 0.1985
210.0000 0.1985
127.0000 0.1986
132.0000 0.1986
171.0000 0.1986
88.0000 0.1987
198.0000 0.1987
71.0000 0.1988
184.0000 0.1988
7.0000 0.1990
29.0000 0.1990
103.0000 0.1990
109.0000 0.1990
190.0000 0.1990
80.0000 0.1991
83.0000 0.1992
125.0000 0.1992
138.0000 0.1992
10.0000 0.1993
96.0000 0.1993
104.0000 0.1993
185.0000 0.1993
81.0000 0.1994
223.0000 0.1994
15.0000 0.1995
159.0000 0.1995
179.0000 0.1995
219.0000 0.1995
93.0000 0.1996
150.0000 0.1996
47.0000 0.1997
72.0000 0.1997
94.0000 0.1997
102.0000 0.1997
141.0000 0.1997
69.0000 0.1998
75.0000 0.1998
158.0000 0.1998
37.0000 0.1999
66.0000 0.1999
217.0000 0.1999
218.0000 0.1999
