45.0000 0.0041
33.0000 0.0045
37.0000 0.0045
41.0000 0.0045
54.0000 0.0048
55.0000 0.0048
8.0000 0.0050
0.0000 0.0052
19.0000 0.0052
49.0000 0.0055
26.0000 0.0058
12.0000 0.0059
50.0000 0.0059
18.0000 0.0061
22.0000 0.0061
52.0000 0.0061
23.0000 0.0062
16.0000 0.0063
1.0000 0.0065
39.0000 0.0067
56.0000 0.0067
10.0000 0.0068
32.0000 0.0068
36.0000 0.0069
31.0000 0.0072
46.0000 0.0072
3.0000 0.0073
15.0000 0.0073
6.0000 0.0074
20.0000 0.0074
35.0000 0.0074
43.0000 0.0074
29.0000 0.0075
48.0000 0.0075
9.0000 0.0077
17.0000 0.0080
5.0000 0.0086
34.0000 0.0088
25.0000 0.0089
51.0000 0.0091
57.0000 0.0103
30.0000 0.0104
11.0000 0.0107
42.0000 0.0116
59.0000 0.0123
27.0000 0.0173
54.0000 0.0205
52.0000 0.0214
1.0000 0.0215
49.0000 0.0216
6.0000 0.0224
45.0000 0.0224
13.0000 0.0225
41.0000 0.0228
33.0000 0.0230
12.0000 0.0232
39.0000 0.0236
47.0000 0.0236
22.0000 0.0240
29.0000 0.0242
37.0000 0.0245
40.0000 0.0246
26.0000 0.0247
17.0000 0.0251
10.0000 0.0254
31.0000 0.0254
58.0000 0.0254
32.0000 0.0255
0.0000 0.0265
4.0000 0.0265
30.0000 0.0265
8.0000 0.0266
59.0000 0.0268
57.0000 0.0272
44.0000 0.0281
5.0000 0.0286
34.0000 0.0287
36.0000 0.0288
16.0000 0.0292
35.0000 0.0293
42.0000 0.0297
14.0000 0.0300
48.0000 0.0306
3.0000 0.0308
51.0000 0.0308
9.0000 0.0310
15.0000 0.0313
46.0000 0.0315
49.0000 0.0332
1.0000 0.0334
25.0000 0.0334
52.0000 0.0334
20.0000 0.0335
33.0000 0.0344
6.0000 0.0345
54.0000 0.0350
11.0000 0.0351
12.0000 0.0361
39.0000 0.0364
43.0000 0.0370
45.0000 0.0376
22.0000 0.0377
29.0000 0.0380
32.0000 0.0383
30.0000 0.0384
17.0000 0.0396
31.0000 0.0396
41.0000 0.0400
59.0000 0.0406
26.0000 0.0407
38.0000 0.0425
10.0000 0.0426
27.0000 0.0431
57.0000 0.0440
18.0000 0.0441
1.0000 0.0446
5.0000 0.0446
49.0000 0.0453
6.0000 0.0458
0.0000 0.0459
36.0000 0.0460
37.0000 0.0460
16.0000 0.0465
33.0000 0.0465
9.0000 0.0467
42.0000 0.0471
52.0000 0.0472
8.0000 0.0473
34.0000 0.0476
13.0000 0.0478
12.0000 0.0490
25.0000 0.0490
22.0000 0.0491
48.0000 0.0491
51.0000 0.0493
39.0000 0.0494
15.0000 0.0497
35.0000 0.0497
3.0000 0.0499
54.0000 0.0501
29.0000 0.0511
45.0000 0.0511
30.0000 0.0512
46.0000 0.0515
47.0000 0.0516
58.0000 0.0516
32.0000 0.0523
31.0000 0.0528
59.0000 0.0544
17.0000 0.0545
4.0000 0.0551
1.0000 0.0552
20.0000 0.0555
6.0000 0.0561
41.0000 0.0565
26.0000 0.0566
49.0000 0.0575
57.0000 0.0577
10.0000 0.0580
52.0000 0.0585
11.0000 0.0591
37.0000 0.0598
33.0000 0.0599
36.0000 0.0601
22.0000 0.0605
40.0000 0.0605
5.0000 0.0613
9.0000 0.0614
12.0000 0.0615
27.0000 0.0616
0.0000 0.0620
39.0000 0.0621
54.0000 0.0624
43.0000 0.0626
29.0000 0.0634
30.0000 0.0636
42.0000 0.0637
16.0000 0.0638
32.0000 0.0638
34.0000 0.0638
45.0000 0.0645
1.0000 0.0651
31.0000 0.0652
6.0000 0.0653
25.0000 0.0654
48.0000 0.0656
8.0000 0.0664
15.0000 0.0666
35.0000 0.0666
51.0000 0.0666
17.0000 0.0671
59.0000 0.0675
3.0000 0.0676
49.0000 0.0676
46.0000 0.0680
18.0000 0.0682
52.0000 0.0686
26.0000 0.0693
41.0000 0.0695
14.0000 0.0696
33.0000 0.0701
13.0000 0.0703
57.0000 0.0706
10.0000 0.0707
58.0000 0.0715
22.0000 0.0717
20.0000 0.0718
12.0000 0.0731
36.0000 0.0732
39.0000 0.0737
1.0000 0.0742
56.0000 0.0742
37.0000 0.0743
5.0000 0.0748
6.0000 0.0750
54.0000 0.0751
29.0000 0.0752
30.0000 0.0753
44.0000 0.0753
47.0000 0.0754
32.0000 0.0759
9.0000 0.0763
31.0000 0.0766
0.0000 0.0771
49.0000 0.0778
45.0000 0.0785
17.0000 0.0786
42.0000 0.0794
52.0000 0.0800
27.0000 0.0801
25.0000 0.0802
59.0000 0.0804
16.0000 0.0809
34.0000 0.0810
51.0000 0.0815
33.0000 0.0817
11.0000 0.0819
22.0000 0.0820
48.0000 0.0828
41.0000 0.0829
4.0000 0.0832
35.0000 0.0832
57.0000 0.0832
26.0000 0.0833
10.0000 0.0835
39.0000 0.0838
8.0000 0.0840
1.0000 0.0844
12.0000 0.0845
40.0000 0.0845
3.0000 0.0846
6.0000 0.0847
15.0000 0.0847
38.0000 0.0849
43.0000 0.0852
46.0000 0.0859
36.0000 0.0860
54.0000 0.0862
30.0000 0.0863
29.0000 0.0865
32.0000 0.0870
37.0000 0.0874
5.0000 0.0879
31.0000 0.0884
45.0000 0.0886
9.0000 0.0887
49.0000 0.0889
58.0000 0.0899
17.0000 0.0900
0.0000 0.0903
18.0000 0.0905
52.0000 0.0906
33.0000 0.0907
20.0000 0.0909
42.0000 0.0918
59.0000 0.0920
22.0000 0.0922
13.0000 0.0926
6.0000 0.0935
16.0000 0.0936
1.0000 0.0937
21.0000 0.0938
25.0000 0.0943
41.0000 0.0944
57.0000 0.0945
12.0000 0.0950
34.0000 0.0950
39.0000 0.0950
10.0000 0.0953
26.0000 0.0957
30.0000 0.0960
48.0000 0.0960
51.0000 0.0966
27.0000 0.0967
32.0000 0.0967
29.0000 0.0971
36.0000 0.0973
35.0000 0.0974
54.0000 0.0975
47.0000 0.0978
50.0000 0.0981
49.0000 0.0983
3.0000 0.0984
37.0000 0.0986
8.0000 0.0991
14.0000 0.0991
31.0000 0.0995
5.0000 0.0999
11.0000 0.0999
45.0000 0.0999
33.0000 0.1002
52.0000 0.1002
46.0000 0.1010
15.0000 0.1011
17.0000 0.1011
6.0000 0.1017
22.0000 0.1020
9.0000 0.1023
1.0000 0.1025
43.0000 0.1026
44.0000 0.1034
56.0000 0.1034
59.0000 0.1034
0.0000 0.1036
40.0000 0.1041
42.0000 0.1043
4.0000 0.1044
12.0000 0.1044
41.0000 0.1045
39.0000 0.1049
20.0000 0.1050
57.0000 0.1050
16.0000 0.1051
30.0000 0.1051
10.0000 0.1058
34.0000 0.1062
32.0000 0.1063
18.0000 0.1070
29.0000 0.1073
25.0000 0.1075
49.0000 0.1075
48.0000 0.1078
26.0000 0.1081
36.0000 0.1082
54.0000 0.1084
58.0000 0.1086
51.0000 0.1092
31.0000 0.1094
35.0000 0.1096
52.0000 0.1098
33.0000 0.1099
45.0000 0.1101
13.0000 0.1105
6.0000 0.1107
1.0000 0.1114
5.0000 0.1114
3.0000 0.1116
22.0000 0.1117
37.0000 0.1117
17.0000 0.1120
27.0000 0.1121
30.0000 0.1142
12.0000 0.1147
8.0000 0.1149
39.0000 0.1152
59.0000 0.1152
9.0000 0.1156
47.0000 0.1156
42.0000 0.1163
57.0000 0.1164
0.0000 0.1165
15.0000 0.1167
32.0000 0.1169
41.0000 0.1169
46.0000 0.1169
10.0000 0.1172
16.0000 0.1173
49.0000 0.1173
29.0000 0.1176
11.0000 0.1181
34.0000 0.1188
38.0000 0.1188
52.0000 0.1188
31.0000 0.1191
33.0000 0.1192
6.0000 0.1193
54.0000 0.1196
25.0000 0.1197
26.0000 0.1197
1.0000 0.1198
36.0000 0.1199
43.0000 0.1203
45.0000 0.1203
22.0000 0.1205
20.0000 0.1207
48.0000 0.1208
51.0000 0.1209
5.0000 0.1220
37.0000 0.1220
35.0000 0.1223
17.0000 0.1224
40.0000 0.1229
58.0000 0.1233
30.0000 0.1236
14.0000 0.1242
39.0000 0.1245
18.0000 0.1246
12.0000 0.1247
3.0000 0.1249
27.0000 0.1252
59.0000 0.1257
4.0000 0.1258
49.0000 0.1260
32.0000 0.1264
13.0000 0.1265
9.0000 0.1270
6.0000 0.1272
41.0000 0.1272
33.0000 0.1273
29.0000 0.1274
52.0000 0.1278
57.0000 0.1278
16.0000 0.1279
0.0000 0.1281
10.0000 0.1282
1.0000 0.1286
8.0000 0.1289
42.0000 0.1290
22.0000 0.1295
31.0000 0.1295
44.0000 0.1303
36.0000 0.1305
46.0000 0.1308
54.0000 0.1311
15.0000 0.1312
25.0000 0.1312
26.0000 0.1313
34.0000 0.1314
45.0000 0.1317
48.0000 0.1327
17.0000 0.1328
5.0000 0.1331
51.0000 0.1332
11.0000 0.1333
30.0000 0.1334
39.0000 0.1335
37.0000 0.1337
12.0000 0.1343
47.0000 0.1344
21.0000 0.1346
35.0000 0.1350
49.0000 0.1350
20.0000 0.1358
6.0000 0.1359
33.0000 0.1360
32.0000 0.1363
59.0000 0.1363
52.0000 0.1368
56.0000 0.1368
29.0000 0.1370
1.0000 0.1371
3.0000 0.1373
41.0000 0.1374
43.0000 0.1376
58.0000 0.1378
57.0000 0.1383
9.0000 0.1387
22.0000 0.1389
16.0000 0.1394
27.0000 0.1395
10.0000 0.1396
31.0000 0.1397
40.0000 0.1405
42.0000 0.1408
36.0000 0.1410
0.0000 0.1411
50.0000 0.1413
54.0000 0.1416
8.0000 0.1421
18.0000 0.1424
45.0000 0.1427
25.0000 0.1428
26.0000 0.1429
30.0000 0.1429
13.0000 0.1432
17.0000 0.1432
12.0000 0.1434
39.0000 0.1434
49.0000 0.1437
6.0000 0.1439
5.0000 0.1440
34.0000 0.1441
33.0000 0.1447
46.0000 0.1449
48.0000 0.1451
37.0000 0.1453
32.0000 0.1454
1.0000 0.1455
51.0000 0.1455
4.0000 0.1456
52.0000 0.1456
15.0000 0.1466
29.0000 0.1466
14.0000 0.1473
22.0000 0.1476
59.0000 0.1476
11.0000 0.1481
35.0000 0.1482
38.0000 0.1490
57.0000 0.1490
41.0000 0.1491
28.0000 0.1494
31.0000 0.1496
3.0000 0.1501
20.0000 0.1502
10.0000 0.1505
16.0000 0.1510
9.0000 0.1511
36.0000 0.1518
47.0000 0.1518
42.0000 0.1521
54.0000 0.1521
6.0000 0.1523
0.0000 0.1524
30.0000 0.1525
43.0000 0.1529
12.0000 0.1530
49.0000 0.1530
39.0000 0.1533
17.0000 0.1535
45.0000 0.1536
25.0000 0.1538
1.0000 0.1540
33.0000 0.1543
52.0000 0.1547
27.0000 0.1552
32.0000 0.1552
26.0000 0.1556
34.0000 0.1556
58.0000 0.1558
8.0000 0.1563
5.0000 0.1564
29.0000 0.1569
46.0000 0.1569
22.0000 0.1571
37.0000 0.1572
44.0000 0.1578
51.0000 0.1579
59.0000 0.1580
48.0000 0.1583
40.0000 0.1592
31.0000 0.1593
15.0000 0.1597
18.0000 0.1597
13.0000 0.1598
6.0000 0.1601
41.0000 0.1602
57.0000 0.1602
35.0000 0.1609
30.0000 0.1613
10.0000 0.1614
49.0000 0.1617
12.0000 0.1621
39.0000 0.1621
33.0000 0.1622
36.0000 0.1622
1.0000 0.1624
3.0000 0.1627
9.0000 0.1627
56.0000 0.1627
54.0000 0.1630
16.0000 0.1631
17.0000 0.1636
52.0000 0.1636
4.0000 0.1638
11.0000 0.1638
20.0000 0.1638
0.0000 0.1639
42.0000 0.1642
45.0000 0.1644
32.0000 0.1647
25.0000 0.1649
22.0000 0.1665
29.0000 0.1668
26.0000 0.1679
5.0000 0.1682
59.0000 0.1687
43.0000 0.1688
27.0000 0.1689
37.0000 0.1690
6.0000 0.1692
34.0000 0.1696
47.0000 0.1698
31.0000 0.1699
51.0000 0.1702
58.0000 0.1702
46.0000 0.1704
30.0000 0.1705
33.0000 0.1708
1.0000 0.1710
49.0000 0.1710
12.0000 0.1711
41.0000 0.1711
48.0000 0.1711
57.0000 0.1711
8.0000 0.1712
39.0000 0.1718
10.0000 0.1719
14.0000 0.1723
36.0000 0.1724
52.0000 0.1728
15.0000 0.1733
35.0000 0.1733
16.0000 0.1737
32.0000 0.1737
54.0000 0.1738
17.0000 0.1739
45.0000 0.1739
9.0000 0.1749
0.0000 0.1752
42.0000 0.1754
3.0000 0.1756
22.0000 0.1758
38.0000 0.1758
18.0000 0.1761
20.0000 0.1767
25.0000 0.1768
13.0000 0.1769
6.0000 0.1770
29.0000 0.1773
40.0000 0.1781
21.0000 0.1786
11.0000 0.1787
33.0000 0.1790
5.0000 0.1791
1.0000 0.1793
30.0000 0.1793
59.0000 0.1794
26.0000 0.1797
49.0000 0.1800
31.0000 0.1801
37.0000 0.1802
12.0000 0.1803
50.0000 0.1807
41.0000 0.1808
4.0000 0.1809
39.0000 0.1810
44.0000 0.1813
57.0000 0.1814
34.0000 0.1819
36.0000 0.1820
51.0000 0.1820
52.0000 0.1820
27.0000 0.1821
46.0000 0.1823
10.0000 0.1825
48.0000 0.1827
32.0000 0.1835
43.0000 0.1837
17.0000 0.1838
45.0000 0.1842
54.0000 0.1844
22.0000 0.1846
8.0000 0.1847
16.0000 0.1847
6.0000 0.1849
35.0000 0.1862
42.0000 0.1863
9.0000 0.1864
0.0000 0.1866
29.0000 0.1867
15.0000 0.1868
3.0000 0.1869
47.0000 0.1869
1.0000 0.1877
58.0000 0.1878
33.0000 0.1879
30.0000 0.1886
25.0000 0.1888
49.0000 0.1890
59.0000 0.1892
12.0000 0.1893
31.0000 0.1897
5.0000 0.1900
20.0000 0.1900
26.0000 0.1901
39.0000 0.1901
52.0000 0.1906
56.0000 0.1909
41.0000 0.1913
37.0000 0.1914
11.0000 0.1915
57.0000 0.1917
36.0000 0.1920
13.0000 0.1929
32.0000 0.1929
10.0000 0.1930
18.0000 0.1931
17.0000 0.1932
6.0000 0.1935
51.0000 0.1938
22.0000 0.1940
34.0000 0.1940
27.0000 0.1945
54.0000 0.1946
48.0000 0.1947
40.0000 0.1948
45.0000 0.1952
1.0000 0.1961
14.0000 0.1963
29.0000 0.1963
16.0000 0.1964
33.0000 0.1966
46.0000 0.1971
9.0000 0.1976
0.0000 0.1978
8.0000 0.1979
42.0000 0.1980
30.0000 0.1981
49.0000 0.1981
43.0000 0.1983
12.0000 0.1984
35.0000 0.1986
4.0000 0.1988
39.0000 0.1991
52.0000 0.1992
31.0000 0.1993
59.0000 0.1994
3.0000 0.1999
