7.0000 0.0039
25.0000 0.0046
18.0000 0.0048
55.0000 0.0048
45.0000 0.0051
56.0000 0.0051
36.0000 0.0054
46.0000 0.0055
21.0000 0.0056
53.0000 0.0056
5.0000 0.0057
28.0000 0.0057
3.0000 0.0059
38.0000 0.0059
42.0000 0.0059
43.0000 0.0059
57.0000 0.0059
39.0000 0.0060
2.0000 0.0062
35.0000 0.0062
48.0000 0.0062
29.0000 0.0063
20.0000 0.0068
26.0000 0.0069
31.0000 0.0074
54.0000 0.0074
30.0000 0.0076
8.0000 0.0077
13.0000 0.0078
22.0000 0.0085
40.0000 0.0085
49.0000 0.0085
37.0000 0.0091
47.0000 0.0094
23.0000 0.0096
17.0000 0.0099
50.0000 0.0109
51.0000 0.0109
32.0000 0.0114
52.0000 0.0121
24.0000 0.0126
1.0000 0.0146
41.0000 0.0155
7.0000 0.0159
6.0000 0.0167
46.0000 0.0169
33.0000 0.0178
25.0000 0.0180
45.0000 0.0189
34.0000 0.0191
16.0000 0.0192
18.0000 0.0194
59.0000 0.0195
20.0000 0.0196
38.0000 0.0197
27.0000 0.0198
31.0000 0.0200
3.0000 0.0206
21.0000 0.0207
55.0000 0.0207
29.0000 0.0208
56.0000 0.0212
49.0000 0.0214
9.0000 0.0217
2.0000 0.0221
11.0000 0.0225
43.0000 0.0227
36.0000 0.0228
47.0000 0.0228
58.0000 0.0230
30.0000 0.0231
35.0000 0.0231
5.0000 0.0232
53.0000 0.0233
15.0000 0.0234
54.0000 0.0239
8.0000 0.0240
50.0000 0.0243
12.0000 0.0269
46.0000 0.0270
13.0000 0.0274
57.0000 0.0274
32.0000 0.0275
23.0000 0.0277
37.0000 0.0277
7.0000 0.0280
39.0000 0.0291
25.0000 0.0292
45.0000 0.0296
17.0000 0.0303
20.0000 0.0311
0.0000 0.0315
55.0000 0.0318
52.0000 0.0321
38.0000 0.0324
28.0000 0.0328
51.0000 0.0336
18.0000 0.0345
29.0000 0.0346
31.0000 0.0349
49.0000 0.0357
21.0000 0.0358
2.0000 0.0360
40.0000 0.0360
3.0000 0.0364
24.0000 0.0364
47.0000 0.0364
56.0000 0.0374
46.0000 0.0383
43.0000 0.0392
50.0000 0.0392
6.0000 0.0395
48.0000 0.0395
25.0000 0.0408
8.0000 0.0415
7.0000 0.0416
30.0000 0.0420
36.0000 0.0435
20.0000 0.0440
35.0000 0.0442
34.0000 0.0446
45.0000 0.0446
54.0000 0.0453
53.0000 0.0458
38.0000 0.0459
5.0000 0.0472
23.0000 0.0492
31.0000 0.0493
37.0000 0.0500
18.0000 0.0503
32.0000 0.0507
39.0000 0.0509
21.0000 0.0511
46.0000 0.0513
56.0000 0.0520
29.0000 0.0527
55.0000 0.0532
25.0000 0.0534
49.0000 0.0535
51.0000 0.0538
27.0000 0.0539
47.0000 0.0540
3.0000 0.0550
7.0000 0.0563
16.0000 0.0566
57.0000 0.0566
8.0000 0.0568
17.0000 0.0569
11.0000 0.0570
50.0000 0.0570
20.0000 0.0573
43.0000 0.0580
2.0000 0.0587
13.0000 0.0587
38.0000 0.0590
19.0000 0.0592
45.0000 0.0594
41.0000 0.0604
52.0000 0.0605
30.0000 0.0606
36.0000 0.0610
46.0000 0.0628
31.0000 0.0629
35.0000 0.0636
24.0000 0.0644
54.0000 0.0648
25.0000 0.0657
12.0000 0.0662
21.0000 0.0669
55.0000 0.0684
34.0000 0.0687
18.0000 0.0699
23.0000 0.0708
53.0000 0.0715
47.0000 0.0716
40.0000 0.0717
20.0000 0.0725
38.0000 0.0728
29.0000 0.0731
56.0000 0.0732
39.0000 0.0735
7.0000 0.0739
50.0000 0.0748
45.0000 0.0761
8.0000 0.0762
46.0000 0.0774
3.0000 0.0789
25.0000 0.0789
49.0000 0.0796
37.0000 0.0815
21.0000 0.0846
43.0000 0.0850
38.0000 0.0942
