15.0000 0.0039
20.0000 0.0042
40.0000 0.0042
8.0000 0.0043
48.0000 0.0044
49.0000 0.0044
29.0000 0.0047
14.0000 0.0052
45.0000 0.0052
50.0000 0.0053
3.0000 0.0054
31.0000 0.0055
42.0000 0.0055
1.0000 0.0056
57.0000 0.0056
11.0000 0.0057
46.0000 0.0057
54.0000 0.0057
30.0000 0.0060
13.0000 0.0061
25.0000 0.0064
37.0000 0.0064
6.0000 0.0070
53.0000 0.0071
32.0000 0.0072
41.0000 0.0072
5.0000 0.0073
17.0000 0.0074
9.0000 0.0075
23.0000 0.0075
22.0000 0.0076
0.0000 0.0077
16.0000 0.0080
52.0000 0.0080
35.0000 0.0081
2.0000 0.0082
56.0000 0.0084
18.0000 0.0093
58.0000 0.0103
4.0000 0.0129
10.0000 0.0129
26.0000 0.0130
28.0000 0.0137
19.0000 0.0138
47.0000 0.0139
44.0000 0.0145
39.0000 0.0146
55.0000 0.0154
20.0000 0.0167
48.0000 0.0175
14.0000 0.0178
12.0000 0.0187
36.0000 0.0187
15.0000 0.0189
31.0000 0.0192
45.0000 0.0193
11.0000 0.0201
29.0000 0.0203
51.0000 0.0203
59.0000 0.0208
30.0000 0.0212
3.0000 0.0217
8.0000 0.0223
57.0000 0.0233
16.0000 0.0234
1.0000 0.0235
9.0000 0.0236
23.0000 0.0236
49.0000 0.0240
40.0000 0.0242
54.0000 0.0251
37.0000 0.0267
52.0000 0.0274
48.0000 0.0295
14.0000 0.0297
25.0000 0.0298
46.0000 0.0298
0.0000 0.0308
10.0000 0.0309
15.0000 0.0312
20.0000 0.0312
32.0000 0.0320
53.0000 0.0329
11.0000 0.0333
56.0000 0.0345
45.0000 0.0355
8.0000 0.0362
29.0000 0.0364
30.0000 0.0368
19.0000 0.0369
3.0000 0.0375
47.0000 0.0383
31.0000 0.0386
13.0000 0.0391
28.0000 0.0394
2.0000 0.0396
23.0000 0.0398
58.0000 0.0398
22.0000 0.0399
26.0000 0.0399
16.0000 0.0404
41.0000 0.0404
49.0000 0.0404
14.0000 0.0413
48.0000 0.0417
6.0000 0.0427
20.0000 0.0431
1.0000 0.0432
39.0000 0.0434
57.0000 0.0437
37.0000 0.0438
7.0000 0.0442
9.0000 0.0444
15.0000 0.0444
11.0000 0.0449
43.0000 0.0450
54.0000 0.0454
40.0000 0.0457
52.0000 0.0465
12.0000 0.0475
42.0000 0.0478
0.0000 0.0480
10.0000 0.0481
44.0000 0.0487
36.0000 0.0501
46.0000 0.0507
8.0000 0.0509
14.0000 0.0512
29.0000 0.0512
25.0000 0.0515
32.0000 0.0523
3.0000 0.0527
48.0000 0.0535
53.0000 0.0536
16.0000 0.0538
45.0000 0.0538
20.0000 0.0553
31.0000 0.0553
30.0000 0.0560
56.0000 0.0565
11.0000 0.0574
23.0000 0.0581
15.0000 0.0591
1.0000 0.0601
4.0000 0.0601
49.0000 0.0605
19.0000 0.0607
28.0000 0.0610
14.0000 0.0644
40.0000 0.0646
47.0000 0.0650
57.0000 0.0659
54.0000 0.0675
8.0000 0.0681
37.0000 0.0685
48.0000 0.0685
9.0000 0.0695
10.0000 0.0699
29.0000 0.0715
38.0000 0.0717
11.0000 0.0727
20.0000 0.0732
25.0000 0.0733
16.0000 0.0741
30.0000 0.0741
45.0000 0.0741
52.0000 0.0744
0.0000 0.0749
46.0000 0.0769
14.0000 0.0811
15.0000 0.0829
