24.0000 0.0037
46.0000 0.0040
45.0000 0.0042
18.0000 0.0045
7.0000 0.0047
21.0000 0.0047
34.0000 0.0047
42.0000 0.0047
12.0000 0.0049
5.0000 0.0051
19.0000 0.0053
13.0000 0.0055
49.0000 0.0055
8.0000 0.0059
15.0000 0.0060
35.0000 0.0060
53.0000 0.0061
55.0000 0.0061
56.0000 0.0061
40.0000 0.0062
17.0000 0.0063
2.0000 0.0064
25.0000 0.0064
37.0000 0.0065
44.0000 0.0066
47.0000 0.0068
4.0000 0.0069
51.0000 0.0069
39.0000 0.0071
3.0000 0.0072
22.0000 0.0074
30.0000 0.0075
54.0000 0.0077
1.0000 0.0081
26.0000 0.0081
32.0000 0.0081
14.0000 0.0088
57.0000 0.0088
0.0000 0.0103
38.0000 0.0113
36.0000 0.0120
48.0000 0.0131
28.0000 0.0164
31.0000 0.0169
16.0000 0.0182
50.0000 0.0185
41.0000 0.0186
43.0000 0.0187
20.0000 0.0188
19.0000 0.0193
21.0000 0.0193
45.0000 0.0197
52.0000 0.0207
58.0000 0.0215
2.0000 0.0216
59.0000 0.0218
49.0000 0.0219
24.0000 0.0222
23.0000 0.0224
15.0000 0.0225
7.0000 0.0226
1.0000 0.0228
22.0000 0.0240
42.0000 0.0246
54.0000 0.0248
26.0000 0.0255
6.0000 0.0256
55.0000 0.0256
4.0000 0.0260
13.0000 0.0265
5.0000 0.0275
17.0000 0.0276
18.0000 0.0284
39.0000 0.0285
14.0000 0.0296
51.0000 0.0297
32.0000 0.0305
46.0000 0.0307
19.0000 0.0314
45.0000 0.0319
3.0000 0.0322
12.0000 0.0328
8.0000 0.0342
40.0000 0.0346
2.0000 0.0347
21.0000 0.0349
53.0000 0.0353
35.0000 0.0356
15.0000 0.0359
44.0000 0.0362
30.0000 0.0363
38.0000 0.0367
0.0000 0.0372
1.0000 0.0375
25.0000 0.0375
43.0000 0.0380
49.0000 0.0380
7.0000 0.0392
54.0000 0.0393
22.0000 0.0402
24.0000 0.0407
56.0000 0.0408
4.0000 0.0410
26.0000 0.0419
23.0000 0.0433
13.0000 0.0435
19.0000 0.0439
11.0000 0.0441
34.0000 0.0444
45.0000 0.0444
16.0000 0.0450
52.0000 0.0451
42.0000 0.0458
2.0000 0.0468
14.0000 0.0468
39.0000 0.0469
21.0000 0.0470
47.0000 0.0470
55.0000 0.0476
32.0000 0.0483
5.0000 0.0485
17.0000 0.0485
18.0000 0.0498
50.0000 0.0499
59.0000 0.0505
46.0000 0.0508
58.0000 0.0508
15.0000 0.0517
1.0000 0.0526
28.0000 0.0533
49.0000 0.0539
22.0000 0.0540
45.0000 0.0542
7.0000 0.0544
51.0000 0.0545
37.0000 0.0549
12.0000 0.0550
19.0000 0.0550
54.0000 0.0556
4.0000 0.0557
3.0000 0.0570
26.0000 0.0573
21.0000 0.0581
53.0000 0.0582
43.0000 0.0585
0.0000 0.0590
9.0000 0.0590
2.0000 0.0592
8.0000 0.0602
24.0000 0.0606
5.0000 0.0626
30.0000 0.0632
13.0000 0.0642
56.0000 0.0647
14.0000 0.0660
44.0000 0.0660
15.0000 0.0661
39.0000 0.0662
45.0000 0.0662
23.0000 0.0665
1.0000 0.0670
6.0000 0.0673
19.0000 0.0673
20.0000 0.0677
38.0000 0.0677
40.0000 0.0690
57.0000 0.0690
42.0000 0.0695
17.0000 0.0700
54.0000 0.0701
7.0000 0.0705
49.0000 0.0707
21.0000 0.0711
59.0000 0.0719
2.0000 0.0720
22.0000 0.0723
55.0000 0.0724
4.0000 0.0735
25.0000 0.0746
43.0000 0.0748
52.0000 0.0756
26.0000 0.0757
18.0000 0.0758
34.0000 0.0765
32.0000 0.0772
46.0000 0.0773
45.0000 0.0780
16.0000 0.0786
24.0000 0.0793
51.0000 0.0794
15.0000 0.0795
50.0000 0.0796
19.0000 0.0797
58.0000 0.0808
3.0000 0.0809
35.0000 0.0809
0.0000 0.0816
13.0000 0.0823
53.0000 0.0831
12.0000 0.0838
7.0000 0.0840
21.0000 0.0847
1.0000 0.0855
2.0000 0.0855
54.0000 0.0856
5.0000 0.0874
42.0000 0.0892
38.0000 0.0893
22.0000 0.0896
28.0000 0.0897
39.0000 0.0899
45.0000 0.0909
19.0000 0.0912
49.0000 0.0914
30.0000 0.0917
26.0000 0.0920
55.0000 0.0923
4.0000 0.0925
14.0000 0.0932
59.0000 0.0943
23.0000 0.0945
43.0000 0.0949
15.0000 0.0952
8.0000 0.0969
17.0000 0.0974
56.0000 0.0974
21.0000 0.0976
11.0000 0.0982
44.0000 0.0984
24.0000 0.0988
7.0000 0.0993
2.0000 0.0995
1.0000 0.1022
54.0000 0.1023
51.0000 0.1024
18.0000 0.1027
45.0000 0.1030
32.0000 0.1032
13.0000 0.1035
34.0000 0.1036
19.0000 0.1037
40.0000 0.1040
48.0000 0.1042
52.0000 0.1043
16.0000 0.1045
37.0000 0.1045
46.0000 0.1053
12.0000 0.1054
49.0000 0.1057
0.0000 0.1058
47.0000 0.1058
22.0000 0.1060
4.0000 0.1063
53.0000 0.1068
3.0000 0.1069
26.0000 0.1074
15.0000 0.1080
5.0000 0.1089
21.0000 0.1099
39.0000 0.1111
14.0000 0.1114
2.0000 0.1116
31.0000 0.1127
42.0000 0.1143
35.0000 0.1144
45.0000 0.1160
58.0000 0.1162
19.0000 0.1164
1.0000 0.1165
24.0000 0.1177
23.0000 0.1179
54.0000 0.1189
7.0000 0.1231
55.0000 0.1231
22.0000 0.1248
21.0000 0.1250
2.0000 0.1256
43.0000 0.1257
15.0000 0.1266
17.0000 0.1270
30.0000 0.1270
18.0000 0.1272
59.0000 0.1277
8.0000 0.1278
12.0000 0.1280
38.0000 0.1284
49.0000 0.1286
45.0000 0.1292
46.0000 0.1305
19.0000 0.1309
26.0000 0.1310
4.0000 0.1311
50.0000 0.1319
14.0000 0.1321
6.0000 0.1323
13.0000 0.1325
1.0000 0.1329
32.0000 0.1336
39.0000 0.1339
24.0000 0.1343
5.0000 0.1347
44.0000 0.1354
53.0000 0.1355
51.0000 0.1356
20.0000 0.1361
40.0000 0.1365
21.0000 0.1370
54.0000 0.1370
28.0000 0.1371
57.0000 0.1377
25.0000 0.1383
0.0000 0.1387
42.0000 0.1390
7.0000 0.1394
2.0000 0.1401
56.0000 0.1403
15.0000 0.1420
34.0000 0.1423
3.0000 0.1424
22.0000 0.1433
45.0000 0.1437
19.0000 0.1451
35.0000 0.1454
55.0000 0.1454
16.0000 0.1460
43.0000 0.1462
52.0000 0.1468
26.0000 0.1475
23.0000 0.1488
4.0000 0.1493
12.0000 0.1493
21.0000 0.1494
49.0000 0.1496
38.0000 0.1501
1.0000 0.1507
9.0000 0.1508
18.0000 0.1519
59.0000 0.1521
13.0000 0.1522
46.0000 0.1525
54.0000 0.1527
58.0000 0.1529
47.0000 0.1530
2.0000 0.1533
24.0000 0.1547
17.0000 0.1551
45.0000 0.1552
14.0000 0.1569
15.0000 0.1569
30.0000 0.1571
19.0000 0.1572
7.0000 0.1590
39.0000 0.1591
5.0000 0.1627
22.0000 0.1660
21.0000 0.1670
42.0000 0.1676
32.0000 0.1680
3.0000 0.1687
45.0000 0.1702
26.0000 0.1703
43.0000 0.1714
53.0000 0.1722
2.0000 0.1725
49.0000 0.1735
51.0000 0.1735
54.0000 0.1743
4.0000 0.1746
19.0000 0.1746
15.0000 0.1749
50.0000 0.1749
12.0000 0.1751
1.0000 0.1759
40.0000 0.1773
0.0000 0.1779
13.0000 0.1783
23.0000 0.1796
55.0000 0.1797
28.0000 0.1799
7.0000 0.1801
21.0000 0.1807
59.0000 0.1825
45.0000 0.1829
24.0000 0.1838
22.0000 0.1857
44.0000 0.1872
16.0000 0.1877
39.0000 0.1880
8.0000 0.1889
17.0000 0.1893
2.0000 0.1912
43.0000 0.1915
52.0000 0.1916
38.0000 0.1931
26.0000 0.1956
14.0000 0.1960
5.0000 0.1965
34.0000 0.1965
18.0000 0.1966
42.0000 0.1973
19.0000 0.1975
21.0000 0.1978
49.0000 0.1993
