43.0000 0.0036
51.0000 0.0042
47.0000 0.0044
4.0000 0.0046
13.0000 0.0048
17.0000 0.0048
31.0000 0.0048
36.0000 0.0048
52.0000 0.0048
32.0000 0.0050
35.0000 0.0050
49.0000 0.0050
55.0000 0.0051
15.0000 0.0052
33.0000 0.0054
21.0000 0.0059
41.0000 0.0059
50.0000 0.0059
8.0000 0.0061
16.0000 0.0061
23.0000 0.0064
10.0000 0.0065
25.0000 0.0065
30.0000 0.0065
54.0000 0.0065
57.0000 0.0067
22.0000 0.0068
1.0000 0.0069
37.0000 0.0073
44.0000 0.0074
59.0000 0.0075
45.0000 0.0078
56.0000 0.0083
27.0000 0.0084
40.0000 0.0088
39.0000 0.0090
18.0000 0.0101
58.0000 0.0103
38.0000 0.0105
0.0000 0.0112
46.0000 0.0138
51.0000 0.0176
35.0000 0.0208
47.0000 0.0241
