0.0000 0.0000
1.0000 0.0000
2.0000 0.0000
3.0000 0.0000
4.0000 0.0000
5.0000 0.0000
6.0000 0.0000
7.0000 0.0000
8.0000 0.0000
9.0000 0.0000
10.0000 0.0000
11.0000 0.0000
12.0000 0.0000
13.0000 0.0000
14.0000 0.0000
15.0000 0.0000
16.0000 0.0000
17.0000 0.0000
18.0000 0.0000
19.0000 0.0000
20.0000 0.0000
21.0000 0.0000
22.0000 0.0000
23.0000 0.0000
24.0000 0.0000
25.0000 0.0000
26.0000 0.0000
27.0000 0.0000
28.0000 0.0000
29.0000 0.0000
30.0000 0.0000
31.0000 0.0000
32.0000 0.0000
33.0000 0.0000
34.0000 0.0000
35.0000 0.0000
36.0000 0.0000
37.0000 0.0000
38.0000 0.0000
39.0000 0.0000
40.0000 0.0000
41.0000 0.0000
42.0000 0.0000
43.0000 0.0000
44.0000 0.0000
45.0000 0.0000
46.0000 0.0000
47.0000 0.0000
48.0000 0.0000
49.0000 0.0000
50.0000 0.0000
51.0000 0.0000
52.0000 0.0000
53.0000 0.0000
54.0000 0.0000
55.0000 0.0000
56.0000 0.0000
57.0000 0.0000
58.0000 0.0000
59.0000 0.0000
60.0000 0.0000
61.0000 0.0000
62.0000 0.0000
63.0000 0.0000
64.0000 0.0000
65.0000 0.0000
66.0000 0.0000
67.0000 0.0000
68.0000 0.0000
69.0000 0.0000
70.0000 0.0000
71.0000 0.0000
72.0000 0.0000
73.0000 0.0000
74.0000 0.0000
75.0000 0.0000
76.0000 0.0000
77.0000 0.0000
78.0000 0.0000
79.0000 0.0000
80.0000 0.0000
81.0000 0.0000
82.0000 0.0000
83.0000 0.0000
84.0000 0.0000
85.0000 0.0000
86.0000 0.0000
87.0000 0.0000
88.0000 0.0000
89.0000 0.0000
90.0000 0.0000
91.0000 0.0000
92.0000 0.0000
93.0000 0.0000
94.0000 0.0000
95.0000 0.0000
96.0000 0.0000
97.0000 0.0000
98.0000 0.0000
99.0000 0.0000
100.0000 0.0000
101.0000 0.0000
102.0000 0.0000
103.0000 0.0000
104.0000 0.0000
105.0000 0.0000
106.0000 0.0000
107.0000 0.0000
108.0000 0.0000
109.0000 0.0000
110.0000 0.0000
111.0000 0.0000
112.0000 0.0000
113.0000 0.0000
114.0000 0.0000
115.0000 0.0000
116.0000 0.0000
117.0000 0.0000
118.0000 0.0000
119.0000 0.0000
120.0000 0.0000
121.0000 0.0000
122.0000 0.0000
123.0000 0.0000
124.0000 0.0000
125.0000 0.0000
126.0000 0.0000
127.0000 0.0000
128.0000 0.0000
129.0000 0.0000
130.0000 0.0000
131.0000 0.0000
132.0000 0.0000
133.0000 0.0000
134.0000 0.0000
135.0000 0.0000
136.0000 0.0000
137.0000 0.0000
138.0000 0.0000
139.0000 0.0000
140.0000 0.0000
141.0000 0.0000
142.0000 0.0000
143.0000 0.0000
144.0000 0.0000
145.0000 0.0000
146.0000 0.0000
147.0000 0.0000
148.0000 0.0000
149.0000 0.0000
168.0000 0.0037
196.0000 0.0041
230.0000 0.0043
200.0000 0.0045
165.0000 0.0047
227.0000 0.0047
154.0000 0.0050
198.0000 0.0050
206.0000 0.0050
173.0000 0.0054
179.0000 0.0054
223.0000 0.0054
161.0000 0.0055
190.0000 0.0055
231.0000 0.0055
185.0000 0.0057
219.0000 0.0057
203.0000 0.0058
218.0000 0.0059
234.0000 0.0059
156.0000 0.0060
178.0000 0.0061
191.0000 0.0062
201.0000 0.0062
181.0000 0.0063
187.0000 0.0063
197.0000 0.0064
239.0000 0.0064
150.0000 0.0065
160.0000 0.0065
214.0000 0.0065
236.0000 0.0065
237.0000 0.0066
159.0000 0.0067
199.0000 0.0067
174.0000 0.0068
182.0000 0.0068
229.0000 0.0068
152.0000 0.0069
192.0000 0.0074
238.0000 0.0075
224.0000 0.0076
184.0000 0.0079
209.0000 0.0079
210.0000 0.0080
213.0000 0.0080
226.0000 0.0081
151.0000 0.0082
189.0000 0.0089
195.0000 0.0096
166.0000 0.0097
212.0000 0.0098
139.0000 0.0099
202.0000 0.0099
207.0000 0.0110
69.0000 0.0113
84.0000 0.0114
7.0000 0.0115
176.0000 0.0121
220.0000 0.0122
111.0000 0.0124
29.0000 0.0126
46.0000 0.0130
142.0000 0.0131
79.0000 0.0133
33.0000 0.0136
27.0000 0.0139
124.0000 0.0140
137.0000 0.0140
144.0000 0.0140
11.0000 0.0144
25.0000 0.0144
45.0000 0.0147
22.0000 0.0152
225.0000 0.0154
158.0000 0.0157
77.0000 0.0160
92.0000 0.0162
103.0000 0.0165
167.0000 0.0165
96.0000 0.0167
104.0000 0.0167
108.0000 0.0167
75.0000 0.0168
39.0000 0.0172
105.0000 0.0173
3.0000 0.0174
107.0000 0.0174
16.0000 0.0175
1.0000 0.0176
115.0000 0.0176
91.0000 0.0178
56.0000 0.0179
211.0000 0.0179
9.0000 0.0181
42.0000 0.0182
102.0000 0.0182
85.0000 0.0183
120.0000 0.0184
10.0000 0.0185
8.0000 0.0192
60.0000 0.0195
132.0000 0.0195
36.0000 0.0196
88.0000 0.0196
15.0000 0.0197
50.0000 0.0204
206.0000 0.0205
112.0000 0.0206
163.0000 0.0206
155.0000 0.0208
109.0000 0.0215
238.0000 0.0215
83.0000 0.0216
23.0000 0.0218
165.0000 0.0218
230.0000 0.0219
86.0000 0.0220
219.0000 0.0220
37.0000 0.0222
170.0000 0.0222
41.0000 0.0225
40.0000 0.0226
200.0000 0.0227
231.0000 0.0229
80.0000 0.0230
100.0000 0.0230
229.0000 0.0231
68.0000 0.0233
139.0000 0.0234
154.0000 0.0234
141.0000 0.0235
14.0000 0.0236
199.0000 0.0240
2.0000 0.0243
24.0000 0.0244
125.0000 0.0244
87.0000 0.0245
30.0000 0.0246
95.0000 0.0247
164.0000 0.0247
130.0000 0.0248
146.0000 0.0250
128.0000 0.0251
198.0000 0.0252
64.0000 0.0253
147.0000 0.0254
72.0000 0.0255
47.0000 0.0256
149.0000 0.0258
17.0000 0.0259
59.0000 0.0261
97.0000 0.0261
119.0000 0.0261
208.0000 0.0261
69.0000 0.0262
168.0000 0.0262
121.0000 0.0263
156.0000 0.0263
197.0000 0.0263
171.0000 0.0266
187.0000 0.0267
159.0000 0.0268
7.0000 0.0272
111.0000 0.0273
161.0000 0.0274
142.0000 0.0275
54.0000 0.0276
126.0000 0.0277
222.0000 0.0280
79.0000 0.0283
118.0000 0.0285
29.0000 0.0286
144.0000 0.0286
201.0000 0.0286
203.0000 0.0286
33.0000 0.0287
148.0000 0.0287
84.0000 0.0290
55.0000 0.0291
19.0000 0.0292
25.0000 0.0292
67.0000 0.0292
224.0000 0.0292
151.0000 0.0301
182.0000 0.0301
16.0000 0.0302
196.0000 0.0307
20.0000 0.0310
28.0000 0.0312
145.0000 0.0314
223.0000 0.0317
63.0000 0.0319
12.0000 0.0322
160.0000 0.0322
3.0000 0.0323
71.0000 0.0323
173.0000 0.0328
212.0000 0.0330
178.0000 0.0333
210.0000 0.0334
117.0000 0.0336
206.0000 0.0343
218.0000 0.0343
46.0000 0.0346
122.0000 0.0346
230.0000 0.0352
77.0000 0.0353
120.0000 0.0353
124.0000 0.0353
191.0000 0.0353
11.0000 0.0355
192.0000 0.0355
234.0000 0.0355
195.0000 0.0357
139.0000 0.0361
45.0000 0.0364
75.0000 0.0364
237.0000 0.0364
56.0000 0.0366
167.0000 0.0368
39.0000 0.0369
116.0000 0.0372
104.0000 0.0373
185.0000 0.0375
190.0000 0.0375
200.0000 0.0377
207.0000 0.0378
209.0000 0.0382
43.0000 0.0383
108.0000 0.0384
107.0000 0.0385
225.0000 0.0385
103.0000 0.0388
184.0000 0.0389
27.0000 0.0394
115.0000 0.0395
133.0000 0.0395
134.0000 0.0395
137.0000 0.0396
165.0000 0.0401
7.0000 0.0406
22.0000 0.0408
238.0000 0.0409
21.0000 0.0410
1.0000 0.0411
4.0000 0.0420
23.0000 0.0420
197.0000 0.0421
42.0000 0.0422
69.0000 0.0427
92.0000 0.0427
132.0000 0.0427
79.0000 0.0428
236.0000 0.0430
105.0000 0.0439
231.0000 0.0443
40.0000 0.0445
33.0000 0.0455
142.0000 0.0455
29.0000 0.0457
179.0000 0.0460
111.0000 0.0470
50.0000 0.0477
154.0000 0.0503
