0.0000 0.0000
1.0000 0.0000
2.0000 0.0000
3.0000 0.0000
4.0000 0.0000
5.0000 0.0000
6.0000 0.0000
7.0000 0.0000
8.0000 0.0000
9.0000 0.0000
10.0000 0.0000
11.0000 0.0000
12.0000 0.0000
13.0000 0.0000
14.0000 0.0000
15.0000 0.0000
16.0000 0.0000
17.0000 0.0000
18.0000 0.0000
19.0000 0.0000
20.0000 0.0000
21.0000 0.0000
22.0000 0.0000
23.0000 0.0000
24.0000 0.0000
25.0000 0.0000
26.0000 0.0000
27.0000 0.0000
28.0000 0.0000
29.0000 0.0000
30.0000 0.0000
31.0000 0.0000
32.0000 0.0000
33.0000 0.0000
34.0000 0.0000
35.0000 0.0000
36.0000 0.0000
37.0000 0.0000
38.0000 0.0000
39.0000 0.0000
40.0000 0.0000
41.0000 0.0000
42.0000 0.0000
43.0000 0.0000
44.0000 0.0000
45.0000 0.0000
46.0000 0.0000
47.0000 0.0000
48.0000 0.0000
49.0000 0.0000
50.0000 0.0000
51.0000 0.0000
52.0000 0.0000
53.0000 0.0000
54.0000 0.0000
55.0000 0.0000
56.0000 0.0000
57.0000 0.0000
58.0000 0.0000
59.0000 0.0000
60.0000 0.0000
61.0000 0.0000
62.0000 0.0000
63.0000 0.0000
64.0000 0.0000
65.0000 0.0000
66.0000 0.0000
67.0000 0.0000
68.0000 0.0000
69.0000 0.0000
70.0000 0.0000
71.0000 0.0000
72.0000 0.0000
73.0000 0.0000
74.0000 0.0000
75.0000 0.0000
76.0000 0.0000
77.0000 0.0000
78.0000 0.0000
79.0000 0.0000
80.0000 0.0000
81.0000 0.0000
82.0000 0.0000
83.0000 0.0000
84.0000 0.0000
85.0000 0.0000
86.0000 0.0000
87.0000 0.0000
88.0000 0.0000
89.0000 0.0000
90.0000 0.0000
91.0000 0.0000
92.0000 0.0000
93.0000 0.0000
94.0000 0.0000
95.0000 0.0000
96.0000 0.0000
97.0000 0.0000
98.0000 0.0000
99.0000 0.0000
100.0000 0.0000
101.0000 0.0000
102.0000 0.0000
103.0000 0.0000
104.0000 0.0000
105.0000 0.0000
106.0000 0.0000
107.0000 0.0000
108.0000 0.0000
109.0000 0.0000
110.0000 0.0000
111.0000 0.0000
112.0000 0.0000
113.0000 0.0000
114.0000 0.0000
115.0000 0.0000
116.0000 0.0000
117.0000 0.0000
118.0000 0.0000
119.0000 0.0000
120.0000 0.0000
121.0000 0.0000
122.0000 0.0000
123.0000 0.0000
124.0000 0.0000
125.0000 0.0000
126.0000 0.0000
127.0000 0.0000
128.0000 0.0000
129.0000 0.0000
130.0000 0.0000
131.0000 0.0000
132.0000 0.0000
133.0000 0.0000
134.0000 0.0000
135.0000 0.0000
136.0000 0.0000
137.0000 0.0000
138.0000 0.0000
139.0000 0.0000
140.0000 0.0000
141.0000 0.0000
142.0000 0.0000
143.0000 0.0000
144.0000 0.0000
145.0000 0.0000
146.0000 0.0000
147.0000 0.0000
148.0000 0.0000
149.0000 0.0000
168.0000 0.0038
238.0000 0.0040
185.0000 0.0043
209.0000 0.0043
202.0000 0.0045
211.0000 0.0047
233.0000 0.0049
164.0000 0.0050
177.0000 0.0050
187.0000 0.0052
188.0000 0.0052
215.0000 0.0052
179.0000 0.0053
219.0000 0.0053
166.0000 0.0055
195.0000 0.0055
200.0000 0.0055
231.0000 0.0055
158.0000 0.0056
159.0000 0.0056
194.0000 0.0057
214.0000 0.0057
210.0000 0.0058
232.0000 0.0058
237.0000 0.0058
223.0000 0.0059
153.0000 0.0061
229.0000 0.0062
151.0000 0.0063
221.0000 0.0063
182.0000 0.0064
178.0000 0.0065
193.0000 0.0066
192.0000 0.0070
150.0000 0.0072
206.0000 0.0072
207.0000 0.0076
154.0000 0.0078
218.0000 0.0078
181.0000 0.0080
201.0000 0.0083
203.0000 0.0083
169.0000 0.0085
199.0000 0.0088
228.0000 0.0088
66.0000 0.0092
152.0000 0.0094
167.0000 0.0094
174.0000 0.0097
155.0000 0.0102
184.0000 0.0102
204.0000 0.0102
56.0000 0.0105
213.0000 0.0106
65.0000 0.0107
9.0000 0.0109
86.0000 0.0109
3.0000 0.0110
157.0000 0.0110
180.0000 0.0112
106.0000 0.0113
234.0000 0.0114
230.0000 0.0117
198.0000 0.0118
15.0000 0.0125
163.0000 0.0129
6.0000 0.0130
129.0000 0.0130
88.0000 0.0131
26.0000 0.0132
113.0000 0.0133
29.0000 0.0134
118.0000 0.0136
60.0000 0.0139
133.0000 0.0142
141.0000 0.0142
197.0000 0.0142
28.0000 0.0143
79.0000 0.0146
82.0000 0.0146
48.0000 0.0147
235.0000 0.0147
135.0000 0.0155
105.0000 0.0162
80.0000 0.0163
117.0000 0.0164
31.0000 0.0166
7.0000 0.0167
94.0000 0.0169
36.0000 0.0170
40.0000 0.0170
115.0000 0.0170
111.0000 0.0173
25.0000 0.0175
53.0000 0.0176
73.0000 0.0177
124.0000 0.0178
188.0000 0.0185
33.0000 0.0190
216.0000 0.0191
93.0000 0.0192
225.0000 0.0192
10.0000 0.0193
100.0000 0.0193
226.0000 0.0193
37.0000 0.0195
20.0000 0.0196
134.0000 0.0196
57.0000 0.0199
136.0000 0.0199
116.0000 0.0200
142.0000 0.0201
1.0000 0.0205
17.0000 0.0206
187.0000 0.0207
47.0000 0.0208
139.0000 0.0208
97.0000 0.0209
125.0000 0.0209
162.0000 0.0209
220.0000 0.0210
186.0000 0.0212
128.0000 0.0213
215.0000 0.0214
0.0000 0.0215
84.0000 0.0215
126.0000 0.0216
192.0000 0.0216
66.0000 0.0219
90.0000 0.0220
177.0000 0.0220
95.0000 0.0224
210.0000 0.0226
12.0000 0.0227
38.0000 0.0227
86.0000 0.0229
19.0000 0.0236
39.0000 0.0238
221.0000 0.0238
195.0000 0.0240
83.0000 0.0243
99.0000 0.0243
168.0000 0.0243
44.0000 0.0246
68.0000 0.0247
194.0000 0.0248
11.0000 0.0249
212.0000 0.0249
199.0000 0.0251
65.0000 0.0252
120.0000 0.0253
147.0000 0.0253
3.0000 0.0254
63.0000 0.0254
18.0000 0.0256
214.0000 0.0256
9.0000 0.0257
98.0000 0.0259
22.0000 0.0263
131.0000 0.0263
211.0000 0.0263
35.0000 0.0266
87.0000 0.0266
42.0000 0.0267
232.0000 0.0267
21.0000 0.0268
203.0000 0.0268
106.0000 0.0271
223.0000 0.0271
56.0000 0.0272
89.0000 0.0272
236.0000 0.0272
34.0000 0.0274
224.0000 0.0274
26.0000 0.0277
137.0000 0.0279
180.0000 0.0280
79.0000 0.0283
104.0000 0.0283
129.0000 0.0284
202.0000 0.0285
32.0000 0.0295
218.0000 0.0295
204.0000 0.0296
52.0000 0.0297
155.0000 0.0300
201.0000 0.0303
166.0000 0.0305
108.0000 0.0306
29.0000 0.0308
71.0000 0.0310
141.0000 0.0311
70.0000 0.0313
181.0000 0.0313
207.0000 0.0314
60.0000 0.0315
88.0000 0.0319
193.0000 0.0320
153.0000 0.0321
130.0000 0.0322
133.0000 0.0322
233.0000 0.0325
140.0000 0.0326
143.0000 0.0327
234.0000 0.0327
151.0000 0.0328
158.0000 0.0331
167.0000 0.0333
59.0000 0.0334
91.0000 0.0338
48.0000 0.0340
115.0000 0.0343
66.0000 0.0344
82.0000 0.0346
179.0000 0.0352
45.0000 0.0353
188.0000 0.0355
154.0000 0.0356
6.0000 0.0357
72.0000 0.0358
36.0000 0.0359
169.0000 0.0359
94.0000 0.0361
7.0000 0.0362
15.0000 0.0364
114.0000 0.0365
231.0000 0.0366
50.0000 0.0369
86.0000 0.0372
206.0000 0.0372
187.0000 0.0373
31.0000 0.0375
118.0000 0.0376
150.0000 0.0376
121.0000 0.0378
192.0000 0.0378
228.0000 0.0379
69.0000 0.0382
20.0000 0.0383
9.0000 0.0384
41.0000 0.0384
53.0000 0.0384
49.0000 0.0385
67.0000 0.0386
92.0000 0.0386
111.0000 0.0386
135.0000 0.0386
215.0000 0.0388
177.0000 0.0391
238.0000 0.0393
113.0000 0.0397
210.0000 0.0397
65.0000 0.0400
10.0000 0.0402
174.0000 0.0402
222.0000 0.0402
194.0000 0.0403
3.0000 0.0410
191.0000 0.0410
199.0000 0.0410
28.0000 0.0413
125.0000 0.0413
139.0000 0.0417
56.0000 0.0424
97.0000 0.0427
168.0000 0.0428
144.0000 0.0429
26.0000 0.0433
159.0000 0.0433
219.0000 0.0433
25.0000 0.0434
134.0000 0.0435
221.0000 0.0439
106.0000 0.0446
37.0000 0.0451
117.0000 0.0460
129.0000 0.0461
190.0000 0.0462
223.0000 0.0464
34.0000 0.0470
116.0000 0.0474
33.0000 0.0475
102.0000 0.0484
214.0000 0.0487
93.0000 0.0488
141.0000 0.0491
29.0000 0.0496
142.0000 0.0500
204.0000 0.0502
124.0000 0.0503
200.0000 0.0507
1.0000 0.0512
82.0000 0.0517
66.0000 0.0523
79.0000 0.0523
180.0000 0.0525
100.0000 0.0527
120.0000 0.0536
88.0000 0.0547
73.0000 0.0557
9.0000 0.0564
48.0000 0.0576
86.0000 0.0580
