12.0000 0.0042
32.0000 0.0042
44.0000 0.0044
3.0000 0.0048
7.0000 0.0048
38.0000 0.0048
29.0000 0.0051
37.0000 0.0051
39.0000 0.0051
36.0000 0.0052
17.0000 0.0054
26.0000 0.0054
35.0000 0.0056
48.0000 0.0056
11.0000 0.0061
43.0000 0.0062
15.0000 0.0063
30.0000 0.0063
58.0000 0.0063
9.0000 0.0064
50.0000 0.0064
33.0000 0.0065
13.0000 0.0067
34.0000 0.0067
0.0000 0.0068
24.0000 0.0068
54.0000 0.0068
6.0000 0.0069
45.0000 0.0070
46.0000 0.0070
14.0000 0.0074
18.0000 0.0080
25.0000 0.0080
51.0000 0.0080
47.0000 0.0081
1.0000 0.0084
21.0000 0.0084
10.0000 0.0086
16.0000 0.0091
41.0000 0.0091
28.0000 0.0095
4.0000 0.0096
8.0000 0.0096
23.0000 0.0096
59.0000 0.0122
20.0000 0.0139
32.0000 0.0142
31.0000 0.0151
5.0000 0.0152
52.0000 0.0157
19.0000 0.0166
22.0000 0.0168
7.0000 0.0170
12.0000 0.0170
37.0000 0.0170
38.0000 0.0171
33.0000 0.0178
3.0000 0.0179
29.0000 0.0182
56.0000 0.0182
35.0000 0.0188
48.0000 0.0190
39.0000 0.0191
54.0000 0.0192
24.0000 0.0193
11.0000 0.0194
21.0000 0.0195
34.0000 0.0195
49.0000 0.0195
14.0000 0.0196
15.0000 0.0201
44.0000 0.0206
51.0000 0.0208
17.0000 0.0210
18.0000 0.0212
26.0000 0.0213
6.0000 0.0215
53.0000 0.0217
1.0000 0.0219
45.0000 0.0219
32.0000 0.0224
36.0000 0.0224
58.0000 0.0225
23.0000 0.0228
46.0000 0.0230
13.0000 0.0235
16.0000 0.0235
42.0000 0.0237
47.0000 0.0240
28.0000 0.0248
9.0000 0.0251
55.0000 0.0251
40.0000 0.0253
8.0000 0.0255
25.0000 0.0256
0.0000 0.0257
10.0000 0.0257
50.0000 0.0261
12.0000 0.0269
7.0000 0.0274
33.0000 0.0275
37.0000 0.0275
41.0000 0.0277
4.0000 0.0278
29.0000 0.0281
39.0000 0.0285
38.0000 0.0286
43.0000 0.0288
54.0000 0.0288
24.0000 0.0289
21.0000 0.0293
14.0000 0.0295
34.0000 0.0297
32.0000 0.0301
59.0000 0.0301
3.0000 0.0302
48.0000 0.0302
11.0000 0.0305
35.0000 0.0305
51.0000 0.0317
15.0000 0.0320
44.0000 0.0330
45.0000 0.0336
26.0000 0.0338
18.0000 0.0340
22.0000 0.0343
6.0000 0.0344
52.0000 0.0345
17.0000 0.0348
16.0000 0.0352
23.0000 0.0352
13.0000 0.0354
47.0000 0.0357
1.0000 0.0359
36.0000 0.0360
12.0000 0.0362
19.0000 0.0362
31.0000 0.0363
33.0000 0.0363
37.0000 0.0369
29.0000 0.0373
7.0000 0.0374
32.0000 0.0374
27.0000 0.0375
20.0000 0.0377
21.0000 0.0377
28.0000 0.0379
58.0000 0.0380
54.0000 0.0381
14.0000 0.0383
24.0000 0.0383
39.0000 0.0383
38.0000 0.0385
46.0000 0.0386
34.0000 0.0389
10.0000 0.0391
50.0000 0.0396
5.0000 0.0402
48.0000 0.0403
3.0000 0.0407
0.0000 0.0411
8.0000 0.0412
35.0000 0.0412
11.0000 0.0414
49.0000 0.0414
25.0000 0.0417
56.0000 0.0417
41.0000 0.0420
51.0000 0.0423
15.0000 0.0425
9.0000 0.0430
43.0000 0.0430
59.0000 0.0435
18.0000 0.0442
4.0000 0.0444
26.0000 0.0446
32.0000 0.0446
12.0000 0.0447
33.0000 0.0452
37.0000 0.0453
45.0000 0.0453
44.0000 0.0455
16.0000 0.0459
6.0000 0.0460
23.0000 0.0464
7.0000 0.0465
17.0000 0.0465
21.0000 0.0469
47.0000 0.0469
29.0000 0.0471
54.0000 0.0473
13.0000 0.0474
24.0000 0.0475
1.0000 0.0477
30.0000 0.0477
38.0000 0.0477
39.0000 0.0478
34.0000 0.0480
14.0000 0.0482
36.0000 0.0492
22.0000 0.0495
3.0000 0.0497
48.0000 0.0497
11.0000 0.0504
46.0000 0.0504
28.0000 0.0505
58.0000 0.0510
10.0000 0.0513
40.0000 0.0513
52.0000 0.0513
31.0000 0.0514
32.0000 0.0517
53.0000 0.0517
35.0000 0.0518
51.0000 0.0518
42.0000 0.0523
50.0000 0.0524
20.0000 0.0525
33.0000 0.0531
8.0000 0.0532
15.0000 0.0532
19.0000 0.0533
37.0000 0.0535
12.0000 0.0539
18.0000 0.0539
55.0000 0.0541
26.0000 0.0544
25.0000 0.0547
0.0000 0.0550
41.0000 0.0552
7.0000 0.0553
45.0000 0.0553
21.0000 0.0556
29.0000 0.0556
54.0000 0.0556
59.0000 0.0560
24.0000 0.0561
16.0000 0.0563
9.0000 0.0564
6.0000 0.0565
44.0000 0.0565
38.0000 0.0569
39.0000 0.0569
14.0000 0.0570
23.0000 0.0572
34.0000 0.0573
47.0000 0.0577
17.0000 0.0579
43.0000 0.0579
4.0000 0.0586
32.0000 0.0587
48.0000 0.0592
13.0000 0.0593
3.0000 0.0598
11.0000 0.0601
1.0000 0.0604
5.0000 0.0604
33.0000 0.0612
35.0000 0.0619
51.0000 0.0619
36.0000 0.0622
37.0000 0.0625
12.0000 0.0627
49.0000 0.0630
18.0000 0.0636
56.0000 0.0636
28.0000 0.0637
46.0000 0.0638
7.0000 0.0641
21.0000 0.0641
15.0000 0.0642
24.0000 0.0642
54.0000 0.0643
58.0000 0.0643
10.0000 0.0644
29.0000 0.0645
22.0000 0.0648
50.0000 0.0654
32.0000 0.0655
45.0000 0.0655
34.0000 0.0656
14.0000 0.0657
26.0000 0.0657
39.0000 0.0657
8.0000 0.0660
38.0000 0.0664
16.0000 0.0665
44.0000 0.0668
25.0000 0.0670
6.0000 0.0671
52.0000 0.0671
0.0000 0.0675
23.0000 0.0675
31.0000 0.0679
47.0000 0.0679
48.0000 0.0680
17.0000 0.0682
41.0000 0.0684
11.0000 0.0688
3.0000 0.0690
19.0000 0.0690
20.0000 0.0691
33.0000 0.0691
59.0000 0.0692
9.0000 0.0700
13.0000 0.0703
12.0000 0.0708
37.0000 0.0710
1.0000 0.0712
51.0000 0.0715
43.0000 0.0717
4.0000 0.0721
21.0000 0.0722
7.0000 0.0723
35.0000 0.0724
18.0000 0.0725
32.0000 0.0726
24.0000 0.0728
54.0000 0.0729
29.0000 0.0730
34.0000 0.0738
57.0000 0.0741
14.0000 0.0742
15.0000 0.0745
39.0000 0.0745
36.0000 0.0746
2.0000 0.0748
38.0000 0.0750
45.0000 0.0752
42.0000 0.0753
46.0000 0.0753
28.0000 0.0755
27.0000 0.0757
26.0000 0.0758
30.0000 0.0759
58.0000 0.0760
16.0000 0.0761
10.0000 0.0763
5.0000 0.0764
48.0000 0.0765
33.0000 0.0769
44.0000 0.0772
50.0000 0.0772
55.0000 0.0772
23.0000 0.0774
53.0000 0.0776
6.0000 0.0777
11.0000 0.0778
17.0000 0.0778
47.0000 0.0778
3.0000 0.0780
8.0000 0.0792
22.0000 0.0793
12.0000 0.0794
37.0000 0.0794
25.0000 0.0795
32.0000 0.0795
21.0000 0.0802
7.0000 0.0806
49.0000 0.0806
24.0000 0.0809
0.0000 0.0811
40.0000 0.0812
51.0000 0.0814
13.0000 0.0815
54.0000 0.0817
29.0000 0.0818
18.0000 0.0819
41.0000 0.0823
35.0000 0.0824
34.0000 0.0828
1.0000 0.0829
56.0000 0.0831
59.0000 0.0833
14.0000 0.0834
39.0000 0.0834
19.0000 0.0840
38.0000 0.0842
9.0000 0.0847
31.0000 0.0847
15.0000 0.0848
33.0000 0.0851
52.0000 0.0851
45.0000 0.0855
16.0000 0.0856
26.0000 0.0856
48.0000 0.0856
32.0000 0.0865
43.0000 0.0865
20.0000 0.0868
11.0000 0.0871
28.0000 0.0871
36.0000 0.0871
44.0000 0.0871
3.0000 0.0872
4.0000 0.0872
46.0000 0.0875
12.0000 0.0877
23.0000 0.0878
6.0000 0.0882
37.0000 0.0882
21.0000 0.0883
47.0000 0.0883
10.0000 0.0884
17.0000 0.0886
24.0000 0.0888
7.0000 0.0891
58.0000 0.0891
50.0000 0.0895
29.0000 0.0903
54.0000 0.0905
34.0000 0.0909
18.0000 0.0911
51.0000 0.0911
8.0000 0.0918
25.0000 0.0918
14.0000 0.0919
13.0000 0.0922
39.0000 0.0924
35.0000 0.0925
33.0000 0.0927
38.0000 0.0928
32.0000 0.0932
1.0000 0.0935
0.0000 0.0945
22.0000 0.0946
48.0000 0.0946
15.0000 0.0952
16.0000 0.0953
5.0000 0.0956
41.0000 0.0958
12.0000 0.0960
45.0000 0.0960
11.0000 0.0962
59.0000 0.0963
3.0000 0.0964
26.0000 0.0964
37.0000 0.0964
21.0000 0.0967
24.0000 0.0968
49.0000 0.0974
7.0000 0.0976
9.0000 0.0976
44.0000 0.0977
23.0000 0.0979
6.0000 0.0981
17.0000 0.0982
47.0000 0.0983
29.0000 0.0984
46.0000 0.0984
28.0000 0.0988
54.0000 0.0988
34.0000 0.0989
19.0000 0.0990
36.0000 0.0992
52.0000 0.0992
18.0000 0.0996
51.0000 0.0997
32.0000 0.0999
14.0000 0.1000
43.0000 0.1001
33.0000 0.1002
42.0000 0.1002
50.0000 0.1003
10.0000 0.1005
55.0000 0.1006
31.0000 0.1007
39.0000 0.1007
20.0000 0.1008
58.0000 0.1009
38.0000 0.1016
4.0000 0.1018
53.0000 0.1022
35.0000 0.1023
56.0000 0.1030
8.0000 0.1032
48.0000 0.1032
13.0000 0.1033
25.0000 0.1038
1.0000 0.1039
12.0000 0.1043
16.0000 0.1046
21.0000 0.1047
37.0000 0.1048
24.0000 0.1051
11.0000 0.1052
3.0000 0.1056
15.0000 0.1056
7.0000 0.1059
45.0000 0.1064
0.0000 0.1069
29.0000 0.1069
32.0000 0.1069
26.0000 0.1076
34.0000 0.1076
54.0000 0.1077
23.0000 0.1079
44.0000 0.1079
47.0000 0.1086
40.0000 0.1087
18.0000 0.1088
22.0000 0.1088
33.0000 0.1088
6.0000 0.1089
17.0000 0.1090
14.0000 0.1091
39.0000 0.1096
41.0000 0.1097
51.0000 0.1097
59.0000 0.1099
9.0000 0.1105
30.0000 0.1105
38.0000 0.1105
28.0000 0.1108
46.0000 0.1110
10.0000 0.1116
36.0000 0.1116
35.0000 0.1118
21.0000 0.1121
48.0000 0.1123
12.0000 0.1126
19.0000 0.1126
37.0000 0.1129
50.0000 0.1129
58.0000 0.1129
24.0000 0.1133
13.0000 0.1134
32.0000 0.1134
43.0000 0.1137
16.0000 0.1139
52.0000 0.1139
7.0000 0.1140
1.0000 0.1142
49.0000 0.1142
11.0000 0.1145
3.0000 0.1149
15.0000 0.1149
29.0000 0.1149
4.0000 0.1151
34.0000 0.1152
8.0000 0.1156
25.0000 0.1156
45.0000 0.1157
5.0000 0.1163
54.0000 0.1163
33.0000 0.1168
20.0000 0.1169
27.0000 0.1169
26.0000 0.1171
31.0000 0.1176
23.0000 0.1179
14.0000 0.1180
44.0000 0.1181
18.0000 0.1182
47.0000 0.1185
39.0000 0.1189
51.0000 0.1192
17.0000 0.1193
38.0000 0.1199
0.0000 0.1201
6.0000 0.1201
21.0000 0.1201
32.0000 0.1201
37.0000 0.1207
56.0000 0.1207
12.0000 0.1210
48.0000 0.1212
24.0000 0.1215
46.0000 0.1216
35.0000 0.1218
41.0000 0.1220
7.0000 0.1221
42.0000 0.1223
28.0000 0.1224
55.0000 0.1229
59.0000 0.1229
34.0000 0.1231
22.0000 0.1232
29.0000 0.1232
16.0000 0.1233
11.0000 0.1234
36.0000 0.1234
10.0000 0.1235
9.0000 0.1238
3.0000 0.1241
1.0000 0.1245
13.0000 0.1246
15.0000 0.1246
54.0000 0.1250
33.0000 0.1251
58.0000 0.1251
45.0000 0.1253
50.0000 0.1260
14.0000 0.1262
43.0000 0.1264
53.0000 0.1264
32.0000 0.1269
8.0000 0.1271
39.0000 0.1271
19.0000 0.1272
26.0000 0.1273
23.0000 0.1274
25.0000 0.1276
18.0000 0.1279
21.0000 0.1281
4.0000 0.1282
51.0000 0.1282
44.0000 0.1285
38.0000 0.1287
37.0000 0.1289
47.0000 0.1290
12.0000 0.1293
24.0000 0.1296
48.0000 0.1298
52.0000 0.1300
17.0000 0.1301
7.0000 0.1304
6.0000 0.1307
35.0000 0.1312
20.0000 0.1313
34.0000 0.1314
29.0000 0.1315
49.0000 0.1322
0.0000 0.1323
11.0000 0.1323
16.0000 0.1328
46.0000 0.1328
33.0000 0.1329
5.0000 0.1332
3.0000 0.1335
54.0000 0.1335
40.0000 0.1337
32.0000 0.1338
15.0000 0.1344
28.0000 0.1345
14.0000 0.1346
31.0000 0.1346
10.0000 0.1347
13.0000 0.1347
45.0000 0.1349
36.0000 0.1351
41.0000 0.1353
59.0000 0.1353
1.0000 0.1360
21.0000 0.1360
39.0000 0.1360
58.0000 0.1365
9.0000 0.1368
22.0000 0.1368
18.0000 0.1370
37.0000 0.1371
51.0000 0.1372
12.0000 0.1375
24.0000 0.1375
23.0000 0.1377
56.0000 0.1379
38.0000 0.1381
26.0000 0.1382
8.0000 0.1384
50.0000 0.1384
48.0000 0.1388
43.0000 0.1389
7.0000 0.1391
44.0000 0.1392
34.0000 0.1394
47.0000 0.1394
25.0000 0.1399
29.0000 0.1400
17.0000 0.1401
32.0000 0.1405
6.0000 0.1406
33.0000 0.1409
35.0000 0.1413
11.0000 0.1415
19.0000 0.1415
54.0000 0.1418
4.0000 0.1421
30.0000 0.1421
16.0000 0.1422
3.0000 0.1432
14.0000 0.1432
52.0000 0.1440
46.0000 0.1441
42.0000 0.1442
21.0000 0.1444
13.0000 0.1446
0.0000 0.1447
45.0000 0.1447
15.0000 0.1449
37.0000 0.1450
55.0000 0.1450
39.0000 0.1452
12.0000 0.1456
24.0000 0.1459
18.0000 0.1460
10.0000 0.1463
36.0000 0.1463
1.0000 0.1464
28.0000 0.1466
38.0000 0.1466
51.0000 0.1467
32.0000 0.1471
34.0000 0.1474
59.0000 0.1474
7.0000 0.1475
23.0000 0.1476
58.0000 0.1478
20.0000 0.1480
48.0000 0.1480
41.0000 0.1482
29.0000 0.1483
26.0000 0.1488
33.0000 0.1488
53.0000 0.1488
5.0000 0.1492
9.0000 0.1492
44.0000 0.1492
47.0000 0.1493
49.0000 0.1496
8.0000 0.1499
54.0000 0.1502
22.0000 0.1504
43.0000 0.1504
6.0000 0.1506
17.0000 0.1507
35.0000 0.1507
11.0000 0.1509
31.0000 0.1509
50.0000 0.1511
16.0000 0.1513
14.0000 0.1516
25.0000 0.1518
3.0000 0.1527
21.0000 0.1527
37.0000 0.1533
12.0000 0.1539
32.0000 0.1539
57.0000 0.1539
39.0000 0.1540
24.0000 0.1546
27.0000 0.1546
45.0000 0.1547
13.0000 0.1550
15.0000 0.1550
18.0000 0.1551
38.0000 0.1553
19.0000 0.1555
56.0000 0.1557
46.0000 0.1558
7.0000 0.1561
34.0000 0.1561
4.0000 0.1562
51.0000 0.1564
29.0000 0.1566
0.0000 0.1567
33.0000 0.1568
1.0000 0.1572
48.0000 0.1575
23.0000 0.1579
36.0000 0.1579
40.0000 0.1580
10.0000 0.1582
54.0000 0.1583
44.0000 0.1587
28.0000 0.1590
26.0000 0.1591
47.0000 0.1596
58.0000 0.1597
11.0000 0.1602
14.0000 0.1602
16.0000 0.1602
35.0000 0.1604
21.0000 0.1605
32.0000 0.1605
17.0000 0.1607
59.0000 0.1609
52.0000 0.1610
37.0000 0.1615
6.0000 0.1617
43.0000 0.1620
20.0000 0.1621
12.0000 0.1622
3.0000 0.1624
9.0000 0.1624
41.0000 0.1625
50.0000 0.1625
24.0000 0.1627
8.0000 0.1631
39.0000 0.1631
25.0000 0.1637
18.0000 0.1638
38.0000 0.1639
34.0000 0.1644
7.0000 0.1645
22.0000 0.1646
33.0000 0.1646
29.0000 0.1648
45.0000 0.1648
13.0000 0.1649
15.0000 0.1650
49.0000 0.1659
51.0000 0.1660
48.0000 0.1664
54.0000 0.1665
46.0000 0.1668
55.0000 0.1668
1.0000 0.1670
32.0000 0.1671
42.0000 0.1675
14.0000 0.1683
23.0000 0.1683
44.0000 0.1683
5.0000 0.1684
31.0000 0.1685
21.0000 0.1686
26.0000 0.1686
0.0000 0.1687
11.0000 0.1692
4.0000 0.1693
16.0000 0.1693
19.0000 0.1695
37.0000 0.1695
47.0000 0.1697
36.0000 0.1698
10.0000 0.1699
12.0000 0.1701
35.0000 0.1703
28.0000 0.1706
24.0000 0.1709
3.0000 0.1713
39.0000 0.1714
17.0000 0.1715
58.0000 0.1717
53.0000 0.1718
6.0000 0.1724
33.0000 0.1726
38.0000 0.1727
7.0000 0.1728
34.0000 0.1728
18.0000 0.1729
59.0000 0.1731
29.0000 0.1732
32.0000 0.1738
45.0000 0.1742
50.0000 0.1745
15.0000 0.1746
56.0000 0.1747
43.0000 0.1749
8.0000 0.1750
54.0000 0.1750
51.0000 0.1753
13.0000 0.1757
41.0000 0.1757
48.0000 0.1758
25.0000 0.1760
30.0000 0.1761
9.0000 0.1762
14.0000 0.1768
21.0000 0.1769
52.0000 0.1773
37.0000 0.1775
20.0000 0.1779
46.0000 0.1779
11.0000 0.1782
1.0000 0.1785
44.0000 0.1785
12.0000 0.1786
16.0000 0.1786
26.0000 0.1787
22.0000 0.1788
23.0000 0.1789
24.0000 0.1791
47.0000 0.1799
3.0000 0.1800
35.0000 0.1801
33.0000 0.1802
32.0000 0.1804
39.0000 0.1804
34.0000 0.1809
7.0000 0.1810
10.0000 0.1810
38.0000 0.1810
0.0000 0.1811
29.0000 0.1812
36.0000 0.1814
18.0000 0.1815
17.0000 0.1818
4.0000 0.1822
6.0000 0.1823
28.0000 0.1823
54.0000 0.1832
58.0000 0.1832
19.0000 0.1834
45.0000 0.1838
40.0000 0.1839
15.0000 0.1842
59.0000 0.1843
48.0000 0.1845
51.0000 0.1845
21.0000 0.1849
49.0000 0.1850
14.0000 0.1852
5.0000 0.1853
37.0000 0.1853
13.0000 0.1858
31.0000 0.1858
55.0000 0.1861
8.0000 0.1863
12.0000 0.1866
50.0000 0.1869
24.0000 0.1871
32.0000 0.1871
43.0000 0.1873
11.0000 0.1874
41.0000 0.1875
25.0000 0.1876
16.0000 0.1879
33.0000 0.1881
44.0000 0.1883
46.0000 0.1883
1.0000 0.1884
3.0000 0.1888
23.0000 0.1891
34.0000 0.1891
39.0000 0.1892
26.0000 0.1893
7.0000 0.1894
29.0000 0.1899
35.0000 0.1901
42.0000 0.1901
38.0000 0.1902
47.0000 0.1902
9.0000 0.1908
18.0000 0.1913
54.0000 0.1915
52.0000 0.1919
6.0000 0.1924
56.0000 0.1928
0.0000 0.1929
22.0000 0.1929
17.0000 0.1930
21.0000 0.1930
36.0000 0.1932
10.0000 0.1933
14.0000 0.1933
45.0000 0.1933
28.0000 0.1934
37.0000 0.1936
32.0000 0.1937
48.0000 0.1938
51.0000 0.1941
12.0000 0.1946
20.0000 0.1946
15.0000 0.1947
58.0000 0.1950
24.0000 0.1953
33.0000 0.1959
53.0000 0.1960
11.0000 0.1962
4.0000 0.1964
13.0000 0.1964
27.0000 0.1967
34.0000 0.1969
59.0000 0.1970
16.0000 0.1973
19.0000 0.1973
3.0000 0.1974
39.0000 0.1975
7.0000 0.1977
8.0000 0.1977
44.0000 0.1980
29.0000 0.1984
23.0000 0.1988
38.0000 0.1988
46.0000 0.1988
1.0000 0.1991
26.0000 0.1994
50.0000 0.1994
25.0000 0.1995
35.0000 0.1995
54.0000 0.1995
41.0000 0.1997
43.0000 0.1997
47.0000 0.1998
