21.0000 0.0038
12.0000 0.0041
7.0000 0.0043
47.0000 0.0043
15.0000 0.0045
26.0000 0.0045
19.0000 0.0046
51.0000 0.0047
4.0000 0.0050
44.0000 0.0051
55.0000 0.0051
33.0000 0.0053
9.0000 0.0054
14.0000 0.0054
53.0000 0.0056
29.0000 0.0057
54.0000 0.0061
25.0000 0.0062
37.0000 0.0062
24.0000 0.0064
36.0000 0.0064
41.0000 0.0064
58.0000 0.0064
42.0000 0.0065
3.0000 0.0066
27.0000 0.0066
17.0000 0.0067
57.0000 0.0068
46.0000 0.0070
10.0000 0.0072
35.0000 0.0073
1.0000 0.0075
8.0000 0.0077
45.0000 0.0077
2.0000 0.0080
23.0000 0.0085
31.0000 0.0086
39.0000 0.0095
11.0000 0.0108
13.0000 0.0113
48.0000 0.0117
52.0000 0.0122
0.0000 0.0137
30.0000 0.0146
50.0000 0.0161
7.0000 0.0168
15.0000 0.0170
58.0000 0.0178
28.0000 0.0181
14.0000 0.0184
12.0000 0.0185
40.0000 0.0189
51.0000 0.0195
29.0000 0.0199
47.0000 0.0200
44.0000 0.0206
55.0000 0.0231
21.0000 0.0235
41.0000 0.0239
17.0000 0.0243
36.0000 0.0250
18.0000 0.0252
46.0000 0.0254
10.0000 0.0255
33.0000 0.0259
24.0000 0.0268
26.0000 0.0277
49.0000 0.0285
8.0000 0.0286
11.0000 0.0286
42.0000 0.0296
7.0000 0.0297
3.0000 0.0298
15.0000 0.0298
20.0000 0.0307
35.0000 0.0307
54.0000 0.0308
57.0000 0.0308
58.0000 0.0308
23.0000 0.0311
39.0000 0.0313
53.0000 0.0323
34.0000 0.0324
9.0000 0.0325
31.0000 0.0326
27.0000 0.0334
45.0000 0.0334
52.0000 0.0334
29.0000 0.0337
51.0000 0.0341
14.0000 0.0348
12.0000 0.0351
37.0000 0.0351
13.0000 0.0356
48.0000 0.0359
17.0000 0.0384
44.0000 0.0387
47.0000 0.0414
55.0000 0.0415
15.0000 0.0416
28.0000 0.0421
7.0000 0.0427
58.0000 0.0428
10.0000 0.0433
46.0000 0.0434
41.0000 0.0443
36.0000 0.0445
4.0000 0.0449
24.0000 0.0457
33.0000 0.0459
23.0000 0.0469
21.0000 0.0476
42.0000 0.0485
29.0000 0.0495
35.0000 0.0497
8.0000 0.0505
51.0000 0.0505
11.0000 0.0508
39.0000 0.0510
45.0000 0.0520
2.0000 0.0522
12.0000 0.0523
14.0000 0.0523
17.0000 0.0524
57.0000 0.0534
26.0000 0.0536
31.0000 0.0538
3.0000 0.0547
58.0000 0.0548
15.0000 0.0555
48.0000 0.0558
52.0000 0.0562
37.0000 0.0564
27.0000 0.0569
7.0000 0.0572
25.0000 0.0572
49.0000 0.0576
47.0000 0.0588
46.0000 0.0592
44.0000 0.0607
10.0000 0.0622
13.0000 0.0643
58.0000 0.0700
