40.0000 0.0043
49.0000 0.0046
31.0000 0.0047
11.0000 0.0048
25.0000 0.0049
33.0000 0.0051
47.0000 0.0051
32.0000 0.0052
20.0000 0.0055
26.0000 0.0055
30.0000 0.0057
59.0000 0.0057
52.0000 0.0058
5.0000 0.0059
50.0000 0.0059
17.0000 0.0061
35.0000 0.0061
45.0000 0.0061
55.0000 0.0061
23.0000 0.0063
56.0000 0.0065
41.0000 0.0067
1.0000 0.0068
14.0000 0.0068
36.0000 0.0068
18.0000 0.0070
22.0000 0.0072
10.0000 0.0074
12.0000 0.0076
53.0000 0.0076
57.0000 0.0076
43.0000 0.0079
29.0000 0.0085
51.0000 0.0085
7.0000 0.0086
8.0000 0.0086
44.0000 0.0087
48.0000 0.0088
58.0000 0.0088
13.0000 0.0100
3.0000 0.0109
38.0000 0.0110
46.0000 0.0112
54.0000 0.0113
24.0000 0.0117
16.0000 0.0119
37.0000 0.0136
15.0000 0.0166
20.0000 0.0168
9.0000 0.0169
32.0000 0.0169
4.0000 0.0177
50.0000 0.0182
34.0000 0.0183
19.0000 0.0185
27.0000 0.0185
0.0000 0.0186
2.0000 0.0188
11.0000 0.0190
21.0000 0.0190
31.0000 0.0193
18.0000 0.0195
28.0000 0.0195
47.0000 0.0197
30.0000 0.0198
45.0000 0.0198
49.0000 0.0198
5.0000 0.0200
14.0000 0.0203
25.0000 0.0207
56.0000 0.0207
59.0000 0.0207
40.0000 0.0212
23.0000 0.0221
55.0000 0.0223
17.0000 0.0224
52.0000 0.0232
33.0000 0.0233
53.0000 0.0234
1.0000 0.0236
8.0000 0.0238
35.0000 0.0239
57.0000 0.0239
12.0000 0.0251
29.0000 0.0257
44.0000 0.0260
20.0000 0.0263
43.0000 0.0263
32.0000 0.0264
10.0000 0.0271
13.0000 0.0274
26.0000 0.0278
24.0000 0.0281
50.0000 0.0293
38.0000 0.0296
46.0000 0.0306
51.0000 0.0306
3.0000 0.0307
16.0000 0.0310
18.0000 0.0316
39.0000 0.0317
45.0000 0.0321
31.0000 0.0324
48.0000 0.0327
14.0000 0.0335
47.0000 0.0335
11.0000 0.0336
22.0000 0.0336
36.0000 0.0337
5.0000 0.0342
58.0000 0.0348
30.0000 0.0350
17.0000 0.0353
49.0000 0.0354
25.0000 0.0358
41.0000 0.0358
56.0000 0.0360
32.0000 0.0361
8.0000 0.0363
20.0000 0.0363
59.0000 0.0363
35.0000 0.0364
55.0000 0.0365
40.0000 0.0366
1.0000 0.0369
23.0000 0.0370
33.0000 0.0372
7.0000 0.0373
52.0000 0.0374
37.0000 0.0379
57.0000 0.0383
9.0000 0.0389
50.0000 0.0391
44.0000 0.0396
53.0000 0.0399
29.0000 0.0406
10.0000 0.0409
15.0000 0.0412
12.0000 0.0414
43.0000 0.0415
54.0000 0.0417
4.0000 0.0421
13.0000 0.0422
18.0000 0.0422
45.0000 0.0427
19.0000 0.0431
31.0000 0.0441
14.0000 0.0444
38.0000 0.0445
28.0000 0.0448
5.0000 0.0449
24.0000 0.0450
26.0000 0.0450
32.0000 0.0454
11.0000 0.0455
20.0000 0.0455
27.0000 0.0459
47.0000 0.0459
51.0000 0.0459
3.0000 0.0461
46.0000 0.0463
17.0000 0.0467
30.0000 0.0477
35.0000 0.0483
49.0000 0.0483
16.0000 0.0484
50.0000 0.0485
56.0000 0.0485
1.0000 0.0487
59.0000 0.0489
8.0000 0.0491
25.0000 0.0501
55.0000 0.0504
57.0000 0.0504
23.0000 0.0506
33.0000 0.0506
2.0000 0.0517
18.0000 0.0523
58.0000 0.0523
36.0000 0.0526
48.0000 0.0527
40.0000 0.0530
45.0000 0.0530
32.0000 0.0537
52.0000 0.0538
20.0000 0.0542
29.0000 0.0542
44.0000 0.0544
31.0000 0.0547
34.0000 0.0551
12.0000 0.0552
10.0000 0.0554
53.0000 0.0554
14.0000 0.0555
5.0000 0.0559
41.0000 0.0562
43.0000 0.0563
9.0000 0.0566
13.0000 0.0568
47.0000 0.0572
37.0000 0.0574
50.0000 0.0575
11.0000 0.0579
22.0000 0.0580
42.0000 0.0580
24.0000 0.0583
38.0000 0.0589
17.0000 0.0590
3.0000 0.0595
51.0000 0.0596
21.0000 0.0600
1.0000 0.0602
8.0000 0.0603
56.0000 0.0603
35.0000 0.0604
0.0000 0.0606
26.0000 0.0608
30.0000 0.0608
19.0000 0.0611
49.0000 0.0613
39.0000 0.0614
18.0000 0.0616
23.0000 0.0619
46.0000 0.0620
55.0000 0.0621
32.0000 0.0623
25.0000 0.0626
57.0000 0.0627
59.0000 0.0627
45.0000 0.0628
54.0000 0.0628
20.0000 0.0629
16.0000 0.0633
7.0000 0.0634
4.0000 0.0637
33.0000 0.0641
15.0000 0.0642
14.0000 0.0663
31.0000 0.0664
5.0000 0.0665
50.0000 0.0668
44.0000 0.0671
40.0000 0.0676
29.0000 0.0678
12.0000 0.0681
28.0000 0.0684
10.0000 0.0687
52.0000 0.0692
13.0000 0.0693
53.0000 0.0694
17.0000 0.0698
47.0000 0.0701
11.0000 0.0703
48.0000 0.0703
43.0000 0.0705
32.0000 0.0707
58.0000 0.0709
18.0000 0.0710
27.0000 0.0715
36.0000 0.0715
20.0000 0.0717
1.0000 0.0718
8.0000 0.0718
56.0000 0.0718
30.0000 0.0723
35.0000 0.0723
45.0000 0.0725
51.0000 0.0726
24.0000 0.0727
38.0000 0.0729
3.0000 0.0732
49.0000 0.0739
23.0000 0.0740
55.0000 0.0743
26.0000 0.0745
57.0000 0.0750
50.0000 0.0752
9.0000 0.0753
59.0000 0.0756
33.0000 0.0760
37.0000 0.0760
31.0000 0.0762
14.0000 0.0763
25.0000 0.0768
41.0000 0.0768
46.0000 0.0768
5.0000 0.0774
2.0000 0.0786
6.0000 0.0786
16.0000 0.0787
32.0000 0.0788
19.0000 0.0791
22.0000 0.0795
44.0000 0.0798
18.0000 0.0799
20.0000 0.0799
10.0000 0.0805
47.0000 0.0806
12.0000 0.0808
17.0000 0.0808
40.0000 0.0808
11.0000 0.0810
29.0000 0.0811
13.0000 0.0812
8.0000 0.0813
43.0000 0.0818
53.0000 0.0821
56.0000 0.0821
1.0000 0.0824
45.0000 0.0824
52.0000 0.0828
54.0000 0.0832
50.0000 0.0835
30.0000 0.0837
35.0000 0.0841
4.0000 0.0847
34.0000 0.0850
7.0000 0.0851
23.0000 0.0851
15.0000 0.0853
38.0000 0.0853
55.0000 0.0853
49.0000 0.0855
51.0000 0.0855
24.0000 0.0858
14.0000 0.0859
3.0000 0.0861
31.0000 0.0862
57.0000 0.0864
32.0000 0.0870
26.0000 0.0874
48.0000 0.0877
58.0000 0.0878
5.0000 0.0882
59.0000 0.0882
20.0000 0.0886
18.0000 0.0888
33.0000 0.0889
39.0000 0.0889
36.0000 0.0897
25.0000 0.0907
44.0000 0.0915
47.0000 0.0915
46.0000 0.0917
9.0000 0.0919
17.0000 0.0920
27.0000 0.0920
45.0000 0.0921
50.0000 0.0923
8.0000 0.0925
11.0000 0.0929
37.0000 0.0929
29.0000 0.0930
16.0000 0.0931
21.0000 0.0931
13.0000 0.0933
40.0000 0.0933
10.0000 0.0934
56.0000 0.0934
28.0000 0.0935
41.0000 0.0935
1.0000 0.0937
12.0000 0.0937
32.0000 0.0949
53.0000 0.0950
43.0000 0.0951
30.0000 0.0952
52.0000 0.0954
14.0000 0.0956
35.0000 0.0956
23.0000 0.0962
55.0000 0.0962
0.0000 0.0964
20.0000 0.0965
31.0000 0.0967
57.0000 0.0968
19.0000 0.0969
38.0000 0.0974
49.0000 0.0976
22.0000 0.0977
24.0000 0.0978
18.0000 0.0982
51.0000 0.0984
3.0000 0.0987
5.0000 0.0993
59.0000 0.0994
26.0000 0.1008
50.0000 0.1008
25.0000 0.1010
45.0000 0.1010
33.0000 0.1023
47.0000 0.1024
8.0000 0.1025
32.0000 0.1027
2.0000 0.1029
17.0000 0.1031
44.0000 0.1033
11.0000 0.1036
15.0000 0.1042
56.0000 0.1043
29.0000 0.1044
48.0000 0.1044
58.0000 0.1045
1.0000 0.1046
54.0000 0.1046
10.0000 0.1047
13.0000 0.1047
4.0000 0.1049
20.0000 0.1050
46.0000 0.1050
40.0000 0.1051
14.0000 0.1058
30.0000 0.1058
34.0000 0.1062
12.0000 0.1063
31.0000 0.1066
35.0000 0.1068
55.0000 0.1068
7.0000 0.1069
23.0000 0.1070
18.0000 0.1071
16.0000 0.1072
43.0000 0.1072
9.0000 0.1076
53.0000 0.1076
52.0000 0.1082
36.0000 0.1089
50.0000 0.1089
49.0000 0.1091
57.0000 0.1096
5.0000 0.1100
38.0000 0.1100
37.0000 0.1101
45.0000 0.1103
32.0000 0.1105
59.0000 0.1105
24.0000 0.1107
3.0000 0.1111
41.0000 0.1111
28.0000 0.1119
51.0000 0.1121
27.0000 0.1122
20.0000 0.1130
47.0000 0.1132
17.0000 0.1135
25.0000 0.1138
33.0000 0.1143
8.0000 0.1144
11.0000 0.1144
44.0000 0.1148
19.0000 0.1151
1.0000 0.1153
14.0000 0.1154
29.0000 0.1154
56.0000 0.1154
40.0000 0.1157
13.0000 0.1158
18.0000 0.1158
22.0000 0.1160
26.0000 0.1160
31.0000 0.1169
23.0000 0.1171
50.0000 0.1171
46.0000 0.1173
55.0000 0.1176
10.0000 0.1177
35.0000 0.1178
30.0000 0.1179
32.0000 0.1184
43.0000 0.1185
12.0000 0.1186
53.0000 0.1192
21.0000 0.1193
39.0000 0.1197
45.0000 0.1198
58.0000 0.1199
5.0000 0.1207
52.0000 0.1207
57.0000 0.1208
20.0000 0.1210
48.0000 0.1210
42.0000 0.1213
49.0000 0.1214
59.0000 0.1217
16.0000 0.1220
4.0000 0.1229
47.0000 0.1229
38.0000 0.1230
15.0000 0.1231
54.0000 0.1231
3.0000 0.1233
24.0000 0.1233
17.0000 0.1235
9.0000 0.1237
51.0000 0.1241
8.0000 0.1244
1.0000 0.1245
18.0000 0.1249
14.0000 0.1250
36.0000 0.1250
50.0000 0.1253
37.0000 0.1254
33.0000 0.1256
44.0000 0.1257
11.0000 0.1258
32.0000 0.1264
56.0000 0.1266
13.0000 0.1268
25.0000 0.1272
31.0000 0.1272
41.0000 0.1272
29.0000 0.1274
7.0000 0.1277
40.0000 0.1279
23.0000 0.1284
30.0000 0.1284
35.0000 0.1284
26.0000 0.1287
55.0000 0.1287
10.0000 0.1288
45.0000 0.1289
20.0000 0.1291
12.0000 0.1295
0.0000 0.1297
46.0000 0.1302
5.0000 0.1304
43.0000 0.1310
28.0000 0.1311
2.0000 0.1313
53.0000 0.1318
27.0000 0.1321
52.0000 0.1331
59.0000 0.1333
57.0000 0.1334
49.0000 0.1335
50.0000 0.1338
47.0000 0.1340
17.0000 0.1342
18.0000 0.1345
32.0000 0.1346
19.0000 0.1348
34.0000 0.1348
8.0000 0.1355
14.0000 0.1355
24.0000 0.1356
22.0000 0.1358
1.0000 0.1359
38.0000 0.1360
51.0000 0.1360
3.0000 0.1363
16.0000 0.1366
11.0000 0.1369
20.0000 0.1371
58.0000 0.1371
44.0000 0.1372
31.0000 0.1373
48.0000 0.1374
45.0000 0.1377
56.0000 0.1381
13.0000 0.1385
25.0000 0.1385
33.0000 0.1391
35.0000 0.1394
29.0000 0.1395
23.0000 0.1400
30.0000 0.1400
55.0000 0.1404
9.0000 0.1405
40.0000 0.1405
5.0000 0.1407
10.0000 0.1410
15.0000 0.1417
36.0000 0.1418
32.0000 0.1420
4.0000 0.1421
50.0000 0.1424
12.0000 0.1425
26.0000 0.1425
43.0000 0.1428
37.0000 0.1430
46.0000 0.1435
18.0000 0.1438
54.0000 0.1438
47.0000 0.1442
53.0000 0.1442
59.0000 0.1444
20.0000 0.1450
49.0000 0.1450
52.0000 0.1450
14.0000 0.1451
17.0000 0.1452
41.0000 0.1452
8.0000 0.1454
57.0000 0.1455
1.0000 0.1458
45.0000 0.1467
11.0000 0.1468
31.0000 0.1468
3.0000 0.1473
24.0000 0.1473
39.0000 0.1476
44.0000 0.1478
38.0000 0.1482
56.0000 0.1486
51.0000 0.1488
7.0000 0.1490
13.0000 0.1491
29.0000 0.1493
32.0000 0.1494
35.0000 0.1494
23.0000 0.1498
16.0000 0.1499
50.0000 0.1501
28.0000 0.1502
5.0000 0.1503
25.0000 0.1503
33.0000 0.1504
30.0000 0.1507
55.0000 0.1508
6.0000 0.1511
58.0000 0.1511
21.0000 0.1514
48.0000 0.1519
19.0000 0.1523
18.0000 0.1528
9.0000 0.1529
20.0000 0.1529
40.0000 0.1529
10.0000 0.1530
22.0000 0.1530
27.0000 0.1531
12.0000 0.1533
2.0000 0.1534
43.0000 0.1541
14.0000 0.1543
26.0000 0.1546
47.0000 0.1549
8.0000 0.1553
1.0000 0.1555
17.0000 0.1555
45.0000 0.1555
49.0000 0.1557
53.0000 0.1559
57.0000 0.1560
31.0000 0.1561
59.0000 0.1561
46.0000 0.1566
36.0000 0.1572
52.0000 0.1573
32.0000 0.1574
37.0000 0.1577
34.0000 0.1581
11.0000 0.1583
44.0000 0.1585
50.0000 0.1585
0.0000 0.1590
56.0000 0.1590
3.0000 0.1597
24.0000 0.1598
38.0000 0.1598
35.0000 0.1601
5.0000 0.1603
20.0000 0.1605
51.0000 0.1605
13.0000 0.1606
41.0000 0.1606
25.0000 0.1608
23.0000 0.1611
29.0000 0.1611
30.0000 0.1614
4.0000 0.1618
15.0000 0.1618
18.0000 0.1618
55.0000 0.1619
54.0000 0.1629
16.0000 0.1634
33.0000 0.1635
14.0000 0.1638
45.0000 0.1645
40.0000 0.1649
12.0000 0.1652
32.0000 0.1652
47.0000 0.1654
8.0000 0.1657
10.0000 0.1658
43.0000 0.1658
17.0000 0.1661
31.0000 0.1662
58.0000 0.1665
1.0000 0.1666
49.0000 0.1666
50.0000 0.1667
9.0000 0.1671
57.0000 0.1671
59.0000 0.1673
53.0000 0.1676
20.0000 0.1681
48.0000 0.1682
22.0000 0.1685
26.0000 0.1687
44.0000 0.1688
52.0000 0.1693
56.0000 0.1697
46.0000 0.1699
7.0000 0.1702
11.0000 0.1702
18.0000 0.1702
5.0000 0.1704
35.0000 0.1710
19.0000 0.1717
28.0000 0.1720
25.0000 0.1721
30.0000 0.1722
13.0000 0.1723
3.0000 0.1724
23.0000 0.1724
27.0000 0.1724
29.0000 0.1724
38.0000 0.1727
32.0000 0.1728
2.0000 0.1732
24.0000 0.1732
36.0000 0.1732
55.0000 0.1732
51.0000 0.1736
14.0000 0.1737
39.0000 0.1741
45.0000 0.1742
33.0000 0.1746
50.0000 0.1746
37.0000 0.1750
47.0000 0.1752
31.0000 0.1756
8.0000 0.1760
41.0000 0.1763
17.0000 0.1765
20.0000 0.1766
16.0000 0.1767
43.0000 0.1769
1.0000 0.1771
12.0000 0.1778
10.0000 0.1779
40.0000 0.1781
49.0000 0.1781
57.0000 0.1783
59.0000 0.1787
18.0000 0.1789
15.0000 0.1793
53.0000 0.1793
56.0000 0.1797
44.0000 0.1800
5.0000 0.1801
32.0000 0.1803
4.0000 0.1807
26.0000 0.1811
58.0000 0.1811
9.0000 0.1812
35.0000 0.1812
52.0000 0.1813
11.0000 0.1814
46.0000 0.1815
23.0000 0.1823
54.0000 0.1823
50.0000 0.1828
13.0000 0.1830
30.0000 0.1830
45.0000 0.1832
14.0000 0.1833
55.0000 0.1833
29.0000 0.1834
48.0000 0.1838
25.0000 0.1841
3.0000 0.1844
34.0000 0.1844
20.0000 0.1851
24.0000 0.1854
47.0000 0.1854
31.0000 0.1855
38.0000 0.1858
51.0000 0.1859
33.0000 0.1861
8.0000 0.1864
17.0000 0.1865
21.0000 0.1867
22.0000 0.1871
1.0000 0.1872
36.0000 0.1872
18.0000 0.1878
0.0000 0.1880
32.0000 0.1880
43.0000 0.1885
57.0000 0.1889
59.0000 0.1890
19.0000 0.1892
40.0000 0.1892
42.0000 0.1892
49.0000 0.1892
12.0000 0.1893
16.0000 0.1894
5.0000 0.1899
56.0000 0.1901
10.0000 0.1902
37.0000 0.1905
28.0000 0.1908
50.0000 0.1908
7.0000 0.1913
44.0000 0.1913
53.0000 0.1913
45.0000 0.1914
35.0000 0.1917
27.0000 0.1918
11.0000 0.1919
20.0000 0.1926
23.0000 0.1927
41.0000 0.1928
14.0000 0.1931
26.0000 0.1932
52.0000 0.1933
46.0000 0.1939
13.0000 0.1941
55.0000 0.1942
30.0000 0.1943
25.0000 0.1949
29.0000 0.1949
3.0000 0.1955
32.0000 0.1957
47.0000 0.1957
17.0000 0.1958
31.0000 0.1960
18.0000 0.1966
51.0000 0.1970
8.0000 0.1971
1.0000 0.1974
9.0000 0.1974
15.0000 0.1975
38.0000 0.1975
58.0000 0.1978
2.0000 0.1981
33.0000 0.1981
48.0000 0.1985
50.0000 0.1986
24.0000 0.1990
4.0000 0.1992
56.0000 0.1994
43.0000 0.1998
