34.0000 0.0035
59.0000 0.0040
39.0000 0.0041
54.0000 0.0044
12.0000 0.0047
24.0000 0.0047
49.0000 0.0047
21.0000 0.0050
33.0000 0.0050
17.0000 0.0051
8.0000 0.0052
37.0000 0.0052
48.0000 0.0053
32.0000 0.0055
15.0000 0.0056
29.0000 0.0056
51.0000 0.0057
3.0000 0.0058
13.0000 0.0061
52.0000 0.0061
9.0000 0.0062
1.0000 0.0063
7.0000 0.0063
26.0000 0.0063
6.0000 0.0064
30.0000 0.0064
38.0000 0.0065
2.0000 0.0067
50.0000 0.0068
4.0000 0.0070
19.0000 0.0071
20.0000 0.0071
10.0000 0.0073
28.0000 0.0073
57.0000 0.0074
36.0000 0.0076
56.0000 0.0077
40.0000 0.0082
42.0000 0.0082
41.0000 0.0083
25.0000 0.0089
58.0000 0.0095
11.0000 0.0098
16.0000 0.0098
18.0000 0.0101
59.0000 0.0189
39.0000 0.0220
34.0000 0.0255
