0.0000 0.0001
1.0000 0.0001
2.0000 0.0001
3.0000 0.0001
4.0000 0.0001
5.0000 0.0001
6.0000 0.0001
7.0000 0.0001
8.0000 0.0001
9.0000 0.0001
10.0000 0.0001
11.0000 0.0001
12.0000 0.0001
13.0000 0.0001
14.0000 0.0001
15.0000 0.0001
16.0000 0.0001
17.0000 0.0001
18.0000 0.0001
19.0000 0.0001
20.0000 0.0001
21.0000 0.0001
22.0000 0.0001
23.0000 0.0001
24.0000 0.0001
25.0000 0.0001
26.0000 0.0001
27.0000 0.0001
28.0000 0.0001
29.0000 0.0001
30.0000 0.0001
31.0000 0.0001
32.0000 0.0001
33.0000 0.0001
34.0000 0.0001
35.0000 0.0001
36.0000 0.0001
37.0000 0.0001
38.0000 0.0001
39.0000 0.0001
40.0000 0.0001
41.0000 0.0001
42.0000 0.0001
43.0000 0.0001
44.0000 0.0001
45.0000 0.0001
46.0000 0.0001
47.0000 0.0001
48.0000 0.0001
49.0000 0.0001
50.0000 0.0001
51.0000 0.0001
52.0000 0.0001
53.0000 0.0001
54.0000 0.0001
55.0000 0.0001
56.0000 0.0001
57.0000 0.0001
58.0000 0.0001
59.0000 0.0001
60.0000 0.0001
61.0000 0.0001
62.0000 0.0001
63.0000 0.0001
64.0000 0.0001
65.0000 0.0001
66.0000 0.0001
67.0000 0.0001
68.0000 0.0001
69.0000 0.0001
70.0000 0.0001
71.0000 0.0001
72.0000 0.0001
73.0000 0.0001
74.0000 0.0001
75.0000 0.0001
76.0000 0.0001
77.0000 0.0001
78.0000 0.0001
79.0000 0.0001
80.0000 0.0001
81.0000 0.0001
82.0000 0.0001
83.0000 0.0001
84.0000 0.0001
85.0000 0.0001
86.0000 0.0001
87.0000 0.0001
88.0000 0.0001
89.0000 0.0001
90.0000 0.0001
91.0000 0.0001
92.0000 0.0001
93.0000 0.0001
94.0000 0.0001
95.0000 0.0001
96.0000 0.0001
97.0000 0.0001
98.0000 0.0001
99.0000 0.0001
100.0000 0.0001
101.0000 0.0001
102.0000 0.0001
103.0000 0.0001
104.0000 0.0001
105.0000 0.0001
106.0000 0.0001
107.0000 0.0001
108.0000 0.0001
109.0000 0.0001
110.0000 0.0001
111.0000 0.0001
112.0000 0.0001
113.0000 0.0001
114.0000 0.0001
115.0000 0.0001
116.0000 0.0001
117.0000 0.0001
118.0000 0.0001
119.0000 0.0001
120.0000 0.0001
121.0000 0.0001
122.0000 0.0001
123.0000 0.0001
124.0000 0.0001
125.0000 0.0001
126.0000 0.0001
127.0000 0.0001
128.0000 0.0001
129.0000 0.0001
130.0000 0.0001
131.0000 0.0001
132.0000 0.0001
133.0000 0.0001
134.0000 0.0001
135.0000 0.0001
136.0000 0.0001
137.0000 0.0001
138.0000 0.0001
139.0000 0.0001
140.0000 0.0001
141.0000 0.0001
142.0000 0.0001
143.0000 0.0001
144.0000 0.0001
145.0000 0.0001
146.0000 0.0001
147.0000 0.0001
148.0000 0.0001
149.0000 0.0001
216.0000 0.0041
223.0000 0.0041
212.0000 0.0042
157.0000 0.0046
174.0000 0.0046
224.0000 0.0047
234.0000 0.0048
206.0000 0.0049
217.0000 0.0049
215.0000 0.0050
161.0000 0.0051
167.0000 0.0051
196.0000 0.0051
229.0000 0.0051
153.0000 0.0053
166.0000 0.0053
208.0000 0.0054
222.0000 0.0054
219.0000 0.0055
169.0000 0.0056
184.0000 0.0056
189.0000 0.0056
159.0000 0.0058
178.0000 0.0058
200.0000 0.0058
211.0000 0.0058
238.0000 0.0058
177.0000 0.0059
172.0000 0.0060
228.0000 0.0060
179.0000 0.0061
203.0000 0.0061
218.0000 0.0061
227.0000 0.0061
170.0000 0.0062
176.0000 0.0062
235.0000 0.0062
233.0000 0.0063
186.0000 0.0064
198.0000 0.0064
226.0000 0.0064
175.0000 0.0066
187.0000 0.0066
214.0000 0.0066
173.0000 0.0067
213.0000 0.0068
181.0000 0.0069
180.0000 0.0070
191.0000 0.0070
188.0000 0.0071
168.0000 0.0072
192.0000 0.0072
230.0000 0.0072
204.0000 0.0073
221.0000 0.0075
205.0000 0.0076
209.0000 0.0076
237.0000 0.0077
162.0000 0.0081
193.0000 0.0082
210.0000 0.0086
143.0000 0.0091
239.0000 0.0092
133.0000 0.0096
171.0000 0.0099
155.0000 0.0104
4.0000 0.0105
194.0000 0.0105
82.0000 0.0108
231.0000 0.0108
5.0000 0.0111
182.0000 0.0111
59.0000 0.0113
105.0000 0.0116
185.0000 0.0116
183.0000 0.0120
156.0000 0.0121
80.0000 0.0126
225.0000 0.0126
102.0000 0.0127
199.0000 0.0131
160.0000 0.0134
190.0000 0.0135
83.0000 0.0141
54.0000 0.0142
98.0000 0.0143
25.0000 0.0144
147.0000 0.0146
84.0000 0.0147
106.0000 0.0147
44.0000 0.0148
77.0000 0.0148
72.0000 0.0151
81.0000 0.0151
140.0000 0.0151
148.0000 0.0152
197.0000 0.0152
33.0000 0.0153
68.0000 0.0155
91.0000 0.0155
127.0000 0.0155
34.0000 0.0156
139.0000 0.0159
67.0000 0.0161
145.0000 0.0162
56.0000 0.0165
78.0000 0.0166
60.0000 0.0167
99.0000 0.0169
232.0000 0.0172
41.0000 0.0173
115.0000 0.0174
31.0000 0.0181
130.0000 0.0181
216.0000 0.0181
61.0000 0.0188
85.0000 0.0188
104.0000 0.0188
142.0000 0.0188
101.0000 0.0189
62.0000 0.0190
90.0000 0.0190
114.0000 0.0191
141.0000 0.0191
223.0000 0.0191
12.0000 0.0192
120.0000 0.0192
64.0000 0.0193
144.0000 0.0193
117.0000 0.0195
159.0000 0.0196
52.0000 0.0197
17.0000 0.0198
36.0000 0.0198
89.0000 0.0198
166.0000 0.0198
122.0000 0.0199
7.0000 0.0200
212.0000 0.0201
66.0000 0.0202
95.0000 0.0202
27.0000 0.0203
76.0000 0.0204
0.0000 0.0205
9.0000 0.0205
203.0000 0.0205
49.0000 0.0207
111.0000 0.0207
153.0000 0.0207
163.0000 0.0207
14.0000 0.0208
133.0000 0.0208
50.0000 0.0209
16.0000 0.0210
53.0000 0.0210
109.0000 0.0211
167.0000 0.0214
30.0000 0.0216
126.0000 0.0216
176.0000 0.0216
97.0000 0.0218
123.0000 0.0218
157.0000 0.0218
221.0000 0.0218
100.0000 0.0219
112.0000 0.0219
40.0000 0.0220
87.0000 0.0220
132.0000 0.0220
86.0000 0.0221
143.0000 0.0221
174.0000 0.0222
22.0000 0.0223
195.0000 0.0224
200.0000 0.0224
191.0000 0.0225
219.0000 0.0225
233.0000 0.0225
217.0000 0.0226
65.0000 0.0227
82.0000 0.0227
186.0000 0.0228
70.0000 0.0229
218.0000 0.0229
39.0000 0.0230
69.0000 0.0230
5.0000 0.0231
63.0000 0.0231
131.0000 0.0231
206.0000 0.0231
19.0000 0.0232
105.0000 0.0232
136.0000 0.0232
209.0000 0.0232
128.0000 0.0233
58.0000 0.0235
94.0000 0.0235
178.0000 0.0235
103.0000 0.0236
202.0000 0.0236
74.0000 0.0237
161.0000 0.0237
213.0000 0.0237
88.0000 0.0238
1.0000 0.0239
2.0000 0.0239
15.0000 0.0239
23.0000 0.0239
119.0000 0.0240
220.0000 0.0240
59.0000 0.0241
173.0000 0.0242
198.0000 0.0242
4.0000 0.0243
32.0000 0.0245
162.0000 0.0245
229.0000 0.0245
211.0000 0.0247
222.0000 0.0247
177.0000 0.0248
184.0000 0.0250
215.0000 0.0250
224.0000 0.0250
170.0000 0.0251
43.0000 0.0252
227.0000 0.0253
6.0000 0.0254
11.0000 0.0255
192.0000 0.0255
208.0000 0.0255
237.0000 0.0256
80.0000 0.0260
149.0000 0.0260
55.0000 0.0261
75.0000 0.0261
137.0000 0.0262
42.0000 0.0263
98.0000 0.0264
181.0000 0.0265
204.0000 0.0265
150.0000 0.0266
135.0000 0.0268
179.0000 0.0268
96.0000 0.0269
79.0000 0.0270
180.0000 0.0270
156.0000 0.0271
102.0000 0.0272
189.0000 0.0272
210.0000 0.0272
148.0000 0.0273
155.0000 0.0273
230.0000 0.0273
127.0000 0.0274
54.0000 0.0276
8.0000 0.0277
84.0000 0.0278
152.0000 0.0279
168.0000 0.0279
44.0000 0.0282
147.0000 0.0282
234.0000 0.0282
199.0000 0.0283
235.0000 0.0283
231.0000 0.0284
106.0000 0.0285
194.0000 0.0285
193.0000 0.0286
107.0000 0.0288
205.0000 0.0288
239.0000 0.0288
72.0000 0.0289
91.0000 0.0289
216.0000 0.0289
56.0000 0.0290
228.0000 0.0290
33.0000 0.0292
77.0000 0.0292
124.0000 0.0292
154.0000 0.0292
68.0000 0.0298
99.0000 0.0298
183.0000 0.0298
214.0000 0.0298
25.0000 0.0299
118.0000 0.0299
85.0000 0.0300
169.0000 0.0300
34.0000 0.0301
83.0000 0.0304
175.0000 0.0304
41.0000 0.0305
133.0000 0.0307
197.0000 0.0308
78.0000 0.0309
185.0000 0.0309
121.0000 0.0310
159.0000 0.0310
46.0000 0.0311
171.0000 0.0311
196.0000 0.0312
140.0000 0.0313
142.0000 0.0313
153.0000 0.0315
139.0000 0.0319
35.0000 0.0320
221.0000 0.0320
67.0000 0.0321
145.0000 0.0321
13.0000 0.0322
64.0000 0.0322
31.0000 0.0323
166.0000 0.0323
172.0000 0.0323
60.0000 0.0325
61.0000 0.0325
167.0000 0.0326
82.0000 0.0327
223.0000 0.0327
182.0000 0.0329
212.0000 0.0329
176.0000 0.0330
62.0000 0.0331
26.0000 0.0332
122.0000 0.0332
203.0000 0.0332
217.0000 0.0333
115.0000 0.0335
143.0000 0.0337
12.0000 0.0339
190.0000 0.0340
5.0000 0.0341
52.0000 0.0343
104.0000 0.0343
36.0000 0.0344
24.0000 0.0345
105.0000 0.0346
117.0000 0.0346
186.0000 0.0346
111.0000 0.0347
89.0000 0.0348
120.0000 0.0348
71.0000 0.0350
101.0000 0.0350
49.0000 0.0351
144.0000 0.0351
174.0000 0.0351
4.0000 0.0352
29.0000 0.0352
90.0000 0.0352
200.0000 0.0352
209.0000 0.0352
157.0000 0.0354
218.0000 0.0356
17.0000 0.0358
0.0000 0.0359
53.0000 0.0359
59.0000 0.0359
191.0000 0.0359
206.0000 0.0359
219.0000 0.0359
3.0000 0.0360
14.0000 0.0361
66.0000 0.0361
114.0000 0.0361
161.0000 0.0361
198.0000 0.0361
225.0000 0.0361
238.0000 0.0361
16.0000 0.0362
27.0000 0.0362
233.0000 0.0362
7.0000 0.0363
116.0000 0.0364
141.0000 0.0365
97.0000 0.0366
130.0000 0.0366
30.0000 0.0367
40.0000 0.0367
213.0000 0.0367
123.0000 0.0369
87.0000 0.0371
50.0000 0.0372
1.0000 0.0373
10.0000 0.0373
9.0000 0.0374
162.0000 0.0375
54.0000 0.0376
81.0000 0.0376
134.0000 0.0378
136.0000 0.0378
187.0000 0.0378
127.0000 0.0379
215.0000 0.0383
108.0000 0.0384
126.0000 0.0384
163.0000 0.0384
181.0000 0.0384
80.0000 0.0385
170.0000 0.0385
98.0000 0.0386
173.0000 0.0386
109.0000 0.0387
178.0000 0.0387
192.0000 0.0387
216.0000 0.0387
94.0000 0.0389
22.0000 0.0390
38.0000 0.0391
112.0000 0.0391
132.0000 0.0391
211.0000 0.0393
110.0000 0.0394
156.0000 0.0394
222.0000 0.0394
237.0000 0.0394
86.0000 0.0395
100.0000 0.0395
19.0000 0.0396
76.0000 0.0396
131.0000 0.0397
133.0000 0.0397
227.0000 0.0397
91.0000 0.0399
232.0000 0.0401
177.0000 0.0402
199.0000 0.0402
44.0000 0.0403
184.0000 0.0403
204.0000 0.0403
226.0000 0.0404
106.0000 0.0405
155.0000 0.0405
229.0000 0.0405
23.0000 0.0407
102.0000 0.0407
147.0000 0.0407
119.0000 0.0408
72.0000 0.0409
84.0000 0.0410
148.0000 0.0410
77.0000 0.0411
224.0000 0.0411
74.0000 0.0412
128.0000 0.0413
33.0000 0.0414
85.0000 0.0415
159.0000 0.0416
208.0000 0.0416
221.0000 0.0416
56.0000 0.0419
239.0000 0.0419
189.0000 0.0421
69.0000 0.0422
235.0000 0.0422
194.0000 0.0423
103.0000 0.0424
180.0000 0.0425
82.0000 0.0426
153.0000 0.0426
68.0000 0.0428
41.0000 0.0429
70.0000 0.0429
99.0000 0.0429
6.0000 0.0430
95.0000 0.0431
143.0000 0.0431
65.0000 0.0432
151.0000 0.0433
223.0000 0.0433
5.0000 0.0434
176.0000 0.0434
231.0000 0.0434
193.0000 0.0435
166.0000 0.0437
212.0000 0.0437
228.0000 0.0437
167.0000 0.0438
217.0000 0.0438
142.0000 0.0439
15.0000 0.0441
203.0000 0.0442
42.0000 0.0444
25.0000 0.0445
105.0000 0.0446
34.0000 0.0447
78.0000 0.0447
160.0000 0.0448
210.0000 0.0448
61.0000 0.0449
139.0000 0.0449
64.0000 0.0450
83.0000 0.0450
179.0000 0.0451
4.0000 0.0452
59.0000 0.0452
67.0000 0.0452
183.0000 0.0453
234.0000 0.0453
197.0000 0.0454
2.0000 0.0456
186.0000 0.0456
31.0000 0.0457
140.0000 0.0457
168.0000 0.0458
230.0000 0.0458
58.0000 0.0460
43.0000 0.0462
39.0000 0.0464
174.0000 0.0464
209.0000 0.0464
185.0000 0.0465
214.0000 0.0465
115.0000 0.0466
171.0000 0.0466
218.0000 0.0467
12.0000 0.0468
62.0000 0.0470
145.0000 0.0470
200.0000 0.0470
161.0000 0.0474
182.0000 0.0476
117.0000 0.0477
122.0000 0.0478
63.0000 0.0479
213.0000 0.0481
202.0000 0.0482
233.0000 0.0482
120.0000 0.0483
138.0000 0.0483
104.0000 0.0484
111.0000 0.0484
36.0000 0.0486
60.0000 0.0486
89.0000 0.0486
52.0000 0.0487
127.0000 0.0489
137.0000 0.0489
32.0000 0.0490
149.0000 0.0490
206.0000 0.0490
157.0000 0.0491
54.0000 0.0492
144.0000 0.0492
216.0000 0.0492
133.0000 0.0494
191.0000 0.0494
90.0000 0.0495
98.0000 0.0496
49.0000 0.0497
101.0000 0.0498
169.0000 0.0498
198.0000 0.0500
0.0000 0.0501
40.0000 0.0501
195.0000 0.0501
175.0000 0.0502
53.0000 0.0503
162.0000 0.0504
11.0000 0.0505
75.0000 0.0505
7.0000 0.0506
205.0000 0.0506
135.0000 0.0507
30.0000 0.0509
80.0000 0.0509
219.0000 0.0510
14.0000 0.0511
190.0000 0.0511
17.0000 0.0512
66.0000 0.0513
96.0000 0.0515
141.0000 0.0515
221.0000 0.0515
107.0000 0.0517
130.0000 0.0517
159.0000 0.0517
173.0000 0.0517
91.0000 0.0518
118.0000 0.0518
123.0000 0.0518
178.0000 0.0518
79.0000 0.0519
97.0000 0.0519
156.0000 0.0519
148.0000 0.0522
1.0000 0.0523
143.0000 0.0523
155.0000 0.0523
192.0000 0.0523
16.0000 0.0524
82.0000 0.0524
77.0000 0.0525
55.0000 0.0526
170.0000 0.0526
50.0000 0.0527
87.0000 0.0527
106.0000 0.0527
114.0000 0.0527
237.0000 0.0527
85.0000 0.0529
181.0000 0.0530
199.0000 0.0530
152.0000 0.0531
176.0000 0.0531
222.0000 0.0531
5.0000 0.0532
9.0000 0.0532
102.0000 0.0532
153.0000 0.0532
196.0000 0.0532
33.0000 0.0534
147.0000 0.0534
215.0000 0.0534
27.0000 0.0535
136.0000 0.0536
72.0000 0.0537
81.0000 0.0537
19.0000 0.0538
56.0000 0.0538
100.0000 0.0538
44.0000 0.0540
105.0000 0.0540
217.0000 0.0540
163.0000 0.0543
166.0000 0.0544
211.0000 0.0545
126.0000 0.0546
212.0000 0.0546
112.0000 0.0547
132.0000 0.0547
109.0000 0.0548
223.0000 0.0548
22.0000 0.0549
41.0000 0.0549
84.0000 0.0549
4.0000 0.0551
59.0000 0.0552
167.0000 0.0552
227.0000 0.0553
184.0000 0.0554
94.0000 0.0555
99.0000 0.0555
150.0000 0.0555
25.0000 0.0556
68.0000 0.0556
204.0000 0.0556
239.0000 0.0556
131.0000 0.0557
201.0000 0.0558
8.0000 0.0559
172.0000 0.0559
86.0000 0.0560
203.0000 0.0560
194.0000 0.0561
142.0000 0.0562
224.0000 0.0564
229.0000 0.0564
121.0000 0.0565
225.0000 0.0565
76.0000 0.0567
88.0000 0.0567
186.0000 0.0568
74.0000 0.0569
180.0000 0.0569
218.0000 0.0569
34.0000 0.0571
208.0000 0.0571
174.0000 0.0572
177.0000 0.0572
119.0000 0.0573
189.0000 0.0574
61.0000 0.0575
200.0000 0.0575
83.0000 0.0577
235.0000 0.0578
23.0000 0.0579
78.0000 0.0579
231.0000 0.0579
133.0000 0.0580
140.0000 0.0580
209.0000 0.0580
13.0000 0.0581
232.0000 0.0581
139.0000 0.0582
21.0000 0.0584
161.0000 0.0585
64.0000 0.0586
233.0000 0.0587
12.0000 0.0588
67.0000 0.0588
238.0000 0.0588
216.0000 0.0589
127.0000 0.0590
210.0000 0.0590
213.0000 0.0590
98.0000 0.0591
6.0000 0.0592
24.0000 0.0593
62.0000 0.0594
115.0000 0.0594
128.0000 0.0595
54.0000 0.0598
206.0000 0.0598
230.0000 0.0598
46.0000 0.0599
117.0000 0.0600
183.0000 0.0600
145.0000 0.0601
228.0000 0.0601
31.0000 0.0602
70.0000 0.0602
171.0000 0.0603
69.0000 0.0604
120.0000 0.0604
122.0000 0.0605
197.0000 0.0606
29.0000 0.0607
193.0000 0.0609
82.0000 0.0610
111.0000 0.0610
143.0000 0.0610
221.0000 0.0610
60.0000 0.0613
185.0000 0.0613
191.0000 0.0613
234.0000 0.0613
124.0000 0.0614
40.0000 0.0616
157.0000 0.0616
49.0000 0.0617
80.0000 0.0617
58.0000 0.0618
162.0000 0.0618
159.0000 0.0619
179.0000 0.0619
198.0000 0.0619
103.0000 0.0620
89.0000 0.0621
91.0000 0.0622
104.0000 0.0622
52.0000 0.0623
219.0000 0.0624
36.0000 0.0625
105.0000 0.0625
5.0000 0.0626
214.0000 0.0626
90.0000 0.0628
101.0000 0.0629
53.0000 0.0630
35.0000 0.0631
176.0000 0.0633
153.0000 0.0634
168.0000 0.0634
173.0000 0.0634
182.0000 0.0634
0.0000 0.0635
7.0000 0.0637
148.0000 0.0637
26.0000 0.0638
106.0000 0.0639
144.0000 0.0639
156.0000 0.0639
2.0000 0.0640
15.0000 0.0640
65.0000 0.0640
85.0000 0.0640
72.0000 0.0642
155.0000 0.0642
30.0000 0.0643
66.0000 0.0643
178.0000 0.0644
4.0000 0.0645
43.0000 0.0645
77.0000 0.0645
97.0000 0.0645
130.0000 0.0645
102.0000 0.0646
192.0000 0.0646
14.0000 0.0647
33.0000 0.0647
123.0000 0.0648
181.0000 0.0648
170.0000 0.0649
17.0000 0.0650
169.0000 0.0650
141.0000 0.0651
42.0000 0.0652
217.0000 0.0652
95.0000 0.0653
166.0000 0.0653
212.0000 0.0653
56.0000 0.0654
59.0000 0.0654
160.0000 0.0655
199.0000 0.0655
223.0000 0.0655
10.0000 0.0656
222.0000 0.0657
116.0000 0.0660
147.0000 0.0660
167.0000 0.0660
39.0000 0.0661
16.0000 0.0663
87.0000 0.0664
190.0000 0.0664
237.0000 0.0664
44.0000 0.0665
50.0000 0.0665
136.0000 0.0667
203.0000 0.0667
114.0000 0.0668
133.0000 0.0668
1.0000 0.0670
99.0000 0.0670
154.0000 0.0670
218.0000 0.0671
41.0000 0.0672
187.0000 0.0674
84.0000 0.0675
100.0000 0.0677
205.0000 0.0678
25.0000 0.0681
186.0000 0.0681
109.0000 0.0682
209.0000 0.0682
142.0000 0.0683
149.0000 0.0683
9.0000 0.0684
175.0000 0.0684
18.0000 0.0685
19.0000 0.0686
68.0000 0.0686
34.0000 0.0687
127.0000 0.0688
134.0000 0.0688
184.0000 0.0688
98.0000 0.0689
126.0000 0.0689
200.0000 0.0689
216.0000 0.0690
215.0000 0.0691
174.0000 0.0692
94.0000 0.0693
227.0000 0.0693
132.0000 0.0694
202.0000 0.0695
63.0000 0.0696
204.0000 0.0696
233.0000 0.0696
239.0000 0.0697
194.0000 0.0698
211.0000 0.0698
112.0000 0.0699
131.0000 0.0699
213.0000 0.0700
226.0000 0.0700
229.0000 0.0701
82.0000 0.0704
221.0000 0.0705
54.0000 0.0706
78.0000 0.0706
27.0000 0.0707
143.0000 0.0707
22.0000 0.0708
12.0000 0.0709
61.0000 0.0709
64.0000 0.0709
163.0000 0.0709
38.0000 0.0710
196.0000 0.0710
3.0000 0.0711
32.0000 0.0711
62.0000 0.0711
83.0000 0.0711
191.0000 0.0711
11.0000 0.0712
115.0000 0.0712
208.0000 0.0712
231.0000 0.0712
117.0000 0.0715
159.0000 0.0715
206.0000 0.0715
5.0000 0.0717
161.0000 0.0717
140.0000 0.0718
177.0000 0.0718
224.0000 0.0718
80.0000 0.0719
105.0000 0.0719
139.0000 0.0719
137.0000 0.0720
180.0000 0.0721
81.0000 0.0722
76.0000 0.0724
135.0000 0.0724
176.0000 0.0724
86.0000 0.0727
235.0000 0.0727
74.0000 0.0729
75.0000 0.0730
153.0000 0.0731
145.0000 0.0732
162.0000 0.0732
119.0000 0.0733
122.0000 0.0735
172.0000 0.0735
40.0000 0.0736
228.0000 0.0736
107.0000 0.0737
157.0000 0.0737
183.0000 0.0737
4.0000 0.0738
31.0000 0.0738
198.0000 0.0738
210.0000 0.0738
49.0000 0.0739
67.0000 0.0740
96.0000 0.0740
118.0000 0.0740
91.0000 0.0741
60.0000 0.0742
111.0000 0.0745
189.0000 0.0745
219.0000 0.0747
120.0000 0.0749
104.0000 0.0750
195.0000 0.0750
197.0000 0.0750
55.0000 0.0751
89.0000 0.0751
52.0000 0.0754
59.0000 0.0755
102.0000 0.0755
234.0000 0.0755
212.0000 0.0756
101.0000 0.0757
133.0000 0.0757
155.0000 0.0757
171.0000 0.0757
23.0000 0.0759
106.0000 0.0759
166.0000 0.0759
217.0000 0.0759
72.0000 0.0760
128.0000 0.0760
77.0000 0.0761
110.0000 0.0761
53.0000 0.0762
90.0000 0.0762
193.0000 0.0762
148.0000 0.0763
0.0000 0.0764
123.0000 0.0764
156.0000 0.0764
170.0000 0.0764
232.0000 0.0764
167.0000 0.0767
182.0000 0.0767
7.0000 0.0768
152.0000 0.0768
70.0000 0.0769
85.0000 0.0769
185.0000 0.0769
56.0000 0.0770
66.0000 0.0770
79.0000 0.0770
103.0000 0.0770
199.0000 0.0770
130.0000 0.0771
179.0000 0.0771
192.0000 0.0771
30.0000 0.0773
218.0000 0.0773
36.0000 0.0774
173.0000 0.0774
178.0000 0.0774
214.0000 0.0775
220.0000 0.0775
223.0000 0.0775
147.0000 0.0776
186.0000 0.0776
97.0000 0.0777
141.0000 0.0777
203.0000 0.0777
108.0000 0.0778
225.0000 0.0778
14.0000 0.0779
33.0000 0.0779
230.0000 0.0779
44.0000 0.0780
99.0000 0.0780
181.0000 0.0780
16.0000 0.0781
121.0000 0.0781
168.0000 0.0781
17.0000 0.0782
92.0000 0.0782
144.0000 0.0782
209.0000 0.0782
69.0000 0.0783
6.0000 0.0784
84.0000 0.0784
216.0000 0.0785
41.0000 0.0786
174.0000 0.0786
58.0000 0.0787
142.0000 0.0788
222.0000 0.0788
82.0000 0.0789
71.0000 0.0790
221.0000 0.0790
15.0000 0.0791
98.0000 0.0791
127.0000 0.0792
8.0000 0.0793
24.0000 0.0794
233.0000 0.0794
25.0000 0.0795
87.0000 0.0795
237.0000 0.0796
200.0000 0.0799
50.0000 0.0800
68.0000 0.0800
1.0000 0.0801
143.0000 0.0801
5.0000 0.0802
114.0000 0.0802
54.0000 0.0804
105.0000 0.0804
213.0000 0.0804
159.0000 0.0807
169.0000 0.0808
29.0000 0.0809
136.0000 0.0810
34.0000 0.0811
239.0000 0.0811
2.0000 0.0812
161.0000 0.0813
194.0000 0.0814
176.0000 0.0815
9.0000 0.0816
206.0000 0.0816
109.0000 0.0817
100.0000 0.0818
64.0000 0.0820
191.0000 0.0820
43.0000 0.0821
62.0000 0.0821
215.0000 0.0821
126.0000 0.0822
19.0000 0.0823
12.0000 0.0825
65.0000 0.0825
204.0000 0.0825
4.0000 0.0827
80.0000 0.0827
115.0000 0.0827
153.0000 0.0828
211.0000 0.0828
117.0000 0.0829
139.0000 0.0830
229.0000 0.0830
150.0000 0.0832
227.0000 0.0833
83.0000 0.0834
132.0000 0.0835
78.0000 0.0836
184.0000 0.0836
42.0000 0.0837
133.0000 0.0838
238.0000 0.0838
91.0000 0.0840
61.0000 0.0841
95.0000 0.0842
39.0000 0.0843
94.0000 0.0844
190.0000 0.0844
163.0000 0.0845
59.0000 0.0846
231.0000 0.0846
13.0000 0.0847
138.0000 0.0848
162.0000 0.0848
112.0000 0.0849
131.0000 0.0852
198.0000 0.0852
224.0000 0.0852
22.0000 0.0854
217.0000 0.0854
175.0000 0.0855
40.0000 0.0857
160.0000 0.0857
212.0000 0.0857
122.0000 0.0860
149.0000 0.0860
31.0000 0.0861
157.0000 0.0861
27.0000 0.0862
60.0000 0.0862
46.0000 0.0863
140.0000 0.0863
88.0000 0.0864
166.0000 0.0865
235.0000 0.0865
155.0000 0.0866
205.0000 0.0866
208.0000 0.0866
219.0000 0.0867
148.0000 0.0868
177.0000 0.0869
89.0000 0.0870
111.0000 0.0874
49.0000 0.0875
102.0000 0.0875
72.0000 0.0876
180.0000 0.0876
183.0000 0.0876
74.0000 0.0877
104.0000 0.0877
52.0000 0.0878
77.0000 0.0878
120.0000 0.0878
67.0000 0.0879
218.0000 0.0879
106.0000 0.0880
145.0000 0.0880
156.0000 0.0880
86.0000 0.0881
170.0000 0.0881
82.0000 0.0882
85.0000 0.0882
167.0000 0.0883
0.0000 0.0885
209.0000 0.0885
210.0000 0.0885
56.0000 0.0887
81.0000 0.0887
186.0000 0.0887
216.0000 0.0888
26.0000 0.0889
35.0000 0.0889
123.0000 0.0889
228.0000 0.0889
199.0000 0.0890
53.0000 0.0891
84.0000 0.0891
223.0000 0.0891
221.0000 0.0894
147.0000 0.0895
174.0000 0.0895
33.0000 0.0896
7.0000 0.0897
41.0000 0.0897
98.0000 0.0897
124.0000 0.0897
142.0000 0.0897
5.0000 0.0898
30.0000 0.0898
192.0000 0.0898
197.0000 0.0898
143.0000 0.0900
233.0000 0.0900
178.0000 0.0901
105.0000 0.0902
171.0000 0.0902
173.0000 0.0902
203.0000 0.0902
76.0000 0.0903
119.0000 0.0903
44.0000 0.0904
181.0000 0.0904
97.0000 0.0905
130.0000 0.0905
141.0000 0.0905
159.0000 0.0907
172.0000 0.0907
196.0000 0.0907
10.0000 0.0908
99.0000 0.0908
127.0000 0.0908
36.0000 0.0909
176.0000 0.0910
185.0000 0.0910
234.0000 0.0912
101.0000 0.0914
189.0000 0.0914
200.0000 0.0915
54.0000 0.0916
66.0000 0.0916
118.0000 0.0916
213.0000 0.0916
16.0000 0.0917
63.0000 0.0917
11.0000 0.0919
14.0000 0.0919
25.0000 0.0919
90.0000 0.0920
135.0000 0.0920
1.0000 0.0922
4.0000 0.0923
193.0000 0.0923
23.0000 0.0924
144.0000 0.0924
70.0000 0.0925
133.0000 0.0925
128.0000 0.0926
50.0000 0.0927
222.0000 0.0927
153.0000 0.0928
107.0000 0.0929
179.0000 0.0929
191.0000 0.0929
17.0000 0.0930
114.0000 0.0930
182.0000 0.0930
237.0000 0.0930
68.0000 0.0931
80.0000 0.0931
214.0000 0.0932
69.0000 0.0935
91.0000 0.0935
32.0000 0.0936
161.0000 0.0937
62.0000 0.0938
34.0000 0.0939
59.0000 0.0939
202.0000 0.0939
206.0000 0.0939
12.0000 0.0940
64.0000 0.0941
230.0000 0.0941
116.0000 0.0942
211.0000 0.0942
137.0000 0.0943
78.0000 0.0944
194.0000 0.0944
239.0000 0.0945
87.0000 0.0946
136.0000 0.0950
117.0000 0.0951
162.0000 0.0951
217.0000 0.0951
75.0000 0.0953
115.0000 0.0953
232.0000 0.0953
168.0000 0.0956
6.0000 0.0958
9.0000 0.0961
61.0000 0.0962
83.0000 0.0962
204.0000 0.0962
227.0000 0.0962
126.0000 0.0963
19.0000 0.0964
58.0000 0.0964
100.0000 0.0964
166.0000 0.0964
103.0000 0.0965
169.0000 0.0966
212.0000 0.0966
82.0000 0.0968
187.0000 0.0970
198.0000 0.0971
226.0000 0.0971
229.0000 0.0971
21.0000 0.0972
139.0000 0.0972
109.0000 0.0973
231.0000 0.0976
184.0000 0.0977
157.0000 0.0978
155.0000 0.0981
215.0000 0.0981
96.0000 0.0982
121.0000 0.0982
218.0000 0.0982
132.0000 0.0983
148.0000 0.0983
38.0000 0.0984
221.0000 0.0984
122.0000 0.0985
5.0000 0.0986
72.0000 0.0986
77.0000 0.0986
143.0000 0.0987
15.0000 0.0988
40.0000 0.0988
225.0000 0.0988
167.0000 0.0989
170.0000 0.0990
209.0000 0.0990
60.0000 0.0991
216.0000 0.0993
219.0000 0.0993
223.0000 0.0995
190.0000 0.0996
22.0000 0.0997
102.0000 0.0997
105.0000 0.0997
186.0000 0.0997
94.0000 0.0999
159.0000 0.0999
98.0000 0.1000
156.0000 0.1000
89.0000 0.1001
120.0000 0.1001
49.0000 0.1002
56.0000 0.1002
85.0000 0.1002
233.0000 0.1003
52.0000 0.1004
163.0000 0.1004
140.0000 0.1005
174.0000 0.1005
176.0000 0.1006
152.0000 0.1007
31.0000 0.1008
106.0000 0.1008
111.0000 0.1008
33.0000 0.1010
177.0000 0.1010
79.0000 0.1011
104.0000 0.1011
142.0000 0.1012
183.0000 0.1012
112.0000 0.1013
131.0000 0.1013
3.0000 0.1014
4.0000 0.1014
145.0000 0.1014
224.0000 0.1014
55.0000 0.1015
192.0000 0.1015
203.0000 0.1015
0.0000 0.1016
199.0000 0.1016
213.0000 0.1017
127.0000 0.1018
133.0000 0.1018
147.0000 0.1018
173.0000 0.1018
84.0000 0.1019
195.0000 0.1019
208.0000 0.1019
41.0000 0.1020
123.0000 0.1020
235.0000 0.1020
30.0000 0.1021
67.0000 0.1021
175.0000 0.1021
27.0000 0.1023
42.0000 0.1023
7.0000 0.1024
153.0000 0.1024
54.0000 0.1025
178.0000 0.1025
180.0000 0.1025
44.0000 0.1026
200.0000 0.1027
130.0000 0.1028
181.0000 0.1028
53.0000 0.1029
65.0000 0.1029
80.0000 0.1029
141.0000 0.1029
151.0000 0.1029
59.0000 0.1030
228.0000 0.1030
39.0000 0.1031
99.0000 0.1031
29.0000 0.1034
134.0000 0.1034
2.0000 0.1035
95.0000 0.1036
86.0000 0.1037
66.0000 0.1039
74.0000 0.1039
81.0000 0.1039
16.0000 0.1040
43.0000 0.1040
97.0000 0.1040
191.0000 0.1040
25.0000 0.1041
171.0000 0.1042
205.0000 0.1042
210.0000 0.1042
149.0000 0.1043
14.0000 0.1044
91.0000 0.1044
8.0000 0.1045
125.0000 0.1046
36.0000 0.1047
161.0000 0.1048
206.0000 0.1049
17.0000 0.1050
101.0000 0.1050
160.0000 0.1050
197.0000 0.1050
222.0000 0.1050
217.0000 0.1052
68.0000 0.1054
82.0000 0.1054
119.0000 0.1054
1.0000 0.1055
62.0000 0.1055
76.0000 0.1055
78.0000 0.1055
154.0000 0.1055
24.0000 0.1057
34.0000 0.1057
114.0000 0.1057
144.0000 0.1057
64.0000 0.1058
162.0000 0.1058
189.0000 0.1059
185.0000 0.1060
234.0000 0.1061
239.0000 0.1061
12.0000 0.1063
13.0000 0.1063
50.0000 0.1063
166.0000 0.1063
201.0000 0.1063
212.0000 0.1065
237.0000 0.1065
238.0000 0.1066
90.0000 0.1067
182.0000 0.1067
117.0000 0.1068
193.0000 0.1068
5.0000 0.1070
61.0000 0.1070
194.0000 0.1070
211.0000 0.1070
218.0000 0.1072
221.0000 0.1073
143.0000 0.1076
198.0000 0.1076
87.0000 0.1078
179.0000 0.1078
115.0000 0.1079
128.0000 0.1079
214.0000 0.1079
83.0000 0.1080
136.0000 0.1080
230.0000 0.1080
70.0000 0.1081
88.0000 0.1081
172.0000 0.1081
216.0000 0.1083
105.0000 0.1084
155.0000 0.1085
204.0000 0.1085
9.0000 0.1087
110.0000 0.1087
209.0000 0.1087
167.0000 0.1088
159.0000 0.1090
196.0000 0.1090
227.0000 0.1090
157.0000 0.1091
139.0000 0.1093
72.0000 0.1094
77.0000 0.1095
23.0000 0.1096
122.0000 0.1097
148.0000 0.1097
170.0000 0.1097
176.0000 0.1097
19.0000 0.1098
69.0000 0.1098
98.0000 0.1098
229.0000 0.1099
40.0000 0.1101
126.0000 0.1101
186.0000 0.1101
223.0000 0.1101
233.0000 0.1101
100.0000 0.1102
109.0000 0.1102
135.0000 0.1102
156.0000 0.1102
231.0000 0.1102
4.0000 0.1104
11.0000 0.1104
132.0000 0.1104
133.0000 0.1104
219.0000 0.1105
85.0000 0.1107
118.0000 0.1107
215.0000 0.1108
168.0000 0.1109
174.0000 0.1109
184.0000 0.1109
60.0000 0.1110
52.0000 0.1111
127.0000 0.1111
232.0000 0.1111
46.0000 0.1113
106.0000 0.1113
142.0000 0.1114
56.0000 0.1115
107.0000 0.1116
213.0000 0.1116
54.0000 0.1117
102.0000 0.1117
33.0000 0.1118
49.0000 0.1118
169.0000 0.1119
140.0000 0.1120
63.0000 0.1121
103.0000 0.1121
89.0000 0.1122
123.0000 0.1123
153.0000 0.1123
59.0000 0.1124
120.0000 0.1124
108.0000 0.1125
203.0000 0.1125
124.0000 0.1126
199.0000 0.1126
200.0000 0.1127
41.0000 0.1128
58.0000 0.1128
192.0000 0.1128
6.0000 0.1129
0.0000 0.1131
80.0000 0.1131
94.0000 0.1133
22.0000 0.1135
84.0000 0.1135
111.0000 0.1135
147.0000 0.1136
150.0000 0.1136
173.0000 0.1136
31.0000 0.1137
32.0000 0.1138
7.0000 0.1139
104.0000 0.1140
178.0000 0.1140
82.0000 0.1141
91.0000 0.1141
44.0000 0.1142
130.0000 0.1143
145.0000 0.1143
99.0000 0.1144
163.0000 0.1144
191.0000 0.1145
217.0000 0.1145
25.0000 0.1146
53.0000 0.1146
97.0000 0.1146
177.0000 0.1146
235.0000 0.1146
67.0000 0.1147
224.0000 0.1147
30.0000 0.1148
208.0000 0.1148
112.0000 0.1149
15.0000 0.1150
35.0000 0.1150
202.0000 0.1150
183.0000 0.1152
137.0000 0.1154
181.0000 0.1154
141.0000 0.1155
161.0000 0.1155
5.0000 0.1157
131.0000 0.1157
190.0000 0.1158
221.0000 0.1158
16.0000 0.1160
68.0000 0.1161
75.0000 0.1162
166.0000 0.1162
212.0000 0.1162
14.0000 0.1163
66.0000 0.1163
62.0000 0.1164
222.0000 0.1164
206.0000 0.1166
27.0000 0.1167
180.0000 0.1167
34.0000 0.1169
78.0000 0.1169
26.0000 0.1170
143.0000 0.1170
1.0000 0.1171
162.0000 0.1171
17.0000 0.1172
218.0000 0.1172
228.0000 0.1172
175.0000 0.1173
225.0000 0.1173
105.0000 0.1174
36.0000 0.1175
61.0000 0.1176
64.0000 0.1176
117.0000 0.1177
71.0000 0.1178
144.0000 0.1178
216.0000 0.1178
171.0000 0.1179
239.0000 0.1179
101.0000 0.1180
210.0000 0.1180
159.0000 0.1181
10.0000 0.1182
114.0000 0.1182
198.0000 0.1183
12.0000 0.1185
86.0000 0.1185
133.0000 0.1185
197.0000 0.1185
42.0000 0.1188
121.0000 0.1188
167.0000 0.1188
4.0000 0.1189
116.0000 0.1189
194.0000 0.1190
50.0000 0.1191
176.0000 0.1191
209.0000 0.1191
211.0000 0.1192
237.0000 0.1192
74.0000 0.1193
39.0000 0.1196
119.0000 0.1198
98.0000 0.1199
157.0000 0.1199
233.0000 0.1199
186.0000 0.1200
189.0000 0.1200
90.0000 0.1201
155.0000 0.1201
185.0000 0.1201
223.0000 0.1201
81.0000 0.1202
182.0000 0.1202
2.0000 0.1204
127.0000 0.1204
96.0000 0.1205
204.0000 0.1205
43.0000 0.1206
79.0000 0.1206
115.0000 0.1206
77.0000 0.1207
87.0000 0.1207
72.0000 0.1209
170.0000 0.1210
174.0000 0.1210
83.0000 0.1211
148.0000 0.1211
122.0000 0.1212
227.0000 0.1212
193.0000 0.1213
54.0000 0.1214
219.0000 0.1214
226.0000 0.1214
59.0000 0.1215
136.0000 0.1215
76.0000 0.1216
179.0000 0.1216
213.0000 0.1216
234.0000 0.1216
139.0000 0.1217
153.0000 0.1217
65.0000 0.1218
149.0000 0.1218
156.0000 0.1218
55.0000 0.1221
205.0000 0.1221
85.0000 0.1222
51.0000 0.1223
9.0000 0.1224
40.0000 0.1224
142.0000 0.1226
49.0000 0.1227
82.0000 0.1227
152.0000 0.1227
231.0000 0.1227
95.0000 0.1228
187.0000 0.1228
203.0000 0.1228
33.0000 0.1229
89.0000 0.1229
128.0000 0.1230
29.0000 0.1231
220.0000 0.1231
52.0000 0.1232
126.0000 0.1232
102.0000 0.1233
199.0000 0.1234
106.0000 0.1235
230.0000 0.1235
200.0000 0.1236
215.0000 0.1236
56.0000 0.1238
80.0000 0.1238
123.0000 0.1238
214.0000 0.1238
0.0000 0.1239
70.0000 0.1239
132.0000 0.1240
184.0000 0.1240
24.0000 0.1241
41.0000 0.1241
168.0000 0.1241
91.0000 0.1242
196.0000 0.1243
5.0000 0.1244
7.0000 0.1244
195.0000 0.1244
229.0000 0.1244
19.0000 0.1245
100.0000 0.1247
221.0000 0.1247
38.0000 0.1249
191.0000 0.1249
217.0000 0.1249
147.0000 0.1250
192.0000 0.1250
60.0000 0.1251
23.0000 0.1252
44.0000 0.1252
109.0000 0.1252
145.0000 0.1253
84.0000 0.1254
104.0000 0.1254
172.0000 0.1254
178.0000 0.1254
99.0000 0.1255
140.0000 0.1255
143.0000 0.1258
166.0000 0.1260
173.0000 0.1260
53.0000 0.1261
105.0000 0.1261
120.0000 0.1261
130.0000 0.1261
69.0000 0.1262
212.0000 0.1263
25.0000 0.1264
31.0000 0.1266
13.0000 0.1267
181.0000 0.1267
216.0000 0.1267
133.0000 0.1268
161.0000 0.1269
218.0000 0.1271
232.0000 0.1272
111.0000 0.1273
159.0000 0.1275
30.0000 0.1277
4.0000 0.1278
67.0000 0.1278
97.0000 0.1278
176.0000 0.1280
177.0000 0.1280
206.0000 0.1280
224.0000 0.1280
6.0000 0.1281
141.0000 0.1281
183.0000 0.1282
66.0000 0.1283
68.0000 0.1283
34.0000 0.1285
62.0000 0.1285
169.0000 0.1285
64.0000 0.1286
94.0000 0.1286
103.0000 0.1286
162.0000 0.1286
163.0000 0.1286
208.0000 0.1286
235.0000 0.1286
112.0000 0.1287
209.0000 0.1287
135.0000 0.1288
160.0000 0.1288
180.0000 0.1288
14.0000 0.1289
22.0000 0.1289
167.0000 0.1289
198.0000 0.1289
222.0000 0.1289
27.0000 0.1291
131.0000 0.1292
16.0000 0.1293
18.0000 0.1293
61.0000 0.1294
78.0000 0.1294
11.0000 0.1297
233.0000 0.1298
1.0000 0.1299
98.0000 0.1300
117.0000 0.1300
239.0000 0.1300
114.0000 0.1301
157.0000 0.1302
59.0000 0.1303
223.0000 0.1303
118.0000 0.1304
228.0000 0.1304
144.0000 0.1306
127.0000 0.1307
153.0000 0.1307
171.0000 0.1308
194.0000 0.1308
8.0000 0.1309
36.0000 0.1309
101.0000 0.1310
17.0000 0.1311
155.0000 0.1311
237.0000 0.1311
58.0000 0.1312
186.0000 0.1312
50.0000 0.1314
3.0000 0.1315
82.0000 0.1315
122.0000 0.1315
174.0000 0.1315
12.0000 0.1317
77.0000 0.1317
148.0000 0.1317
190.0000 0.1317
210.0000 0.1319
213.0000 0.1319
156.0000 0.1321
54.0000 0.1322
72.0000 0.1323
175.0000 0.1323
211.0000 0.1323
83.0000 0.1324
15.0000 0.1325
63.0000 0.1326
5.0000 0.1329
170.0000 0.1329
88.0000 0.1330
107.0000 0.1330
115.0000 0.1332
203.0000 0.1333
238.0000 0.1333
85.0000 0.1334
86.0000 0.1334
221.0000 0.1334
142.0000 0.1335
87.0000 0.1336
33.0000 0.1337
40.0000 0.1337
90.0000 0.1337
197.0000 0.1337
217.0000 0.1337
219.0000 0.1338
134.0000 0.1339
106.0000 0.1340
154.0000 0.1341
185.0000 0.1341
200.0000 0.1341
102.0000 0.1342
139.0000 0.1342
182.0000 0.1342
204.0000 0.1343
227.0000 0.1343
56.0000 0.1344
80.0000 0.1344
89.0000 0.1345
119.0000 0.1345
202.0000 0.1345
91.0000 0.1346
231.0000 0.1346
136.0000 0.1347
189.0000 0.1347
191.0000 0.1347
49.0000 0.1348
123.0000 0.1348
41.0000 0.1349
74.0000 0.1350
92.0000 0.1350
105.0000 0.1350
143.0000 0.1350
21.0000 0.1351
52.0000 0.1351
133.0000 0.1351
193.0000 0.1352
84.0000 0.1353
199.0000 0.1353
0.0000 0.1354
75.0000 0.1354
216.0000 0.1355
42.0000 0.1356
137.0000 0.1356
192.0000 0.1356
44.0000 0.1357
147.0000 0.1357
9.0000 0.1360
39.0000 0.1360
81.0000 0.1361
179.0000 0.1361
32.0000 0.1364
166.0000 0.1364
176.0000 0.1364
7.0000 0.1366
126.0000 0.1366
178.0000 0.1366
234.0000 0.1366
218.0000 0.1367
124.0000 0.1368
4.0000 0.1369
60.0000 0.1369
99.0000 0.1369
138.0000 0.1369
212.0000 0.1369
2.0000 0.1370
130.0000 0.1370
132.0000 0.1371
159.0000 0.1371
100.0000 0.1372
145.0000 0.1372
53.0000 0.1373
104.0000 0.1373
229.0000 0.1373
46.0000 0.1374
215.0000 0.1374
225.0000 0.1374
19.0000 0.1376
76.0000 0.1377
25.0000 0.1378
173.0000 0.1378
43.0000 0.1379
184.0000 0.1379
128.0000 0.1380
168.0000 0.1380
109.0000 0.1382
120.0000 0.1382
167.0000 0.1382
205.0000 0.1382
206.0000 0.1382
31.0000 0.1384
161.0000 0.1384
140.0000 0.1385
181.0000 0.1385
214.0000 0.1385
230.0000 0.1385
70.0000 0.1387
35.0000 0.1390
198.0000 0.1391
59.0000 0.1393
65.0000 0.1393
223.0000 0.1393
209.0000 0.1395
62.0000 0.1396
95.0000 0.1396
233.0000 0.1396
79.0000 0.1397
153.0000 0.1398
82.0000 0.1399
98.0000 0.1399
162.0000 0.1399
10.0000 0.1400
68.0000 0.1400
196.0000 0.1401
66.0000 0.1403
186.0000 0.1403
64.0000 0.1404
30.0000 0.1405
111.0000 0.1405
127.0000 0.1406
23.0000 0.1407
67.0000 0.1407
97.0000 0.1407
121.0000 0.1407
150.0000 0.1407
222.0000 0.1407
183.0000 0.1408
34.0000 0.1409
61.0000 0.1409
157.0000 0.1409
224.0000 0.1409
5.0000 0.1410
16.0000 0.1410
117.0000 0.1410
152.0000 0.1410
14.0000 0.1411
155.0000 0.1411
26.0000 0.1413
69.0000 0.1413
96.0000 0.1413
141.0000 0.1413
208.0000 0.1414
78.0000 0.1415
131.0000 0.1415
177.0000 0.1415
94.0000 0.1416
116.0000 0.1416
180.0000 0.1416
213.0000 0.1416
114.0000 0.1417
148.0000 0.1418
149.0000 0.1418
174.0000 0.1418
235.0000 0.1419
144.0000 0.1420
194.0000 0.1420
54.0000 0.1421
239.0000 0.1421
17.0000 0.1423
169.0000 0.1423
221.0000 0.1423
77.0000 0.1424
122.0000 0.1424
101.0000 0.1425
112.0000 0.1425
1.0000 0.1426
172.0000 0.1426
72.0000 0.1428
24.0000 0.1429
156.0000 0.1430
12.0000 0.1431
22.0000 0.1431
27.0000 0.1431
171.0000 0.1431
217.0000 0.1431
163.0000 0.1432
6.0000 0.1434
203.0000 0.1434
237.0000 0.1434
83.0000 0.1435
133.0000 0.1435
105.0000 0.1436
226.0000 0.1436
50.0000 0.1437
110.0000 0.1437
170.0000 0.1437
80.0000 0.1438
108.0000 0.1438
232.0000 0.1438
103.0000 0.1440
142.0000 0.1440
143.0000 0.1440
228.0000 0.1440
55.0000 0.1441
91.0000 0.1441
29.0000 0.1442
36.0000 0.1442
85.0000 0.1444
102.0000 0.1444
115.0000 0.1445
211.0000 0.1445
56.0000 0.1446
139.0000 0.1447
4.0000 0.1448
200.0000 0.1448
216.0000 0.1448
219.0000 0.1448
84.0000 0.1449
106.0000 0.1449
160.0000 0.1449
87.0000 0.1450
210.0000 0.1450
33.0000 0.1451
190.0000 0.1451
40.0000 0.1452
191.0000 0.1453
151.0000 0.1454
159.0000 0.1454
58.0000 0.1455
176.0000 0.1455
187.0000 0.1455
52.0000 0.1456
135.0000 0.1456
218.0000 0.1456
123.0000 0.1457
192.0000 0.1460
41.0000 0.1461
49.0000 0.1461
199.0000 0.1461
212.0000 0.1461
89.0000 0.1462
11.0000 0.1463
90.0000 0.1463
166.0000 0.1463
0.0000 0.1464
147.0000 0.1464
231.0000 0.1464
197.0000 0.1465
86.0000 0.1466
118.0000 0.1467
44.0000 0.1468
182.0000 0.1468
227.0000 0.1468
195.0000 0.1470
136.0000 0.1471
99.0000 0.1472
204.0000 0.1472
201.0000 0.1473
178.0000 0.1474
25.0000 0.1475
185.0000 0.1475
175.0000 0.1478
206.0000 0.1478
173.0000 0.1479
7.0000 0.1480
59.0000 0.1480
82.0000 0.1481
130.0000 0.1481
15.0000 0.1482
60.0000 0.1482
9.0000 0.1483
167.0000 0.1483
209.0000 0.1483
13.0000 0.1484
53.0000 0.1486
104.0000 0.1486
193.0000 0.1486
229.0000 0.1486
63.0000 0.1488
126.0000 0.1488
145.0000 0.1488
161.0000 0.1488
119.0000 0.1489
132.0000 0.1489
233.0000 0.1489
223.0000 0.1490
100.0000 0.1491
81.0000 0.1492
153.0000 0.1492
5.0000 0.1494
179.0000 0.1494
98.0000 0.1495
120.0000 0.1495
189.0000 0.1496
234.0000 0.1497
127.0000 0.1499
186.0000 0.1499
19.0000 0.1500
31.0000 0.1500
74.0000 0.1500
162.0000 0.1500
184.0000 0.1500
198.0000 0.1501
181.0000 0.1503
107.0000 0.1505
68.0000 0.1506
117.0000 0.1508
62.0000 0.1509
164.0000 0.1509
221.0000 0.1512
38.0000 0.1513
42.0000 0.1513
54.0000 0.1513
157.0000 0.1513
213.0000 0.1514
64.0000 0.1516
215.0000 0.1516
133.0000 0.1517
174.0000 0.1517
214.0000 0.1517
168.0000 0.1520
109.0000 0.1523
222.0000 0.1524
105.0000 0.1525
155.0000 0.1525
30.0000 0.1526
34.0000 0.1526
140.0000 0.1526
217.0000 0.1526
72.0000 0.1527
97.0000 0.1527
61.0000 0.1528
8.0000 0.1529
88.0000 0.1529
143.0000 0.1529
148.0000 0.1529
66.0000 0.1530
78.0000 0.1532
16.0000 0.1533
70.0000 0.1533
203.0000 0.1533
77.0000 0.1534
128.0000 0.1534
156.0000 0.1534
4.0000 0.1535
39.0000 0.1535
111.0000 0.1535
141.0000 0.1535
194.0000 0.1535
76.0000 0.1536
80.0000 0.1536
230.0000 0.1536
122.0000 0.1538
14.0000 0.1540
91.0000 0.1541
1.0000 0.1543
67.0000 0.1543
114.0000 0.1543
239.0000 0.1543
224.0000 0.1544
95.0000 0.1545
131.0000 0.1546
177.0000 0.1546
183.0000 0.1546
144.0000 0.1547
159.0000 0.1548
12.0000 0.1549
85.0000 0.1549
216.0000 0.1549
56.0000 0.1550
202.0000 0.1550
238.0000 0.1551
94.0000 0.1552
176.0000 0.1552
75.0000 0.1553
200.0000 0.1553
137.0000 0.1554
23.0000 0.1555
142.0000 0.1555
218.0000 0.1555
101.0000 0.1556
208.0000 0.1556
237.0000 0.1556
163.0000 0.1558
170.0000 0.1559
83.0000 0.1560
33.0000 0.1561
166.0000 0.1561
17.0000 0.1562
50.0000 0.1562
102.0000 0.1563
212.0000 0.1563
235.0000 0.1563
106.0000 0.1564
2.0000 0.1565
69.0000 0.1565
123.0000 0.1565
171.0000 0.1565
225.0000 0.1565
82.0000 0.1566
180.0000 0.1566
191.0000 0.1566
3.0000 0.1567
32.0000 0.1568
59.0000 0.1568
71.0000 0.1568
115.0000 0.1568
112.0000 0.1569
139.0000 0.1570
219.0000 0.1570
228.0000 0.1571
36.0000 0.1574
41.0000 0.1575
5.0000 0.1576
27.0000 0.1576
84.0000 0.1576
87.0000 0.1576
65.0000 0.1577
89.0000 0.1577
199.0000 0.1577
211.0000 0.1577
40.0000 0.1578
99.0000 0.1578
0.0000 0.1579
52.0000 0.1580
192.0000 0.1581
149.0000 0.1583
167.0000 0.1583
147.0000 0.1584
233.0000 0.1584
22.0000 0.1585
10.0000 0.1586
169.0000 0.1586
6.0000 0.1587
43.0000 0.1587
49.0000 0.1587
153.0000 0.1587
90.0000 0.1588
205.0000 0.1588
206.0000 0.1588
196.0000 0.1589
223.0000 0.1589
231.0000 0.1589
161.0000 0.1590
209.0000 0.1590
44.0000 0.1591
98.0000 0.1591
172.0000 0.1592
178.0000 0.1592
173.0000 0.1594
7.0000 0.1596
127.0000 0.1596
25.0000 0.1597
136.0000 0.1598
104.0000 0.1599
79.0000 0.1600
133.0000 0.1600
190.0000 0.1600
221.0000 0.1600
210.0000 0.1601
227.0000 0.1601
86.0000 0.1602
130.0000 0.1603
186.0000 0.1603
53.0000 0.1604
121.0000 0.1604
185.0000 0.1604
154.0000 0.1605
162.0000 0.1605
174.0000 0.1605
152.0000 0.1606
54.0000 0.1607
58.0000 0.1607
198.0000 0.1608
204.0000 0.1608
145.0000 0.1609
181.0000 0.1609
182.0000 0.1610
213.0000 0.1611
60.0000 0.1612
132.0000 0.1612
197.0000 0.1612
105.0000 0.1613
124.0000 0.1616
117.0000 0.1617
157.0000 0.1617
143.0000 0.1618
4.0000 0.1619
9.0000 0.1619
229.0000 0.1619
68.0000 0.1620
46.0000 0.1621
120.0000 0.1621
126.0000 0.1621
217.0000 0.1621
62.0000 0.1624
100.0000 0.1625
31.0000 0.1627
64.0000 0.1627
135.0000 0.1629
35.0000 0.1630
19.0000 0.1631
61.0000 0.1631
232.0000 0.1631
72.0000 0.1633
103.0000 0.1633
193.0000 0.1633
155.0000 0.1636
175.0000 0.1636
184.0000 0.1636
24.0000 0.1638
91.0000 0.1638
189.0000 0.1638
80.0000 0.1639
179.0000 0.1639
77.0000 0.1640
156.0000 0.1640
216.0000 0.1640
176.0000 0.1643
203.0000 0.1643
234.0000 0.1643
96.0000 0.1644
119.0000 0.1644
194.0000 0.1646
159.0000 0.1648
30.0000 0.1649
82.0000 0.1649
222.0000 0.1649
34.0000 0.1650
109.0000 0.1650
148.0000 0.1651
218.0000 0.1651
74.0000 0.1652
63.0000 0.1654
118.0000 0.1654
11.0000 0.1655
78.0000 0.1655
85.0000 0.1656
140.0000 0.1656
160.0000 0.1656
26.0000 0.1657
66.0000 0.1657
166.0000 0.1657
122.0000 0.1659
239.0000 0.1659
14.0000 0.1660
97.0000 0.1661
215.0000 0.1661
81.0000 0.1662
59.0000 0.1663
5.0000 0.1664
29.0000 0.1664
116.0000 0.1664
16.0000 0.1665
142.0000 0.1665
144.0000 0.1665
12.0000 0.1666
212.0000 0.1666
214.0000 0.1669
195.0000 0.1670
200.0000 0.1671
111.0000 0.1672
168.0000 0.1672
170.0000 0.1672
226.0000 0.1672
237.0000 0.1672
1.0000 0.1673
67.0000 0.1673
115.0000 0.1674
123.0000 0.1674
56.0000 0.1675
83.0000 0.1675
114.0000 0.1675
191.0000 0.1675
15.0000 0.1676
102.0000 0.1676
42.0000 0.1677
131.0000 0.1677
106.0000 0.1678
107.0000 0.1679
141.0000 0.1679
33.0000 0.1680
153.0000 0.1682
220.0000 0.1682
177.0000 0.1683
183.0000 0.1683
209.0000 0.1683
192.0000 0.1684
219.0000 0.1684
224.0000 0.1684
99.0000 0.1685
133.0000 0.1686
167.0000 0.1686
199.0000 0.1686
94.0000 0.1687
98.0000 0.1688
233.0000 0.1688
101.0000 0.1689
150.0000 0.1690
0.0000 0.1691
41.0000 0.1691
139.0000 0.1691
50.0000 0.1692
84.0000 0.1692
221.0000 0.1692
223.0000 0.1692
230.0000 0.1692
40.0000 0.1694
76.0000 0.1694
89.0000 0.1694
127.0000 0.1694
17.0000 0.1695
171.0000 0.1697
235.0000 0.1697
70.0000 0.1698
105.0000 0.1698
180.0000 0.1698
55.0000 0.1699
128.0000 0.1700
208.0000 0.1700
52.0000 0.1702
206.0000 0.1702
36.0000 0.1703
147.0000 0.1703
23.0000 0.1704
87.0000 0.1705
4.0000 0.1706
163.0000 0.1707
143.0000 0.1708
173.0000 0.1708
178.0000 0.1709
186.0000 0.1709
217.0000 0.1709
49.0000 0.1710
54.0000 0.1710
161.0000 0.1710
231.0000 0.1710
112.0000 0.1711
228.0000 0.1711
25.0000 0.1712
44.0000 0.1712
162.0000 0.1712
174.0000 0.1712
134.0000 0.1713
21.0000 0.1714
69.0000 0.1714
211.0000 0.1714
213.0000 0.1715
13.0000 0.1716
27.0000 0.1716
90.0000 0.1716
7.0000 0.1717
130.0000 0.1717
157.0000 0.1719
39.0000 0.1720
104.0000 0.1720
117.0000 0.1722
53.0000 0.1724
136.0000 0.1725
198.0000 0.1725
181.0000 0.1726
176.0000 0.1727
227.0000 0.1728
2.0000 0.1730
95.0000 0.1730
22.0000 0.1731
159.0000 0.1733
91.0000 0.1734
216.0000 0.1734
61.0000 0.1735
68.0000 0.1735
80.0000 0.1736
229.0000 0.1737
64.0000 0.1738
72.0000 0.1738
82.0000 0.1738
100.0000 0.1738
155.0000 0.1738
202.0000 0.1738
132.0000 0.1740
62.0000 0.1741
86.0000 0.1742
126.0000 0.1742
156.0000 0.1742
190.0000 0.1743
9.0000 0.1744
182.0000 0.1744
185.0000 0.1744
120.0000 0.1745
145.0000 0.1745
203.0000 0.1746
210.0000 0.1746
225.0000 0.1746
169.0000 0.1747
197.0000 0.1747
218.0000 0.1747
58.0000 0.1748
60.0000 0.1749
75.0000 0.1749
5.0000 0.1750
59.0000 0.1750
43.0000 0.1751
77.0000 0.1751
31.0000 0.1754
6.0000 0.1755
8.0000 0.1755
204.0000 0.1755
166.0000 0.1757
184.0000 0.1757
196.0000 0.1757
108.0000 0.1758
85.0000 0.1760
222.0000 0.1761
187.0000 0.1762
148.0000 0.1764
212.0000 0.1764
205.0000 0.1765
19.0000 0.1767
109.0000 0.1767
34.0000 0.1768
153.0000 0.1768
30.0000 0.1770
133.0000 0.1771
194.0000 0.1771
200.0000 0.1771
103.0000 0.1773
172.0000 0.1773
38.0000 0.1774
66.0000 0.1774
32.0000 0.1776
88.0000 0.1776
142.0000 0.1776
65.0000 0.1777
189.0000 0.1777
78.0000 0.1779
110.0000 0.1779
122.0000 0.1779
221.0000 0.1780
16.0000 0.1782
239.0000 0.1782
191.0000 0.1783
97.0000 0.1785
140.0000 0.1785
193.0000 0.1785
209.0000 0.1785
12.0000 0.1786
115.0000 0.1786
79.0000 0.1787
102.0000 0.1788
123.0000 0.1788
175.0000 0.1788
179.0000 0.1788
33.0000 0.1789
105.0000 0.1789
119.0000 0.1789
219.0000 0.1789
98.0000 0.1790
170.0000 0.1790
233.0000 0.1791
14.0000 0.1792
144.0000 0.1792
167.0000 0.1792
223.0000 0.1792
106.0000 0.1793
137.0000 0.1793
215.0000 0.1793
4.0000 0.1795
99.0000 0.1795
234.0000 0.1795
83.0000 0.1796
127.0000 0.1796
143.0000 0.1796
152.0000 0.1797
192.0000 0.1797
232.0000 0.1797
199.0000 0.1798
56.0000 0.1799
84.0000 0.1799
237.0000 0.1799
114.0000 0.1800
217.0000 0.1801
111.0000 0.1803
135.0000 0.1803
214.0000 0.1804
238.0000 0.1804
1.0000 0.1805
149.0000 0.1805
41.0000 0.1806
74.0000 0.1806
168.0000 0.1807
147.0000 0.1808
67.0000 0.1809
186.0000 0.1809
17.0000 0.1810
141.0000 0.1810
183.0000 0.1811
10.0000 0.1812
40.0000 0.1812
139.0000 0.1812
121.0000 0.1813
173.0000 0.1813
206.0000 0.1813
0.0000 0.1814
54.0000 0.1814
131.0000 0.1814
89.0000 0.1815
161.0000 0.1815
213.0000 0.1816
81.0000 0.1817
101.0000 0.1817
176.0000 0.1817
216.0000 0.1817
25.0000 0.1818
174.0000 0.1819
162.0000 0.1820
177.0000 0.1820
178.0000 0.1820
46.0000 0.1821
44.0000 0.1822
82.0000 0.1822
157.0000 0.1822
159.0000 0.1822
224.0000 0.1822
18.0000 0.1823
180.0000 0.1823
49.0000 0.1824
94.0000 0.1824
50.0000 0.1825
52.0000 0.1825
118.0000 0.1826
130.0000 0.1826
208.0000 0.1826
117.0000 0.1828
87.0000 0.1829
96.0000 0.1830
171.0000 0.1830
36.0000 0.1831
181.0000 0.1831
5.0000 0.1833
15.0000 0.1833
235.0000 0.1833
63.0000 0.1834
198.0000 0.1834
91.0000 0.1835
231.0000 0.1835
42.0000 0.1836
68.0000 0.1836
138.0000 0.1836
80.0000 0.1837
218.0000 0.1837
24.0000 0.1839
59.0000 0.1839
7.0000 0.1840
11.0000 0.1841
72.0000 0.1841
76.0000 0.1842
160.0000 0.1842
211.0000 0.1842
228.0000 0.1842
230.0000 0.1842
112.0000 0.1843
61.0000 0.1844
104.0000 0.1845
163.0000 0.1845
62.0000 0.1848
64.0000 0.1848
35.0000 0.1849
136.0000 0.1849
156.0000 0.1849
203.0000 0.1849
27.0000 0.1850
77.0000 0.1850
90.0000 0.1850
53.0000 0.1851
70.0000 0.1851
155.0000 0.1851
133.0000 0.1852
227.0000 0.1853
23.0000 0.1856
69.0000 0.1857
166.0000 0.1857
212.0000 0.1857
124.0000 0.1858
128.0000 0.1859
153.0000 0.1859
100.0000 0.1862
3.0000 0.1863
145.0000 0.1863
229.0000 0.1863
126.0000 0.1864
148.0000 0.1864
31.0000 0.1866
85.0000 0.1866
107.0000 0.1866
120.0000 0.1867
221.0000 0.1867
132.0000 0.1868
22.0000 0.1869
222.0000 0.1870
60.0000 0.1873
182.0000 0.1876
143.0000 0.1878
105.0000 0.1880
4.0000 0.1881
98.0000 0.1881
185.0000 0.1881
209.0000 0.1881
191.0000 0.1882
200.0000 0.1882
9.0000 0.1883
34.0000 0.1883
86.0000 0.1886
197.0000 0.1888
194.0000 0.1890
210.0000 0.1890
233.0000 0.1890
19.0000 0.1891
30.0000 0.1891
33.0000 0.1891
204.0000 0.1891
39.0000 0.1892
102.0000 0.1892
142.0000 0.1892
190.0000 0.1892
29.0000 0.1893
169.0000 0.1893
122.0000 0.1894
223.0000 0.1894
115.0000 0.1895
167.0000 0.1895
26.0000 0.1898
95.0000 0.1899
106.0000 0.1900
217.0000 0.1900
226.0000 0.1902
12.0000 0.1904
82.0000 0.1905
56.0000 0.1907
109.0000 0.1907
127.0000 0.1908
170.0000 0.1908
192.0000 0.1908
16.0000 0.1909
66.0000 0.1909
99.0000 0.1910
184.0000 0.1910
123.0000 0.1911
219.0000 0.1911
83.0000 0.1912
186.0000 0.1912
213.0000 0.1912
216.0000 0.1912
41.0000 0.1913
78.0000 0.1913
116.0000 0.1913
176.0000 0.1913
239.0000 0.1914
199.0000 0.1915
54.0000 0.1918
97.0000 0.1918
195.0000 0.1918
237.0000 0.1919
159.0000 0.1920
2.0000 0.1921
84.0000 0.1921
147.0000 0.1921
174.0000 0.1921
6.0000 0.1923
5.0000 0.1924
14.0000 0.1924
55.0000 0.1926
215.0000 0.1927
114.0000 0.1928
154.0000 0.1928
40.0000 0.1929
144.0000 0.1930
1.0000 0.1931
139.0000 0.1931
58.0000 0.1932
67.0000 0.1932
59.0000 0.1935
218.0000 0.1936
17.0000 0.1937
133.0000 0.1937
140.0000 0.1937
173.0000 0.1937
0.0000 0.1938
162.0000 0.1938
183.0000 0.1938
189.0000 0.1938
193.0000 0.1939
196.0000 0.1939
206.0000 0.1939
25.0000 0.1940
80.0000 0.1940
141.0000 0.1940
43.0000 0.1941
75.0000 0.1941
130.0000 0.1941
198.0000 0.1941
89.0000 0.1942
103.0000 0.1942
111.0000 0.1942
161.0000 0.1943
178.0000 0.1946
157.0000 0.1948
74.0000 0.1949
117.0000 0.1949
49.0000 0.1950
91.0000 0.1950
175.0000 0.1950
44.0000 0.1953
119.0000 0.1953
179.0000 0.1953
13.0000 0.1954
205.0000 0.1954
87.0000 0.1955
203.0000 0.1956
166.0000 0.1957
72.0000 0.1958
153.0000 0.1958
225.0000 0.1958
7.0000 0.1959
52.0000 0.1959
68.0000 0.1959
180.0000 0.1959
101.0000 0.1961
172.0000 0.1961
214.0000 0.1961
221.0000 0.1961
62.0000 0.1962
71.0000 0.1962
231.0000 0.1962
50.0000 0.1963
77.0000 0.1963
156.0000 0.1963
208.0000 0.1963
212.0000 0.1963
234.0000 0.1963
177.0000 0.1964
202.0000 0.1964
64.0000 0.1965
105.0000 0.1966
168.0000 0.1966
181.0000 0.1966
224.0000 0.1966
61.0000 0.1967
85.0000 0.1967
227.0000 0.1967
155.0000 0.1968
235.0000 0.1968
36.0000 0.1969
171.0000 0.1969
201.0000 0.1969
8.0000 0.1971
65.0000 0.1971
94.0000 0.1971
232.0000 0.1971
4.0000 0.1972
143.0000 0.1973
211.0000 0.1973
131.0000 0.1974
53.0000 0.1975
104.0000 0.1975
148.0000 0.1975
150.0000 0.1976
112.0000 0.1978
90.0000 0.1980
209.0000 0.1980
136.0000 0.1981
98.0000 0.1982
200.0000 0.1982
32.0000 0.1984
31.0000 0.1986
120.0000 0.1986
222.0000 0.1988
191.0000 0.1989
81.0000 0.1990
118.0000 0.1990
137.0000 0.1990
145.0000 0.1990
228.0000 0.1990
230.0000 0.1991
82.0000 0.1992
149.0000 0.1992
223.0000 0.1992
217.0000 0.1993
34.0000 0.1995
60.0000 0.1995
167.0000 0.1995
27.0000 0.1996
92.0000 0.1997
194.0000 0.1997
233.0000 0.1997
126.0000 0.1998
51.0000 0.1999
142.0000 0.1999
