0.0000 0.0000
1.0000 0.0000
2.0000 0.0000
3.0000 0.0000
4.0000 0.0000
5.0000 0.0000
6.0000 0.0000
7.0000 0.0000
8.0000 0.0000
9.0000 0.0000
10.0000 0.0000
11.0000 0.0000
12.0000 0.0000
13.0000 0.0000
14.0000 0.0000
15.0000 0.0000
16.0000 0.0000
17.0000 0.0000
18.0000 0.0000
19.0000 0.0000
20.0000 0.0000
21.0000 0.0000
22.0000 0.0000
23.0000 0.0000
24.0000 0.0000
25.0000 0.0000
26.0000 0.0000
27.0000 0.0000
28.0000 0.0000
29.0000 0.0000
30.0000 0.0000
31.0000 0.0000
32.0000 0.0000
33.0000 0.0000
34.0000 0.0000
35.0000 0.0000
36.0000 0.0000
37.0000 0.0000
38.0000 0.0000
39.0000 0.0000
40.0000 0.0000
41.0000 0.0000
42.0000 0.0000
43.0000 0.0000
44.0000 0.0000
45.0000 0.0000
46.0000 0.0000
47.0000 0.0000
48.0000 0.0000
49.0000 0.0000
50.0000 0.0000
51.0000 0.0000
52.0000 0.0000
53.0000 0.0000
54.0000 0.0000
55.0000 0.0000
56.0000 0.0000
57.0000 0.0000
58.0000 0.0000
59.0000 0.0000
60.0000 0.0000
61.0000 0.0000
62.0000 0.0000
63.0000 0.0000
64.0000 0.0000
65.0000 0.0000
66.0000 0.0000
67.0000 0.0000
68.0000 0.0000
69.0000 0.0000
70.0000 0.0000
71.0000 0.0000
72.0000 0.0000
73.0000 0.0000
74.0000 0.0000
75.0000 0.0000
76.0000 0.0000
77.0000 0.0000
78.0000 0.0000
79.0000 0.0000
80.0000 0.0000
81.0000 0.0000
82.0000 0.0000
83.0000 0.0000
84.0000 0.0000
85.0000 0.0000
86.0000 0.0000
87.0000 0.0000
88.0000 0.0000
89.0000 0.0000
90.0000 0.0000
91.0000 0.0000
92.0000 0.0000
93.0000 0.0000
94.0000 0.0000
95.0000 0.0000
96.0000 0.0000
97.0000 0.0000
98.0000 0.0000
99.0000 0.0000
100.0000 0.0000
101.0000 0.0000
102.0000 0.0000
103.0000 0.0000
104.0000 0.0000
105.0000 0.0000
106.0000 0.0000
107.0000 0.0000
108.0000 0.0000
109.0000 0.0000
110.0000 0.0000
111.0000 0.0000
112.0000 0.0000
113.0000 0.0000
114.0000 0.0000
115.0000 0.0000
116.0000 0.0000
117.0000 0.0000
118.0000 0.0000
119.0000 0.0000
120.0000 0.0000
121.0000 0.0000
122.0000 0.0000
123.0000 0.0000
124.0000 0.0000
125.0000 0.0000
126.0000 0.0000
127.0000 0.0000
128.0000 0.0000
129.0000 0.0000
130.0000 0.0000
131.0000 0.0000
132.0000 0.0000
133.0000 0.0000
134.0000 0.0000
135.0000 0.0000
136.0000 0.0000
137.0000 0.0000
138.0000 0.0000
139.0000 0.0000
140.0000 0.0000
141.0000 0.0000
142.0000 0.0000
143.0000 0.0000
144.0000 0.0000
145.0000 0.0000
146.0000 0.0000
147.0000 0.0000
148.0000 0.0000
149.0000 0.0000
227.0000 0.0041
228.0000 0.0045
183.0000 0.0046
205.0000 0.0047
221.0000 0.0049
154.0000 0.0050
169.0000 0.0050
215.0000 0.0050
223.0000 0.0050
173.0000 0.0051
229.0000 0.0052
150.0000 0.0053
155.0000 0.0053
187.0000 0.0053
207.0000 0.0053
164.0000 0.0054
192.0000 0.0054
199.0000 0.0054
181.0000 0.0056
182.0000 0.0056
214.0000 0.0056
198.0000 0.0057
179.0000 0.0058
200.0000 0.0058
226.0000 0.0058
156.0000 0.0059
175.0000 0.0059
191.0000 0.0059
233.0000 0.0060
220.0000 0.0062
234.0000 0.0062
236.0000 0.0062
158.0000 0.0063
196.0000 0.0063
165.0000 0.0064
166.0000 0.0064
184.0000 0.0064
194.0000 0.0064
167.0000 0.0066
222.0000 0.0066
210.0000 0.0067
159.0000 0.0068
172.0000 0.0068
203.0000 0.0068
206.0000 0.0069
230.0000 0.0069
202.0000 0.0070
224.0000 0.0070
153.0000 0.0071
188.0000 0.0072
190.0000 0.0072
180.0000 0.0073
186.0000 0.0074
213.0000 0.0075
218.0000 0.0076
208.0000 0.0079
174.0000 0.0080
177.0000 0.0082
201.0000 0.0084
152.0000 0.0088
225.0000 0.0089
176.0000 0.0090
171.0000 0.0093
212.0000 0.0094
143.0000 0.0096
195.0000 0.0097
58.0000 0.0098
119.0000 0.0098
97.0000 0.0101
237.0000 0.0101
40.0000 0.0103
121.0000 0.0103
68.0000 0.0106
102.0000 0.0107
56.0000 0.0108
60.0000 0.0108
25.0000 0.0110
51.0000 0.0110
91.0000 0.0112
43.0000 0.0113
127.0000 0.0115
161.0000 0.0115
238.0000 0.0116
178.0000 0.0117
33.0000 0.0118
0.0000 0.0119
126.0000 0.0121
162.0000 0.0121
59.0000 0.0123
81.0000 0.0123
6.0000 0.0124
30.0000 0.0125
92.0000 0.0126
2.0000 0.0127
38.0000 0.0127
35.0000 0.0129
144.0000 0.0129
14.0000 0.0130
34.0000 0.0130
118.0000 0.0130
50.0000 0.0132
90.0000 0.0133
147.0000 0.0134
148.0000 0.0135
110.0000 0.0137
24.0000 0.0139
63.0000 0.0139
73.0000 0.0139
20.0000 0.0141
55.0000 0.0142
120.0000 0.0143
189.0000 0.0143
149.0000 0.0145
64.0000 0.0147
87.0000 0.0147
9.0000 0.0148
113.0000 0.0148
231.0000 0.0149
112.0000 0.0150
142.0000 0.0150
82.0000 0.0151
98.0000 0.0151
132.0000 0.0151
62.0000 0.0152
69.0000 0.0152
117.0000 0.0152
211.0000 0.0152
228.0000 0.0152
22.0000 0.0153
66.0000 0.0154
235.0000 0.0154
10.0000 0.0156
29.0000 0.0156
86.0000 0.0157
115.0000 0.0158
146.0000 0.0158
11.0000 0.0159
42.0000 0.0159
44.0000 0.0159
94.0000 0.0159
157.0000 0.0159
46.0000 0.0161
54.0000 0.0163
205.0000 0.0163
99.0000 0.0164
107.0000 0.0164
111.0000 0.0164
159.0000 0.0166
88.0000 0.0167
137.0000 0.0168
185.0000 0.0168
74.0000 0.0169
19.0000 0.0170
183.0000 0.0170
37.0000 0.0171
70.0000 0.0171
77.0000 0.0171
3.0000 0.0172
28.0000 0.0172
26.0000 0.0174
104.0000 0.0174
106.0000 0.0174
181.0000 0.0175
96.0000 0.0176
226.0000 0.0176
170.0000 0.0177
84.0000 0.0178
173.0000 0.0178
204.0000 0.0178
151.0000 0.0179
229.0000 0.0180
13.0000 0.0181
48.0000 0.0181
78.0000 0.0181
160.0000 0.0182
194.0000 0.0182
105.0000 0.0183
213.0000 0.0183
215.0000 0.0184
39.0000 0.0185
53.0000 0.0185
207.0000 0.0185
16.0000 0.0186
65.0000 0.0187
150.0000 0.0187
155.0000 0.0187
223.0000 0.0187
175.0000 0.0188
114.0000 0.0189
184.0000 0.0189
140.0000 0.0190
163.0000 0.0190
125.0000 0.0191
158.0000 0.0191
58.0000 0.0194
139.0000 0.0194
198.0000 0.0195
45.0000 0.0196
97.0000 0.0196
122.0000 0.0197
143.0000 0.0197
187.0000 0.0198
7.0000 0.0199
192.0000 0.0199
93.0000 0.0200
21.0000 0.0201
218.0000 0.0201
221.0000 0.0202
89.0000 0.0203
165.0000 0.0203
108.0000 0.0204
119.0000 0.0204
12.0000 0.0205
76.0000 0.0205
191.0000 0.0205
193.0000 0.0205
8.0000 0.0206
199.0000 0.0206
128.0000 0.0207
174.0000 0.0207
216.0000 0.0207
40.0000 0.0209
222.0000 0.0209
135.0000 0.0210
154.0000 0.0210
56.0000 0.0211
172.0000 0.0211
60.0000 0.0212
121.0000 0.0212
227.0000 0.0212
171.0000 0.0213
25.0000 0.0214
91.0000 0.0215
127.0000 0.0216
68.0000 0.0219
186.0000 0.0219
190.0000 0.0219
220.0000 0.0219
225.0000 0.0219
0.0000 0.0220
52.0000 0.0221
214.0000 0.0221
33.0000 0.0222
202.0000 0.0222
169.0000 0.0223
179.0000 0.0223
180.0000 0.0223
59.0000 0.0224
153.0000 0.0225
27.0000 0.0226
18.0000 0.0227
102.0000 0.0227
212.0000 0.0227
43.0000 0.0228
34.0000 0.0229
83.0000 0.0229
167.0000 0.0229
176.0000 0.0229
182.0000 0.0229
51.0000 0.0232
126.0000 0.0232
101.0000 0.0233
188.0000 0.0233
6.0000 0.0234
30.0000 0.0234
2.0000 0.0235
31.0000 0.0235
35.0000 0.0235
156.0000 0.0235
152.0000 0.0237
92.0000 0.0238
201.0000 0.0238
208.0000 0.0238
230.0000 0.0238
228.0000 0.0240
64.0000 0.0242
79.0000 0.0242
147.0000 0.0242
130.0000 0.0243
144.0000 0.0243
148.0000 0.0244
166.0000 0.0246
50.0000 0.0247
206.0000 0.0247
237.0000 0.0247
90.0000 0.0248
118.0000 0.0248
168.0000 0.0248
233.0000 0.0248
234.0000 0.0248
14.0000 0.0250
159.0000 0.0250
109.0000 0.0251
164.0000 0.0251
38.0000 0.0252
110.0000 0.0252
178.0000 0.0252
87.0000 0.0255
120.0000 0.0255
61.0000 0.0256
205.0000 0.0256
20.0000 0.0257
24.0000 0.0257
55.0000 0.0257
81.0000 0.0257
132.0000 0.0258
210.0000 0.0258
69.0000 0.0260
142.0000 0.0261
9.0000 0.0262
80.0000 0.0262
203.0000 0.0262
73.0000 0.0265
62.0000 0.0266
181.0000 0.0268
67.0000 0.0270
113.0000 0.0270
63.0000 0.0272
177.0000 0.0273
32.0000 0.0274
58.0000 0.0274
162.0000 0.0274
226.0000 0.0274
183.0000 0.0278
213.0000 0.0278
94.0000 0.0279
97.0000 0.0281
196.0000 0.0282
143.0000 0.0285
194.0000 0.0286
29.0000 0.0287
224.0000 0.0287
77.0000 0.0288
99.0000 0.0288
158.0000 0.0289
112.0000 0.0290
49.0000 0.0292
86.0000 0.0292
98.0000 0.0292
173.0000 0.0292
117.0000 0.0293
119.0000 0.0294
11.0000 0.0295
184.0000 0.0295
66.0000 0.0296
111.0000 0.0296
115.0000 0.0296
13.0000 0.0297
82.0000 0.0297
70.0000 0.0298
229.0000 0.0298
150.0000 0.0299
175.0000 0.0301
26.0000 0.0302
121.0000 0.0302
215.0000 0.0303
223.0000 0.0303
231.0000 0.0303
22.0000 0.0304
149.0000 0.0304
42.0000 0.0305
74.0000 0.0306
198.0000 0.0307
207.0000 0.0307
19.0000 0.0308
40.0000 0.0308
88.0000 0.0309
91.0000 0.0309
44.0000 0.0310
60.0000 0.0310
127.0000 0.0310
10.0000 0.0311
78.0000 0.0312
3.0000 0.0313
56.0000 0.0313
134.0000 0.0315
46.0000 0.0316
54.0000 0.0316
174.0000 0.0316
123.0000 0.0317
33.0000 0.0318
146.0000 0.0318
192.0000 0.0318
218.0000 0.0318
225.0000 0.0318
59.0000 0.0319
25.0000 0.0320
187.0000 0.0320
37.0000 0.0322
96.0000 0.0322
106.0000 0.0322
137.0000 0.0322
34.0000 0.0323
155.0000 0.0323
0.0000 0.0324
39.0000 0.0324
107.0000 0.0325
228.0000 0.0325
1.0000 0.0326
53.0000 0.0326
68.0000 0.0326
16.0000 0.0327
35.0000 0.0329
165.0000 0.0329
222.0000 0.0329
5.0000 0.0332
105.0000 0.0332
159.0000 0.0333
189.0000 0.0333
2.0000 0.0334
30.0000 0.0334
170.0000 0.0334
221.0000 0.0334
23.0000 0.0335
104.0000 0.0335
171.0000 0.0336
199.0000 0.0337
186.0000 0.0338
235.0000 0.0338
43.0000 0.0339
236.0000 0.0340
102.0000 0.0342
72.0000 0.0343
125.0000 0.0343
238.0000 0.0343
64.0000 0.0344
126.0000 0.0344
148.0000 0.0344
191.0000 0.0344
211.0000 0.0346
6.0000 0.0347
51.0000 0.0347
172.0000 0.0347
84.0000 0.0348
205.0000 0.0349
212.0000 0.0349
144.0000 0.0351
147.0000 0.0351
38.0000 0.0354
50.0000 0.0354
110.0000 0.0354
153.0000 0.0354
58.0000 0.0355
154.0000 0.0356
220.0000 0.0357
48.0000 0.0358
195.0000 0.0358
118.0000 0.0359
87.0000 0.0361
90.0000 0.0361
140.0000 0.0361
181.0000 0.0361
14.0000 0.0362
28.0000 0.0362
92.0000 0.0362
65.0000 0.0363
214.0000 0.0363
120.0000 0.0364
176.0000 0.0364
132.0000 0.0365
202.0000 0.0365
97.0000 0.0366
24.0000 0.0367
114.0000 0.0367
213.0000 0.0367
142.0000 0.0368
143.0000 0.0368
76.0000 0.0369
180.0000 0.0370
190.0000 0.0370
226.0000 0.0370
20.0000 0.0372
161.0000 0.0372
167.0000 0.0372
188.0000 0.0372
57.0000 0.0373
62.0000 0.0373
108.0000 0.0373
179.0000 0.0373
55.0000 0.0374
69.0000 0.0374
128.0000 0.0374
204.0000 0.0374
208.0000 0.0376
71.0000 0.0377
183.0000 0.0377
21.0000 0.0378
9.0000 0.0382
45.0000 0.0382
135.0000 0.0383
139.0000 0.0383
119.0000 0.0384
73.0000 0.0385
156.0000 0.0385
201.0000 0.0385
8.0000 0.0386
113.0000 0.0387
7.0000 0.0388
163.0000 0.0388
178.0000 0.0389
230.0000 0.0389
152.0000 0.0390
158.0000 0.0391
194.0000 0.0391
63.0000 0.0392
166.0000 0.0392
94.0000 0.0394
227.0000 0.0394
81.0000 0.0395
121.0000 0.0395
169.0000 0.0396
93.0000 0.0397
184.0000 0.0397
40.0000 0.0399
60.0000 0.0400
91.0000 0.0400
127.0000 0.0401
182.0000 0.0401
206.0000 0.0402
233.0000 0.0403
52.0000 0.0404
77.0000 0.0404
228.0000 0.0404
234.0000 0.0404
11.0000 0.0405
56.0000 0.0405
175.0000 0.0405
27.0000 0.0406
215.0000 0.0406
33.0000 0.0407
99.0000 0.0407
173.0000 0.0407
237.0000 0.0407
160.0000 0.0408
229.0000 0.0408
115.0000 0.0409
159.0000 0.0409
70.0000 0.0410
59.0000 0.0411
111.0000 0.0411
162.0000 0.0411
25.0000 0.0412
86.0000 0.0412
117.0000 0.0412
150.0000 0.0412
218.0000 0.0412
157.0000 0.0413
223.0000 0.0413
0.0000 0.0414
98.0000 0.0415
164.0000 0.0415
18.0000 0.0416
198.0000 0.0416
29.0000 0.0417
89.0000 0.0417
174.0000 0.0417
12.0000 0.0418
34.0000 0.0418
112.0000 0.0418
207.0000 0.0420
66.0000 0.0421
74.0000 0.0421
78.0000 0.0421
68.0000 0.0423
192.0000 0.0423
225.0000 0.0423
35.0000 0.0424
13.0000 0.0425
131.0000 0.0427
26.0000 0.0428
83.0000 0.0428
203.0000 0.0429
2.0000 0.0431
44.0000 0.0431
82.0000 0.0431
187.0000 0.0431
30.0000 0.0432
177.0000 0.0432
231.0000 0.0432
130.0000 0.0433
155.0000 0.0435
58.0000 0.0436
216.0000 0.0436
42.0000 0.0437
31.0000 0.0438
64.0000 0.0438
126.0000 0.0438
148.0000 0.0438
151.0000 0.0439
205.0000 0.0439
6.0000 0.0440
51.0000 0.0441
54.0000 0.0441
165.0000 0.0441
43.0000 0.0443
102.0000 0.0443
222.0000 0.0443
88.0000 0.0444
3.0000 0.0445
144.0000 0.0445
46.0000 0.0446
171.0000 0.0446
186.0000 0.0446
210.0000 0.0446
38.0000 0.0447
53.0000 0.0447
97.0000 0.0448
19.0000 0.0449
22.0000 0.0449
149.0000 0.0449
172.0000 0.0449
181.0000 0.0449
106.0000 0.0450
50.0000 0.0451
118.0000 0.0451
143.0000 0.0451
147.0000 0.0451
96.0000 0.0452
146.0000 0.0452
90.0000 0.0454
224.0000 0.0455
122.0000 0.0456
213.0000 0.0456
110.0000 0.0458
137.0000 0.0459
87.0000 0.0461
39.0000 0.0462
104.0000 0.0462
105.0000 0.0463
191.0000 0.0463
16.0000 0.0464
101.0000 0.0464
226.0000 0.0464
212.0000 0.0465
221.0000 0.0465
10.0000 0.0466
24.0000 0.0466
69.0000 0.0466
119.0000 0.0466
153.0000 0.0466
196.0000 0.0466
199.0000 0.0466
14.0000 0.0467
107.0000 0.0468
120.0000 0.0469
142.0000 0.0469
37.0000 0.0470
132.0000 0.0472
170.0000 0.0472
62.0000 0.0473
183.0000 0.0473
92.0000 0.0474
154.0000 0.0474
214.0000 0.0474
79.0000 0.0475
55.0000 0.0476
121.0000 0.0476
125.0000 0.0477
91.0000 0.0480
20.0000 0.0482
228.0000 0.0483
60.0000 0.0484
158.0000 0.0484
194.0000 0.0484
220.0000 0.0484
159.0000 0.0485
40.0000 0.0486
80.0000 0.0486
188.0000 0.0486
208.0000 0.0486
56.0000 0.0487
127.0000 0.0487
67.0000 0.0489
176.0000 0.0490
73.0000 0.0492
84.0000 0.0493
133.0000 0.0493
9.0000 0.0494
184.0000 0.0495
167.0000 0.0496
202.0000 0.0496
48.0000 0.0497
113.0000 0.0497
140.0000 0.0497
34.0000 0.0499
25.0000 0.0500
175.0000 0.0500
0.0000 0.0501
189.0000 0.0501
33.0000 0.0502
59.0000 0.0504
215.0000 0.0504
114.0000 0.0505
32.0000 0.0506
63.0000 0.0506
77.0000 0.0508
81.0000 0.0510
58.0000 0.0512
156.0000 0.0512
128.0000 0.0514
180.0000 0.0514
94.0000 0.0515
179.0000 0.0515
190.0000 0.0515
229.0000 0.0515
68.0000 0.0516
35.0000 0.0518
173.0000 0.0518
201.0000 0.0518
218.0000 0.0518
28.0000 0.0519
152.0000 0.0519
174.0000 0.0521
166.0000 0.0522
198.0000 0.0522
99.0000 0.0523
211.0000 0.0523
223.0000 0.0523
111.0000 0.0525
115.0000 0.0525
225.0000 0.0525
76.0000 0.0526
178.0000 0.0526
2.0000 0.0527
205.0000 0.0527
230.0000 0.0528
30.0000 0.0529
117.0000 0.0529
209.0000 0.0529
29.0000 0.0530
192.0000 0.0530
45.0000 0.0531
97.0000 0.0531
86.0000 0.0532
108.0000 0.0532
150.0000 0.0532
207.0000 0.0533
13.0000 0.0534
51.0000 0.0534
26.0000 0.0535
98.0000 0.0535
139.0000 0.0535
70.0000 0.0536
6.0000 0.0537
148.0000 0.0537
66.0000 0.0538
78.0000 0.0538
11.0000 0.0539
143.0000 0.0540
181.0000 0.0540
235.0000 0.0540
21.0000 0.0542
64.0000 0.0542
135.0000 0.0542
144.0000 0.0543
102.0000 0.0544
43.0000 0.0545
49.0000 0.0545
74.0000 0.0545
61.0000 0.0546
126.0000 0.0546
155.0000 0.0546
162.0000 0.0546
213.0000 0.0547
38.0000 0.0549
112.0000 0.0549
165.0000 0.0549
8.0000 0.0550
65.0000 0.0550
169.0000 0.0550
182.0000 0.0550
147.0000 0.0551
204.0000 0.0551
238.0000 0.0551
27.0000 0.0552
227.0000 0.0552
52.0000 0.0553
164.0000 0.0553
171.0000 0.0553
187.0000 0.0554
195.0000 0.0554
226.0000 0.0554
50.0000 0.0555
119.0000 0.0555
136.0000 0.0555
90.0000 0.0556
110.0000 0.0556
129.0000 0.0556
234.0000 0.0556
53.0000 0.0557
237.0000 0.0557
161.0000 0.0559
42.0000 0.0561
87.0000 0.0561
118.0000 0.0561
44.0000 0.0562
121.0000 0.0562
172.0000 0.0562
14.0000 0.0563
159.0000 0.0563
183.0000 0.0563
206.0000 0.0563
7.0000 0.0564
222.0000 0.0564
228.0000 0.0564
60.0000 0.0566
82.0000 0.0566
88.0000 0.0566
109.0000 0.0566
186.0000 0.0566
132.0000 0.0568
3.0000 0.0569
54.0000 0.0569
233.0000 0.0569
69.0000 0.0571
24.0000 0.0572
91.0000 0.0572
120.0000 0.0573
163.0000 0.0573
191.0000 0.0573
40.0000 0.0574
142.0000 0.0574
96.0000 0.0575
194.0000 0.0575
203.0000 0.0575
56.0000 0.0576
22.0000 0.0577
106.0000 0.0577
127.0000 0.0577
158.0000 0.0577
231.0000 0.0577
123.0000 0.0578
55.0000 0.0579
62.0000 0.0579
19.0000 0.0580
153.0000 0.0580
20.0000 0.0581
236.0000 0.0582
0.0000 0.0584
46.0000 0.0584
149.0000 0.0584
212.0000 0.0584
47.0000 0.0585
58.0000 0.0586
33.0000 0.0587
34.0000 0.0587
92.0000 0.0587
25.0000 0.0588
59.0000 0.0591
146.0000 0.0591
177.0000 0.0591
137.0000 0.0592
175.0000 0.0593
200.0000 0.0593
39.0000 0.0595
73.0000 0.0595
104.0000 0.0595
221.0000 0.0595
105.0000 0.0596
184.0000 0.0596
160.0000 0.0598
199.0000 0.0598
113.0000 0.0599
16.0000 0.0600
154.0000 0.0600
18.0000 0.0601
37.0000 0.0601
214.0000 0.0602
68.0000 0.0603
107.0000 0.0603
208.0000 0.0603
215.0000 0.0603
9.0000 0.0604
10.0000 0.0604
176.0000 0.0604
125.0000 0.0606
1.0000 0.0607
97.0000 0.0609
35.0000 0.0610
170.0000 0.0610
188.0000 0.0610
93.0000 0.0612
198.0000 0.0612
63.0000 0.0613
205.0000 0.0613
218.0000 0.0613
23.0000 0.0615
77.0000 0.0615
174.0000 0.0615
143.0000 0.0616
167.0000 0.0616
30.0000 0.0618
202.0000 0.0618
229.0000 0.0618
2.0000 0.0619
220.0000 0.0619
223.0000 0.0619
89.0000 0.0621
210.0000 0.0621
17.0000 0.0622
48.0000 0.0623
173.0000 0.0624
99.0000 0.0625
225.0000 0.0625
157.0000 0.0626
181.0000 0.0627
94.0000 0.0628
140.0000 0.0630
111.0000 0.0631
152.0000 0.0631
51.0000 0.0632
64.0000 0.0632
148.0000 0.0633
156.0000 0.0633
81.0000 0.0634
83.0000 0.0634
130.0000 0.0634
192.0000 0.0634
31.0000 0.0635
102.0000 0.0635
207.0000 0.0635
213.0000 0.0635
159.0000 0.0637
226.0000 0.0637
101.0000 0.0638
178.0000 0.0638
190.0000 0.0638
6.0000 0.0639
84.0000 0.0639
134.0000 0.0639
12.0000 0.0640
168.0000 0.0640
124.0000 0.0641
179.0000 0.0641
26.0000 0.0642
98.0000 0.0642
115.0000 0.0642
144.0000 0.0642
150.0000 0.0642
228.0000 0.0642
119.0000 0.0643
126.0000 0.0643
11.0000 0.0644
70.0000 0.0644
180.0000 0.0644
196.0000 0.0644
201.0000 0.0644
43.0000 0.0645
38.0000 0.0646
86.0000 0.0646
121.0000 0.0647
50.0000 0.0648
155.0000 0.0648
224.0000 0.0648
128.0000 0.0649
166.0000 0.0649
29.0000 0.0650
78.0000 0.0651
117.0000 0.0651
147.0000 0.0651
216.0000 0.0651
90.0000 0.0652
60.0000 0.0654
91.0000 0.0654
13.0000 0.0655
165.0000 0.0655
230.0000 0.0655
67.0000 0.0656
183.0000 0.0656
189.0000 0.0656
74.0000 0.0657
110.0000 0.0657
114.0000 0.0657
127.0000 0.0657
71.0000 0.0658
87.0000 0.0658
118.0000 0.0658
112.0000 0.0659
66.0000 0.0660
40.0000 0.0661
58.0000 0.0661
162.0000 0.0661
187.0000 0.0661
56.0000 0.0662
132.0000 0.0663
194.0000 0.0663
5.0000 0.0664
14.0000 0.0664
171.0000 0.0665
172.0000 0.0666
76.0000 0.0667
122.0000 0.0667
53.0000 0.0668
80.0000 0.0668
33.0000 0.0669
69.0000 0.0669
139.0000 0.0669
120.0000 0.0670
186.0000 0.0670
25.0000 0.0671
85.0000 0.0671
0.0000 0.0672
24.0000 0.0672
158.0000 0.0672
227.0000 0.0673
28.0000 0.0674
88.0000 0.0675
222.0000 0.0675
34.0000 0.0676
142.0000 0.0676
44.0000 0.0677
59.0000 0.0677
62.0000 0.0677
169.0000 0.0677
20.0000 0.0678
55.0000 0.0679
79.0000 0.0679
191.0000 0.0679
108.0000 0.0681
21.0000 0.0682
164.0000 0.0683
184.0000 0.0684
235.0000 0.0686
237.0000 0.0686
97.0000 0.0687
212.0000 0.0687
32.0000 0.0688
135.0000 0.0688
45.0000 0.0689
153.0000 0.0689
175.0000 0.0689
27.0000 0.0690
42.0000 0.0690
68.0000 0.0691
8.0000 0.0692
52.0000 0.0692
92.0000 0.0692
46.0000 0.0693
54.0000 0.0693
82.0000 0.0694
96.0000 0.0694
182.0000 0.0694
205.0000 0.0694
211.0000 0.0694
3.0000 0.0695
143.0000 0.0696
215.0000 0.0696
233.0000 0.0696
35.0000 0.0697
73.0000 0.0697
113.0000 0.0697
19.0000 0.0698
22.0000 0.0698
204.0000 0.0698
206.0000 0.0698
234.0000 0.0699
65.0000 0.0701
151.0000 0.0702
2.0000 0.0703
30.0000 0.0704
198.0000 0.0704
9.0000 0.0705
106.0000 0.0706
214.0000 0.0707
174.0000 0.0708
159.0000 0.0710
146.0000 0.0711
149.0000 0.0711
39.0000 0.0712
181.0000 0.0713
218.0000 0.0713
223.0000 0.0714
161.0000 0.0715
208.0000 0.0715
63.0000 0.0716
77.0000 0.0716
213.0000 0.0717
221.0000 0.0718
225.0000 0.0718
229.0000 0.0718
119.0000 0.0719
231.0000 0.0719
7.0000 0.0720
199.0000 0.0720
148.0000 0.0721
226.0000 0.0721
37.0000 0.0722
51.0000 0.0722
228.0000 0.0722
167.0000 0.0723
94.0000 0.0724
176.0000 0.0724
203.0000 0.0725
173.0000 0.0726
202.0000 0.0727
16.0000 0.0728
64.0000 0.0728
121.0000 0.0728
137.0000 0.0728
207.0000 0.0729
102.0000 0.0731
105.0000 0.0731
154.0000 0.0731
10.0000 0.0732
188.0000 0.0732
99.0000 0.0733
104.0000 0.0733
107.0000 0.0733
177.0000 0.0733
195.0000 0.0733
125.0000 0.0734
163.0000 0.0734
6.0000 0.0735
91.0000 0.0735
58.0000 0.0736
111.0000 0.0736
220.0000 0.0736
126.0000 0.0737
127.0000 0.0737
43.0000 0.0738
50.0000 0.0738
60.0000 0.0738
144.0000 0.0739
192.0000 0.0739
38.0000 0.0740
40.0000 0.0741
170.0000 0.0741
86.0000 0.0744
147.0000 0.0744
70.0000 0.0745
183.0000 0.0745
57.0000 0.0746
56.0000 0.0747
90.0000 0.0747
152.0000 0.0747
156.0000 0.0747
72.0000 0.0748
110.0000 0.0748
11.0000 0.0749
81.0000 0.0749
150.0000 0.0749
26.0000 0.0750
87.0000 0.0751
33.0000 0.0752
155.0000 0.0752
194.0000 0.0752
49.0000 0.0753
78.0000 0.0753
98.0000 0.0753
118.0000 0.0753
185.0000 0.0753
0.0000 0.0755
48.0000 0.0755
95.0000 0.0755
238.0000 0.0755
29.0000 0.0756
115.0000 0.0757
178.0000 0.0757
25.0000 0.0758
140.0000 0.0759
14.0000 0.0760
59.0000 0.0760
132.0000 0.0760
165.0000 0.0760
34.0000 0.0761
158.0000 0.0761
97.0000 0.0762
112.0000 0.0762
117.0000 0.0762
18.0000 0.0764
69.0000 0.0764
180.0000 0.0764
74.0000 0.0765
171.0000 0.0765
187.0000 0.0765
190.0000 0.0765
13.0000 0.0766
93.0000 0.0767
179.0000 0.0767
109.0000 0.0768
120.0000 0.0768
20.0000 0.0769
201.0000 0.0769
143.0000 0.0770
210.0000 0.0770
55.0000 0.0771
66.0000 0.0771
24.0000 0.0772
172.0000 0.0772
184.0000 0.0772
142.0000 0.0773
166.0000 0.0774
186.0000 0.0774
62.0000 0.0776
68.0000 0.0776
84.0000 0.0778
128.0000 0.0778
205.0000 0.0779
35.0000 0.0781
162.0000 0.0781
230.0000 0.0781
53.0000 0.0783
61.0000 0.0783
175.0000 0.0783
191.0000 0.0783
159.0000 0.0784
193.0000 0.0784
222.0000 0.0784
88.0000 0.0786
92.0000 0.0786
160.0000 0.0786
215.0000 0.0790
2.0000 0.0792
30.0000 0.0792
181.0000 0.0792
113.0000 0.0793
198.0000 0.0793
44.0000 0.0794
174.0000 0.0794
212.0000 0.0794
130.0000 0.0796
228.0000 0.0796
76.0000 0.0797
145.0000 0.0798
153.0000 0.0798
189.0000 0.0799
54.0000 0.0800
119.0000 0.0800
213.0000 0.0801
218.0000 0.0801
73.0000 0.0804
9.0000 0.0805
225.0000 0.0806
58.0000 0.0808
89.0000 0.0808
226.0000 0.0808
123.0000 0.0809
19.0000 0.0811
114.0000 0.0811
148.0000 0.0811
42.0000 0.0812
121.0000 0.0812
3.0000 0.0814
237.0000 0.0814
82.0000 0.0815
96.0000 0.0815
196.0000 0.0815
227.0000 0.0815
31.0000 0.0816
51.0000 0.0817
108.0000 0.0817
223.0000 0.0817
169.0000 0.0818
229.0000 0.0819
60.0000 0.0820
64.0000 0.0820
77.0000 0.0820
21.0000 0.0821
63.0000 0.0822
27.0000 0.0823
127.0000 0.0824
224.0000 0.0824
91.0000 0.0825
22.0000 0.0826
46.0000 0.0826
94.0000 0.0828
101.0000 0.0828
164.0000 0.0828
40.0000 0.0830
106.0000 0.0830
102.0000 0.0831
207.0000 0.0831
214.0000 0.0832
236.0000 0.0832
144.0000 0.0833
173.0000 0.0833
56.0000 0.0834
235.0000 0.0834
28.0000 0.0835
221.0000 0.0835
6.0000 0.0836
38.0000 0.0836
45.0000 0.0836
50.0000 0.0836
233.0000 0.0836
135.0000 0.0837
33.0000 0.0838
43.0000 0.0838
183.0000 0.0838
208.0000 0.0838
206.0000 0.0839
39.0000 0.0840
139.0000 0.0840
147.0000 0.0840
126.0000 0.0841
97.0000 0.0842
12.0000 0.0844
25.0000 0.0844
83.0000 0.0845
87.0000 0.0845
146.0000 0.0845
0.0000 0.0846
52.0000 0.0846
59.0000 0.0846
110.0000 0.0846
118.0000 0.0846
158.0000 0.0846
176.0000 0.0846
199.0000 0.0846
8.0000 0.0847
65.0000 0.0847
167.0000 0.0847
99.0000 0.0848
188.0000 0.0849
202.0000 0.0849
231.0000 0.0849
192.0000 0.0851
194.0000 0.0851
37.0000 0.0852
111.0000 0.0852
182.0000 0.0852
211.0000 0.0852
216.0000 0.0852
67.0000 0.0853
70.0000 0.0853
81.0000 0.0853
90.0000 0.0853
149.0000 0.0853
234.0000 0.0853
11.0000 0.0854
157.0000 0.0854
1.0000 0.0855
34.0000 0.0855
79.0000 0.0855
132.0000 0.0856
143.0000 0.0856
86.0000 0.0857
105.0000 0.0857
205.0000 0.0857
159.0000 0.0858
10.0000 0.0859
14.0000 0.0859
150.0000 0.0859
154.0000 0.0859
155.0000 0.0859
204.0000 0.0860
26.0000 0.0861
16.0000 0.0862
107.0000 0.0862
122.0000 0.0863
68.0000 0.0864
78.0000 0.0864
171.0000 0.0864
55.0000 0.0865
184.0000 0.0865
220.0000 0.0865
20.0000 0.0866
29.0000 0.0866
69.0000 0.0866
137.0000 0.0866
125.0000 0.0867
134.0000 0.0867
142.0000 0.0867
98.0000 0.0868
120.0000 0.0868
156.0000 0.0868
165.0000 0.0868
24.0000 0.0869
35.0000 0.0869
152.0000 0.0869
74.0000 0.0870
80.0000 0.0870
115.0000 0.0870
175.0000 0.0870
228.0000 0.0871
104.0000 0.0872
190.0000 0.0872
203.0000 0.0872
170.0000 0.0873
187.0000 0.0873
62.0000 0.0874
181.0000 0.0874
178.0000 0.0875
112.0000 0.0876
186.0000 0.0876
7.0000 0.0877
30.0000 0.0877
117.0000 0.0877
172.0000 0.0877
2.0000 0.0878
215.0000 0.0878
32.0000 0.0879
66.0000 0.0879
92.0000 0.0879
119.0000 0.0879
131.0000 0.0879
222.0000 0.0879
13.0000 0.0880
58.0000 0.0880
174.0000 0.0880
180.0000 0.0884
198.0000 0.0885
213.0000 0.0885
201.0000 0.0886
179.0000 0.0887
226.0000 0.0887
88.0000 0.0888
121.0000 0.0888
151.0000 0.0888
177.0000 0.0888
166.0000 0.0889
140.0000 0.0890
163.0000 0.0891
191.0000 0.0891
225.0000 0.0891
48.0000 0.0892
148.0000 0.0892
113.0000 0.0893
133.0000 0.0895
218.0000 0.0896
162.0000 0.0897
53.0000 0.0899
60.0000 0.0899
153.0000 0.0899
230.0000 0.0899
128.0000 0.0900
44.0000 0.0901
127.0000 0.0901
212.0000 0.0901
23.0000 0.0902
91.0000 0.0902
161.0000 0.0902
51.0000 0.0905
73.0000 0.0905
9.0000 0.0906
64.0000 0.0909
40.0000 0.0910
71.0000 0.0910
195.0000 0.0911
56.0000 0.0912
19.0000 0.0913
229.0000 0.0913
84.0000 0.0914
77.0000 0.0915
223.0000 0.0918
54.0000 0.0919
144.0000 0.0919
18.0000 0.0920
207.0000 0.0920
97.0000 0.0921
94.0000 0.0922
33.0000 0.0923
42.0000 0.0924
96.0000 0.0924
183.0000 0.0924
50.0000 0.0925
210.0000 0.0925
6.0000 0.0926
63.0000 0.0927
25.0000 0.0928
102.0000 0.0928
82.0000 0.0929
147.0000 0.0929
159.0000 0.0929
3.0000 0.0930
59.0000 0.0931
43.0000 0.0932
38.0000 0.0933
158.0000 0.0933
0.0000 0.0935
143.0000 0.0935
173.0000 0.0935
87.0000 0.0936
93.0000 0.0937
76.0000 0.0938
205.0000 0.0939
46.0000 0.0940
118.0000 0.0940
214.0000 0.0940
110.0000 0.0941
189.0000 0.0941
34.0000 0.0942
194.0000 0.0942
126.0000 0.0944
90.0000 0.0946
114.0000 0.0946
106.0000 0.0947
221.0000 0.0947
22.0000 0.0948
169.0000 0.0948
237.0000 0.0949
108.0000 0.0950
228.0000 0.0950
238.0000 0.0950
68.0000 0.0951
132.0000 0.0951
49.0000 0.0954
208.0000 0.0954
209.0000 0.0954
167.0000 0.0955
192.0000 0.0955
35.0000 0.0956
99.0000 0.0956
14.0000 0.0957
39.0000 0.0957
58.0000 0.0957
111.0000 0.0958
119.0000 0.0959
227.0000 0.0959
26.0000 0.0960
27.0000 0.0960
130.0000 0.0960
150.0000 0.0960
184.0000 0.0960
202.0000 0.0960
164.0000 0.0961
181.0000 0.0961
70.0000 0.0962
11.0000 0.0963
69.0000 0.0963
20.0000 0.0964
55.0000 0.0966
30.0000 0.0967
86.0000 0.0967
142.0000 0.0967
146.0000 0.0967
171.0000 0.0968
176.0000 0.0968
24.0000 0.0969
155.0000 0.0969
213.0000 0.0969
215.0000 0.0969
2.0000 0.0970
78.0000 0.0970
81.0000 0.0970
206.0000 0.0970
120.0000 0.0971
199.0000 0.0971
175.0000 0.0972
188.0000 0.0972
233.0000 0.0972
37.0000 0.0973
121.0000 0.0973
29.0000 0.0974
196.0000 0.0974
226.0000 0.0974
160.0000 0.0975
231.0000 0.0975
21.0000 0.0976
174.0000 0.0976
98.0000 0.0977
74.0000 0.0978
172.0000 0.0978
47.0000 0.0979
60.0000 0.0979
62.0000 0.0979
135.0000 0.0979
165.0000 0.0979
92.0000 0.0980
129.0000 0.0980
222.0000 0.0980
45.0000 0.0981
89.0000 0.0981
187.0000 0.0981
198.0000 0.0981
31.0000 0.0982
156.0000 0.0983
186.0000 0.0983
235.0000 0.0983
127.0000 0.0984
148.0000 0.0984
154.0000 0.0984
225.0000 0.0984
5.0000 0.0985
91.0000 0.0985
115.0000 0.0985
152.0000 0.0987
220.0000 0.0987
234.0000 0.0987
28.0000 0.0988
139.0000 0.0988
10.0000 0.0989
113.0000 0.0989
178.0000 0.0989
16.0000 0.0990
52.0000 0.0990
66.0000 0.0990
13.0000 0.0991
105.0000 0.0992
107.0000 0.0993
218.0000 0.0993
65.0000 0.0994
117.0000 0.0994
182.0000 0.0994
190.0000 0.0994
40.0000 0.0995
56.0000 0.0996
64.0000 0.0996
51.0000 0.0997
137.0000 0.0997
224.0000 0.0997
112.0000 0.0998
149.0000 0.0998
57.0000 0.0999
101.0000 0.0999
109.0000 0.0999
159.0000 0.0999
97.0000 0.1000
125.0000 0.1000
191.0000 0.1001
211.0000 0.1001
61.0000 0.1002
104.0000 0.1002
170.0000 0.1002
33.0000 0.1003
179.0000 0.1003
201.0000 0.1003
44.0000 0.1006
212.0000 0.1007
144.0000 0.1008
153.0000 0.1008
73.0000 0.1009
88.0000 0.1009
143.0000 0.1009
166.0000 0.1009
162.0000 0.1010
180.0000 0.1010
183.0000 0.1010
203.0000 0.1010
204.0000 0.1010
9.0000 0.1011
25.0000 0.1011
59.0000 0.1012
229.0000 0.1012
50.0000 0.1014
140.0000 0.1014
77.0000 0.1015
207.0000 0.1015
230.0000 0.1015
19.0000 0.1016
0.0000 0.1017
6.0000 0.1017
8.0000 0.1017
53.0000 0.1017
158.0000 0.1017
43.0000 0.1018
102.0000 0.1018
223.0000 0.1018
147.0000 0.1020
48.0000 0.1021
128.0000 0.1022
63.0000 0.1023
34.0000 0.1024
83.0000 0.1024
177.0000 0.1024
228.0000 0.1024
87.0000 0.1025
123.0000 0.1025
7.0000 0.1026
38.0000 0.1026
205.0000 0.1026
54.0000 0.1029
58.0000 0.1030
96.0000 0.1031
118.0000 0.1031
80.0000 0.1032
94.0000 0.1032
173.0000 0.1032
90.0000 0.1033
126.0000 0.1034
194.0000 0.1034
68.0000 0.1035
119.0000 0.1035
110.0000 0.1037
12.0000 0.1038
214.0000 0.1038
42.0000 0.1039
132.0000 0.1039
136.0000 0.1039
181.0000 0.1040
35.0000 0.1042
67.0000 0.1045
213.0000 0.1047
79.0000 0.1048
82.0000 0.1048
157.0000 0.1048
46.0000 0.1050
124.0000 0.1050
184.0000 0.1050
121.0000 0.1051
163.0000 0.1051
192.0000 0.1051
3.0000 0.1052
20.0000 0.1052
14.0000 0.1053
200.0000 0.1053
216.0000 0.1053
2.0000 0.1054
30.0000 0.1054
226.0000 0.1054
26.0000 0.1055
106.0000 0.1055
69.0000 0.1056
99.0000 0.1056
208.0000 0.1056
221.0000 0.1057
150.0000 0.1058
11.0000 0.1059
24.0000 0.1059
175.0000 0.1059
32.0000 0.1060
55.0000 0.1060
84.0000 0.1060
167.0000 0.1060
171.0000 0.1060
111.0000 0.1061
236.0000 0.1061
22.0000 0.1062
39.0000 0.1062
60.0000 0.1062
168.0000 0.1062
215.0000 0.1062
70.0000 0.1063
127.0000 0.1063
202.0000 0.1063
76.0000 0.1064
120.0000 0.1064
237.0000 0.1066
108.0000 0.1068
91.0000 0.1069
142.0000 0.1069
174.0000 0.1069
169.0000 0.1070
18.0000 0.1071
148.0000 0.1071
155.0000 0.1071
74.0000 0.1073
81.0000 0.1073
92.0000 0.1073
198.0000 0.1073
210.0000 0.1073
159.0000 0.1074
78.0000 0.1075
161.0000 0.1075
164.0000 0.1075
176.0000 0.1075
56.0000 0.1076
86.0000 0.1076
97.0000 0.1076
122.0000 0.1076
225.0000 0.1076
29.0000 0.1077
40.0000 0.1077
62.0000 0.1078
199.0000 0.1078
189.0000 0.1081
222.0000 0.1081
218.0000 0.1082
114.0000 0.1084
51.0000 0.1085
143.0000 0.1085
146.0000 0.1086
33.0000 0.1087
64.0000 0.1087
195.0000 0.1087
98.0000 0.1088
165.0000 0.1088
172.0000 0.1088
186.0000 0.1088
187.0000 0.1088
188.0000 0.1088
156.0000 0.1089
113.0000 0.1091
25.0000 0.1093
37.0000 0.1094
59.0000 0.1095
115.0000 0.1095
227.0000 0.1095
93.0000 0.1097
228.0000 0.1098
0.0000 0.1101
13.0000 0.1101
183.0000 0.1102
190.0000 0.1103
231.0000 0.1103
58.0000 0.1104
27.0000 0.1105
66.0000 0.1105
144.0000 0.1105
158.0000 0.1105
34.0000 0.1108
112.0000 0.1108
152.0000 0.1108
178.0000 0.1108
191.0000 0.1108
50.0000 0.1110
154.0000 0.1110
205.0000 0.1110
6.0000 0.1111
88.0000 0.1112
207.0000 0.1112
117.0000 0.1114
153.0000 0.1114
206.0000 0.1114
45.0000 0.1115
73.0000 0.1115
87.0000 0.1115
229.0000 0.1115
233.0000 0.1115
9.0000 0.1116
119.0000 0.1116
223.0000 0.1116
16.0000 0.1117
43.0000 0.1117
147.0000 0.1118
220.0000 0.1118
212.0000 0.1119
234.0000 0.1119
105.0000 0.1120
10.0000 0.1121
21.0000 0.1122
68.0000 0.1122
170.0000 0.1122
1.0000 0.1123
77.0000 0.1123
102.0000 0.1124
107.0000 0.1124
181.0000 0.1125
134.0000 0.1126
179.0000 0.1126
238.0000 0.1126
125.0000 0.1127
126.0000 0.1127
137.0000 0.1127
201.0000 0.1127
213.0000 0.1127
90.0000 0.1128
194.0000 0.1128
38.0000 0.1129
118.0000 0.1129
132.0000 0.1129
162.0000 0.1129
44.0000 0.1130
63.0000 0.1130
53.0000 0.1131
35.0000 0.1132
110.0000 0.1132
52.0000 0.1133
121.0000 0.1134
180.0000 0.1134
235.0000 0.1134
149.0000 0.1135
135.0000 0.1136
19.0000 0.1137
139.0000 0.1137
182.0000 0.1137
196.0000 0.1137
226.0000 0.1137
31.0000 0.1138
54.0000 0.1138
173.0000 0.1138
30.0000 0.1139
65.0000 0.1139
28.0000 0.1141
151.0000 0.1141
2.0000 0.1143
94.0000 0.1143
130.0000 0.1143
166.0000 0.1143
60.0000 0.1144
230.0000 0.1144
127.0000 0.1145
184.0000 0.1145
128.0000 0.1146
159.0000 0.1146
14.0000 0.1149
91.0000 0.1149
140.0000 0.1149
89.0000 0.1150
96.0000 0.1150
20.0000 0.1151
97.0000 0.1151
104.0000 0.1151
192.0000 0.1151
69.0000 0.1152
204.0000 0.1152
150.0000 0.1153
24.0000 0.1154
48.0000 0.1154
175.0000 0.1154
211.0000 0.1154
56.0000 0.1155
99.0000 0.1155
174.0000 0.1155
111.0000 0.1156
185.0000 0.1156
224.0000 0.1156
26.0000 0.1157
36.0000 0.1157
215.0000 0.1157
40.0000 0.1158
71.0000 0.1158
148.0000 0.1158
55.0000 0.1159
203.0000 0.1160
214.0000 0.1161
8.0000 0.1162
70.0000 0.1162
143.0000 0.1162
171.0000 0.1162
11.0000 0.1163
49.0000 0.1163
120.0000 0.1164
160.0000 0.1164
198.0000 0.1164
72.0000 0.1165
225.0000 0.1165
33.0000 0.1166
42.0000 0.1166
92.0000 0.1166
208.0000 0.1167
142.0000 0.1168
221.0000 0.1168
167.0000 0.1169
177.0000 0.1169
17.0000 0.1170
46.0000 0.1170
82.0000 0.1171
3.0000 0.1172
64.0000 0.1172
25.0000 0.1173
39.0000 0.1173
62.0000 0.1173
155.0000 0.1173
228.0000 0.1173
106.0000 0.1175
58.0000 0.1176
59.0000 0.1176
74.0000 0.1176
81.0000 0.1176
101.0000 0.1176
202.0000 0.1176
218.0000 0.1176
86.0000 0.1177
237.0000 0.1178
29.0000 0.1179
78.0000 0.1179
199.0000 0.1180
51.0000 0.1181
22.0000 0.1183
176.0000 0.1183
0.0000 0.1184
165.0000 0.1184
222.0000 0.1184
7.0000 0.1185
113.0000 0.1185
158.0000 0.1185
186.0000 0.1185
205.0000 0.1187
34.0000 0.1188
172.0000 0.1188
76.0000 0.1189
119.0000 0.1191
144.0000 0.1193
183.0000 0.1193
23.0000 0.1194
115.0000 0.1195
146.0000 0.1195
187.0000 0.1195
98.0000 0.1197
169.0000 0.1197
188.0000 0.1197
108.0000 0.1198
156.0000 0.1198
163.0000 0.1199
164.0000 0.1199
50.0000 0.1200
83.0000 0.1200
6.0000 0.1203
13.0000 0.1205
43.0000 0.1205
223.0000 0.1207
84.0000 0.1208
87.0000 0.1208
147.0000 0.1208
181.0000 0.1208
9.0000 0.1209
207.0000 0.1209
68.0000 0.1210
80.0000 0.1211
213.0000 0.1211
229.0000 0.1211
112.0000 0.1212
191.0000 0.1212
109.0000 0.1214
121.0000 0.1214
37.0000 0.1215
114.0000 0.1215
35.0000 0.1216
194.0000 0.1216
73.0000 0.1218
159.0000 0.1218
18.0000 0.1219
66.0000 0.1219
90.0000 0.1219
102.0000 0.1219
152.0000 0.1219
153.0000 0.1219
77.0000 0.1220
132.0000 0.1220
178.0000 0.1221
226.0000 0.1221
38.0000 0.1222
190.0000 0.1222
126.0000 0.1223
60.0000 0.1224
212.0000 0.1224
110.0000 0.1225
154.0000 0.1225
67.0000 0.1226
117.0000 0.1226
30.0000 0.1227
88.0000 0.1227
63.0000 0.1228
61.0000 0.1229
220.0000 0.1229
91.0000 0.1230
210.0000 0.1230
118.0000 0.1232
127.0000 0.1232
97.0000 0.1233
189.0000 0.1234
227.0000 0.1234
12.0000 0.1235
131.0000 0.1235
2.0000 0.1236
53.0000 0.1237
40.0000 0.1238
143.0000 0.1239
173.0000 0.1239
231.0000 0.1240
56.0000 0.1241
10.0000 0.1242
125.0000 0.1242
184.0000 0.1242
148.0000 0.1243
79.0000 0.1244
174.0000 0.1244
179.0000 0.1244
216.0000 0.1244
94.0000 0.1246
27.0000 0.1247
162.0000 0.1247
206.0000 0.1247
33.0000 0.1248
58.0000 0.1248
170.0000 0.1248
175.0000 0.1248
215.0000 0.1248
14.0000 0.1249
20.0000 0.1249
95.0000 0.1249
228.0000 0.1249
16.0000 0.1250
44.0000 0.1250
54.0000 0.1251
150.0000 0.1251
192.0000 0.1251
161.0000 0.1252
21.0000 0.1253
69.0000 0.1253
233.0000 0.1254
24.0000 0.1255
19.0000 0.1256
55.0000 0.1256
225.0000 0.1256
32.0000 0.1257
137.0000 0.1257
145.0000 0.1258
198.0000 0.1258
25.0000 0.1259
85.0000 0.1259
99.0000 0.1259
107.0000 0.1259
45.0000 0.1260
105.0000 0.1260
149.0000 0.1260
180.0000 0.1260
59.0000 0.1261
111.0000 0.1261
201.0000 0.1261
230.0000 0.1261
195.0000 0.1262
26.0000 0.1263
92.0000 0.1263
93.0000 0.1263
120.0000 0.1263
166.0000 0.1263
234.0000 0.1263
70.0000 0.1264
123.0000 0.1264
171.0000 0.1264
64.0000 0.1265
182.0000 0.1265
0.0000 0.1267
51.0000 0.1267
96.0000 0.1268
205.0000 0.1268
119.0000 0.1269
11.0000 0.1270
142.0000 0.1270
155.0000 0.1270
221.0000 0.1270
57.0000 0.1271
218.0000 0.1271
34.0000 0.1272
208.0000 0.1274
158.0000 0.1275
214.0000 0.1275
62.0000 0.1276
86.0000 0.1277
167.0000 0.1278
236.0000 0.1278
157.0000 0.1279
52.0000 0.1280
74.0000 0.1280
78.0000 0.1280
133.0000 0.1280
144.0000 0.1280
128.0000 0.1281
140.0000 0.1281
65.0000 0.1282
135.0000 0.1283
113.0000 0.1284
139.0000 0.1284
222.0000 0.1284
82.0000 0.1285
3.0000 0.1286
81.0000 0.1287
165.0000 0.1287
5.0000 0.1288
29.0000 0.1288
42.0000 0.1288
104.0000 0.1288
183.0000 0.1288
199.0000 0.1288
186.0000 0.1289
28.0000 0.1290
159.0000 0.1290
235.0000 0.1290
39.0000 0.1291
48.0000 0.1291
106.0000 0.1291
122.0000 0.1291
172.0000 0.1291
50.0000 0.1292
121.0000 0.1292
46.0000 0.1293
68.0000 0.1293
181.0000 0.1293
196.0000 0.1293
203.0000 0.1293
213.0000 0.1293
6.0000 0.1295
202.0000 0.1295
238.0000 0.1295
176.0000 0.1296
147.0000 0.1298
237.0000 0.1298
87.0000 0.1299
115.0000 0.1299
35.0000 0.1300
43.0000 0.1300
60.0000 0.1301
194.0000 0.1301
22.0000 0.1302
13.0000 0.1303
9.0000 0.1304
187.0000 0.1304
207.0000 0.1304
226.0000 0.1304
211.0000 0.1306
188.0000 0.1307
229.0000 0.1307
90.0000 0.1308
98.0000 0.1308
127.0000 0.1308
223.0000 0.1308
97.0000 0.1309
130.0000 0.1309
204.0000 0.1309
102.0000 0.1310
191.0000 0.1310
156.0000 0.1311
8.0000 0.1312
91.0000 0.1312
30.0000 0.1313
110.0000 0.1313
73.0000 0.1315
126.0000 0.1315
132.0000 0.1315
146.0000 0.1315
40.0000 0.1316
143.0000 0.1316
31.0000 0.1317
224.0000 0.1317
38.0000 0.1318
66.0000 0.1318
77.0000 0.1318
58.0000 0.1319
76.0000 0.1319
118.0000 0.1319
153.0000 0.1319
169.0000 0.1320
164.0000 0.1321
177.0000 0.1322
56.0000 0.1323
228.0000 0.1323
112.0000 0.1324
2.0000 0.1326
148.0000 0.1328
63.0000 0.1329
101.0000 0.1329
37.0000 0.1330
193.0000 0.1331
33.0000 0.1332
152.0000 0.1332
184.0000 0.1332
178.0000 0.1333
89.0000 0.1334
174.0000 0.1334
84.0000 0.1335
88.0000 0.1335
117.0000 0.1335
212.0000 0.1336
173.0000 0.1338
175.0000 0.1338
190.0000 0.1338
215.0000 0.1338
7.0000 0.1339
108.0000 0.1339
154.0000 0.1340
14.0000 0.1342
225.0000 0.1342
59.0000 0.1343
69.0000 0.1343
160.0000 0.1343
20.0000 0.1344
25.0000 0.1346
49.0000 0.1346
0.0000 0.1347
94.0000 0.1348
198.0000 0.1348
220.0000 0.1348
55.0000 0.1349
114.0000 0.1349
151.0000 0.1349
1.0000 0.1350
10.0000 0.1350
53.0000 0.1350
119.0000 0.1350
205.0000 0.1350
24.0000 0.1351
64.0000 0.1351
150.0000 0.1351
125.0000 0.1352
120.0000 0.1353
163.0000 0.1353
34.0000 0.1354
51.0000 0.1355
168.0000 0.1356
192.0000 0.1356
26.0000 0.1357
92.0000 0.1357
171.0000 0.1357
218.0000 0.1357
162.0000 0.1358
99.0000 0.1360
111.0000 0.1360
142.0000 0.1360
179.0000 0.1360
209.0000 0.1360
54.0000 0.1361
158.0000 0.1361
159.0000 0.1361
206.0000 0.1361
44.0000 0.1367
155.0000 0.1367
231.0000 0.1367
210.0000 0.1368
227.0000 0.1368
16.0000 0.1369
144.0000 0.1369
121.0000 0.1370
189.0000 0.1370
70.0000 0.1371
170.0000 0.1371
134.0000 0.1372
19.0000 0.1373
62.0000 0.1375
183.0000 0.1375
11.0000 0.1377
18.0000 0.1377
181.0000 0.1377
213.0000 0.1377
221.0000 0.1377
68.0000 0.1378
50.0000 0.1379
230.0000 0.1379
78.0000 0.1380
137.0000 0.1380
180.0000 0.1380
74.0000 0.1381
83.0000 0.1383
113.0000 0.1383
201.0000 0.1383
208.0000 0.1383
27.0000 0.1384
165.0000 0.1384
86.0000 0.1385
107.0000 0.1385
149.0000 0.1385
35.0000 0.1386
233.0000 0.1386
60.0000 0.1387
194.0000 0.1387
6.0000 0.1388
97.0000 0.1388
166.0000 0.1388
222.0000 0.1388
226.0000 0.1388
87.0000 0.1390
21.0000 0.1391
58.0000 0.1391
96.0000 0.1391
105.0000 0.1391
91.0000 0.1392
127.0000 0.1392
147.0000 0.1392
214.0000 0.1392
81.0000 0.1393
143.0000 0.1393
167.0000 0.1393
43.0000 0.1395
80.0000 0.1395
45.0000 0.1396
186.0000 0.1396
106.0000 0.1398
172.0000 0.1398
228.0000 0.1398
29.0000 0.1400
30.0000 0.1401
82.0000 0.1401
207.0000 0.1402
3.0000 0.1403
90.0000 0.1403
129.0000 0.1403
234.0000 0.1403
40.0000 0.1404
67.0000 0.1404
71.0000 0.1404
9.0000 0.1405
56.0000 0.1405
110.0000 0.1405
46.0000 0.1406
115.0000 0.1406
128.0000 0.1406
229.0000 0.1406
13.0000 0.1407
140.0000 0.1407
182.0000 0.1407
39.0000 0.1408
199.0000 0.1409
102.0000 0.1410
132.0000 0.1410
223.0000 0.1411
2.0000 0.1412
38.0000 0.1412
161.0000 0.1412
191.0000 0.1412
33.0000 0.1413
118.0000 0.1413
42.0000 0.1414
73.0000 0.1414
98.0000 0.1414
156.0000 0.1414
47.0000 0.1415
79.0000 0.1415
176.0000 0.1415
126.0000 0.1417
148.0000 0.1417
187.0000 0.1417
202.0000 0.1417
136.0000 0.1418
153.0000 0.1419
184.0000 0.1419
52.0000 0.1420
65.0000 0.1420
77.0000 0.1420
135.0000 0.1420
203.0000 0.1421
48.0000 0.1422
104.0000 0.1422
174.0000 0.1422
61.0000 0.1423
93.0000 0.1423
22.0000 0.1424
25.0000 0.1424
59.0000 0.1425
63.0000 0.1426
119.0000 0.1426
195.0000 0.1426
188.0000 0.1427
237.0000 0.1427
66.0000 0.1428
205.0000 0.1429
215.0000 0.1429
0.0000 0.1430
139.0000 0.1430
14.0000 0.1431
159.0000 0.1432
225.0000 0.1432
32.0000 0.1433
146.0000 0.1433
175.0000 0.1433
23.0000 0.1435
212.0000 0.1435
20.0000 0.1436
34.0000 0.1436
69.0000 0.1436
112.0000 0.1436
173.0000 0.1436
37.0000 0.1437
64.0000 0.1437
28.0000 0.1438
117.0000 0.1439
152.0000 0.1439
235.0000 0.1439
51.0000 0.1441
198.0000 0.1442
12.0000 0.1443
120.0000 0.1443
216.0000 0.1444
55.0000 0.1445
164.0000 0.1445
88.0000 0.1446
94.0000 0.1446
8.0000 0.1448
109.0000 0.1448
150.0000 0.1448
158.0000 0.1448
169.0000 0.1448
218.0000 0.1448
24.0000 0.1450
111.0000 0.1450
178.0000 0.1450
192.0000 0.1450
196.0000 0.1450
121.0000 0.1451
154.0000 0.1451
76.0000 0.1453
26.0000 0.1455
144.0000 0.1455
204.0000 0.1455
99.0000 0.1456
142.0000 0.1456
213.0000 0.1456
190.0000 0.1457
97.0000 0.1458
130.0000 0.1458
181.0000 0.1458
53.0000 0.1459
92.0000 0.1459
68.0000 0.1461
123.0000 0.1461
108.0000 0.1463
171.0000 0.1463
58.0000 0.1464
155.0000 0.1465
157.0000 0.1465
10.0000 0.1466
226.0000 0.1466
84.0000 0.1467
162.0000 0.1467
50.0000 0.1468
70.0000 0.1468
125.0000 0.1468
143.0000 0.1468
177.0000 0.1468
183.0000 0.1468
35.0000 0.1470
60.0000 0.1470
127.0000 0.1470
211.0000 0.1470
44.0000 0.1471
179.0000 0.1471
91.0000 0.1472
220.0000 0.1472
236.0000 0.1473
62.0000 0.1474
228.0000 0.1474
54.0000 0.1475
194.0000 0.1475
31.0000 0.1478
6.0000 0.1479
11.0000 0.1480
86.0000 0.1482
16.0000 0.1483
74.0000 0.1483
78.0000 0.1483
87.0000 0.1483
222.0000 0.1483
206.0000 0.1484
113.0000 0.1485
30.0000 0.1486
40.0000 0.1486
114.0000 0.1487
56.0000 0.1488
208.0000 0.1488
19.0000 0.1489
147.0000 0.1489
43.0000 0.1490
165.0000 0.1490
221.0000 0.1490
238.0000 0.1490
170.0000 0.1491
7.0000 0.1493
110.0000 0.1494
122.0000 0.1494
230.0000 0.1494
231.0000 0.1495
224.0000 0.1496
186.0000 0.1497
33.0000 0.1498
90.0000 0.1498
207.0000 0.1498
201.0000 0.1500
2.0000 0.1501
132.0000 0.1501
166.0000 0.1501
180.0000 0.1503
229.0000 0.1503
9.0000 0.1504
101.0000 0.1504
118.0000 0.1504
102.0000 0.1505
119.0000 0.1505
159.0000 0.1505
107.0000 0.1506
167.0000 0.1506
223.0000 0.1506
38.0000 0.1507
96.0000 0.1507
163.0000 0.1507
89.0000 0.1508
227.0000 0.1508
59.0000 0.1509
81.0000 0.1509
184.0000 0.1510
214.0000 0.1510
172.0000 0.1511
0.0000 0.1513
29.0000 0.1513
72.0000 0.1513
115.0000 0.1513
126.0000 0.1513
148.0000 0.1513
149.0000 0.1513
210.0000 0.1513
205.0000 0.1514
25.0000 0.1515
174.0000 0.1515
73.0000 0.1517
137.0000 0.1517
77.0000 0.1518
106.0000 0.1518
34.0000 0.1519
189.0000 0.1519
105.0000 0.1520
156.0000 0.1521
191.0000 0.1521
233.0000 0.1521
27.0000 0.1522
39.0000 0.1522
175.0000 0.1522
153.0000 0.1523
225.0000 0.1523
13.0000 0.1524
64.0000 0.1525
82.0000 0.1525
215.0000 0.1525
140.0000 0.1526
160.0000 0.1526
3.0000 0.1528
14.0000 0.1528
128.0000 0.1528
20.0000 0.1529
69.0000 0.1529
98.0000 0.1529
121.0000 0.1529
176.0000 0.1529
21.0000 0.1530
187.0000 0.1530
198.0000 0.1531
199.0000 0.1531
46.0000 0.1532
18.0000 0.1533
42.0000 0.1533
45.0000 0.1533
51.0000 0.1533
158.0000 0.1533
213.0000 0.1533
63.0000 0.1534
58.0000 0.1536
97.0000 0.1536
173.0000 0.1538
202.0000 0.1538
212.0000 0.1538
55.0000 0.1539
181.0000 0.1539
120.0000 0.1541
144.0000 0.1541
188.0000 0.1541
66.0000 0.1542
218.0000 0.1544
234.0000 0.1544
24.0000 0.1545
117.0000 0.1545
22.0000 0.1546
143.0000 0.1546
150.0000 0.1547
192.0000 0.1548
48.0000 0.1549
104.0000 0.1549
112.0000 0.1549
200.0000 0.1549
226.0000 0.1549
60.0000 0.1550
111.0000 0.1550
127.0000 0.1550
182.0000 0.1550
228.0000 0.1550
237.0000 0.1550
142.0000 0.1551
146.0000 0.1551
94.0000 0.1552
26.0000 0.1553
50.0000 0.1554
68.0000 0.1554
91.0000 0.1554
203.0000 0.1554
92.0000 0.1555
152.0000 0.1555
183.0000 0.1555
35.0000 0.1556
57.0000 0.1557
99.0000 0.1557
49.0000 0.1558
80.0000 0.1558
37.0000 0.1559
171.0000 0.1559
1.0000 0.1560
52.0000 0.1560
88.0000 0.1561
178.0000 0.1561
194.0000 0.1562
151.0000 0.1564
190.0000 0.1564
65.0000 0.1565
40.0000 0.1566
70.0000 0.1566
83.0000 0.1566
5.0000 0.1568
56.0000 0.1568
62.0000 0.1568
135.0000 0.1568
53.0000 0.1569
139.0000 0.1570
154.0000 0.1570
30.0000 0.1571
6.0000 0.1572
67.0000 0.1574
87.0000 0.1574
33.0000 0.1575
78.0000 0.1575
155.0000 0.1575
11.0000 0.1576
159.0000 0.1577
164.0000 0.1577
43.0000 0.1578
235.0000 0.1579
169.0000 0.1580
44.0000 0.1581
147.0000 0.1581
113.0000 0.1582
8.0000 0.1583
162.0000 0.1584
28.0000 0.1585
2.0000 0.1586
90.0000 0.1586
110.0000 0.1586
74.0000 0.1587
220.0000 0.1587
76.0000 0.1588
132.0000 0.1588
86.0000 0.1589
119.0000 0.1589
222.0000 0.1589
59.0000 0.1591
93.0000 0.1592
165.0000 0.1592
196.0000 0.1592
0.0000 0.1593
207.0000 0.1593
205.0000 0.1594
10.0000 0.1595
125.0000 0.1595
184.0000 0.1595
229.0000 0.1596
54.0000 0.1597
186.0000 0.1597
102.0000 0.1598
148.0000 0.1598
177.0000 0.1598
179.0000 0.1599
208.0000 0.1599
38.0000 0.1600
25.0000 0.1601
108.0000 0.1601
221.0000 0.1601
19.0000 0.1602
34.0000 0.1603
84.0000 0.1603
174.0000 0.1603
118.0000 0.1604
161.0000 0.1605
9.0000 0.1607
126.0000 0.1607
223.0000 0.1607
121.0000 0.1608
58.0000 0.1609
175.0000 0.1609
195.0000 0.1610
64.0000 0.1611
16.0000 0.1612
79.0000 0.1612
225.0000 0.1612
230.0000 0.1614
29.0000 0.1615
170.0000 0.1615
124.0000 0.1616
77.0000 0.1617
97.0000 0.1617
81.0000 0.1618
211.0000 0.1618
213.0000 0.1618
156.0000 0.1619
201.0000 0.1619
206.0000 0.1619
73.0000 0.1620
115.0000 0.1620
172.0000 0.1620
231.0000 0.1621
14.0000 0.1622
180.0000 0.1622
181.0000 0.1622
214.0000 0.1622
215.0000 0.1622
32.0000 0.1623
51.0000 0.1623
69.0000 0.1623
130.0000 0.1623
134.0000 0.1623
167.0000 0.1623
198.0000 0.1623
204.0000 0.1623
158.0000 0.1624
166.0000 0.1625
114.0000 0.1626
228.0000 0.1626
20.0000 0.1627
60.0000 0.1627
153.0000 0.1627
143.0000 0.1628
61.0000 0.1629
144.0000 0.1629
185.0000 0.1629
191.0000 0.1629
187.0000 0.1631
226.0000 0.1631
106.0000 0.1632
127.0000 0.1632
216.0000 0.1632
120.0000 0.1634
218.0000 0.1634
13.0000 0.1635
63.0000 0.1635
96.0000 0.1635
150.0000 0.1635
173.0000 0.1635
68.0000 0.1636
91.0000 0.1637
131.0000 0.1637
212.0000 0.1637
98.0000 0.1638
107.0000 0.1638
35.0000 0.1639
39.0000 0.1639
12.0000 0.1640
31.0000 0.1640
50.0000 0.1642
55.0000 0.1642
149.0000 0.1642
176.0000 0.1642
224.0000 0.1642
24.0000 0.1643
46.0000 0.1643
82.0000 0.1643
7.0000 0.1646
40.0000 0.1646
137.0000 0.1646
92.0000 0.1647
183.0000 0.1647
3.0000 0.1648
56.0000 0.1648
159.0000 0.1648
188.0000 0.1648
227.0000 0.1648
109.0000 0.1649
192.0000 0.1649
194.0000 0.1649
142.0000 0.1650
42.0000 0.1652
105.0000 0.1653
117.0000 0.1653
171.0000 0.1653
202.0000 0.1653
199.0000 0.1654
26.0000 0.1655
94.0000 0.1655
111.0000 0.1655
140.0000 0.1655
33.0000 0.1656
99.0000 0.1656
112.0000 0.1656
6.0000 0.1657
30.0000 0.1657
62.0000 0.1659
66.0000 0.1659
133.0000 0.1659
233.0000 0.1659
45.0000 0.1660
21.0000 0.1663
70.0000 0.1663
128.0000 0.1663
27.0000 0.1664
210.0000 0.1664
119.0000 0.1665
163.0000 0.1665
236.0000 0.1666
88.0000 0.1667
104.0000 0.1667
189.0000 0.1667
87.0000 0.1668
89.0000 0.1668
178.0000 0.1668
146.0000 0.1669
22.0000 0.1671
43.0000 0.1671
132.0000 0.1671
152.0000 0.1671
238.0000 0.1671
11.0000 0.1673
37.0000 0.1673
78.0000 0.1673
147.0000 0.1673
59.0000 0.1674
113.0000 0.1674
48.0000 0.1675
90.0000 0.1675
157.0000 0.1675
205.0000 0.1675
2.0000 0.1676
101.0000 0.1676
234.0000 0.1676
237.0000 0.1677
182.0000 0.1678
0.0000 0.1679
110.0000 0.1679
168.0000 0.1679
190.0000 0.1679
25.0000 0.1680
71.0000 0.1680
155.0000 0.1680
58.0000 0.1682
123.0000 0.1682
44.0000 0.1683
53.0000 0.1683
121.0000 0.1683
184.0000 0.1683
18.0000 0.1684
203.0000 0.1684
207.0000 0.1684
229.0000 0.1684
17.0000 0.1685
34.0000 0.1685
148.0000 0.1685
122.0000 0.1686
186.0000 0.1686
154.0000 0.1687
135.0000 0.1688
222.0000 0.1688
165.0000 0.1689
162.0000 0.1690
86.0000 0.1691
174.0000 0.1691
23.0000 0.1692
102.0000 0.1692
97.0000 0.1693
74.0000 0.1694
38.0000 0.1695
118.0000 0.1696
169.0000 0.1697
225.0000 0.1697
64.0000 0.1698
126.0000 0.1698
139.0000 0.1698
160.0000 0.1698
213.0000 0.1698
65.0000 0.1700
143.0000 0.1700
228.0000 0.1700
181.0000 0.1701
208.0000 0.1701
52.0000 0.1703
220.0000 0.1703
164.0000 0.1704
60.0000 0.1705
223.0000 0.1705
175.0000 0.1706
14.0000 0.1707
215.0000 0.1707
9.0000 0.1708
127.0000 0.1708
179.0000 0.1708
158.0000 0.1709
54.0000 0.1710
221.0000 0.1711
91.0000 0.1712
198.0000 0.1712
144.0000 0.1713
172.0000 0.1713
69.0000 0.1714
77.0000 0.1714
226.0000 0.1714
235.0000 0.1715
19.0000 0.1716
51.0000 0.1716
125.0000 0.1717
10.0000 0.1718
159.0000 0.1718
73.0000 0.1719
76.0000 0.1719
115.0000 0.1719
28.0000 0.1720
68.0000 0.1720
29.0000 0.1721
8.0000 0.1722
20.0000 0.1722
201.0000 0.1722
214.0000 0.1724
40.0000 0.1725
156.0000 0.1725
35.0000 0.1726
120.0000 0.1726
50.0000 0.1727
81.0000 0.1727
80.0000 0.1728
167.0000 0.1728
218.0000 0.1728
56.0000 0.1729
150.0000 0.1730
153.0000 0.1731
230.0000 0.1731
187.0000 0.1732
191.0000 0.1732
194.0000 0.1732
16.0000 0.1735
24.0000 0.1735
170.0000 0.1735
212.0000 0.1736
173.0000 0.1737
177.0000 0.1737
13.0000 0.1738
63.0000 0.1738
145.0000 0.1738
49.0000 0.1739
180.0000 0.1739
183.0000 0.1739
84.0000 0.1740
206.0000 0.1740
30.0000 0.1741
33.0000 0.1741
55.0000 0.1741
92.0000 0.1741
142.0000 0.1742
119.0000 0.1743
166.0000 0.1743
231.0000 0.1743
98.0000 0.1744
108.0000 0.1745
196.0000 0.1746
93.0000 0.1747
192.0000 0.1747
99.0000 0.1748
106.0000 0.1749
209.0000 0.1749
171.0000 0.1750
6.0000 0.1751
46.0000 0.1752
176.0000 0.1752
26.0000 0.1753
87.0000 0.1753
39.0000 0.1754
58.0000 0.1756
62.0000 0.1756
94.0000 0.1756
205.0000 0.1756
114.0000 0.1757
149.0000 0.1757
82.0000 0.1759
132.0000 0.1759
2.0000 0.1760
43.0000 0.1760
59.0000 0.1760
111.0000 0.1760
96.0000 0.1761
121.0000 0.1761
147.0000 0.1761
202.0000 0.1761
83.0000 0.1762
107.0000 0.1763
188.0000 0.1763
117.0000 0.1764
151.0000 0.1764
161.0000 0.1764
0.0000 0.1765
3.0000 0.1765
110.0000 0.1765
137.0000 0.1765
34.0000 0.1768
112.0000 0.1768
178.0000 0.1768
199.0000 0.1768
70.0000 0.1769
25.0000 0.1770
90.0000 0.1770
97.0000 0.1770
113.0000 0.1770
148.0000 0.1772
184.0000 0.1773
105.0000 0.1776
228.0000 0.1776
42.0000 0.1778
66.0000 0.1778
88.0000 0.1778
11.0000 0.1779
211.0000 0.1780
67.0000 0.1781
78.0000 0.1781
143.0000 0.1782
155.0000 0.1782
213.0000 0.1782
174.0000 0.1783
181.0000 0.1783
222.0000 0.1783
229.0000 0.1783
130.0000 0.1784
152.0000 0.1785
7.0000 0.1786
102.0000 0.1786
186.0000 0.1786
207.0000 0.1786
64.0000 0.1787
225.0000 0.1787
233.0000 0.1787
60.0000 0.1788
204.0000 0.1788
159.0000 0.1789
22.0000 0.1790
104.0000 0.1790
127.0000 0.1790
195.0000 0.1791
38.0000 0.1793
126.0000 0.1793
226.0000 0.1794
140.0000 0.1795
165.0000 0.1796
190.0000 0.1796
91.0000 0.1797
118.0000 0.1797
227.0000 0.1797
215.0000 0.1798
154.0000 0.1799
158.0000 0.1799
27.0000 0.1800
44.0000 0.1800
53.0000 0.1801
86.0000 0.1801
40.0000 0.1802
45.0000 0.1802
144.0000 0.1802
175.0000 0.1802
37.0000 0.1803
146.0000 0.1803
14.0000 0.1804
48.0000 0.1804
128.0000 0.1804
223.0000 0.1804
74.0000 0.1805
21.0000 0.1806
68.0000 0.1806
56.0000 0.1807
198.0000 0.1807
31.0000 0.1808
79.0000 0.1808
237.0000 0.1808
51.0000 0.1809
162.0000 0.1809
32.0000 0.1811
69.0000 0.1811
77.0000 0.1811
9.0000 0.1813
35.0000 0.1813
203.0000 0.1813
208.0000 0.1813
163.0000 0.1815
120.0000 0.1816
182.0000 0.1816
73.0000 0.1817
179.0000 0.1817
189.0000 0.1817
218.0000 0.1817
50.0000 0.1818
172.0000 0.1818
119.0000 0.1819
20.0000 0.1820
47.0000 0.1820
210.0000 0.1820
216.0000 0.1820
220.0000 0.1821
1.0000 0.1822
61.0000 0.1822
156.0000 0.1822
234.0000 0.1822
33.0000 0.1823
224.0000 0.1823
194.0000 0.1824
115.0000 0.1825
54.0000 0.1826
150.0000 0.1826
18.0000 0.1827
81.0000 0.1827
135.0000 0.1827
183.0000 0.1827
24.0000 0.1828
29.0000 0.1828
58.0000 0.1828
221.0000 0.1829
30.0000 0.1830
153.0000 0.1831
169.0000 0.1831
19.0000 0.1832
136.0000 0.1832
57.0000 0.1833
187.0000 0.1833
5.0000 0.1834
173.0000 0.1834
214.0000 0.1835
212.0000 0.1836
12.0000 0.1837
95.0000 0.1837
92.0000 0.1838
164.0000 0.1838
13.0000 0.1839
55.0000 0.1839
142.0000 0.1839
167.0000 0.1839
205.0000 0.1839
63.0000 0.1840
87.0000 0.1840
121.0000 0.1840
191.0000 0.1840
6.0000 0.1841
59.0000 0.1841
192.0000 0.1841
2.0000 0.1842
65.0000 0.1842
125.0000 0.1842
85.0000 0.1843
97.0000 0.1843
201.0000 0.1843
0.0000 0.1844
52.0000 0.1845
99.0000 0.1845
171.0000 0.1845
10.0000 0.1846
76.0000 0.1846
43.0000 0.1847
34.0000 0.1850
101.0000 0.1850
139.0000 0.1850
26.0000 0.1851
16.0000 0.1852
39.0000 0.1852
25.0000 0.1853
98.0000 0.1853
147.0000 0.1853
180.0000 0.1853
228.0000 0.1853
230.0000 0.1853
235.0000 0.1853
62.0000 0.1854
89.0000 0.1854
94.0000 0.1854
132.0000 0.1854
148.0000 0.1854
109.0000 0.1856
110.0000 0.1856
170.0000 0.1856
166.0000 0.1857
111.0000 0.1859
129.0000 0.1859
143.0000 0.1859
176.0000 0.1859
106.0000 0.1860
159.0000 0.1860
238.0000 0.1862
213.0000 0.1863
181.0000 0.1864
184.0000 0.1864
113.0000 0.1865
90.0000 0.1866
46.0000 0.1867
70.0000 0.1867
174.0000 0.1867
84.0000 0.1868
60.0000 0.1869
206.0000 0.1869
231.0000 0.1869
127.0000 0.1870
202.0000 0.1871
225.0000 0.1871
102.0000 0.1873
188.0000 0.1873
3.0000 0.1874
28.0000 0.1874
64.0000 0.1874
117.0000 0.1874
226.0000 0.1874
91.0000 0.1875
108.0000 0.1875
229.0000 0.1875
160.0000 0.1876
178.0000 0.1877
8.0000 0.1878
82.0000 0.1879
96.0000 0.1879
186.0000 0.1879
222.0000 0.1879
11.0000 0.1880
126.0000 0.1881
177.0000 0.1881
199.0000 0.1881
207.0000 0.1881
155.0000 0.1882
149.0000 0.1883
114.0000 0.1884
158.0000 0.1884
88.0000 0.1885
118.0000 0.1885
40.0000 0.1886
112.0000 0.1887
56.0000 0.1888
215.0000 0.1888
78.0000 0.1889
107.0000 0.1889
175.0000 0.1891
38.0000 0.1892
66.0000 0.1892
68.0000 0.1893
157.0000 0.1895
42.0000 0.1896
134.0000 0.1896
14.0000 0.1897
119.0000 0.1897
105.0000 0.1898
144.0000 0.1898
165.0000 0.1898
35.0000 0.1899
198.0000 0.1899
236.0000 0.1899
58.0000 0.1901
196.0000 0.1901
152.0000 0.1902
33.0000 0.1903
86.0000 0.1904
122.0000 0.1904
223.0000 0.1904
50.0000 0.1907
72.0000 0.1907
74.0000 0.1907
120.0000 0.1908
190.0000 0.1908
69.0000 0.1909
51.0000 0.1911
80.0000 0.1911
20.0000 0.1912
22.0000 0.1912
77.0000 0.1912
93.0000 0.1915
44.0000 0.1916
137.0000 0.1916
183.0000 0.1916
218.0000 0.1916
233.0000 0.1916
162.0000 0.1918
121.0000 0.1919
208.0000 0.1919
30.0000 0.1920
9.0000 0.1921
37.0000 0.1923
73.0000 0.1923
97.0000 0.1923
150.0000 0.1923
194.0000 0.1923
146.0000 0.1924
59.0000 0.1925
49.0000 0.1926
53.0000 0.1926
172.0000 0.1926
205.0000 0.1926
123.0000 0.1927
154.0000 0.1927
2.0000 0.1928
228.0000 0.1928
24.0000 0.1929
7.0000 0.1930
161.0000 0.1930
0.0000 0.1931
104.0000 0.1932
115.0000 0.1932
55.0000 0.1934
159.0000 0.1934
173.0000 0.1934
227.0000 0.1934
34.0000 0.1935
48.0000 0.1935
212.0000 0.1935
27.0000 0.1936
128.0000 0.1936
192.0000 0.1936
214.0000 0.1936
143.0000 0.1937
153.0000 0.1937
156.0000 0.1937
211.0000 0.1937
83.0000 0.1938
87.0000 0.1938
220.0000 0.1938
54.0000 0.1939
140.0000 0.1939
187.0000 0.1939
6.0000 0.1940
179.0000 0.1940
19.0000 0.1941
25.0000 0.1941
29.0000 0.1941
43.0000 0.1941
142.0000 0.1942
92.0000 0.1943
132.0000 0.1943
13.0000 0.1944
81.0000 0.1944
213.0000 0.1944
99.0000 0.1945
203.0000 0.1945
147.0000 0.1946
181.0000 0.1946
148.0000 0.1947
171.0000 0.1947
221.0000 0.1947
63.0000 0.1948
130.0000 0.1948
204.0000 0.1948
237.0000 0.1948
45.0000 0.1950
191.0000 0.1950
62.0000 0.1951
71.0000 0.1951
110.0000 0.1951
184.0000 0.1951
167.0000 0.1952
60.0000 0.1953
127.0000 0.1953
226.0000 0.1953
90.0000 0.1955
234.0000 0.1955
21.0000 0.1957
67.0000 0.1957
174.0000 0.1957
26.0000 0.1958
91.0000 0.1958
111.0000 0.1958
36.0000 0.1960
225.0000 0.1960
94.0000 0.1961
182.0000 0.1961
98.0000 0.1962
125.0000 0.1962
113.0000 0.1964
102.0000 0.1965
169.0000 0.1965
195.0000 0.1965
64.0000 0.1966
39.0000 0.1967
56.0000 0.1967
189.0000 0.1967
230.0000 0.1967
158.0000 0.1969
229.0000 0.1969
10.0000 0.1971
58.0000 0.1971
201.0000 0.1971
40.0000 0.1972
126.0000 0.1972
118.0000 0.1973
176.0000 0.1973
76.0000 0.1974
164.0000 0.1974
224.0000 0.1974
70.0000 0.1975
119.0000 0.1975
151.0000 0.1975
166.0000 0.1975
200.0000 0.1975
180.0000 0.1976
215.0000 0.1976
16.0000 0.1977
68.0000 0.1977
11.0000 0.1978
46.0000 0.1978
106.0000 0.1978
31.0000 0.1979
35.0000 0.1979
65.0000 0.1979
135.0000 0.1979
210.0000 0.1979
222.0000 0.1979
18.0000 0.1980
23.0000 0.1980
52.0000 0.1980
207.0000 0.1980
33.0000 0.1981
139.0000 0.1981
163.0000 0.1982
38.0000 0.1983
155.0000 0.1983
188.0000 0.1983
170.0000 0.1984
186.0000 0.1985
78.0000 0.1986
175.0000 0.1986
178.0000 0.1986
144.0000 0.1988
198.0000 0.1989
202.0000 0.1989
14.0000 0.1990
235.0000 0.1990
117.0000 0.1991
3.0000 0.1992
96.0000 0.1992
199.0000 0.1992
231.0000 0.1993
66.0000 0.1994
206.0000 0.1995
50.0000 0.1996
112.0000 0.1996
223.0000 0.1997
79.0000 0.1998
82.0000 0.1998
165.0000 0.1999
