0.0000 0.0001
1.0000 0.0001
2.0000 0.0001
3.0000 0.0001
4.0000 0.0001
5.0000 0.0001
6.0000 0.0001
7.0000 0.0001
8.0000 0.0001
9.0000 0.0001
10.0000 0.0001
11.0000 0.0001
12.0000 0.0001
13.0000 0.0001
14.0000 0.0001
15.0000 0.0001
16.0000 0.0001
17.0000 0.0001
18.0000 0.0001
19.0000 0.0001
20.0000 0.0001
21.0000 0.0001
22.0000 0.0001
23.0000 0.0001
24.0000 0.0001
25.0000 0.0001
26.0000 0.0001
27.0000 0.0001
28.0000 0.0001
29.0000 0.0001
30.0000 0.0001
31.0000 0.0001
32.0000 0.0001
33.0000 0.0001
34.0000 0.0001
35.0000 0.0001
36.0000 0.0001
37.0000 0.0001
38.0000 0.0001
39.0000 0.0001
40.0000 0.0001
41.0000 0.0001
42.0000 0.0001
43.0000 0.0001
44.0000 0.0001
45.0000 0.0001
46.0000 0.0001
47.0000 0.0001
48.0000 0.0001
49.0000 0.0001
50.0000 0.0001
51.0000 0.0001
52.0000 0.0001
53.0000 0.0001
54.0000 0.0001
55.0000 0.0001
56.0000 0.0001
57.0000 0.0001
58.0000 0.0001
59.0000 0.0001
60.0000 0.0001
61.0000 0.0001
62.0000 0.0001
63.0000 0.0001
64.0000 0.0001
65.0000 0.0001
66.0000 0.0001
67.0000 0.0001
68.0000 0.0001
69.0000 0.0001
70.0000 0.0001
71.0000 0.0001
72.0000 0.0001
73.0000 0.0001
74.0000 0.0001
75.0000 0.0001
76.0000 0.0001
77.0000 0.0001
78.0000 0.0001
79.0000 0.0001
80.0000 0.0001
81.0000 0.0001
82.0000 0.0001
83.0000 0.0001
84.0000 0.0001
85.0000 0.0001
86.0000 0.0001
87.0000 0.0001
88.0000 0.0001
89.0000 0.0001
90.0000 0.0001
91.0000 0.0001
92.0000 0.0001
93.0000 0.0001
94.0000 0.0001
95.0000 0.0001
96.0000 0.0001
97.0000 0.0001
98.0000 0.0001
99.0000 0.0001
100.0000 0.0001
101.0000 0.0001
102.0000 0.0001
103.0000 0.0001
104.0000 0.0001
105.0000 0.0001
106.0000 0.0001
107.0000 0.0001
108.0000 0.0001
109.0000 0.0001
110.0000 0.0001
111.0000 0.0001
112.0000 0.0001
113.0000 0.0001
114.0000 0.0001
115.0000 0.0001
116.0000 0.0001
117.0000 0.0001
118.0000 0.0001
119.0000 0.0001
120.0000 0.0001
121.0000 0.0001
122.0000 0.0001
123.0000 0.0001
124.0000 0.0001
125.0000 0.0001
126.0000 0.0001
127.0000 0.0001
128.0000 0.0001
129.0000 0.0001
130.0000 0.0001
131.0000 0.0001
132.0000 0.0001
133.0000 0.0001
134.0000 0.0001
135.0000 0.0001
136.0000 0.0001
137.0000 0.0001
138.0000 0.0001
139.0000 0.0001
140.0000 0.0001
141.0000 0.0001
142.0000 0.0001
143.0000 0.0001
144.0000 0.0001
145.0000 0.0001
146.0000 0.0001
147.0000 0.0001
148.0000 0.0001
149.0000 0.0001
193.0000 0.0041
203.0000 0.0041
159.0000 0.0042
163.0000 0.0042
222.0000 0.0044
150.0000 0.0046
231.0000 0.0047
209.0000 0.0049
156.0000 0.0050
214.0000 0.0050
175.0000 0.0051
228.0000 0.0051
223.0000 0.0052
191.0000 0.0053
197.0000 0.0054
199.0000 0.0055
164.0000 0.0056
234.0000 0.0056
198.0000 0.0057
225.0000 0.0058
239.0000 0.0058
200.0000 0.0059
217.0000 0.0060
181.0000 0.0061
185.0000 0.0061
206.0000 0.0061
166.0000 0.0062
167.0000 0.0063
171.0000 0.0063
213.0000 0.0063
210.0000 0.0064
212.0000 0.0064
186.0000 0.0067
202.0000 0.0068
153.0000 0.0069
152.0000 0.0072
216.0000 0.0076
151.0000 0.0078
195.0000 0.0078
201.0000 0.0079
208.0000 0.0079
219.0000 0.0079
196.0000 0.0080
205.0000 0.0080
204.0000 0.0082
229.0000 0.0082
174.0000 0.0083
172.0000 0.0085
176.0000 0.0090
177.0000 0.0094
192.0000 0.0099
215.0000 0.0099
157.0000 0.0101
179.0000 0.0104
148.0000 0.0108
170.0000 0.0109
18.0000 0.0112
48.0000 0.0113
194.0000 0.0114
224.0000 0.0114
27.0000 0.0119
114.0000 0.0122
122.0000 0.0123
62.0000 0.0125
86.0000 0.0125
182.0000 0.0126
6.0000 0.0127
189.0000 0.0132
59.0000 0.0134
39.0000 0.0135
3.0000 0.0137
98.0000 0.0137
238.0000 0.0137
17.0000 0.0138
26.0000 0.0138
142.0000 0.0138
5.0000 0.0139
230.0000 0.0139
31.0000 0.0142
125.0000 0.0142
158.0000 0.0143
203.0000 0.0143
2.0000 0.0144
80.0000 0.0144
116.0000 0.0144
220.0000 0.0145
99.0000 0.0146
101.0000 0.0147
70.0000 0.0148
85.0000 0.0151
222.0000 0.0151
169.0000 0.0152
83.0000 0.0153
154.0000 0.0153
43.0000 0.0155
180.0000 0.0155
57.0000 0.0158
77.0000 0.0158
7.0000 0.0159
94.0000 0.0159
4.0000 0.0162
88.0000 0.0164
143.0000 0.0164
183.0000 0.0164
237.0000 0.0166
79.0000 0.0167
132.0000 0.0167
168.0000 0.0167
50.0000 0.0168
118.0000 0.0170
173.0000 0.0170
68.0000 0.0171
128.0000 0.0171
29.0000 0.0172
144.0000 0.0173
188.0000 0.0174
51.0000 0.0175
121.0000 0.0175
209.0000 0.0176
53.0000 0.0178
227.0000 0.0178
93.0000 0.0179
161.0000 0.0179
214.0000 0.0179
56.0000 0.0180
136.0000 0.0180
193.0000 0.0180
235.0000 0.0180
120.0000 0.0181
129.0000 0.0181
71.0000 0.0182
165.0000 0.0183
123.0000 0.0184
41.0000 0.0185
54.0000 0.0185
55.0000 0.0185
111.0000 0.0185
100.0000 0.0186
96.0000 0.0187
159.0000 0.0187
115.0000 0.0188
97.0000 0.0189
223.0000 0.0190
11.0000 0.0192
207.0000 0.0192
234.0000 0.0192
72.0000 0.0193
131.0000 0.0193
184.0000 0.0193
239.0000 0.0193
35.0000 0.0194
38.0000 0.0194
84.0000 0.0194
163.0000 0.0194
40.0000 0.0195
160.0000 0.0195
34.0000 0.0196
105.0000 0.0196
187.0000 0.0196
210.0000 0.0196
19.0000 0.0197
65.0000 0.0197
185.0000 0.0197
89.0000 0.0198
108.0000 0.0198
47.0000 0.0199
145.0000 0.0199
199.0000 0.0200
9.0000 0.0201
67.0000 0.0201
102.0000 0.0201
171.0000 0.0201
225.0000 0.0201
140.0000 0.0202
73.0000 0.0203
0.0000 0.0205
87.0000 0.0205
103.0000 0.0205
228.0000 0.0205
166.0000 0.0207
221.0000 0.0207
22.0000 0.0208
46.0000 0.0208
95.0000 0.0208
21.0000 0.0209
61.0000 0.0209
146.0000 0.0209
200.0000 0.0209
231.0000 0.0209
12.0000 0.0210
14.0000 0.0210
30.0000 0.0211
16.0000 0.0212
91.0000 0.0212
127.0000 0.0212
213.0000 0.0212
139.0000 0.0213
198.0000 0.0213
15.0000 0.0214
37.0000 0.0214
66.0000 0.0214
78.0000 0.0214
92.0000 0.0214
147.0000 0.0214
174.0000 0.0214
48.0000 0.0216
148.0000 0.0216
149.0000 0.0217
175.0000 0.0217
195.0000 0.0217
197.0000 0.0217
18.0000 0.0218
167.0000 0.0218
177.0000 0.0218
226.0000 0.0218
74.0000 0.0219
104.0000 0.0220
137.0000 0.0221
186.0000 0.0221
208.0000 0.0221
10.0000 0.0222
141.0000 0.0223
201.0000 0.0223
63.0000 0.0224
114.0000 0.0224
164.0000 0.0224
6.0000 0.0225
64.0000 0.0227
150.0000 0.0227
27.0000 0.0228
75.0000 0.0228
122.0000 0.0228
181.0000 0.0228
36.0000 0.0229
86.0000 0.0229
172.0000 0.0230
69.0000 0.0231
206.0000 0.0232
236.0000 0.0232
134.0000 0.0233
156.0000 0.0233
52.0000 0.0235
59.0000 0.0235
203.0000 0.0236
216.0000 0.0236
1.0000 0.0238
26.0000 0.0239
205.0000 0.0239
62.0000 0.0240
5.0000 0.0241
133.0000 0.0241
157.0000 0.0241
99.0000 0.0242
117.0000 0.0242
124.0000 0.0242
3.0000 0.0244
217.0000 0.0245
222.0000 0.0246
33.0000 0.0248
170.0000 0.0248
39.0000 0.0249
70.0000 0.0250
142.0000 0.0250
151.0000 0.0251
2.0000 0.0252
20.0000 0.0252
82.0000 0.0253
58.0000 0.0254
25.0000 0.0255
112.0000 0.0257
101.0000 0.0258
31.0000 0.0259
42.0000 0.0259
49.0000 0.0260
176.0000 0.0260
80.0000 0.0262
135.0000 0.0262
219.0000 0.0262
77.0000 0.0263
98.0000 0.0264
32.0000 0.0265
83.0000 0.0265
116.0000 0.0265
153.0000 0.0266
224.0000 0.0266
90.0000 0.0267
118.0000 0.0267
152.0000 0.0267
7.0000 0.0269
209.0000 0.0270
182.0000 0.0272
43.0000 0.0274
132.0000 0.0274
238.0000 0.0274
57.0000 0.0275
4.0000 0.0276
17.0000 0.0278
125.0000 0.0279
193.0000 0.0279
79.0000 0.0282
214.0000 0.0283
239.0000 0.0283
85.0000 0.0284
194.0000 0.0284
94.0000 0.0287
128.0000 0.0288
163.0000 0.0288
215.0000 0.0288
51.0000 0.0291
109.0000 0.0291
144.0000 0.0291
192.0000 0.0291
71.0000 0.0292
143.0000 0.0293
159.0000 0.0293
185.0000 0.0293
50.0000 0.0295
93.0000 0.0295
223.0000 0.0296
88.0000 0.0297
189.0000 0.0298
199.0000 0.0298
225.0000 0.0298
230.0000 0.0298
234.0000 0.0298
120.0000 0.0299
229.0000 0.0299
53.0000 0.0300
54.0000 0.0301
129.0000 0.0302
148.0000 0.0302
68.0000 0.0303
121.0000 0.0303
48.0000 0.0304
180.0000 0.0304
23.0000 0.0305
29.0000 0.0305
191.0000 0.0306
56.0000 0.0307
107.0000 0.0308
154.0000 0.0308
55.0000 0.0309
188.0000 0.0309
111.0000 0.0310
169.0000 0.0310
123.0000 0.0311
136.0000 0.0311
202.0000 0.0311
210.0000 0.0311
45.0000 0.0315
166.0000 0.0315
18.0000 0.0316
165.0000 0.0316
171.0000 0.0316
161.0000 0.0317
228.0000 0.0318
6.0000 0.0320
115.0000 0.0320
213.0000 0.0320
119.0000 0.0321
203.0000 0.0321
237.0000 0.0321
84.0000 0.0323
96.0000 0.0323
195.0000 0.0323
198.0000 0.0323
231.0000 0.0323
100.0000 0.0324
138.0000 0.0324
114.0000 0.0325
122.0000 0.0325
177.0000 0.0326
35.0000 0.0327
38.0000 0.0327
179.0000 0.0327
27.0000 0.0329
65.0000 0.0329
174.0000 0.0329
22.0000 0.0332
34.0000 0.0332
140.0000 0.0332
201.0000 0.0332
41.0000 0.0333
86.0000 0.0333
106.0000 0.0333
59.0000 0.0335
0.0000 0.0338
227.0000 0.0338
105.0000 0.0339
200.0000 0.0340
222.0000 0.0341
197.0000 0.0342
40.0000 0.0343
5.0000 0.0344
72.0000 0.0345
95.0000 0.0345
208.0000 0.0345
99.0000 0.0346
102.0000 0.0347
108.0000 0.0349
131.0000 0.0349
167.0000 0.0349
186.0000 0.0349
62.0000 0.0350
70.0000 0.0350
37.0000 0.0351
30.0000 0.0352
145.0000 0.0352
212.0000 0.0352
3.0000 0.0353
14.0000 0.0353
97.0000 0.0353
16.0000 0.0354
26.0000 0.0354
175.0000 0.0355
19.0000 0.0356
89.0000 0.0358
142.0000 0.0358
9.0000 0.0359
127.0000 0.0359
146.0000 0.0360
183.0000 0.0360
204.0000 0.0362
101.0000 0.0363
47.0000 0.0364
118.0000 0.0364
157.0000 0.0364
170.0000 0.0364
206.0000 0.0364
209.0000 0.0364
220.0000 0.0365
8.0000 0.0366
39.0000 0.0366
11.0000 0.0367
91.0000 0.0367
164.0000 0.0367
172.0000 0.0367
87.0000 0.0368
150.0000 0.0368
92.0000 0.0369
103.0000 0.0369
149.0000 0.0369
46.0000 0.0370
98.0000 0.0370
205.0000 0.0370
2.0000 0.0372
214.0000 0.0372
235.0000 0.0372
239.0000 0.0372
31.0000 0.0373
77.0000 0.0373
21.0000 0.0374
73.0000 0.0374
207.0000 0.0374
216.0000 0.0376
185.0000 0.0377
44.0000 0.0378
137.0000 0.0378
184.0000 0.0378
4.0000 0.0379
104.0000 0.0379
116.0000 0.0380
156.0000 0.0381
193.0000 0.0381
7.0000 0.0382
83.0000 0.0383
36.0000 0.0384
64.0000 0.0385
80.0000 0.0385
139.0000 0.0385
10.0000 0.0387
147.0000 0.0387
181.0000 0.0387
132.0000 0.0388
57.0000 0.0389
159.0000 0.0389
163.0000 0.0389
148.0000 0.0390
199.0000 0.0390
66.0000 0.0392
17.0000 0.0393
48.0000 0.0393
128.0000 0.0393
12.0000 0.0394
225.0000 0.0394
51.0000 0.0395
71.0000 0.0396
78.0000 0.0396
162.0000 0.0396
223.0000 0.0396
79.0000 0.0397
110.0000 0.0397
50.0000 0.0400
94.0000 0.0400
63.0000 0.0401
125.0000 0.0401
15.0000 0.0402
43.0000 0.0402
61.0000 0.0402
141.0000 0.0403
203.0000 0.0403
234.0000 0.0403
226.0000 0.0405
6.0000 0.0406
54.0000 0.0408
60.0000 0.0408
120.0000 0.0408
134.0000 0.0408
114.0000 0.0409
144.0000 0.0410
176.0000 0.0410
18.0000 0.0411
224.0000 0.0411
187.0000 0.0412
217.0000 0.0412
219.0000 0.0412
85.0000 0.0413
153.0000 0.0414
158.0000 0.0414
210.0000 0.0414
1.0000 0.0415
151.0000 0.0415
238.0000 0.0415
93.0000 0.0416
122.0000 0.0416
143.0000 0.0416
67.0000 0.0417
68.0000 0.0417
152.0000 0.0417
228.0000 0.0417
231.0000 0.0417
88.0000 0.0418
129.0000 0.0418
173.0000 0.0418
177.0000 0.0419
74.0000 0.0420
82.0000 0.0421
213.0000 0.0421
27.0000 0.0422
168.0000 0.0422
194.0000 0.0422
59.0000 0.0424
86.0000 0.0424
136.0000 0.0424
198.0000 0.0424
53.0000 0.0425
29.0000 0.0426
121.0000 0.0426
171.0000 0.0426
174.0000 0.0426
195.0000 0.0427
222.0000 0.0427
33.0000 0.0428
84.0000 0.0429
166.0000 0.0429
69.0000 0.0430
111.0000 0.0430
188.0000 0.0430
56.0000 0.0431
123.0000 0.0432
230.0000 0.0433
182.0000 0.0434
32.0000 0.0435
55.0000 0.0436
117.0000 0.0436
5.0000 0.0437
25.0000 0.0437
99.0000 0.0437
192.0000 0.0439
201.0000 0.0439
70.0000 0.0441
3.0000 0.0443
75.0000 0.0443
35.0000 0.0445
62.0000 0.0445
96.0000 0.0445
22.0000 0.0446
58.0000 0.0446
180.0000 0.0446
133.0000 0.0447
200.0000 0.0447
209.0000 0.0447
20.0000 0.0448
140.0000 0.0448
42.0000 0.0450
154.0000 0.0450
41.0000 0.0451
197.0000 0.0451
208.0000 0.0451
165.0000 0.0452
169.0000 0.0452
189.0000 0.0452
237.0000 0.0452
34.0000 0.0453
52.0000 0.0453
95.0000 0.0453
38.0000 0.0456
26.0000 0.0457
115.0000 0.0458
185.0000 0.0459
215.0000 0.0459
65.0000 0.0460
90.0000 0.0460
101.0000 0.0460
239.0000 0.0460
118.0000 0.0462
124.0000 0.0462
0.0000 0.0463
37.0000 0.0463
100.0000 0.0463
186.0000 0.0464
142.0000 0.0465
175.0000 0.0465
102.0000 0.0466
108.0000 0.0466
167.0000 0.0467
214.0000 0.0467
39.0000 0.0468
77.0000 0.0469
161.0000 0.0470
72.0000 0.0471
148.0000 0.0471
170.0000 0.0471
2.0000 0.0472
48.0000 0.0472
4.0000 0.0473
40.0000 0.0474
49.0000 0.0474
31.0000 0.0475
229.0000 0.0476
30.0000 0.0477
193.0000 0.0477
203.0000 0.0477
89.0000 0.0478
221.0000 0.0478
159.0000 0.0479
16.0000 0.0480
19.0000 0.0480
146.0000 0.0480
157.0000 0.0480
191.0000 0.0480
199.0000 0.0480
116.0000 0.0481
98.0000 0.0482
145.0000 0.0482
172.0000 0.0482
7.0000 0.0483
97.0000 0.0483
131.0000 0.0483
105.0000 0.0484
163.0000 0.0484
205.0000 0.0484
71.0000 0.0485
206.0000 0.0485
51.0000 0.0486
225.0000 0.0486
227.0000 0.0486
57.0000 0.0487
223.0000 0.0487
6.0000 0.0488
113.0000 0.0488
11.0000 0.0489
14.0000 0.0489
80.0000 0.0489
150.0000 0.0489
83.0000 0.0490
73.0000 0.0491
112.0000 0.0491
9.0000 0.0492
114.0000 0.0492
132.0000 0.0492
216.0000 0.0492
17.0000 0.0494
18.0000 0.0495
234.0000 0.0495
179.0000 0.0496
45.0000 0.0497
79.0000 0.0497
87.0000 0.0497
149.0000 0.0497
21.0000 0.0498
181.0000 0.0498
46.0000 0.0499
137.0000 0.0499
92.0000 0.0500
127.0000 0.0500
164.0000 0.0500
218.0000 0.0500
128.0000 0.0501
91.0000 0.0502
122.0000 0.0502
135.0000 0.0502
103.0000 0.0503
183.0000 0.0503
28.0000 0.0504
47.0000 0.0505
27.0000 0.0506
156.0000 0.0506
210.0000 0.0506
222.0000 0.0506
94.0000 0.0507
120.0000 0.0508
86.0000 0.0509
231.0000 0.0509
36.0000 0.0510
104.0000 0.0510
202.0000 0.0510
43.0000 0.0511
50.0000 0.0511
93.0000 0.0511
213.0000 0.0511
177.0000 0.0512
13.0000 0.0513
59.0000 0.0513
68.0000 0.0513
228.0000 0.0513
139.0000 0.0514
174.0000 0.0514
54.0000 0.0516
125.0000 0.0516
196.0000 0.0516
235.0000 0.0516
144.0000 0.0517
171.0000 0.0517
195.0000 0.0518
5.0000 0.0520
143.0000 0.0520
85.0000 0.0521
147.0000 0.0521
198.0000 0.0523
10.0000 0.0524
99.0000 0.0524
209.0000 0.0524
166.0000 0.0525
207.0000 0.0525
70.0000 0.0526
29.0000 0.0527
129.0000 0.0527
224.0000 0.0527
88.0000 0.0528
136.0000 0.0528
3.0000 0.0530
64.0000 0.0530
15.0000 0.0531
160.0000 0.0531
56.0000 0.0532
62.0000 0.0532
78.0000 0.0532
106.0000 0.0532
238.0000 0.0532
53.0000 0.0533
61.0000 0.0534
176.0000 0.0534
12.0000 0.0535
236.0000 0.0535
184.0000 0.0536
219.0000 0.0536
121.0000 0.0537
201.0000 0.0537
66.0000 0.0538
123.0000 0.0538
84.0000 0.0539
111.0000 0.0540
153.0000 0.0541
185.0000 0.0541
188.0000 0.0541
200.0000 0.0541
107.0000 0.0542
239.0000 0.0542
212.0000 0.0543
204.0000 0.0544
26.0000 0.0545
151.0000 0.0546
194.0000 0.0546
197.0000 0.0546
208.0000 0.0546
48.0000 0.0547
148.0000 0.0547
118.0000 0.0548
230.0000 0.0548
109.0000 0.0549
140.0000 0.0549
35.0000 0.0551
96.0000 0.0551
203.0000 0.0551
214.0000 0.0551
101.0000 0.0553
63.0000 0.0554
67.0000 0.0554
22.0000 0.0555
1.0000 0.0556
55.0000 0.0557
95.0000 0.0557
152.0000 0.0557
134.0000 0.0559
141.0000 0.0559
2.0000 0.0560
77.0000 0.0560
142.0000 0.0561
34.0000 0.0562
182.0000 0.0563
226.0000 0.0564
0.0000 0.0565
4.0000 0.0565
159.0000 0.0565
193.0000 0.0565
217.0000 0.0565
38.0000 0.0566
6.0000 0.0568
37.0000 0.0568
41.0000 0.0568
189.0000 0.0568
199.0000 0.0568
170.0000 0.0569
163.0000 0.0570
31.0000 0.0571
115.0000 0.0571
225.0000 0.0571
65.0000 0.0572
39.0000 0.0573
154.0000 0.0573
165.0000 0.0573
167.0000 0.0573
24.0000 0.0574
192.0000 0.0574
108.0000 0.0576
69.0000 0.0577
114.0000 0.0577
138.0000 0.0577
180.0000 0.0577
186.0000 0.0577
223.0000 0.0577
20.0000 0.0578
40.0000 0.0579
98.0000 0.0579
175.0000 0.0579
102.0000 0.0580
7.0000 0.0581
51.0000 0.0581
57.0000 0.0581
18.0000 0.0582
23.0000 0.0583
83.0000 0.0583
157.0000 0.0583
169.0000 0.0583
122.0000 0.0584
17.0000 0.0585
215.0000 0.0585
237.0000 0.0585
16.0000 0.0586
71.0000 0.0586
80.0000 0.0586
116.0000 0.0586
206.0000 0.0586
222.0000 0.0586
234.0000 0.0587
19.0000 0.0588
172.0000 0.0588
27.0000 0.0589
72.0000 0.0589
82.0000 0.0589
132.0000 0.0589
119.0000 0.0592
145.0000 0.0593
30.0000 0.0595
60.0000 0.0595
86.0000 0.0595
231.0000 0.0595
74.0000 0.0596
79.0000 0.0596
89.0000 0.0596
205.0000 0.0596
105.0000 0.0597
59.0000 0.0598
133.0000 0.0598
187.0000 0.0598
210.0000 0.0598
216.0000 0.0598
220.0000 0.0598
25.0000 0.0599
32.0000 0.0599
128.0000 0.0599
150.0000 0.0599
42.0000 0.0600
52.0000 0.0601
73.0000 0.0601
174.0000 0.0601
177.0000 0.0601
213.0000 0.0601
14.0000 0.0602
75.0000 0.0602
100.0000 0.0602
131.0000 0.0602
209.0000 0.0602
5.0000 0.0603
117.0000 0.0603
120.0000 0.0603
11.0000 0.0604
33.0000 0.0604
161.0000 0.0605
137.0000 0.0606
171.0000 0.0606
228.0000 0.0606
93.0000 0.0607
146.0000 0.0608
168.0000 0.0608
195.0000 0.0608
97.0000 0.0609
9.0000 0.0610
99.0000 0.0610
158.0000 0.0611
8.0000 0.0612
50.0000 0.0612
68.0000 0.0612
94.0000 0.0612
181.0000 0.0612
70.0000 0.0613
156.0000 0.0613
58.0000 0.0614
198.0000 0.0614
46.0000 0.0615
3.0000 0.0616
143.0000 0.0616
166.0000 0.0616
43.0000 0.0617
54.0000 0.0618
87.0000 0.0618
185.0000 0.0618
239.0000 0.0618
124.0000 0.0619
125.0000 0.0619
21.0000 0.0620
149.0000 0.0621
47.0000 0.0622
48.0000 0.0622
85.0000 0.0622
91.0000 0.0622
144.0000 0.0622
164.0000 0.0622
173.0000 0.0622
229.0000 0.0622
103.0000 0.0623
148.0000 0.0623
90.0000 0.0624
203.0000 0.0624
62.0000 0.0625
92.0000 0.0625
201.0000 0.0625
127.0000 0.0627
191.0000 0.0627
26.0000 0.0628
136.0000 0.0628
214.0000 0.0629
129.0000 0.0630
88.0000 0.0631
200.0000 0.0631
53.0000 0.0632
118.0000 0.0632
147.0000 0.0632
104.0000 0.0633
227.0000 0.0633
29.0000 0.0635
197.0000 0.0635
84.0000 0.0636
56.0000 0.0637
123.0000 0.0638
140.0000 0.0638
139.0000 0.0639
238.0000 0.0641
179.0000 0.0642
6.0000 0.0643
77.0000 0.0643
101.0000 0.0643
183.0000 0.0643
224.0000 0.0643
2.0000 0.0645
235.0000 0.0645
176.0000 0.0646
188.0000 0.0646
142.0000 0.0647
10.0000 0.0648
111.0000 0.0648
36.0000 0.0649
64.0000 0.0649
159.0000 0.0649
193.0000 0.0649
44.0000 0.0650
208.0000 0.0650
225.0000 0.0650
35.0000 0.0651
199.0000 0.0651
4.0000 0.0652
78.0000 0.0653
114.0000 0.0654
22.0000 0.0655
153.0000 0.0655
194.0000 0.0656
95.0000 0.0657
121.0000 0.0658
207.0000 0.0658
163.0000 0.0659
219.0000 0.0659
223.0000 0.0659
96.0000 0.0660
230.0000 0.0660
15.0000 0.0662
170.0000 0.0663
222.0000 0.0663
31.0000 0.0664
66.0000 0.0664
39.0000 0.0665
0.0000 0.0666
12.0000 0.0666
18.0000 0.0666
41.0000 0.0666
51.0000 0.0666
27.0000 0.0667
55.0000 0.0667
122.0000 0.0667
151.0000 0.0669
162.0000 0.0669
7.0000 0.0670
184.0000 0.0671
61.0000 0.0672
98.0000 0.0672
167.0000 0.0672
234.0000 0.0672
37.0000 0.0673
38.0000 0.0673
49.0000 0.0673
108.0000 0.0673
186.0000 0.0673
34.0000 0.0674
86.0000 0.0675
17.0000 0.0676
71.0000 0.0676
57.0000 0.0677
59.0000 0.0677
178.0000 0.0677
65.0000 0.0678
209.0000 0.0678
83.0000 0.0679
116.0000 0.0679
40.0000 0.0680
80.0000 0.0680
115.0000 0.0680
132.0000 0.0680
202.0000 0.0681
189.0000 0.0682
67.0000 0.0683
175.0000 0.0683
210.0000 0.0683
45.0000 0.0684
152.0000 0.0684
79.0000 0.0685
5.0000 0.0686
157.0000 0.0686
231.0000 0.0686
134.0000 0.0687
165.0000 0.0687
174.0000 0.0687
63.0000 0.0689
141.0000 0.0689
180.0000 0.0689
213.0000 0.0689
110.0000 0.0690
206.0000 0.0690
16.0000 0.0691
172.0000 0.0692
112.0000 0.0693
177.0000 0.0693
99.0000 0.0694
102.0000 0.0694
120.0000 0.0694
154.0000 0.0694
195.0000 0.0694
203.0000 0.0694
182.0000 0.0695
185.0000 0.0695
48.0000 0.0696
70.0000 0.0696
128.0000 0.0696
221.0000 0.0696
239.0000 0.0696
1.0000 0.0697
171.0000 0.0697
19.0000 0.0698
228.0000 0.0698
148.0000 0.0699
72.0000 0.0700
93.0000 0.0700
3.0000 0.0702
135.0000 0.0702
145.0000 0.0702
237.0000 0.0703
198.0000 0.0704
205.0000 0.0704
181.0000 0.0705
204.0000 0.0705
30.0000 0.0706
54.0000 0.0707
150.0000 0.0707
192.0000 0.0707
216.0000 0.0707
217.0000 0.0707
105.0000 0.0708
214.0000 0.0708
43.0000 0.0709
169.0000 0.0709
212.0000 0.0709
62.0000 0.0710
68.0000 0.0710
137.0000 0.0710
143.0000 0.0710
89.0000 0.0711
14.0000 0.0712
50.0000 0.0712
146.0000 0.0712
166.0000 0.0712
11.0000 0.0714
73.0000 0.0714
26.0000 0.0715
106.0000 0.0715
118.0000 0.0715
131.0000 0.0716
94.0000 0.0717
201.0000 0.0718
226.0000 0.0718
6.0000 0.0719
215.0000 0.0719
85.0000 0.0722
107.0000 0.0722
156.0000 0.0722
20.0000 0.0723
69.0000 0.0723
129.0000 0.0723
9.0000 0.0724
97.0000 0.0724
200.0000 0.0724
125.0000 0.0725
144.0000 0.0725
100.0000 0.0726
77.0000 0.0727
136.0000 0.0728
197.0000 0.0728
21.0000 0.0729
88.0000 0.0729
101.0000 0.0729
159.0000 0.0729
164.0000 0.0729
46.0000 0.0730
87.0000 0.0730
114.0000 0.0730
161.0000 0.0730
140.0000 0.0731
225.0000 0.0731
2.0000 0.0732
82.0000 0.0732
53.0000 0.0733
149.0000 0.0733
193.0000 0.0733
25.0000 0.0735
84.0000 0.0735
199.0000 0.0735
91.0000 0.0736
142.0000 0.0737
208.0000 0.0737
236.0000 0.0737
4.0000 0.0738
56.0000 0.0738
103.0000 0.0738
123.0000 0.0738
222.0000 0.0738
92.0000 0.0741
29.0000 0.0742
223.0000 0.0742
163.0000 0.0743
127.0000 0.0744
133.0000 0.0744
18.0000 0.0745
42.0000 0.0745
147.0000 0.0745
238.0000 0.0746
122.0000 0.0747
224.0000 0.0747
27.0000 0.0748
74.0000 0.0749
75.0000 0.0750
35.0000 0.0751
31.0000 0.0752
111.0000 0.0752
117.0000 0.0753
188.0000 0.0753
22.0000 0.0754
51.0000 0.0754
176.0000 0.0754
32.0000 0.0755
209.0000 0.0755
86.0000 0.0756
109.0000 0.0756
170.0000 0.0756
234.0000 0.0756
47.0000 0.0757
59.0000 0.0757
139.0000 0.0758
95.0000 0.0759
104.0000 0.0759
121.0000 0.0760
39.0000 0.0761
160.0000 0.0761
227.0000 0.0761
230.0000 0.0761
98.0000 0.0762
52.0000 0.0763
229.0000 0.0763
7.0000 0.0764
10.0000 0.0764
90.0000 0.0764
96.0000 0.0764
33.0000 0.0765
58.0000 0.0765
203.0000 0.0766
5.0000 0.0768
116.0000 0.0768
210.0000 0.0768
231.0000 0.0768
57.0000 0.0769
185.0000 0.0770
17.0000 0.0771
71.0000 0.0771
80.0000 0.0771
187.0000 0.0771
138.0000 0.0772
0.0000 0.0773
48.0000 0.0773
124.0000 0.0773
148.0000 0.0773
167.0000 0.0773
213.0000 0.0773
36.0000 0.0774
37.0000 0.0774
132.0000 0.0774
239.0000 0.0774
55.0000 0.0775
108.0000 0.0775
34.0000 0.0776
78.0000 0.0776
174.0000 0.0776
186.0000 0.0776
41.0000 0.0777
64.0000 0.0777
158.0000 0.0777
99.0000 0.0778
194.0000 0.0778
177.0000 0.0779
235.0000 0.0779
38.0000 0.0780
79.0000 0.0780
3.0000 0.0781
83.0000 0.0781
153.0000 0.0781
195.0000 0.0781
179.0000 0.0782
207.0000 0.0782
70.0000 0.0783
15.0000 0.0784
157.0000 0.0784
183.0000 0.0784
171.0000 0.0785
175.0000 0.0785
191.0000 0.0785
219.0000 0.0785
220.0000 0.0785
61.0000 0.0786
60.0000 0.0787
115.0000 0.0788
168.0000 0.0789
214.0000 0.0789
40.0000 0.0790
93.0000 0.0790
228.0000 0.0790
120.0000 0.0792
65.0000 0.0793
128.0000 0.0793
198.0000 0.0793
206.0000 0.0793
62.0000 0.0794
172.0000 0.0794
166.0000 0.0795
151.0000 0.0796
6.0000 0.0797
16.0000 0.0797
54.0000 0.0797
66.0000 0.0797
102.0000 0.0797
12.0000 0.0798
118.0000 0.0798
13.0000 0.0799
26.0000 0.0800
165.0000 0.0800
68.0000 0.0801
19.0000 0.0803
23.0000 0.0803
43.0000 0.0804
114.0000 0.0804
50.0000 0.0805
143.0000 0.0805
180.0000 0.0805
94.0000 0.0807
145.0000 0.0807
152.0000 0.0807
67.0000 0.0808
173.0000 0.0808
182.0000 0.0808
189.0000 0.0808
201.0000 0.0808
225.0000 0.0808
28.0000 0.0809
119.0000 0.0809
159.0000 0.0809
184.0000 0.0809
205.0000 0.0809
150.0000 0.0810
181.0000 0.0810
216.0000 0.0810
222.0000 0.0810
77.0000 0.0811
101.0000 0.0811
105.0000 0.0811
154.0000 0.0811
1.0000 0.0812
134.0000 0.0813
197.0000 0.0813
2.0000 0.0814
72.0000 0.0814
237.0000 0.0814
30.0000 0.0815
193.0000 0.0816
200.0000 0.0816
137.0000 0.0817
199.0000 0.0817
14.0000 0.0818
131.0000 0.0818
11.0000 0.0819
63.0000 0.0819
85.0000 0.0819
89.0000 0.0819
144.0000 0.0819
8.0000 0.0820
18.0000 0.0820
73.0000 0.0822
129.0000 0.0822
122.0000 0.0823
125.0000 0.0823
140.0000 0.0823
163.0000 0.0823
53.0000 0.0824
136.0000 0.0824
146.0000 0.0824
208.0000 0.0824
4.0000 0.0825
27.0000 0.0825
113.0000 0.0825
169.0000 0.0825
202.0000 0.0825
223.0000 0.0825
142.0000 0.0826
209.0000 0.0828
88.0000 0.0829
21.0000 0.0830
141.0000 0.0830
192.0000 0.0830
29.0000 0.0831
86.0000 0.0832
84.0000 0.0833
56.0000 0.0836
59.0000 0.0836
123.0000 0.0836
203.0000 0.0836
217.0000 0.0836
87.0000 0.0837
9.0000 0.0838
31.0000 0.0838
51.0000 0.0839
126.0000 0.0840
164.0000 0.0840
185.0000 0.0840
218.0000 0.0840
234.0000 0.0840
97.0000 0.0841
100.0000 0.0841
156.0000 0.0841
149.0000 0.0843
161.0000 0.0843
49.0000 0.0844
103.0000 0.0844
91.0000 0.0845
35.0000 0.0846
148.0000 0.0847
48.0000 0.0849
170.0000 0.0849
188.0000 0.0849
5.0000 0.0850
22.0000 0.0850
46.0000 0.0850
196.0000 0.0850
231.0000 0.0850
239.0000 0.0850
7.0000 0.0851
92.0000 0.0852
147.0000 0.0853
215.0000 0.0853
39.0000 0.0854
45.0000 0.0854
210.0000 0.0855
71.0000 0.0856
95.0000 0.0856
174.0000 0.0856
17.0000 0.0857
98.0000 0.0857
112.0000 0.0857
213.0000 0.0857
3.0000 0.0858
111.0000 0.0859
20.0000 0.0861
99.0000 0.0861
176.0000 0.0861
177.0000 0.0861
238.0000 0.0861
80.0000 0.0862
116.0000 0.0862
57.0000 0.0863
212.0000 0.0863
0.0000 0.0864
69.0000 0.0864
121.0000 0.0864
127.0000 0.0864
204.0000 0.0864
224.0000 0.0864
132.0000 0.0865
195.0000 0.0865
214.0000 0.0866
37.0000 0.0867
70.0000 0.0867
96.0000 0.0867
41.0000 0.0869
79.0000 0.0870
226.0000 0.0870
104.0000 0.0871
171.0000 0.0871
6.0000 0.0872
38.0000 0.0873
186.0000 0.0873
221.0000 0.0873
230.0000 0.0873
167.0000 0.0874
47.0000 0.0875
139.0000 0.0875
25.0000 0.0876
93.0000 0.0876
82.0000 0.0877
83.0000 0.0877
34.0000 0.0878
42.0000 0.0878
55.0000 0.0878
62.0000 0.0878
10.0000 0.0880
118.0000 0.0880
114.0000 0.0881
227.0000 0.0881
228.0000 0.0882
74.0000 0.0883
198.0000 0.0883
108.0000 0.0884
166.0000 0.0884
120.0000 0.0885
157.0000 0.0885
219.0000 0.0885
225.0000 0.0886
26.0000 0.0887
78.0000 0.0887
128.0000 0.0887
194.0000 0.0887
222.0000 0.0887
54.0000 0.0888
175.0000 0.0888
117.0000 0.0889
229.0000 0.0889
36.0000 0.0890
75.0000 0.0891
159.0000 0.0892
133.0000 0.0893
32.0000 0.0894
44.0000 0.0894
64.0000 0.0894
201.0000 0.0894
68.0000 0.0895
107.0000 0.0895
153.0000 0.0895
193.0000 0.0895
122.0000 0.0896
206.0000 0.0896
18.0000 0.0897
40.0000 0.0897
43.0000 0.0897
101.0000 0.0897
106.0000 0.0897
199.0000 0.0897
115.0000 0.0898
172.0000 0.0898
2.0000 0.0899
77.0000 0.0900
197.0000 0.0900
235.0000 0.0900
16.0000 0.0901
102.0000 0.0901
143.0000 0.0902
90.0000 0.0903
203.0000 0.0903
65.0000 0.0904
200.0000 0.0904
209.0000 0.0904
19.0000 0.0905
163.0000 0.0905
223.0000 0.0905
135.0000 0.0906
145.0000 0.0906
27.0000 0.0907
94.0000 0.0907
15.0000 0.0909
58.0000 0.0909
4.0000 0.0910
50.0000 0.0910
165.0000 0.0910
216.0000 0.0910
33.0000 0.0911
24.0000 0.0912
142.0000 0.0912
185.0000 0.0912
86.0000 0.0913
144.0000 0.0914
59.0000 0.0915
72.0000 0.0915
140.0000 0.0915
150.0000 0.0915
183.0000 0.0915
191.0000 0.0915
181.0000 0.0916
52.0000 0.0917
208.0000 0.0917
105.0000 0.0918
125.0000 0.0918
205.0000 0.0918
48.0000 0.0919
53.0000 0.0919
129.0000 0.0919
148.0000 0.0919
179.0000 0.0920
234.0000 0.0920
137.0000 0.0921
180.0000 0.0921
30.0000 0.0922
31.0000 0.0922
61.0000 0.0922
158.0000 0.0922
189.0000 0.0922
5.0000 0.0923
89.0000 0.0923
151.0000 0.0923
207.0000 0.0923
239.0000 0.0923
51.0000 0.0924
136.0000 0.0924
66.0000 0.0925
85.0000 0.0925
73.0000 0.0926
152.0000 0.0926
131.0000 0.0927
146.0000 0.0927
154.0000 0.0927
237.0000 0.0927
88.0000 0.0928
84.0000 0.0929
110.0000 0.0929
162.0000 0.0929
124.0000 0.0930
56.0000 0.0931
187.0000 0.0931
11.0000 0.0932
231.0000 0.0932
14.0000 0.0933
174.0000 0.0933
7.0000 0.0935
12.0000 0.0935
123.0000 0.0935
134.0000 0.0935
29.0000 0.0936
67.0000 0.0936
39.0000 0.0937
21.0000 0.0938
3.0000 0.0939
170.0000 0.0939
210.0000 0.0939
213.0000 0.0939
1.0000 0.0940
98.0000 0.0940
63.0000 0.0941
169.0000 0.0941
184.0000 0.0941
214.0000 0.0942
236.0000 0.0942
6.0000 0.0943
35.0000 0.0943
99.0000 0.0943
177.0000 0.0943
71.0000 0.0944
22.0000 0.0945
188.0000 0.0946
70.0000 0.0947
164.0000 0.0947
182.0000 0.0947
9.0000 0.0948
87.0000 0.0948
17.0000 0.0949
132.0000 0.0949
141.0000 0.0950
57.0000 0.0951
116.0000 0.0951
156.0000 0.0952
80.0000 0.0953
91.0000 0.0953
109.0000 0.0953
195.0000 0.0953
95.0000 0.0954
97.0000 0.0955
100.0000 0.0955
103.0000 0.0955
149.0000 0.0955
171.0000 0.0956
62.0000 0.0957
192.0000 0.0957
114.0000 0.0958
79.0000 0.0959
93.0000 0.0960
0.0000 0.0961
118.0000 0.0961
121.0000 0.0961
161.0000 0.0961
222.0000 0.0961
60.0000 0.0963
186.0000 0.0964
46.0000 0.0965
92.0000 0.0965
225.0000 0.0965
96.0000 0.0966
26.0000 0.0968
37.0000 0.0968
120.0000 0.0968
176.0000 0.0968
111.0000 0.0969
147.0000 0.0969
228.0000 0.0970
238.0000 0.0970
128.0000 0.0971
166.0000 0.0971
168.0000 0.0971
38.0000 0.0972
159.0000 0.0973
167.0000 0.0973
198.0000 0.0973
83.0000 0.0974
122.0000 0.0974
203.0000 0.0974
220.0000 0.0974
193.0000 0.0975
41.0000 0.0976
217.0000 0.0976
55.0000 0.0977
209.0000 0.0978
18.0000 0.0979
199.0000 0.0979
77.0000 0.0980
173.0000 0.0980
215.0000 0.0980
230.0000 0.0980
127.0000 0.0981
224.0000 0.0981
2.0000 0.0982
101.0000 0.0982
104.0000 0.0982
138.0000 0.0982
54.0000 0.0983
163.0000 0.0984
201.0000 0.0984
223.0000 0.0984
34.0000 0.0986
27.0000 0.0987
47.0000 0.0987
108.0000 0.0987
157.0000 0.0987
185.0000 0.0987
200.0000 0.0987
206.0000 0.0987
68.0000 0.0988
175.0000 0.0988
197.0000 0.0988
48.0000 0.0989
139.0000 0.0989
86.0000 0.0991
4.0000 0.0992
59.0000 0.0992
202.0000 0.0992
43.0000 0.0993
148.0000 0.0993
143.0000 0.0994
194.0000 0.0994
119.0000 0.0995
153.0000 0.0995
10.0000 0.0996
172.0000 0.0997
219.0000 0.0997
42.0000 0.0998
142.0000 0.0998
234.0000 0.0999
5.0000 0.1000
239.0000 0.1000
40.0000 0.1001
94.0000 0.1002
145.0000 0.1003
69.0000 0.1004
50.0000 0.1005
16.0000 0.1006
65.0000 0.1007
102.0000 0.1007
115.0000 0.1007
144.0000 0.1007
20.0000 0.1008
140.0000 0.1008
31.0000 0.1009
51.0000 0.1009
129.0000 0.1009
208.0000 0.1010
78.0000 0.1011
19.0000 0.1012
25.0000 0.1012
64.0000 0.1012
125.0000 0.1012
174.0000 0.1013
216.0000 0.1013
150.0000 0.1014
53.0000 0.1016
8.0000 0.1017
181.0000 0.1017
231.0000 0.1017
3.0000 0.1018
210.0000 0.1018
6.0000 0.1019
36.0000 0.1019
45.0000 0.1019
23.0000 0.1020
214.0000 0.1020
39.0000 0.1021
136.0000 0.1021
160.0000 0.1021
165.0000 0.1021
7.0000 0.1022
82.0000 0.1022
88.0000 0.1022
105.0000 0.1022
137.0000 0.1022
205.0000 0.1022
226.0000 0.1022
15.0000 0.1023
85.0000 0.1023
99.0000 0.1024
213.0000 0.1024
227.0000 0.1024
84.0000 0.1025
204.0000 0.1025
146.0000 0.1026
73.0000 0.1027
71.0000 0.1028
72.0000 0.1028
123.0000 0.1028
170.0000 0.1028
235.0000 0.1028
56.0000 0.1029
89.0000 0.1029
98.0000 0.1029
11.0000 0.1030
29.0000 0.1030
30.0000 0.1030
70.0000 0.1030
75.0000 0.1030
180.0000 0.1030
229.0000 0.1030
74.0000 0.1031
212.0000 0.1031
114.0000 0.1032
154.0000 0.1033
177.0000 0.1033
117.0000 0.1034
195.0000 0.1034
132.0000 0.1035
131.0000 0.1036
183.0000 0.1036
57.0000 0.1037
116.0000 0.1037
222.0000 0.1037
17.0000 0.1038
32.0000 0.1038
35.0000 0.1038
151.0000 0.1038
189.0000 0.1038
237.0000 0.1038
49.0000 0.1039
22.0000 0.1040
61.0000 0.1040
203.0000 0.1040
80.0000 0.1041
112.0000 0.1042
118.0000 0.1042
133.0000 0.1042
188.0000 0.1043
191.0000 0.1043
225.0000 0.1043
62.0000 0.1044
171.0000 0.1044
21.0000 0.1045
221.0000 0.1045
14.0000 0.1046
67.0000 0.1046
79.0000 0.1047
26.0000 0.1048
207.0000 0.1048
152.0000 0.1049
159.0000 0.1049
33.0000 0.1050
66.0000 0.1050
95.0000 0.1050
52.0000 0.1051
93.0000 0.1051
179.0000 0.1051
106.0000 0.1052
164.0000 0.1052
134.0000 0.1053
156.0000 0.1053
209.0000 0.1053
12.0000 0.1054
90.0000 0.1054
120.0000 0.1054
122.0000 0.1054
186.0000 0.1054
228.0000 0.1054
1.0000 0.1055
166.0000 0.1055
18.0000 0.1056
193.0000 0.1056
198.0000 0.1056
199.0000 0.1056
0.0000 0.1057
63.0000 0.1057
9.0000 0.1058
185.0000 0.1058
121.0000 0.1059
128.0000 0.1059
58.0000 0.1060
48.0000 0.1061
77.0000 0.1061
97.0000 0.1061
169.0000 0.1061
91.0000 0.1062
149.0000 0.1062
223.0000 0.1062
28.0000 0.1063
87.0000 0.1063
96.0000 0.1063
27.0000 0.1064
83.0000 0.1064
101.0000 0.1064
148.0000 0.1064
163.0000 0.1064
103.0000 0.1065
86.0000 0.1066
167.0000 0.1066
2.0000 0.1067
37.0000 0.1067
100.0000 0.1069
111.0000 0.1069
59.0000 0.1070
158.0000 0.1070
201.0000 0.1070
197.0000 0.1071
41.0000 0.1072
182.0000 0.1072
4.0000 0.1073
46.0000 0.1073
124.0000 0.1073
176.0000 0.1073
238.0000 0.1073
38.0000 0.1074
107.0000 0.1074
141.0000 0.1074
161.0000 0.1074
68.0000 0.1075
184.0000 0.1075
192.0000 0.1075
200.0000 0.1075
5.0000 0.1076
54.0000 0.1076
55.0000 0.1076
92.0000 0.1078
187.0000 0.1078
234.0000 0.1078
239.0000 0.1078
206.0000 0.1080
230.0000 0.1080
108.0000 0.1081
143.0000 0.1081
175.0000 0.1082
142.0000 0.1085
157.0000 0.1085
224.0000 0.1085
147.0000 0.1086
34.0000 0.1087
104.0000 0.1087
94.0000 0.1088
43.0000 0.1089
51.0000 0.1091
174.0000 0.1092
6.0000 0.1094
31.0000 0.1094
194.0000 0.1095
3.0000 0.1096
140.0000 0.1096
127.0000 0.1097
172.0000 0.1097
214.0000 0.1097
144.0000 0.1098
139.0000 0.1099
215.0000 0.1099
47.0000 0.1100
210.0000 0.1100
145.0000 0.1101
40.0000 0.1102
50.0000 0.1102
129.0000 0.1102
208.0000 0.1103
102.0000 0.1105
150.0000 0.1105
231.0000 0.1105
213.0000 0.1106
114.0000 0.1107
216.0000 0.1107
219.0000 0.1107
16.0000 0.1108
99.0000 0.1108
7.0000 0.1109
39.0000 0.1109
53.0000 0.1110
10.0000 0.1111
70.0000 0.1111
19.0000 0.1112
153.0000 0.1112
125.0000 0.1113
136.0000 0.1113
222.0000 0.1113
71.0000 0.1114
203.0000 0.1114
115.0000 0.1115
170.0000 0.1115
177.0000 0.1115
98.0000 0.1117
217.0000 0.1118
181.0000 0.1119
137.0000 0.1120
195.0000 0.1121
225.0000 0.1121
17.0000 0.1122
84.0000 0.1122
65.0000 0.1123
56.0000 0.1124
88.0000 0.1125
116.0000 0.1125
118.0000 0.1126
132.0000 0.1126
105.0000 0.1127
85.0000 0.1128
123.0000 0.1128
80.0000 0.1129
205.0000 0.1130
64.0000 0.1131
122.0000 0.1131
209.0000 0.1131
171.0000 0.1132
18.0000 0.1133
26.0000 0.1133
57.0000 0.1133
185.0000 0.1133
48.0000 0.1134
159.0000 0.1134
62.0000 0.1137
146.0000 0.1137
35.0000 0.1138
42.0000 0.1138
148.0000 0.1138
69.0000 0.1139
199.0000 0.1139
15.0000 0.1141
29.0000 0.1141
13.0000 0.1142
30.0000 0.1142
89.0000 0.1142
165.0000 0.1142
11.0000 0.1143
36.0000 0.1143
180.0000 0.1143
193.0000 0.1143
72.0000 0.1144
79.0000 0.1144
22.0000 0.1145
44.0000 0.1145
73.0000 0.1145
27.0000 0.1146
154.0000 0.1146
188.0000 0.1146
198.0000 0.1146
223.0000 0.1146
86.0000 0.1147
101.0000 0.1147
78.0000 0.1148
93.0000 0.1148
163.0000 0.1148
228.0000 0.1148
237.0000 0.1149
59.0000 0.1151
120.0000 0.1151
166.0000 0.1151
168.0000 0.1151
77.0000 0.1153
95.0000 0.1153
109.0000 0.1154
128.0000 0.1154
14.0000 0.1155
131.0000 0.1155
239.0000 0.1155
0.0000 0.1156
186.0000 0.1156
189.0000 0.1156
235.0000 0.1156
135.0000 0.1157
21.0000 0.1158
60.0000 0.1159
5.0000 0.1160
25.0000 0.1160
4.0000 0.1162
20.0000 0.1162
83.0000 0.1162
227.0000 0.1162
234.0000 0.1162
2.0000 0.1163
197.0000 0.1163
117.0000 0.1164
156.0000 0.1164
167.0000 0.1164
164.0000 0.1165
201.0000 0.1165
202.0000 0.1166
6.0000 0.1167
151.0000 0.1167
96.0000 0.1169
54.0000 0.1170
200.0000 0.1170
121.0000 0.1171
152.0000 0.1171
173.0000 0.1171
143.0000 0.1172
37.0000 0.1174
68.0000 0.1174
87.0000 0.1174
51.0000 0.1176
113.0000 0.1176
3.0000 0.1177
66.0000 0.1177
110.0000 0.1178
149.0000 0.1178
214.0000 0.1178
142.0000 0.1179
174.0000 0.1179
238.0000 0.1179
9.0000 0.1180
74.0000 0.1180
91.0000 0.1180
97.0000 0.1180
169.0000 0.1180
176.0000 0.1180
31.0000 0.1181
55.0000 0.1181
229.0000 0.1181
38.0000 0.1182
82.0000 0.1182
138.0000 0.1182
226.0000 0.1182
41.0000 0.1183
75.0000 0.1183
1.0000 0.1184
46.0000 0.1184
61.0000 0.1184
114.0000 0.1184
210.0000 0.1184
103.0000 0.1185
108.0000 0.1185
203.0000 0.1185
204.0000 0.1185
206.0000 0.1185
67.0000 0.1186
183.0000 0.1186
100.0000 0.1187
175.0000 0.1187
220.0000 0.1187
94.0000 0.1188
111.0000 0.1188
140.0000 0.1188
161.0000 0.1188
134.0000 0.1189
222.0000 0.1189
12.0000 0.1190
99.0000 0.1190
207.0000 0.1190
43.0000 0.1191
70.0000 0.1191
144.0000 0.1192
224.0000 0.1192
231.0000 0.1192
213.0000 0.1193
34.0000 0.1194
119.0000 0.1194
236.0000 0.1194
230.0000 0.1195
157.0000 0.1196
172.0000 0.1196
32.0000 0.1197
129.0000 0.1197
208.0000 0.1197
7.0000 0.1199
92.0000 0.1199
179.0000 0.1199
191.0000 0.1199
225.0000 0.1199
45.0000 0.1200
63.0000 0.1200
71.0000 0.1200
177.0000 0.1200
141.0000 0.1201
104.0000 0.1202
133.0000 0.1202
182.0000 0.1202
195.0000 0.1202
39.0000 0.1203
50.0000 0.1203
98.0000 0.1203
48.0000 0.1205
185.0000 0.1205
192.0000 0.1205
209.0000 0.1205
145.0000 0.1206
150.0000 0.1206
170.0000 0.1206
33.0000 0.1207
118.0000 0.1208
122.0000 0.1209
219.0000 0.1209
26.0000 0.1210
52.0000 0.1210
53.0000 0.1210
102.0000 0.1210
136.0000 0.1210
194.0000 0.1210
216.0000 0.1210
18.0000 0.1211
147.0000 0.1211
159.0000 0.1211
40.0000 0.1212
116.0000 0.1212
148.0000 0.1212
17.0000 0.1213
16.0000 0.1214
19.0000 0.1214
47.0000 0.1214
58.0000 0.1214
127.0000 0.1214
84.0000 0.1215
125.0000 0.1215
218.0000 0.1215
80.0000 0.1216
199.0000 0.1216
212.0000 0.1216
132.0000 0.1217
56.0000 0.1218
62.0000 0.1218
181.0000 0.1218
184.0000 0.1218
215.0000 0.1218
88.0000 0.1219
139.0000 0.1219
162.0000 0.1219
115.0000 0.1220
193.0000 0.1220
196.0000 0.1220
57.0000 0.1221
171.0000 0.1221
27.0000 0.1222
90.0000 0.1222
137.0000 0.1222
153.0000 0.1223
223.0000 0.1224
85.0000 0.1225
86.0000 0.1225
101.0000 0.1225
163.0000 0.1225
49.0000 0.1226
123.0000 0.1226
239.0000 0.1226
24.0000 0.1227
59.0000 0.1227
79.0000 0.1228
106.0000 0.1228
124.0000 0.1228
158.0000 0.1228
10.0000 0.1229
35.0000 0.1229
65.0000 0.1229
178.0000 0.1230
105.0000 0.1231
112.0000 0.1231
187.0000 0.1231
198.0000 0.1231
5.0000 0.1233
29.0000 0.1233
205.0000 0.1233
228.0000 0.1233
23.0000 0.1234
77.0000 0.1234
8.0000 0.1235
22.0000 0.1235
166.0000 0.1235
30.0000 0.1237
217.0000 0.1238
72.0000 0.1239
93.0000 0.1239
120.0000 0.1239
130.0000 0.1240
6.0000 0.1241
95.0000 0.1241
128.0000 0.1241
146.0000 0.1241
165.0000 0.1241
234.0000 0.1241
0.0000 0.1242
4.0000 0.1242
180.0000 0.1242
188.0000 0.1242
2.0000 0.1243
64.0000 0.1243
197.0000 0.1243
221.0000 0.1244
11.0000 0.1245
89.0000 0.1245
186.0000 0.1245
83.0000 0.1246
107.0000 0.1247
15.0000 0.1248
73.0000 0.1248
14.0000 0.1249
201.0000 0.1250
237.0000 0.1251
154.0000 0.1252
203.0000 0.1253
3.0000 0.1254
114.0000 0.1254
214.0000 0.1254
36.0000 0.1255
51.0000 0.1256
54.0000 0.1256
167.0000 0.1256
200.0000 0.1256
131.0000 0.1257
96.0000 0.1258
174.0000 0.1258
222.0000 0.1258
21.0000 0.1259
42.0000 0.1259
143.0000 0.1259
210.0000 0.1261
68.0000 0.1262
142.0000 0.1262
189.0000 0.1262
31.0000 0.1263
156.0000 0.1264
164.0000 0.1264
69.0000 0.1268
99.0000 0.1268
121.0000 0.1268
160.0000 0.1270
37.0000 0.1271
70.0000 0.1272
213.0000 0.1272
231.0000 0.1272
78.0000 0.1273
151.0000 0.1274
176.0000 0.1274
140.0000 0.1275
235.0000 0.1275
225.0000 0.1276
38.0000 0.1277
177.0000 0.1277
209.0000 0.1277
185.0000 0.1278
94.0000 0.1279
48.0000 0.1280
152.0000 0.1280
175.0000 0.1280
144.0000 0.1281
206.0000 0.1283
9.0000 0.1284
41.0000 0.1284
108.0000 0.1284
227.0000 0.1285
71.0000 0.1286
87.0000 0.1286
91.0000 0.1286
148.0000 0.1286
208.0000 0.1286
98.0000 0.1287
129.0000 0.1287
195.0000 0.1287
18.0000 0.1288
25.0000 0.1288
46.0000 0.1288
159.0000 0.1288
238.0000 0.1288
122.0000 0.1289
149.0000 0.1290
7.0000 0.1291
118.0000 0.1291
43.0000 0.1292
100.0000 0.1292
26.0000 0.1293
50.0000 0.1293
55.0000 0.1293
172.0000 0.1293
111.0000 0.1294
169.0000 0.1295
1.0000 0.1296
39.0000 0.1296
97.0000 0.1297
66.0000 0.1298
67.0000 0.1298
170.0000 0.1298
34.0000 0.1299
157.0000 0.1299
199.0000 0.1299
230.0000 0.1299
17.0000 0.1300
161.0000 0.1301
193.0000 0.1301
103.0000 0.1302
116.0000 0.1302
117.0000 0.1302
224.0000 0.1302
223.0000 0.1303
62.0000 0.1304
80.0000 0.1304
239.0000 0.1304
171.0000 0.1305
132.0000 0.1306
136.0000 0.1306
163.0000 0.1306
20.0000 0.1307
27.0000 0.1307
59.0000 0.1308
101.0000 0.1308
150.0000 0.1308
53.0000 0.1309
60.0000 0.1310
57.0000 0.1311
86.0000 0.1311
75.0000 0.1313
5.0000 0.1314
88.0000 0.1314
109.0000 0.1314
145.0000 0.1314
207.0000 0.1314
216.0000 0.1314
56.0000 0.1315
61.0000 0.1315
125.0000 0.1315
194.0000 0.1315
6.0000 0.1317
40.0000 0.1317
84.0000 0.1317
183.0000 0.1317
202.0000 0.1317
16.0000 0.1318
19.0000 0.1318
77.0000 0.1319
79.0000 0.1319
134.0000 0.1319
228.0000 0.1319
63.0000 0.1320
92.0000 0.1320
104.0000 0.1320
102.0000 0.1321
166.0000 0.1321
168.0000 0.1321
181.0000 0.1321
115.0000 0.1322
182.0000 0.1322
198.0000 0.1322
74.0000 0.1323
82.0000 0.1323
192.0000 0.1323
234.0000 0.1323
2.0000 0.1325
4.0000 0.1325
47.0000 0.1325
127.0000 0.1325
12.0000 0.1326
28.0000 0.1326
35.0000 0.1326
85.0000 0.1326
197.0000 0.1326
219.0000 0.1326
229.0000 0.1326
93.0000 0.1327
123.0000 0.1327
203.0000 0.1327
114.0000 0.1329
137.0000 0.1329
128.0000 0.1330
191.0000 0.1330
120.0000 0.1331
141.0000 0.1331
147.0000 0.1331
214.0000 0.1332
222.0000 0.1332
22.0000 0.1333
44.0000 0.1333
226.0000 0.1333
153.0000 0.1334
220.0000 0.1334
3.0000 0.1335
174.0000 0.1335
201.0000 0.1335
65.0000 0.1336
83.0000 0.1336
29.0000 0.1337
139.0000 0.1337
0.0000 0.1338
105.0000 0.1338
135.0000 0.1338
179.0000 0.1338
205.0000 0.1339
210.0000 0.1339
95.0000 0.1340
186.0000 0.1340
188.0000 0.1340
32.0000 0.1341
51.0000 0.1342
72.0000 0.1342
133.0000 0.1343
173.0000 0.1343
204.0000 0.1343
200.0000 0.1344
54.0000 0.1345
143.0000 0.1345
68.0000 0.1346
184.0000 0.1346
10.0000 0.1347
33.0000 0.1347
99.0000 0.1347
142.0000 0.1347
215.0000 0.1347
31.0000 0.1348
165.0000 0.1348
11.0000 0.1349
48.0000 0.1349
185.0000 0.1349
209.0000 0.1349
30.0000 0.1350
146.0000 0.1350
180.0000 0.1350
89.0000 0.1351
167.0000 0.1351
70.0000 0.1352
126.0000 0.1352
225.0000 0.1352
14.0000 0.1353
213.0000 0.1353
64.0000 0.1354
231.0000 0.1354
237.0000 0.1354
52.0000 0.1355
73.0000 0.1355
15.0000 0.1357
148.0000 0.1357
45.0000 0.1359
96.0000 0.1359
140.0000 0.1359
177.0000 0.1359
37.0000 0.1362
154.0000 0.1362
131.0000 0.1363
159.0000 0.1364
71.0000 0.1366
122.0000 0.1366
156.0000 0.1366
18.0000 0.1367
21.0000 0.1367
189.0000 0.1367
90.0000 0.1368
164.0000 0.1369
118.0000 0.1370
121.0000 0.1370
26.0000 0.1371
36.0000 0.1371
119.0000 0.1371
195.0000 0.1371
176.0000 0.1372
217.0000 0.1372
58.0000 0.1373
78.0000 0.1375
108.0000 0.1375
158.0000 0.1375
175.0000 0.1375
208.0000 0.1375
94.0000 0.1376
98.0000 0.1376
199.0000 0.1376
144.0000 0.1377
7.0000 0.1378
38.0000 0.1379
41.0000 0.1379
193.0000 0.1379
239.0000 0.1379
206.0000 0.1380
27.0000 0.1381
129.0000 0.1382
124.0000 0.1384
138.0000 0.1384
212.0000 0.1385
55.0000 0.1386
59.0000 0.1386
62.0000 0.1386
163.0000 0.1386
223.0000 0.1386
17.0000 0.1387
235.0000 0.1387
172.0000 0.1388
43.0000 0.1389
86.0000 0.1389
171.0000 0.1389
6.0000 0.1390
170.0000 0.1390
151.0000 0.1391
5.0000 0.1392
39.0000 0.1392
42.0000 0.1392
116.0000 0.1393
91.0000 0.1394
101.0000 0.1394
132.0000 0.1394
80.0000 0.1395
157.0000 0.1395
238.0000 0.1395
46.0000 0.1396
50.0000 0.1396
152.0000 0.1396
203.0000 0.1396
9.0000 0.1398
106.0000 0.1398
111.0000 0.1398
34.0000 0.1400
136.0000 0.1400
57.0000 0.1401
87.0000 0.1401
69.0000 0.1402
187.0000 0.1402
77.0000 0.1404
150.0000 0.1404
53.0000 0.1406
100.0000 0.1406
149.0000 0.1406
222.0000 0.1406
49.0000 0.1407
166.0000 0.1407
234.0000 0.1407
230.0000 0.1408
228.0000 0.1409
97.0000 0.1410
198.0000 0.1410
2.0000 0.1412
79.0000 0.1412
114.0000 0.1412
197.0000 0.1412
214.0000 0.1412
66.0000 0.1413
174.0000 0.1413
194.0000 0.1413
56.0000 0.1414
88.0000 0.1415
103.0000 0.1415
125.0000 0.1415
4.0000 0.1416
169.0000 0.1416
216.0000 0.1416
227.0000 0.1416
236.0000 0.1416
3.0000 0.1417
93.0000 0.1417
224.0000 0.1417
40.0000 0.1418
84.0000 0.1418
110.0000 0.1419
48.0000 0.1421
161.0000 0.1421
185.0000 0.1421
1.0000 0.1422
181.0000 0.1422
209.0000 0.1422
19.0000 0.1423
35.0000 0.1423
201.0000 0.1423
16.0000 0.1424
25.0000 0.1424
120.0000 0.1424
128.0000 0.1424
99.0000 0.1425
123.0000 0.1425
210.0000 0.1425
51.0000 0.1426
107.0000 0.1426
221.0000 0.1426
83.0000 0.1427
85.0000 0.1427
102.0000 0.1427
145.0000 0.1427
13.0000 0.1428
148.0000 0.1428
67.0000 0.1429
115.0000 0.1430
225.0000 0.1430
22.0000 0.1431
70.0000 0.1431
54.0000 0.1432
31.0000 0.1433
142.0000 0.1433
186.0000 0.1433
68.0000 0.1434
112.0000 0.1434
137.0000 0.1434
143.0000 0.1434
200.0000 0.1434
29.0000 0.1435
47.0000 0.1435
117.0000 0.1435
134.0000 0.1435
213.0000 0.1435
23.0000 0.1436
104.0000 0.1436
0.0000 0.1438
231.0000 0.1438
92.0000 0.1439
188.0000 0.1439
61.0000 0.1440
95.0000 0.1440
122.0000 0.1440
63.0000 0.1441
105.0000 0.1441
177.0000 0.1441
18.0000 0.1442
127.0000 0.1442
192.0000 0.1442
207.0000 0.1442
65.0000 0.1444
72.0000 0.1444
182.0000 0.1444
219.0000 0.1444
159.0000 0.1446
183.0000 0.1446
205.0000 0.1446
12.0000 0.1447
26.0000 0.1447
147.0000 0.1447
75.0000 0.1448
71.0000 0.1449
118.0000 0.1449
153.0000 0.1449
167.0000 0.1450
140.0000 0.1453
239.0000 0.1453
89.0000 0.1455
191.0000 0.1455
20.0000 0.1456
195.0000 0.1456
11.0000 0.1457
14.0000 0.1457
27.0000 0.1457
30.0000 0.1457
74.0000 0.1457
96.0000 0.1457
139.0000 0.1457
165.0000 0.1457
37.0000 0.1458
199.0000 0.1458
10.0000 0.1459
146.0000 0.1459
193.0000 0.1459
6.0000 0.1460
141.0000 0.1461
59.0000 0.1462
208.0000 0.1462
98.0000 0.1463
237.0000 0.1463
64.0000 0.1464
180.0000 0.1464
223.0000 0.1464
62.0000 0.1465
73.0000 0.1465
86.0000 0.1465
94.0000 0.1465
163.0000 0.1465
203.0000 0.1465
154.0000 0.1466
15.0000 0.1467
121.0000 0.1467
7.0000 0.1468
5.0000 0.1469
129.0000 0.1469
108.0000 0.1470
144.0000 0.1470
171.0000 0.1470
131.0000 0.1471
164.0000 0.1471
8.0000 0.1472
21.0000 0.1472
156.0000 0.1472
215.0000 0.1472
229.0000 0.1473
17.0000 0.1474
176.0000 0.1474
184.0000 0.1474
101.0000 0.1475
82.0000 0.1476
132.0000 0.1477
175.0000 0.1477
206.0000 0.1478
170.0000 0.1479
222.0000 0.1479
116.0000 0.1480
172.0000 0.1480
189.0000 0.1480
41.0000 0.1481
38.0000 0.1482
55.0000 0.1482
202.0000 0.1483
43.0000 0.1484
114.0000 0.1485
179.0000 0.1485
52.0000 0.1486
80.0000 0.1486
77.0000 0.1487
226.0000 0.1487
33.0000 0.1488
39.0000 0.1488
133.0000 0.1488
214.0000 0.1489
36.0000 0.1490
57.0000 0.1490
168.0000 0.1490
111.0000 0.1491
50.0000 0.1493
136.0000 0.1493
234.0000 0.1493
150.0000 0.1494
185.0000 0.1494
2.0000 0.1495
34.0000 0.1495
174.0000 0.1495
204.0000 0.1495
209.0000 0.1495
228.0000 0.1495
32.0000 0.1496
48.0000 0.1496
78.0000 0.1496
79.0000 0.1496
166.0000 0.1496
157.0000 0.1497
60.0000 0.1498
198.0000 0.1498
3.0000 0.1499
91.0000 0.1499
197.0000 0.1500
148.0000 0.1501
46.0000 0.1503
93.0000 0.1503
217.0000 0.1503
238.0000 0.1503
4.0000 0.1504
99.0000 0.1504
9.0000 0.1505
220.0000 0.1505
225.0000 0.1505
53.0000 0.1506
51.0000 0.1507
210.0000 0.1507
87.0000 0.1508
70.0000 0.1509
128.0000 0.1509
151.0000 0.1509
201.0000 0.1510
56.0000 0.1511
230.0000 0.1511
88.0000 0.1512
100.0000 0.1512
31.0000 0.1513
149.0000 0.1513
194.0000 0.1513
120.0000 0.1514
162.0000 0.1514
35.0000 0.1515
173.0000 0.1515
216.0000 0.1515
235.0000 0.1515
83.0000 0.1516
84.0000 0.1516
122.0000 0.1516
142.0000 0.1516
152.0000 0.1516
18.0000 0.1517
135.0000 0.1517
160.0000 0.1517
123.0000 0.1518
158.0000 0.1518
213.0000 0.1518
109.0000 0.1519
125.0000 0.1519
231.0000 0.1519
224.0000 0.1520
90.0000 0.1521
42.0000 0.1522
54.0000 0.1522
58.0000 0.1522
85.0000 0.1522
97.0000 0.1522
113.0000 0.1522
177.0000 0.1522
45.0000 0.1523
68.0000 0.1523
26.0000 0.1524
143.0000 0.1524
181.0000 0.1524
196.0000 0.1524
200.0000 0.1524
22.0000 0.1525
124.0000 0.1525
103.0000 0.1526
145.0000 0.1526
159.0000 0.1526
239.0000 0.1526
16.0000 0.1527
19.0000 0.1527
40.0000 0.1528
118.0000 0.1528
102.0000 0.1530
6.0000 0.1531
71.0000 0.1531
169.0000 0.1531
29.0000 0.1532
0.0000 0.1533
27.0000 0.1533
66.0000 0.1533
115.0000 0.1533
186.0000 0.1534
199.0000 0.1534
203.0000 0.1534
137.0000 0.1535
161.0000 0.1535
47.0000 0.1536
69.0000 0.1536
195.0000 0.1536
193.0000 0.1537
95.0000 0.1539
67.0000 0.1540
59.0000 0.1541
86.0000 0.1541
105.0000 0.1541
188.0000 0.1541
1.0000 0.1543
5.0000 0.1543
62.0000 0.1543
140.0000 0.1543
167.0000 0.1544
72.0000 0.1545
98.0000 0.1546
205.0000 0.1546
119.0000 0.1547
163.0000 0.1547
223.0000 0.1547
24.0000 0.1548
96.0000 0.1548
208.0000 0.1548
219.0000 0.1548
227.0000 0.1549
222.0000 0.1550
65.0000 0.1551
134.0000 0.1551
171.0000 0.1551
44.0000 0.1553
127.0000 0.1553
94.0000 0.1554
101.0000 0.1554
104.0000 0.1554
192.0000 0.1554
212.0000 0.1554
25.0000 0.1555
37.0000 0.1555
187.0000 0.1555
92.0000 0.1556
7.0000 0.1557
30.0000 0.1557
63.0000 0.1557
114.0000 0.1557
165.0000 0.1557
61.0000 0.1558
153.0000 0.1558
17.0000 0.1559
182.0000 0.1559
129.0000 0.1560
132.0000 0.1560
144.0000 0.1560
89.0000 0.1561
11.0000 0.1562
183.0000 0.1562
116.0000 0.1563
147.0000 0.1563
108.0000 0.1564
146.0000 0.1564
185.0000 0.1564
121.0000 0.1565
170.0000 0.1565
14.0000 0.1566
48.0000 0.1566
117.0000 0.1566
214.0000 0.1566
10.0000 0.1567
139.0000 0.1567
237.0000 0.1568
106.0000 0.1569
175.0000 0.1569
148.0000 0.1570
209.0000 0.1570
39.0000 0.1571
207.0000 0.1571
57.0000 0.1572
180.0000 0.1572
64.0000 0.1573
164.0000 0.1574
77.0000 0.1575
176.0000 0.1575
12.0000 0.1576
80.0000 0.1576
174.0000 0.1576
3.0000 0.1577
15.0000 0.1577
21.0000 0.1577
73.0000 0.1577
131.0000 0.1577
172.0000 0.1577
234.0000 0.1577
206.0000 0.1578
154.0000 0.1579
156.0000 0.1579
43.0000 0.1580
41.0000 0.1581
225.0000 0.1582
49.0000 0.1583
74.0000 0.1583
79.0000 0.1583
191.0000 0.1583
166.0000 0.1584
55.0000 0.1585
138.0000 0.1585
2.0000 0.1586
228.0000 0.1586
34.0000 0.1587
99.0000 0.1587
198.0000 0.1587
75.0000 0.1588
93.0000 0.1588
141.0000 0.1588
4.0000 0.1589
38.0000 0.1589
136.0000 0.1589
210.0000 0.1589
50.0000 0.1590
111.0000 0.1590
112.0000 0.1590
150.0000 0.1590
51.0000 0.1591
70.0000 0.1591
197.0000 0.1591
18.0000 0.1592
215.0000 0.1592
122.0000 0.1593
157.0000 0.1596
213.0000 0.1596
189.0000 0.1598
31.0000 0.1599
128.0000 0.1599
184.0000 0.1600
201.0000 0.1600
231.0000 0.1601
53.0000 0.1602
142.0000 0.1602
203.0000 0.1602
239.0000 0.1602
159.0000 0.1603
20.0000 0.1604
56.0000 0.1604
88.0000 0.1604
177.0000 0.1604
120.0000 0.1605
221.0000 0.1606
229.0000 0.1606
6.0000 0.1607
26.0000 0.1607
35.0000 0.1607
84.0000 0.1608
118.0000 0.1608
82.0000 0.1609
91.0000 0.1609
107.0000 0.1609
230.0000 0.1609
27.0000 0.1610
36.0000 0.1610
68.0000 0.1611
83.0000 0.1611
54.0000 0.1612
199.0000 0.1612
200.0000 0.1612
9.0000 0.1613
28.0000 0.1614
125.0000 0.1615
238.0000 0.1615
123.0000 0.1616
143.0000 0.1616
86.0000 0.1617
87.0000 0.1617
216.0000 0.1617
59.0000 0.1618
100.0000 0.1618
46.0000 0.1619
71.0000 0.1619
194.0000 0.1620
151.0000 0.1621
195.0000 0.1621
5.0000 0.1622
193.0000 0.1622
22.0000 0.1623
62.0000 0.1623
85.0000 0.1623
218.0000 0.1623
222.0000 0.1623
149.0000 0.1625
181.0000 0.1627
223.0000 0.1627
19.0000 0.1628
23.0000 0.1628
0.0000 0.1629
33.0000 0.1629
102.0000 0.1629
145.0000 0.1629
163.0000 0.1629
16.0000 0.1630
133.0000 0.1630
152.0000 0.1630
103.0000 0.1632
137.0000 0.1632
40.0000 0.1633
98.0000 0.1633
179.0000 0.1633
217.0000 0.1633
78.0000 0.1634
226.0000 0.1634
171.0000 0.1635
224.0000 0.1635
114.0000 0.1636
140.0000 0.1636
48.0000 0.1637
101.0000 0.1637
167.0000 0.1637
185.0000 0.1637
186.0000 0.1637
169.0000 0.1639
52.0000 0.1640
95.0000 0.1640
29.0000 0.1641
204.0000 0.1641
209.0000 0.1642
17.0000 0.1643
32.0000 0.1643
115.0000 0.1643
208.0000 0.1643
214.0000 0.1643
97.0000 0.1645
7.0000 0.1646
148.0000 0.1646
188.0000 0.1646
129.0000 0.1648
37.0000 0.1649
105.0000 0.1649
116.0000 0.1650
132.0000 0.1650
205.0000 0.1650
66.0000 0.1651
94.0000 0.1651
96.0000 0.1651
202.0000 0.1651
236.0000 0.1651
144.0000 0.1652
235.0000 0.1652
161.0000 0.1653
219.0000 0.1654
47.0000 0.1656
170.0000 0.1656
174.0000 0.1656
3.0000 0.1657
65.0000 0.1657
67.0000 0.1657
42.0000 0.1659
77.0000 0.1659
225.0000 0.1659
234.0000 0.1659
72.0000 0.1660
90.0000 0.1660
57.0000 0.1663
165.0000 0.1665
80.0000 0.1666
89.0000 0.1666
30.0000 0.1667
127.0000 0.1667
168.0000 0.1667
175.0000 0.1667
39.0000 0.1668
70.0000 0.1668
121.0000 0.1668
1.0000 0.1669
99.0000 0.1669
108.0000 0.1669
134.0000 0.1670
210.0000 0.1670
79.0000 0.1671
104.0000 0.1671
203.0000 0.1672
4.0000 0.1673
92.0000 0.1673
228.0000 0.1673
11.0000 0.1674
18.0000 0.1674
122.0000 0.1674
166.0000 0.1674
69.0000 0.1675
153.0000 0.1675
158.0000 0.1675
198.0000 0.1675
58.0000 0.1676
2.0000 0.1677
34.0000 0.1677
93.0000 0.1677
110.0000 0.1677
146.0000 0.1677
147.0000 0.1678
164.0000 0.1678
239.0000 0.1678
51.0000 0.1679
192.0000 0.1679
237.0000 0.1679
6.0000 0.1680
197.0000 0.1680
206.0000 0.1680
213.0000 0.1681
60.0000 0.1682
159.0000 0.1682
172.0000 0.1682
231.0000 0.1682
10.0000 0.1683
14.0000 0.1683
31.0000 0.1683
124.0000 0.1683
41.0000 0.1684
139.0000 0.1684
182.0000 0.1684
43.0000 0.1685
176.0000 0.1685
27.0000 0.1686
156.0000 0.1686
220.0000 0.1686
25.0000 0.1687
63.0000 0.1687
73.0000 0.1687
118.0000 0.1687
177.0000 0.1687
180.0000 0.1687
21.0000 0.1688
38.0000 0.1688
64.0000 0.1688
136.0000 0.1688
227.0000 0.1688
8.0000 0.1689
26.0000 0.1689
61.0000 0.1689
131.0000 0.1689
173.0000 0.1689
142.0000 0.1690
55.0000 0.1691
128.0000 0.1691
50.0000 0.1692
150.0000 0.1692
154.0000 0.1692
201.0000 0.1692
120.0000 0.1693
15.0000 0.1694
86.0000 0.1694
199.0000 0.1694
157.0000 0.1695
207.0000 0.1696
222.0000 0.1696
45.0000 0.1697
59.0000 0.1697
53.0000 0.1698
88.0000 0.1698
111.0000 0.1698
68.0000 0.1699
200.0000 0.1699
35.0000 0.1700
56.0000 0.1700
83.0000 0.1702
12.0000 0.1703
71.0000 0.1703
195.0000 0.1703
84.0000 0.1704
5.0000 0.1705
117.0000 0.1705
193.0000 0.1705
123.0000 0.1706
143.0000 0.1706
189.0000 0.1706
62.0000 0.1707
48.0000 0.1708
54.0000 0.1708
223.0000 0.1708
163.0000 0.1709
114.0000 0.1710
183.0000 0.1710
185.0000 0.1711
91.0000 0.1714
125.0000 0.1714
209.0000 0.1714
191.0000 0.1716
216.0000 0.1716
230.0000 0.1716
9.0000 0.1717
85.0000 0.1717
0.0000 0.1718
22.0000 0.1718
109.0000 0.1718
171.0000 0.1718
141.0000 0.1719
148.0000 0.1719
194.0000 0.1719
101.0000 0.1721
214.0000 0.1721
46.0000 0.1723
215.0000 0.1723
74.0000 0.1725
75.0000 0.1725
98.0000 0.1725
13.0000 0.1726
181.0000 0.1726
186.0000 0.1726
87.0000 0.1727
119.0000 0.1727
187.0000 0.1727
238.0000 0.1727
145.0000 0.1728
149.0000 0.1728
100.0000 0.1729
140.0000 0.1729
212.0000 0.1729
17.0000 0.1730
95.0000 0.1730
102.0000 0.1730
135.0000 0.1730
137.0000 0.1730
184.0000 0.1730
19.0000 0.1732
29.0000 0.1732
7.0000 0.1733
36.0000 0.1733
116.0000 0.1733
174.0000 0.1733
16.0000 0.1734
40.0000 0.1734
106.0000 0.1734
129.0000 0.1735
3.0000 0.1736
151.0000 0.1736
208.0000 0.1736
225.0000 0.1736
132.0000 0.1737
167.0000 0.1738
229.0000 0.1738
20.0000 0.1740
103.0000 0.1742
203.0000 0.1742
234.0000 0.1742
96.0000 0.1743
224.0000 0.1745
188.0000 0.1746
82.0000 0.1747
94.0000 0.1747
144.0000 0.1747
77.0000 0.1748
115.0000 0.1748
37.0000 0.1749
70.0000 0.1749
105.0000 0.1749
170.0000 0.1749
99.0000 0.1750
122.0000 0.1750
205.0000 0.1751
210.0000 0.1751
57.0000 0.1752
152.0000 0.1752
169.0000 0.1752
4.0000 0.1753
18.0000 0.1754
239.0000 0.1754
97.0000 0.1755
6.0000 0.1756
49.0000 0.1756
39.0000 0.1758
80.0000 0.1758
228.0000 0.1758
78.0000 0.1759
175.0000 0.1759
178.0000 0.1759
159.0000 0.1760
51.0000 0.1761
79.0000 0.1761
93.0000 0.1761
112.0000 0.1761
217.0000 0.1761
166.0000 0.1762
198.0000 0.1762
2.0000 0.1763
67.0000 0.1764
72.0000 0.1764
213.0000 0.1764
219.0000 0.1764
27.0000 0.1765
47.0000 0.1765
65.0000 0.1765
161.0000 0.1765
197.0000 0.1765
231.0000 0.1765
33.0000 0.1766
108.0000 0.1766
222.0000 0.1766
89.0000 0.1768
118.0000 0.1768
26.0000 0.1769
31.0000 0.1769
121.0000 0.1770
133.0000 0.1770
30.0000 0.1771
86.0000 0.1771
179.0000 0.1771
138.0000 0.1772
177.0000 0.1772
165.0000 0.1773
34.0000 0.1774
66.0000 0.1774
164.0000 0.1774
199.0000 0.1774
59.0000 0.1777
128.0000 0.1777
206.0000 0.1777
11.0000 0.1778
142.0000 0.1778
160.0000 0.1778
48.0000 0.1779
120.0000 0.1779
43.0000 0.1780
136.0000 0.1781
5.0000 0.1783
42.0000 0.1783
52.0000 0.1783
200.0000 0.1783
114.0000 0.1784
172.0000 0.1784
185.0000 0.1784
201.0000 0.1784
127.0000 0.1785
153.0000 0.1785
193.0000 0.1785
14.0000 0.1786
32.0000 0.1786
41.0000 0.1786
92.0000 0.1786
104.0000 0.1786
146.0000 0.1786
150.0000 0.1787
209.0000 0.1787
44.0000 0.1788
195.0000 0.1788
50.0000 0.1789
71.0000 0.1789
156.0000 0.1789
223.0000 0.1789
226.0000 0.1789
235.0000 0.1789
237.0000 0.1789
90.0000 0.1790
107.0000 0.1790
53.0000 0.1791
148.0000 0.1791
163.0000 0.1791
55.0000 0.1792
131.0000 0.1792
134.0000 0.1792
162.0000 0.1792
176.0000 0.1792
38.0000 0.1793
88.0000 0.1793
157.0000 0.1793
221.0000 0.1793
62.0000 0.1794
73.0000 0.1794
147.0000 0.1794
143.0000 0.1795
192.0000 0.1795
35.0000 0.1796
68.0000 0.1796
84.0000 0.1796
10.0000 0.1797
83.0000 0.1797
123.0000 0.1797
154.0000 0.1797
214.0000 0.1797
21.0000 0.1798
1.0000 0.1799
54.0000 0.1800
101.0000 0.1800
204.0000 0.1800
180.0000 0.1801
56.0000 0.1802
61.0000 0.1803
64.0000 0.1803
171.0000 0.1803
202.0000 0.1803
111.0000 0.1804
139.0000 0.1805
227.0000 0.1806
98.0000 0.1808
182.0000 0.1808
203.0000 0.1808
216.0000 0.1809
0.0000 0.1810
125.0000 0.1811
225.0000 0.1811
15.0000 0.1812
174.0000 0.1812
69.0000 0.1813
85.0000 0.1814
3.0000 0.1815
7.0000 0.1815
22.0000 0.1815
189.0000 0.1815
58.0000 0.1818
140.0000 0.1818
230.0000 0.1818
91.0000 0.1819
17.0000 0.1820
25.0000 0.1820
63.0000 0.1820
186.0000 0.1820
116.0000 0.1821
145.0000 0.1821
181.0000 0.1821
194.0000 0.1821
9.0000 0.1822
122.0000 0.1822
132.0000 0.1823
158.0000 0.1823
234.0000 0.1823
95.0000 0.1824
113.0000 0.1824
129.0000 0.1825
208.0000 0.1825
18.0000 0.1827
70.0000 0.1827
77.0000 0.1827
6.0000 0.1828
99.0000 0.1828
102.0000 0.1828
238.0000 0.1828
239.0000 0.1828
12.0000 0.1830
137.0000 0.1830
149.0000 0.1830
207.0000 0.1830
46.0000 0.1833
100.0000 0.1833
4.0000 0.1834
124.0000 0.1835
16.0000 0.1836
19.0000 0.1836
29.0000 0.1836
87.0000 0.1836
159.0000 0.1836
210.0000 0.1836
96.0000 0.1837
183.0000 0.1837
23.0000 0.1838
24.0000 0.1838
40.0000 0.1838
51.0000 0.1838
94.0000 0.1838
117.0000 0.1838
167.0000 0.1838
37.0000 0.1839
141.0000 0.1839
144.0000 0.1841
222.0000 0.1841
57.0000 0.1842
27.0000 0.1843
79.0000 0.1843
173.0000 0.1843
39.0000 0.1844
166.0000 0.1844
170.0000 0.1844
36.0000 0.1845
103.0000 0.1845
105.0000 0.1846
215.0000 0.1846
231.0000 0.1846
93.0000 0.1847
184.0000 0.1847
224.0000 0.1847
2.0000 0.1848
213.0000 0.1848
80.0000 0.1849
118.0000 0.1849
168.0000 0.1849
198.0000 0.1849
228.0000 0.1849
26.0000 0.1850
115.0000 0.1850
188.0000 0.1850
48.0000 0.1851
205.0000 0.1851
86.0000 0.1852
197.0000 0.1852
199.0000 0.1853
31.0000 0.1854
130.0000 0.1854
59.0000 0.1856
175.0000 0.1856
177.0000 0.1856
151.0000 0.1857
185.0000 0.1857
60.0000 0.1858
196.0000 0.1858
74.0000 0.1859
97.0000 0.1859
191.0000 0.1859
114.0000 0.1860
209.0000 0.1861
148.0000 0.1862
108.0000 0.1863
5.0000 0.1864
120.0000 0.1864
128.0000 0.1864
193.0000 0.1864
220.0000 0.1864
142.0000 0.1865
152.0000 0.1865
121.0000 0.1866
236.0000 0.1866
45.0000 0.1867
169.0000 0.1867
200.0000 0.1867
223.0000 0.1867
72.0000 0.1868
219.0000 0.1868
229.0000 0.1868
195.0000 0.1869
65.0000 0.1870
163.0000 0.1870
201.0000 0.1871
214.0000 0.1871
75.0000 0.1872
78.0000 0.1872
136.0000 0.1872
34.0000 0.1873
43.0000 0.1873
89.0000 0.1873
206.0000 0.1873
71.0000 0.1875
161.0000 0.1875
30.0000 0.1876
62.0000 0.1878
67.0000 0.1878
101.0000 0.1878
203.0000 0.1878
82.0000 0.1879
164.0000 0.1880
53.0000 0.1881
187.0000 0.1881
20.0000 0.1882
47.0000 0.1883
50.0000 0.1883
88.0000 0.1883
14.0000 0.1884
165.0000 0.1884
41.0000 0.1885
217.0000 0.1885
11.0000 0.1886
150.0000 0.1886
28.0000 0.1887
68.0000 0.1888
143.0000 0.1888
83.0000 0.1889
146.0000 0.1889
172.0000 0.1889
225.0000 0.1889
35.0000 0.1890
153.0000 0.1890
171.0000 0.1890
84.0000 0.1891
54.0000 0.1892
174.0000 0.1893
38.0000 0.1894
131.0000 0.1894
157.0000 0.1894
237.0000 0.1894
3.0000 0.1895
8.0000 0.1895
66.0000 0.1895
123.0000 0.1895
127.0000 0.1896
104.0000 0.1897
98.0000 0.1898
212.0000 0.1898
55.0000 0.1899
122.0000 0.1899
156.0000 0.1899
176.0000 0.1899
92.0000 0.1900
6.0000 0.1901
33.0000 0.1902
239.0000 0.1902
56.0000 0.1903
125.0000 0.1903
180.0000 0.1903
7.0000 0.1904
18.0000 0.1904
73.0000 0.1904
17.0000 0.1906
99.0000 0.1906
109.0000 0.1906
154.0000 0.1906
234.0000 0.1906
21.0000 0.1907
132.0000 0.1907
134.0000 0.1907
0.0000 0.1908
116.0000 0.1908
70.0000 0.1909
85.0000 0.1909
133.0000 0.1909
147.0000 0.1909
119.0000 0.1910
140.0000 0.1910
216.0000 0.1911
10.0000 0.1912
42.0000 0.1912
110.0000 0.1912
49.0000 0.1913
192.0000 0.1913
22.0000 0.1914
64.0000 0.1914
208.0000 0.1914
222.0000 0.1914
106.0000 0.1915
111.0000 0.1915
159.0000 0.1915
179.0000 0.1916
210.0000 0.1916
77.0000 0.1918
112.0000 0.1918
129.0000 0.1918
139.0000 0.1918
186.0000 0.1918
235.0000 0.1918
4.0000 0.1919
27.0000 0.1920
90.0000 0.1921
91.0000 0.1921
181.0000 0.1922
1.0000 0.1923
95.0000 0.1923
145.0000 0.1923
48.0000 0.1924
230.0000 0.1924
61.0000 0.1925
182.0000 0.1925
227.0000 0.1926
32.0000 0.1927
51.0000 0.1927
166.0000 0.1928
185.0000 0.1928
194.0000 0.1928
231.0000 0.1928
57.0000 0.1929
86.0000 0.1929
118.0000 0.1929
39.0000 0.1930
63.0000 0.1930
199.0000 0.1930
15.0000 0.1931
94.0000 0.1931
197.0000 0.1932
213.0000 0.1932
9.0000 0.1933
26.0000 0.1933
29.0000 0.1933
189.0000 0.1933
209.0000 0.1933
2.0000 0.1934
31.0000 0.1934
59.0000 0.1934
144.0000 0.1934
37.0000 0.1935
96.0000 0.1935
102.0000 0.1935
167.0000 0.1935
40.0000 0.1936
114.0000 0.1936
148.0000 0.1936
137.0000 0.1937
170.0000 0.1937
198.0000 0.1937
228.0000 0.1937
79.0000 0.1938
80.0000 0.1938
93.0000 0.1939
126.0000 0.1939
135.0000 0.1939
177.0000 0.1939
226.0000 0.1939
16.0000 0.1940
52.0000 0.1940
238.0000 0.1940
19.0000 0.1941
193.0000 0.1941
5.0000 0.1942
149.0000 0.1942
100.0000 0.1944
223.0000 0.1944
203.0000 0.1945
69.0000 0.1946
163.0000 0.1946
214.0000 0.1946
46.0000 0.1947
103.0000 0.1947
207.0000 0.1947
115.0000 0.1948
188.0000 0.1948
142.0000 0.1949
205.0000 0.1949
204.0000 0.1951
87.0000 0.1952
128.0000 0.1952
195.0000 0.1953
200.0000 0.1953
25.0000 0.1955
58.0000 0.1955
105.0000 0.1955
120.0000 0.1955
202.0000 0.1955
62.0000 0.1956
175.0000 0.1956
36.0000 0.1957
71.0000 0.1959
101.0000 0.1959
201.0000 0.1960
12.0000 0.1961
108.0000 0.1961
121.0000 0.1961
107.0000 0.1963
206.0000 0.1963
224.0000 0.1963
117.0000 0.1965
158.0000 0.1965
219.0000 0.1965
43.0000 0.1967
225.0000 0.1967
136.0000 0.1968
184.0000 0.1968
183.0000 0.1969
34.0000 0.1970
171.0000 0.1970
151.0000 0.1971
72.0000 0.1972
97.0000 0.1972
174.0000 0.1972
3.0000 0.1973
6.0000 0.1973
83.0000 0.1974
152.0000 0.1974
215.0000 0.1974
88.0000 0.1975
122.0000 0.1975
239.0000 0.1975
68.0000 0.1976
141.0000 0.1976
221.0000 0.1976
53.0000 0.1977
89.0000 0.1977
164.0000 0.1978
18.0000 0.1979
65.0000 0.1979
124.0000 0.1979
30.0000 0.1981
44.0000 0.1982
50.0000 0.1983
35.0000 0.1984
138.0000 0.1984
165.0000 0.1984
172.0000 0.1984
218.0000 0.1984
14.0000 0.1985
99.0000 0.1985
143.0000 0.1985
169.0000 0.1985
98.0000 0.1986
222.0000 0.1986
41.0000 0.1987
54.0000 0.1987
7.0000 0.1988
70.0000 0.1988
150.0000 0.1988
234.0000 0.1988
11.0000 0.1989
67.0000 0.1989
132.0000 0.1989
38.0000 0.1990
74.0000 0.1990
159.0000 0.1990
47.0000 0.1991
123.0000 0.1991
191.0000 0.1991
78.0000 0.1992
146.0000 0.1992
161.0000 0.1992
13.0000 0.1994
17.0000 0.1995
48.0000 0.1996
56.0000 0.1996
84.0000 0.1996
131.0000 0.1996
157.0000 0.1996
0.0000 0.1998
75.0000 0.1998
140.0000 0.1998
27.0000 0.1999
116.0000 0.1999
