0.0000 0.0000
1.0000 0.0000
2.0000 0.0000
3.0000 0.0000
4.0000 0.0000
5.0000 0.0000
6.0000 0.0000
7.0000 0.0000
8.0000 0.0000
9.0000 0.0000
10.0000 0.0000
11.0000 0.0000
12.0000 0.0000
13.0000 0.0000
14.0000 0.0000
15.0000 0.0000
16.0000 0.0000
17.0000 0.0000
18.0000 0.0000
19.0000 0.0000
20.0000 0.0000
21.0000 0.0000
22.0000 0.0000
23.0000 0.0000
24.0000 0.0000
25.0000 0.0000
26.0000 0.0000
27.0000 0.0000
28.0000 0.0000
29.0000 0.0000
30.0000 0.0000
31.0000 0.0000
32.0000 0.0000
33.0000 0.0000
34.0000 0.0000
35.0000 0.0000
36.0000 0.0000
37.0000 0.0000
38.0000 0.0000
39.0000 0.0000
40.0000 0.0000
41.0000 0.0000
42.0000 0.0000
43.0000 0.0000
44.0000 0.0000
45.0000 0.0000
46.0000 0.0000
47.0000 0.0000
48.0000 0.0000
49.0000 0.0000
50.0000 0.0000
51.0000 0.0000
52.0000 0.0000
53.0000 0.0000
54.0000 0.0000
55.0000 0.0000
56.0000 0.0000
57.0000 0.0000
58.0000 0.0000
59.0000 0.0000
60.0000 0.0000
61.0000 0.0000
62.0000 0.0000
63.0000 0.0000
64.0000 0.0000
65.0000 0.0000
66.0000 0.0000
67.0000 0.0000
68.0000 0.0000
69.0000 0.0000
70.0000 0.0000
71.0000 0.0000
72.0000 0.0000
73.0000 0.0000
74.0000 0.0000
75.0000 0.0000
76.0000 0.0000
77.0000 0.0000
78.0000 0.0000
79.0000 0.0000
80.0000 0.0000
81.0000 0.0000
82.0000 0.0000
83.0000 0.0000
84.0000 0.0000
85.0000 0.0000
86.0000 0.0000
87.0000 0.0000
88.0000 0.0000
89.0000 0.0000
90.0000 0.0000
91.0000 0.0000
92.0000 0.0000
93.0000 0.0000
94.0000 0.0000
95.0000 0.0000
96.0000 0.0000
97.0000 0.0000
98.0000 0.0000
99.0000 0.0000
100.0000 0.0000
101.0000 0.0000
102.0000 0.0000
103.0000 0.0000
104.0000 0.0000
105.0000 0.0000
106.0000 0.0000
107.0000 0.0000
108.0000 0.0000
109.0000 0.0000
110.0000 0.0000
111.0000 0.0000
112.0000 0.0000
113.0000 0.0000
114.0000 0.0000
115.0000 0.0000
116.0000 0.0000
117.0000 0.0000
118.0000 0.0000
119.0000 0.0000
120.0000 0.0000
121.0000 0.0000
122.0000 0.0000
123.0000 0.0000
124.0000 0.0000
125.0000 0.0000
126.0000 0.0000
127.0000 0.0000
128.0000 0.0000
129.0000 0.0000
130.0000 0.0000
131.0000 0.0000
132.0000 0.0000
133.0000 0.0000
134.0000 0.0000
135.0000 0.0000
136.0000 0.0000
137.0000 0.0000
138.0000 0.0000
139.0000 0.0000
140.0000 0.0000
141.0000 0.0000
142.0000 0.0000
143.0000 0.0000
144.0000 0.0000
145.0000 0.0000
146.0000 0.0000
147.0000 0.0000
148.0000 0.0000
149.0000 0.0000
159.0000 0.0031
233.0000 0.0035
167.0000 0.0043
180.0000 0.0045
239.0000 0.0045
177.0000 0.0046
163.0000 0.0047
172.0000 0.0047
179.0000 0.0053
204.0000 0.0053
189.0000 0.0054
152.0000 0.0055
171.0000 0.0055
214.0000 0.0055
176.0000 0.0056
185.0000 0.0056
227.0000 0.0056
230.0000 0.0056
165.0000 0.0057
208.0000 0.0057
168.0000 0.0061
205.0000 0.0061
217.0000 0.0061
160.0000 0.0062
215.0000 0.0062
154.0000 0.0063
173.0000 0.0064
182.0000 0.0064
188.0000 0.0064
193.0000 0.0064
229.0000 0.0064
175.0000 0.0065
201.0000 0.0065
238.0000 0.0065
156.0000 0.0066
161.0000 0.0066
197.0000 0.0066
199.0000 0.0068
153.0000 0.0069
162.0000 0.0069
190.0000 0.0069
194.0000 0.0069
211.0000 0.0070
231.0000 0.0070
207.0000 0.0071
151.0000 0.0072
166.0000 0.0073
157.0000 0.0074
174.0000 0.0074
210.0000 0.0074
196.0000 0.0079
202.0000 0.0079
222.0000 0.0079
181.0000 0.0081
183.0000 0.0082
213.0000 0.0082
223.0000 0.0083
236.0000 0.0083
206.0000 0.0089
224.0000 0.0089
220.0000 0.0091
164.0000 0.0098
221.0000 0.0098
112.0000 0.0099
80.0000 0.0100
212.0000 0.0101
23.0000 0.0102
234.0000 0.0104
147.0000 0.0106
169.0000 0.0106
65.0000 0.0107
178.0000 0.0107
21.0000 0.0110
198.0000 0.0112
75.0000 0.0116
4.0000 0.0118
113.0000 0.0118
13.0000 0.0119
74.0000 0.0121
184.0000 0.0121
150.0000 0.0122
158.0000 0.0124
18.0000 0.0128
148.0000 0.0128
79.0000 0.0129
73.0000 0.0131
200.0000 0.0138
118.0000 0.0139
228.0000 0.0140
139.0000 0.0141
121.0000 0.0142
54.0000 0.0143
130.0000 0.0143
68.0000 0.0144
33.0000 0.0148
46.0000 0.0148
24.0000 0.0149
57.0000 0.0149
70.0000 0.0149
135.0000 0.0149
155.0000 0.0150
38.0000 0.0152
51.0000 0.0152
88.0000 0.0152
108.0000 0.0152
126.0000 0.0152
170.0000 0.0152
16.0000 0.0153
95.0000 0.0153
140.0000 0.0153
159.0000 0.0153
117.0000 0.0155
32.0000 0.0156
101.0000 0.0157
110.0000 0.0157
187.0000 0.0157
30.0000 0.0159
45.0000 0.0159
50.0000 0.0159
59.0000 0.0159
97.0000 0.0159
7.0000 0.0160
52.0000 0.0160
136.0000 0.0160
2.0000 0.0161
119.0000 0.0164
146.0000 0.0164
58.0000 0.0165
131.0000 0.0165
6.0000 0.0166
34.0000 0.0167
122.0000 0.0167
22.0000 0.0169
94.0000 0.0169
163.0000 0.0169
77.0000 0.0170
138.0000 0.0170
143.0000 0.0170
66.0000 0.0171
14.0000 0.0172
35.0000 0.0173
43.0000 0.0173
233.0000 0.0173
92.0000 0.0174
137.0000 0.0174
48.0000 0.0175
67.0000 0.0175
105.0000 0.0175
237.0000 0.0176
0.0000 0.0177
149.0000 0.0177
123.0000 0.0178
144.0000 0.0178
186.0000 0.0178
5.0000 0.0180
78.0000 0.0180
180.0000 0.0180
232.0000 0.0180
28.0000 0.0181
168.0000 0.0181
69.0000 0.0182
10.0000 0.0183
115.0000 0.0183
189.0000 0.0183
214.0000 0.0183
27.0000 0.0184
204.0000 0.0184
172.0000 0.0186
49.0000 0.0187
106.0000 0.0187
156.0000 0.0187
185.0000 0.0187
53.0000 0.0189
182.0000 0.0189
201.0000 0.0189
129.0000 0.0190
3.0000 0.0191
20.0000 0.0192
40.0000 0.0192
72.0000 0.0193
89.0000 0.0194
99.0000 0.0194
120.0000 0.0194
239.0000 0.0194
112.0000 0.0195
190.0000 0.0195
47.0000 0.0197
195.0000 0.0197
219.0000 0.0197
82.0000 0.0198
1.0000 0.0199
160.0000 0.0199
174.0000 0.0201
83.0000 0.0202
90.0000 0.0202
213.0000 0.0202
217.0000 0.0204
230.0000 0.0204
132.0000 0.0205
165.0000 0.0205
188.0000 0.0205
37.0000 0.0206
71.0000 0.0206
153.0000 0.0206
167.0000 0.0206
208.0000 0.0206
211.0000 0.0206
80.0000 0.0208
39.0000 0.0210
102.0000 0.0210
107.0000 0.0210
145.0000 0.0210
114.0000 0.0211
147.0000 0.0211
152.0000 0.0212
207.0000 0.0213
23.0000 0.0214
60.0000 0.0214
199.0000 0.0215
205.0000 0.0215
141.0000 0.0216
177.0000 0.0216
229.0000 0.0216
65.0000 0.0218
86.0000 0.0218
227.0000 0.0218
179.0000 0.0219
181.0000 0.0219
113.0000 0.0220
116.0000 0.0222
154.0000 0.0222
216.0000 0.0222
220.0000 0.0222
75.0000 0.0223
161.0000 0.0224
142.0000 0.0225
157.0000 0.0225
21.0000 0.0226
87.0000 0.0226
176.0000 0.0226
103.0000 0.0227
222.0000 0.0227
226.0000 0.0227
134.0000 0.0228
62.0000 0.0232
91.0000 0.0232
183.0000 0.0232
206.0000 0.0232
13.0000 0.0233
197.0000 0.0234
18.0000 0.0235
148.0000 0.0235
223.0000 0.0236
79.0000 0.0240
159.0000 0.0241
74.0000 0.0244
236.0000 0.0244
4.0000 0.0248
68.0000 0.0249
126.0000 0.0254
210.0000 0.0255
221.0000 0.0257
54.0000 0.0258
194.0000 0.0258
231.0000 0.0258
234.0000 0.0258
24.0000 0.0259
76.0000 0.0260
57.0000 0.0262
212.0000 0.0264
166.0000 0.0267
33.0000 0.0270
118.0000 0.0271
73.0000 0.0274
228.0000 0.0274
70.0000 0.0275
163.0000 0.0275
61.0000 0.0279
139.0000 0.0280
140.0000 0.0280
51.0000 0.0281
88.0000 0.0282
233.0000 0.0282
117.0000 0.0283
130.0000 0.0283
136.0000 0.0284
108.0000 0.0287
214.0000 0.0287
112.0000 0.0288
94.0000 0.0291
16.0000 0.0295
156.0000 0.0295
50.0000 0.0296
59.0000 0.0296
45.0000 0.0297
215.0000 0.0297
111.0000 0.0298
121.0000 0.0298
196.0000 0.0298
95.0000 0.0299
119.0000 0.0299
224.0000 0.0299
131.0000 0.0301
168.0000 0.0301
135.0000 0.0302
171.0000 0.0302
180.0000 0.0302
184.0000 0.0302
201.0000 0.0302
97.0000 0.0303
162.0000 0.0303
2.0000 0.0304
128.0000 0.0304
38.0000 0.0305
204.0000 0.0305
101.0000 0.0308
182.0000 0.0308
213.0000 0.0308
35.0000 0.0310
122.0000 0.0310
174.0000 0.0310
146.0000 0.0314
189.0000 0.0315
190.0000 0.0315
238.0000 0.0316
7.0000 0.0318
23.0000 0.0318
80.0000 0.0320
239.0000 0.0320
22.0000 0.0321
147.0000 0.0322
151.0000 0.0325
172.0000 0.0326
193.0000 0.0326
123.0000 0.0327
43.0000 0.0328
100.0000 0.0328
27.0000 0.0329
144.0000 0.0330
34.0000 0.0331
58.0000 0.0331
185.0000 0.0331
48.0000 0.0332
66.0000 0.0332
138.0000 0.0335
98.0000 0.0337
124.0000 0.0337
198.0000 0.0337
200.0000 0.0337
158.0000 0.0338
211.0000 0.0338
75.0000 0.0339
110.0000 0.0339
173.0000 0.0339
32.0000 0.0340
159.0000 0.0340
188.0000 0.0340
46.0000 0.0341
207.0000 0.0341
56.0000 0.0342
148.0000 0.0342
160.0000 0.0342
165.0000 0.0342
217.0000 0.0342
67.0000 0.0343
113.0000 0.0343
21.0000 0.0344
30.0000 0.0344
92.0000 0.0345
208.0000 0.0346
0.0000 0.0347
14.0000 0.0347
79.0000 0.0347
143.0000 0.0347
52.0000 0.0349
69.0000 0.0350
13.0000 0.0351
28.0000 0.0351
47.0000 0.0351
205.0000 0.0352
6.0000 0.0353
18.0000 0.0353
120.0000 0.0353
78.0000 0.0354
82.0000 0.0354
153.0000 0.0355
65.0000 0.0356
170.0000 0.0356
137.0000 0.0357
179.0000 0.0358
229.0000 0.0359
77.0000 0.0360
83.0000 0.0360
220.0000 0.0360
152.0000 0.0361
74.0000 0.0362
230.0000 0.0363
199.0000 0.0364
72.0000 0.0366
106.0000 0.0366
10.0000 0.0368
4.0000 0.0369
68.0000 0.0369
126.0000 0.0370
181.0000 0.0370
49.0000 0.0373
187.0000 0.0373
222.0000 0.0373
24.0000 0.0374
57.0000 0.0374
178.0000 0.0374
3.0000 0.0375
176.0000 0.0375
53.0000 0.0377
99.0000 0.0377
163.0000 0.0377
206.0000 0.0378
157.0000 0.0380
161.0000 0.0380
223.0000 0.0381
112.0000 0.0382
183.0000 0.0382
89.0000 0.0383
54.0000 0.0384
167.0000 0.0384
177.0000 0.0385
40.0000 0.0388
70.0000 0.0390
118.0000 0.0390
149.0000 0.0390
156.0000 0.0390
214.0000 0.0390
227.0000 0.0390
5.0000 0.0392
154.0000 0.0393
169.0000 0.0393
116.0000 0.0398
33.0000 0.0399
236.0000 0.0402
105.0000 0.0404
182.0000 0.0405
117.0000 0.0407
204.0000 0.0407
213.0000 0.0407
108.0000 0.0408
212.0000 0.0408
201.0000 0.0409
50.0000 0.0410
39.0000 0.0411
88.0000 0.0411
168.0000 0.0411
136.0000 0.0412
23.0000 0.0413
73.0000 0.0413
228.0000 0.0414
174.0000 0.0415
180.0000 0.0415
115.0000 0.0417
140.0000 0.0417
80.0000 0.0419
95.0000 0.0419
233.0000 0.0419
90.0000 0.0420
155.0000 0.0420
197.0000 0.0420
221.0000 0.0420
191.0000 0.0422
189.0000 0.0423
97.0000 0.0424
20.0000 0.0425
37.0000 0.0425
59.0000 0.0425
147.0000 0.0425
2.0000 0.0427
1.0000 0.0428
139.0000 0.0428
16.0000 0.0429
202.0000 0.0429
234.0000 0.0429
51.0000 0.0430
190.0000 0.0430
210.0000 0.0430
38.0000 0.0431
45.0000 0.0431
94.0000 0.0431
121.0000 0.0432
129.0000 0.0432
119.0000 0.0433
132.0000 0.0433
107.0000 0.0434
130.0000 0.0434
186.0000 0.0434
75.0000 0.0435
101.0000 0.0435
172.0000 0.0435
63.0000 0.0436
131.0000 0.0436
239.0000 0.0437
164.0000 0.0439
31.0000 0.0440
159.0000 0.0440
113.0000 0.0443
145.0000 0.0443
21.0000 0.0444
148.0000 0.0444
122.0000 0.0445
185.0000 0.0446
211.0000 0.0446
103.0000 0.0447
135.0000 0.0449
146.0000 0.0450
102.0000 0.0451
141.0000 0.0451
9.0000 0.0452
188.0000 0.0454
43.0000 0.0455
79.0000 0.0455
35.0000 0.0456
217.0000 0.0456
231.0000 0.0456
18.0000 0.0460
160.0000 0.0460
27.0000 0.0461
34.0000 0.0462
71.0000 0.0463
166.0000 0.0465
7.0000 0.0466
65.0000 0.0466
165.0000 0.0466
22.0000 0.0467
74.0000 0.0467
112.0000 0.0467
207.0000 0.0467
87.0000 0.0468
138.0000 0.0469
194.0000 0.0469
13.0000 0.0470
62.0000 0.0472
224.0000 0.0478
163.0000 0.0479
57.0000 0.0480
123.0000 0.0480
208.0000 0.0480
156.0000 0.0481
126.0000 0.0482
142.0000 0.0482
28.0000 0.0484
205.0000 0.0484
184.0000 0.0485
58.0000 0.0486
68.0000 0.0487
24.0000 0.0489
86.0000 0.0489
200.0000 0.0489
14.0000 0.0490
48.0000 0.0490
214.0000 0.0490
4.0000 0.0491
46.0000 0.0491
179.0000 0.0491
114.0000 0.0492
67.0000 0.0494
152.0000 0.0495
120.0000 0.0499
196.0000 0.0499
199.0000 0.0499
220.0000 0.0499
47.0000 0.0500
153.0000 0.0500
60.0000 0.0502
111.0000 0.0502
134.0000 0.0502
54.0000 0.0504
144.0000 0.0504
91.0000 0.0506
229.0000 0.0507
92.0000 0.0508
0.0000 0.0509
182.0000 0.0509
233.0000 0.0509
42.0000 0.0511
82.0000 0.0511
66.0000 0.0512
213.0000 0.0513
30.0000 0.0514
61.0000 0.0514
72.0000 0.0514
80.0000 0.0514
180.0000 0.0514
32.0000 0.0515
70.0000 0.0515
52.0000 0.0516
157.0000 0.0516
174.0000 0.0516
181.0000 0.0516
143.0000 0.0517
183.0000 0.0517
223.0000 0.0517
23.0000 0.0518
33.0000 0.0519
162.0000 0.0519
222.0000 0.0519
69.0000 0.0520
110.0000 0.0520
176.0000 0.0520
206.0000 0.0520
77.0000 0.0521
83.0000 0.0522
147.0000 0.0524
201.0000 0.0524
78.0000 0.0525
118.0000 0.0525
171.0000 0.0525
204.0000 0.0526
106.0000 0.0527
168.0000 0.0527
159.0000 0.0528
161.0000 0.0528
238.0000 0.0529
137.0000 0.0531
108.0000 0.0532
53.0000 0.0533
117.0000 0.0534
230.0000 0.0534
76.0000 0.0535
227.0000 0.0535
50.0000 0.0536
75.0000 0.0536
49.0000 0.0537
95.0000 0.0537
187.0000 0.0537
6.0000 0.0538
89.0000 0.0538
167.0000 0.0538
172.0000 0.0538
195.0000 0.0538
12.0000 0.0539
198.0000 0.0539
88.0000 0.0540
170.0000 0.0540
190.0000 0.0540
3.0000 0.0541
21.0000 0.0543
40.0000 0.0543
128.0000 0.0543
136.0000 0.0543
140.0000 0.0543
239.0000 0.0543
94.0000 0.0544
10.0000 0.0545
139.0000 0.0545
177.0000 0.0545
228.0000 0.0545
73.0000 0.0546
148.0000 0.0547
158.0000 0.0547
97.0000 0.0548
113.0000 0.0548
29.0000 0.0549
41.0000 0.0549
236.0000 0.0549
211.0000 0.0550
212.0000 0.0550
99.0000 0.0551
215.0000 0.0551
189.0000 0.0552
218.0000 0.0552
112.0000 0.0553
131.0000 0.0554
154.0000 0.0556
185.0000 0.0556
59.0000 0.0557
5.0000 0.0558
2.0000 0.0559
38.0000 0.0559
101.0000 0.0561
116.0000 0.0562
16.0000 0.0563
18.0000 0.0564
51.0000 0.0564
79.0000 0.0564
119.0000 0.0565
237.0000 0.0565
35.0000 0.0566
149.0000 0.0567
173.0000 0.0567
65.0000 0.0568
207.0000 0.0569
45.0000 0.0570
121.0000 0.0570
156.0000 0.0570
188.0000 0.0570
74.0000 0.0571
160.0000 0.0571
217.0000 0.0572
221.0000 0.0572
13.0000 0.0577
163.0000 0.0577
57.0000 0.0578
122.0000 0.0578
126.0000 0.0578
130.0000 0.0580
193.0000 0.0580
214.0000 0.0581
234.0000 0.0581
43.0000 0.0582
138.0000 0.0584
146.0000 0.0584
135.0000 0.0585
165.0000 0.0586
24.0000 0.0589
107.0000 0.0590
210.0000 0.0590
39.0000 0.0591
100.0000 0.0591
34.0000 0.0592
105.0000 0.0593
27.0000 0.0594
7.0000 0.0595
26.0000 0.0595
208.0000 0.0597
22.0000 0.0599
197.0000 0.0599
68.0000 0.0600
182.0000 0.0603
4.0000 0.0606
20.0000 0.0607
28.0000 0.0609
151.0000 0.0610
205.0000 0.0610
213.0000 0.0610
23.0000 0.0611
80.0000 0.0611
115.0000 0.0611
54.0000 0.0612
178.0000 0.0613
152.0000 0.0614
179.0000 0.0614
14.0000 0.0615
132.0000 0.0615
159.0000 0.0615
166.0000 0.0617
174.0000 0.0617
233.0000 0.0618
180.0000 0.0621
70.0000 0.0622
153.0000 0.0622
199.0000 0.0622
201.0000 0.0622
220.0000 0.0622
1.0000 0.0623
67.0000 0.0624
90.0000 0.0625
204.0000 0.0625
147.0000 0.0627
168.0000 0.0631
229.0000 0.0631
112.0000 0.0633
48.0000 0.0634
75.0000 0.0634
47.0000 0.0636
123.0000 0.0637
194.0000 0.0637
231.0000 0.0637
58.0000 0.0638
117.0000 0.0638
118.0000 0.0638
120.0000 0.0639
46.0000 0.0641
103.0000 0.0641
144.0000 0.0641
183.0000 0.0642
223.0000 0.0642
21.0000 0.0643
172.0000 0.0644
0.0000 0.0645
169.0000 0.0645
141.0000 0.0647
232.0000 0.0648
157.0000 0.0649
200.0000 0.0649
206.0000 0.0649
143.0000 0.0650
148.0000 0.0650
190.0000 0.0650
33.0000 0.0653
211.0000 0.0653
95.0000 0.0654
155.0000 0.0654
222.0000 0.0655
110.0000 0.0657
113.0000 0.0657
106.0000 0.0658
108.0000 0.0658
30.0000 0.0659
102.0000 0.0660
156.0000 0.0660
136.0000 0.0661
72.0000 0.0662
94.0000 0.0662
133.0000 0.0662
181.0000 0.0662
239.0000 0.0662
88.0000 0.0663
97.0000 0.0663
32.0000 0.0664
124.0000 0.0664
185.0000 0.0664
145.0000 0.0665
189.0000 0.0667
79.0000 0.0668
129.0000 0.0668
139.0000 0.0668
184.0000 0.0668
52.0000 0.0670
78.0000 0.0670
15.0000 0.0674
73.0000 0.0674
186.0000 0.0674
50.0000 0.0675
65.0000 0.0675
66.0000 0.0675
161.0000 0.0675
176.0000 0.0675
131.0000 0.0676
18.0000 0.0677
62.0000 0.0677
207.0000 0.0677
214.0000 0.0677
224.0000 0.0677
228.0000 0.0678
87.0000 0.0680
16.0000 0.0682
74.0000 0.0682
86.0000 0.0683
92.0000 0.0683
140.0000 0.0683
163.0000 0.0683
196.0000 0.0683
35.0000 0.0684
37.0000 0.0684
69.0000 0.0684
82.0000 0.0684
137.0000 0.0684
57.0000 0.0685
188.0000 0.0686
59.0000 0.0687
51.0000 0.0688
77.0000 0.0688
160.0000 0.0688
212.0000 0.0688
217.0000 0.0689
13.0000 0.0690
101.0000 0.0690
167.0000 0.0690
126.0000 0.0691
10.0000 0.0692
83.0000 0.0692
119.0000 0.0692
38.0000 0.0693
24.0000 0.0696
40.0000 0.0696
230.0000 0.0696
53.0000 0.0697
56.0000 0.0697
227.0000 0.0697
162.0000 0.0698
43.0000 0.0699
3.0000 0.0700
121.0000 0.0700
182.0000 0.0700
89.0000 0.0701
154.0000 0.0701
216.0000 0.0701
2.0000 0.0702
236.0000 0.0702
213.0000 0.0703
45.0000 0.0704
159.0000 0.0704
68.0000 0.0705
23.0000 0.0706
71.0000 0.0707
80.0000 0.0707
122.0000 0.0708
170.0000 0.0708
6.0000 0.0709
49.0000 0.0709
177.0000 0.0709
5.0000 0.0711
138.0000 0.0711
165.0000 0.0711
99.0000 0.0712
187.0000 0.0712
112.0000 0.0713
174.0000 0.0714
91.0000 0.0716
142.0000 0.0716
164.0000 0.0718
221.0000 0.0718
116.0000 0.0719
135.0000 0.0719
147.0000 0.0719
233.0000 0.0720
34.0000 0.0721
54.0000 0.0721
146.0000 0.0721
180.0000 0.0721
201.0000 0.0721
208.0000 0.0721
98.0000 0.0723
4.0000 0.0724
168.0000 0.0724
27.0000 0.0725
204.0000 0.0725
28.0000 0.0727
75.0000 0.0727
111.0000 0.0727
198.0000 0.0728
22.0000 0.0729
60.0000 0.0729
130.0000 0.0729
153.0000 0.0730
205.0000 0.0730
114.0000 0.0731
152.0000 0.0731
179.0000 0.0732
234.0000 0.0732
7.0000 0.0733
149.0000 0.0733
70.0000 0.0734
107.0000 0.0735
172.0000 0.0735
210.0000 0.0735
199.0000 0.0738
61.0000 0.0739
31.0000 0.0740
118.0000 0.0741
148.0000 0.0741
14.0000 0.0743
21.0000 0.0743
235.0000 0.0744
117.0000 0.0748
134.0000 0.0748
220.0000 0.0748
156.0000 0.0749
158.0000 0.0749
229.0000 0.0749
173.0000 0.0750
113.0000 0.0751
190.0000 0.0751
67.0000 0.0755
183.0000 0.0755
211.0000 0.0755
33.0000 0.0756
157.0000 0.0757
238.0000 0.0757
136.0000 0.0758
175.0000 0.0758
105.0000 0.0760
120.0000 0.0760
223.0000 0.0760
197.0000 0.0761
132.0000 0.0763
65.0000 0.0765
115.0000 0.0766
47.0000 0.0767
185.0000 0.0767
189.0000 0.0767
8.0000 0.0768
108.0000 0.0768
214.0000 0.0768
76.0000 0.0769
171.0000 0.0769
88.0000 0.0770
97.0000 0.0770
123.0000 0.0770
18.0000 0.0771
58.0000 0.0772
39.0000 0.0773
206.0000 0.0773
79.0000 0.0774
178.0000 0.0774
46.0000 0.0776
48.0000 0.0776
95.0000 0.0776
207.0000 0.0777
94.0000 0.0779
139.0000 0.0779
239.0000 0.0779
163.0000 0.0780
74.0000 0.0781
128.0000 0.0782
20.0000 0.0783
0.0000 0.0784
143.0000 0.0784
144.0000 0.0784
228.0000 0.0786
127.0000 0.0787
16.0000 0.0789
106.0000 0.0790
159.0000 0.0791
200.0000 0.0791
30.0000 0.0792
140.0000 0.0792
182.0000 0.0792
57.0000 0.0793
226.0000 0.0793
50.0000 0.0794
126.0000 0.0794
188.0000 0.0794
217.0000 0.0794
23.0000 0.0795
181.0000 0.0795
73.0000 0.0796
112.0000 0.0796
13.0000 0.0797
131.0000 0.0797
160.0000 0.0797
222.0000 0.0797
72.0000 0.0798
166.0000 0.0798
231.0000 0.0799
35.0000 0.0800
176.0000 0.0800
80.0000 0.0801
59.0000 0.0802
110.0000 0.0802
213.0000 0.0802
38.0000 0.0804
24.0000 0.0806
66.0000 0.0806
161.0000 0.0806
202.0000 0.0806
32.0000 0.0808
119.0000 0.0808
194.0000 0.0808
63.0000 0.0809
215.0000 0.0810
68.0000 0.0812
2.0000 0.0813
141.0000 0.0813
1.0000 0.0814
51.0000 0.0816
69.0000 0.0816
90.0000 0.0816
174.0000 0.0817
121.0000 0.0819
180.0000 0.0819
45.0000 0.0820
52.0000 0.0820
77.0000 0.0820
103.0000 0.0821
92.0000 0.0822
101.0000 0.0823
201.0000 0.0823
147.0000 0.0824
155.0000 0.0824
43.0000 0.0825
167.0000 0.0825
233.0000 0.0825
75.0000 0.0826
78.0000 0.0827
168.0000 0.0827
165.0000 0.0828
122.0000 0.0830
204.0000 0.0832
83.0000 0.0833
4.0000 0.0834
148.0000 0.0835
54.0000 0.0836
138.0000 0.0837
193.0000 0.0838
195.0000 0.0838
212.0000 0.0838
230.0000 0.0838
224.0000 0.0839
227.0000 0.0839
21.0000 0.0840
37.0000 0.0841
172.0000 0.0841
151.0000 0.0842
184.0000 0.0842
3.0000 0.0843
70.0000 0.0844
135.0000 0.0844
236.0000 0.0844
156.0000 0.0845
208.0000 0.0845
53.0000 0.0847
10.0000 0.0848
113.0000 0.0848
118.0000 0.0848
190.0000 0.0848
153.0000 0.0849
129.0000 0.0850
152.0000 0.0850
28.0000 0.0851
89.0000 0.0851
137.0000 0.0852
27.0000 0.0855
154.0000 0.0855
211.0000 0.0856
102.0000 0.0857
179.0000 0.0858
169.0000 0.0859
6.0000 0.0860
82.0000 0.0860
214.0000 0.0861
40.0000 0.0863
146.0000 0.0863
34.0000 0.0864
177.0000 0.0866
7.0000 0.0869
79.0000 0.0869
87.0000 0.0869
185.0000 0.0869
221.0000 0.0869
65.0000 0.0870
99.0000 0.0870
205.0000 0.0870
5.0000 0.0871
86.0000 0.0871
199.0000 0.0871
117.0000 0.0872
130.0000 0.0873
136.0000 0.0873
145.0000 0.0873
49.0000 0.0875
62.0000 0.0875
116.0000 0.0875
191.0000 0.0875
9.0000 0.0876
22.0000 0.0876
162.0000 0.0876
210.0000 0.0876
237.0000 0.0876
18.0000 0.0877
196.0000 0.0877
229.0000 0.0877
14.0000 0.0879
67.0000 0.0879
189.0000 0.0879
23.0000 0.0880
33.0000 0.0880
108.0000 0.0880
112.0000 0.0880
187.0000 0.0880
223.0000 0.0880
74.0000 0.0881
220.0000 0.0881
97.0000 0.0883
157.0000 0.0883
163.0000 0.0883
234.0000 0.0883
183.0000 0.0884
182.0000 0.0885
207.0000 0.0885
57.0000 0.0886
159.0000 0.0886
239.0000 0.0886
71.0000 0.0888
88.0000 0.0888
206.0000 0.0890
80.0000 0.0891
186.0000 0.0891
188.0000 0.0891
126.0000 0.0892
213.0000 0.0892
91.0000 0.0896
94.0000 0.0896
120.0000 0.0896
13.0000 0.0897
95.0000 0.0897
107.0000 0.0898
217.0000 0.0898
24.0000 0.0901
46.0000 0.0902
139.0000 0.0902
228.0000 0.0902
149.0000 0.0903
16.0000 0.0904
47.0000 0.0904
170.0000 0.0904
50.0000 0.0905
140.0000 0.0906
0.0000 0.0907
35.0000 0.0908
158.0000 0.0908
160.0000 0.0908
68.0000 0.0909
42.0000 0.0910
180.0000 0.0910
100.0000 0.0911
123.0000 0.0911
131.0000 0.0911
147.0000 0.0911
174.0000 0.0912
198.0000 0.0913
59.0000 0.0915
75.0000 0.0915
111.0000 0.0915
119.0000 0.0915
197.0000 0.0916
58.0000 0.0917
73.0000 0.0918
181.0000 0.0918
233.0000 0.0919
201.0000 0.0921
38.0000 0.0922
161.0000 0.0922
132.0000 0.0923
48.0000 0.0926
143.0000 0.0926
204.0000 0.0926
148.0000 0.0928
105.0000 0.0929
142.0000 0.0930
2.0000 0.0931
106.0000 0.0931
168.0000 0.0933
51.0000 0.0934
156.0000 0.0934
72.0000 0.0936
165.0000 0.0936
172.0000 0.0936
176.0000 0.0936
21.0000 0.0937
222.0000 0.0937
238.0000 0.0937
43.0000 0.0939
54.0000 0.0939
121.0000 0.0939
113.0000 0.0940
39.0000 0.0941
101.0000 0.0941
4.0000 0.0942
190.0000 0.0943
200.0000 0.0943
30.0000 0.0945
12.0000 0.0946
66.0000 0.0946
144.0000 0.0946
110.0000 0.0947
45.0000 0.0952
70.0000 0.0952
115.0000 0.0953
32.0000 0.0954
211.0000 0.0954
61.0000 0.0955
118.0000 0.0957
214.0000 0.0957
92.0000 0.0960
138.0000 0.0960
208.0000 0.0960
122.0000 0.0961
152.0000 0.0961
167.0000 0.0962
28.0000 0.0963
112.0000 0.0963
212.0000 0.0963
77.0000 0.0966
227.0000 0.0966
65.0000 0.0968
185.0000 0.0969
69.0000 0.0970
179.0000 0.0970
83.0000 0.0971
134.0000 0.0973
159.0000 0.0973
20.0000 0.0975
153.0000 0.0975
23.0000 0.0976
194.0000 0.0976
52.0000 0.0977
230.0000 0.0978
80.0000 0.0979
78.0000 0.0980
117.0000 0.0982
135.0000 0.0982
136.0000 0.0983
163.0000 0.0983
79.0000 0.0984
18.0000 0.0986
231.0000 0.0986
33.0000 0.0987
182.0000 0.0987
166.0000 0.0988
57.0000 0.0989
199.0000 0.0989
74.0000 0.0991
126.0000 0.0991
184.0000 0.0991
189.0000 0.0991
213.0000 0.0992
236.0000 0.0992
97.0000 0.0995
114.0000 0.0995
60.0000 0.0996
146.0000 0.0996
239.0000 0.0996
3.0000 0.0999
76.0000 0.0999
82.0000 0.0999
205.0000 0.0999
207.0000 0.0999
224.0000 0.0999
155.0000 0.1001
171.0000 0.1001
89.0000 0.1003
103.0000 0.1003
173.0000 0.1003
27.0000 0.1004
147.0000 0.1004
188.0000 0.1004
108.0000 0.1005
154.0000 0.1005
229.0000 0.1005
40.0000 0.1006
67.0000 0.1006
164.0000 0.1006
10.0000 0.1007
141.0000 0.1007
223.0000 0.1007
88.0000 0.1008
157.0000 0.1008
178.0000 0.1008
1.0000 0.1009
7.0000 0.1009
24.0000 0.1009
34.0000 0.1009
68.0000 0.1009
75.0000 0.1009
217.0000 0.1011
22.0000 0.1012
41.0000 0.1012
13.0000 0.1013
90.0000 0.1013
94.0000 0.1013
53.0000 0.1014
228.0000 0.1014
174.0000 0.1015
180.0000 0.1015
215.0000 0.1015
137.0000 0.1016
220.0000 0.1016
177.0000 0.1018
183.0000 0.1018
16.0000 0.1019
201.0000 0.1019
221.0000 0.1019
35.0000 0.1020
130.0000 0.1020
148.0000 0.1020
160.0000 0.1020
128.0000 0.1021
233.0000 0.1021
6.0000 0.1023
95.0000 0.1024
156.0000 0.1024
50.0000 0.1025
139.0000 0.1025
206.0000 0.1025
5.0000 0.1026
204.0000 0.1026
131.0000 0.1028
14.0000 0.1030
140.0000 0.1030
56.0000 0.1031
210.0000 0.1032
99.0000 0.1033
0.0000 0.1034
234.0000 0.1034
21.0000 0.1035
113.0000 0.1035
119.0000 0.1035
172.0000 0.1036
59.0000 0.1038
116.0000 0.1038
120.0000 0.1038
168.0000 0.1038
112.0000 0.1040
49.0000 0.1041
38.0000 0.1042
162.0000 0.1042
181.0000 0.1042
129.0000 0.1043
54.0000 0.1044
47.0000 0.1046
214.0000 0.1046
73.0000 0.1047
107.0000 0.1047
190.0000 0.1047
51.0000 0.1049
165.0000 0.1049
37.0000 0.1051
70.0000 0.1052
211.0000 0.1052
161.0000 0.1054
29.0000 0.1057
101.0000 0.1057
159.0000 0.1057
187.0000 0.1058
4.0000 0.1059
196.0000 0.1059
222.0000 0.1063
23.0000 0.1064
121.0000 0.1064
46.0000 0.1065
87.0000 0.1065
118.0000 0.1066
123.0000 0.1066
2.0000 0.1067
86.0000 0.1067
43.0000 0.1068
138.0000 0.1069
143.0000 0.1069
106.0000 0.1070
185.0000 0.1070
208.0000 0.1070
182.0000 0.1071
65.0000 0.1072
102.0000 0.1074
48.0000 0.1075
152.0000 0.1075
170.0000 0.1075
193.0000 0.1075
197.0000 0.1075
144.0000 0.1079
26.0000 0.1080
18.0000 0.1081
62.0000 0.1081
79.0000 0.1081
80.0000 0.1081
122.0000 0.1081
72.0000 0.1082
163.0000 0.1082
176.0000 0.1082
30.0000 0.1083
136.0000 0.1083
149.0000 0.1083
28.0000 0.1086
58.0000 0.1086
153.0000 0.1086
117.0000 0.1087
105.0000 0.1089
110.0000 0.1090
213.0000 0.1090
45.0000 0.1091
132.0000 0.1092
179.0000 0.1092
74.0000 0.1094
124.0000 0.1094
126.0000 0.1094
32.0000 0.1095
57.0000 0.1095
71.0000 0.1097
145.0000 0.1097
198.0000 0.1099
75.0000 0.1100
189.0000 0.1100
66.0000 0.1101
169.0000 0.1101
147.0000 0.1102
91.0000 0.1106
212.0000 0.1106
174.0000 0.1108
239.0000 0.1110
24.0000 0.1111
33.0000 0.1111
207.0000 0.1111
216.0000 0.1111
77.0000 0.1112
97.0000 0.1112
186.0000 0.1112
200.0000 0.1112
227.0000 0.1112
156.0000 0.1115
108.0000 0.1116
115.0000 0.1116
148.0000 0.1116
167.0000 0.1117
180.0000 0.1117
92.0000 0.1118
194.0000 0.1118
201.0000 0.1118
205.0000 0.1118
199.0000 0.1119
188.0000 0.1120
217.0000 0.1120
223.0000 0.1120
88.0000 0.1121
112.0000 0.1121
230.0000 0.1121
13.0000 0.1123
68.0000 0.1124
83.0000 0.1124
158.0000 0.1125
98.0000 0.1126
135.0000 0.1126
229.0000 0.1126
52.0000 0.1127
100.0000 0.1127
233.0000 0.1128
218.0000 0.1129
94.0000 0.1130
146.0000 0.1130
204.0000 0.1130
20.0000 0.1131
21.0000 0.1131
34.0000 0.1131
69.0000 0.1132
160.0000 0.1132
157.0000 0.1133
27.0000 0.1134
35.0000 0.1134
154.0000 0.1135
172.0000 0.1135
111.0000 0.1136
113.0000 0.1137
220.0000 0.1139
238.0000 0.1139
16.0000 0.1140
40.0000 0.1140
67.0000 0.1140
78.0000 0.1140
95.0000 0.1140
151.0000 0.1140
183.0000 0.1140
236.0000 0.1140
166.0000 0.1141
184.0000 0.1141
232.0000 0.1141
168.0000 0.1142
190.0000 0.1142
214.0000 0.1142
7.0000 0.1143
39.0000 0.1143
131.0000 0.1143
142.0000 0.1144
159.0000 0.1144
228.0000 0.1146
22.0000 0.1147
3.0000 0.1148
139.0000 0.1148
140.0000 0.1149
14.0000 0.1150
119.0000 0.1150
0.0000 0.1151
224.0000 0.1151
50.0000 0.1152
10.0000 0.1153
89.0000 0.1153
61.0000 0.1154
70.0000 0.1154
211.0000 0.1154
31.0000 0.1156
226.0000 0.1157
54.0000 0.1158
23.0000 0.1159
59.0000 0.1159
130.0000 0.1159
137.0000 0.1159
38.0000 0.1160
104.0000 0.1160
195.0000 0.1160
206.0000 0.1160
120.0000 0.1162
221.0000 0.1162
4.0000 0.1164
165.0000 0.1164
73.0000 0.1166
80.0000 0.1166
182.0000 0.1166
51.0000 0.1167
150.0000 0.1167
53.0000 0.1168
65.0000 0.1168
181.0000 0.1168
82.0000 0.1169
141.0000 0.1170
161.0000 0.1171
177.0000 0.1171
133.0000 0.1172
101.0000 0.1173
163.0000 0.1173
5.0000 0.1174
103.0000 0.1175
185.0000 0.1175
6.0000 0.1176
18.0000 0.1177
231.0000 0.1178
208.0000 0.1179
43.0000 0.1180
79.0000 0.1180
99.0000 0.1180
210.0000 0.1181
234.0000 0.1181
222.0000 0.1183
47.0000 0.1184
118.0000 0.1184
173.0000 0.1185
152.0000 0.1187
213.0000 0.1187
57.0000 0.1188
75.0000 0.1189
136.0000 0.1189
147.0000 0.1189
74.0000 0.1190
126.0000 0.1190
138.0000 0.1190
155.0000 0.1190
175.0000 0.1190
2.0000 0.1191
28.0000 0.1192
117.0000 0.1192
153.0000 0.1192
202.0000 0.1192
189.0000 0.1194
123.0000 0.1195
114.0000 0.1196
116.0000 0.1196
121.0000 0.1196
178.0000 0.1196
1.0000 0.1198
179.0000 0.1198
112.0000 0.1199
122.0000 0.1199
156.0000 0.1199
49.0000 0.1200
90.0000 0.1200
237.0000 0.1201
107.0000 0.1202
24.0000 0.1204
144.0000 0.1204
174.0000 0.1205
143.0000 0.1206
46.0000 0.1208
148.0000 0.1208
72.0000 0.1210
201.0000 0.1210
30.0000 0.1211
106.0000 0.1211
207.0000 0.1211
162.0000 0.1212
187.0000 0.1212
239.0000 0.1212
45.0000 0.1213
180.0000 0.1214
63.0000 0.1215
33.0000 0.1216
48.0000 0.1216
15.0000 0.1217
176.0000 0.1218
97.0000 0.1220
108.0000 0.1221
129.0000 0.1222
217.0000 0.1223
13.0000 0.1224
21.0000 0.1224
58.0000 0.1225
76.0000 0.1225
205.0000 0.1226
212.0000 0.1226
227.0000 0.1226
159.0000 0.1227
68.0000 0.1228
88.0000 0.1228
171.0000 0.1228
188.0000 0.1228
60.0000 0.1229
204.0000 0.1230
66.0000 0.1231
134.0000 0.1231
233.0000 0.1231
110.0000 0.1232
199.0000 0.1232
32.0000 0.1233
160.0000 0.1233
170.0000 0.1233
196.0000 0.1233
214.0000 0.1233
229.0000 0.1233
113.0000 0.1236
172.0000 0.1236
164.0000 0.1237
197.0000 0.1237
87.0000 0.1238
167.0000 0.1238
168.0000 0.1239
190.0000 0.1239
215.0000 0.1239
16.0000 0.1240
92.0000 0.1240
223.0000 0.1240
35.0000 0.1241
128.0000 0.1241
27.0000 0.1243
94.0000 0.1243
37.0000 0.1244
23.0000 0.1246
230.0000 0.1247
77.0000 0.1248
86.0000 0.1248
154.0000 0.1249
211.0000 0.1250
220.0000 0.1250
132.0000 0.1252
34.0000 0.1253
139.0000 0.1253
157.0000 0.1253
228.0000 0.1253
183.0000 0.1254
80.0000 0.1256
95.0000 0.1256
149.0000 0.1256
70.0000 0.1257
182.0000 0.1257
146.0000 0.1258
52.0000 0.1259
7.0000 0.1260
102.0000 0.1260
131.0000 0.1260
135.0000 0.1260
163.0000 0.1261
83.0000 0.1262
50.0000 0.1263
119.0000 0.1263
200.0000 0.1263
14.0000 0.1264
67.0000 0.1264
145.0000 0.1264
140.0000 0.1265
198.0000 0.1265
105.0000 0.1266
236.0000 0.1266
54.0000 0.1267
65.0000 0.1267
18.0000 0.1269
193.0000 0.1269
69.0000 0.1270
165.0000 0.1270
115.0000 0.1271
59.0000 0.1272
79.0000 0.1272
185.0000 0.1272
4.0000 0.1274
112.0000 0.1275
0.0000 0.1276
9.0000 0.1276
22.0000 0.1277
38.0000 0.1277
62.0000 0.1277
147.0000 0.1278
118.0000 0.1279
194.0000 0.1279
213.0000 0.1279
39.0000 0.1282
51.0000 0.1282
130.0000 0.1282
206.0000 0.1282
120.0000 0.1283
71.0000 0.1284
73.0000 0.1284
75.0000 0.1284
126.0000 0.1284
169.0000 0.1284
40.0000 0.1285
57.0000 0.1285
91.0000 0.1285
156.0000 0.1285
181.0000 0.1286
10.0000 0.1287
101.0000 0.1287
184.0000 0.1287
74.0000 0.1289
3.0000 0.1290
20.0000 0.1290
78.0000 0.1290
208.0000 0.1292
136.0000 0.1293
158.0000 0.1294
43.0000 0.1295
89.0000 0.1295
174.0000 0.1295
177.0000 0.1295
24.0000 0.1297
152.0000 0.1297
148.0000 0.1298
137.0000 0.1299
117.0000 0.1300
221.0000 0.1300
82.0000 0.1301
138.0000 0.1301
153.0000 0.1302
201.0000 0.1302
2.0000 0.1303
161.0000 0.1303
166.0000 0.1303
53.0000 0.1304
180.0000 0.1304
47.0000 0.1306
121.0000 0.1306
189.0000 0.1306
5.0000 0.1308
21.0000 0.1310
210.0000 0.1310
222.0000 0.1310
28.0000 0.1311
207.0000 0.1311
159.0000 0.1313
238.0000 0.1313
186.0000 0.1314
179.0000 0.1315
6.0000 0.1316
44.0000 0.1317
214.0000 0.1317
235.0000 0.1317
8.0000 0.1318
13.0000 0.1318
224.0000 0.1319
239.0000 0.1319
217.0000 0.1321
123.0000 0.1322
97.0000 0.1323
99.0000 0.1323
68.0000 0.1324
45.0000 0.1325
234.0000 0.1325
122.0000 0.1326
233.0000 0.1326
33.0000 0.1327
231.0000 0.1327
204.0000 0.1328
141.0000 0.1330
172.0000 0.1330
188.0000 0.1330
227.0000 0.1330
23.0000 0.1331
72.0000 0.1331
108.0000 0.1331
205.0000 0.1331
113.0000 0.1332
42.0000 0.1333
116.0000 0.1333
191.0000 0.1334
168.0000 0.1335
143.0000 0.1337
190.0000 0.1337
12.0000 0.1338
46.0000 0.1338
160.0000 0.1338
111.0000 0.1339
88.0000 0.1340
103.0000 0.1340
144.0000 0.1340
80.0000 0.1341
30.0000 0.1344
106.0000 0.1344
16.0000 0.1345
35.0000 0.1345
176.0000 0.1345
211.0000 0.1345
199.0000 0.1346
142.0000 0.1349
182.0000 0.1350
94.0000 0.1351
163.0000 0.1352
229.0000 0.1352
1.0000 0.1354
61.0000 0.1354
167.0000 0.1354
58.0000 0.1355
112.0000 0.1355
56.0000 0.1358
49.0000 0.1359
70.0000 0.1359
79.0000 0.1360
107.0000 0.1361
223.0000 0.1361
228.0000 0.1361
162.0000 0.1362
18.0000 0.1363
65.0000 0.1364
110.0000 0.1364
187.0000 0.1364
212.0000 0.1365
48.0000 0.1366
66.0000 0.1367
185.0000 0.1367
95.0000 0.1368
151.0000 0.1368
147.0000 0.1369
27.0000 0.1370
154.0000 0.1370
139.0000 0.1371
213.0000 0.1371
54.0000 0.1372
119.0000 0.1372
157.0000 0.1372
183.0000 0.1372
220.0000 0.1373
34.0000 0.1374
230.0000 0.1374
57.0000 0.1375
75.0000 0.1375
131.0000 0.1375
178.0000 0.1375
92.0000 0.1376
156.0000 0.1376
32.0000 0.1377
50.0000 0.1378
90.0000 0.1379
41.0000 0.1380
59.0000 0.1380
140.0000 0.1380
146.0000 0.1380
67.0000 0.1381
74.0000 0.1382
77.0000 0.1382
165.0000 0.1382
129.0000 0.1383
4.0000 0.1384
197.0000 0.1384
7.0000 0.1385
118.0000 0.1385
126.0000 0.1386
14.0000 0.1390
38.0000 0.1390
136.0000 0.1392
173.0000 0.1393
236.0000 0.1393
0.0000 0.1394
148.0000 0.1394
159.0000 0.1394
174.0000 0.1394
135.0000 0.1395
180.0000 0.1396
117.0000 0.1397
208.0000 0.1397
24.0000 0.1398
155.0000 0.1398
200.0000 0.1398
21.0000 0.1399
73.0000 0.1399
201.0000 0.1399
120.0000 0.1400
69.0000 0.1401
101.0000 0.1401
83.0000 0.1402
152.0000 0.1402
196.0000 0.1402
51.0000 0.1403
206.0000 0.1403
87.0000 0.1404
132.0000 0.1404
22.0000 0.1405
43.0000 0.1405
214.0000 0.1405
189.0000 0.1407
134.0000 0.1408
153.0000 0.1409
181.0000 0.1409
170.0000 0.1411
52.0000 0.1412
2.0000 0.1414
37.0000 0.1414
207.0000 0.1414
10.0000 0.1416
23.0000 0.1416
130.0000 0.1416
138.0000 0.1416
100.0000 0.1417
60.0000 0.1418
121.0000 0.1418
149.0000 0.1420
13.0000 0.1421
204.0000 0.1421
105.0000 0.1422
113.0000 0.1422
217.0000 0.1422
28.0000 0.1423
40.0000 0.1423
172.0000 0.1423
76.0000 0.1425
80.0000 0.1426
115.0000 0.1426
179.0000 0.1426
233.0000 0.1426
33.0000 0.1427
78.0000 0.1427
239.0000 0.1427
68.0000 0.1429
97.0000 0.1430
128.0000 0.1430
171.0000 0.1430
168.0000 0.1431
89.0000 0.1432
112.0000 0.1432
161.0000 0.1432
122.0000 0.1433
188.0000 0.1433
47.0000 0.1434
86.0000 0.1434
102.0000 0.1434
98.0000 0.1435
160.0000 0.1435
194.0000 0.1435
198.0000 0.1435
3.0000 0.1436
177.0000 0.1436
108.0000 0.1437
190.0000 0.1437
211.0000 0.1437
114.0000 0.1439
184.0000 0.1439
222.0000 0.1440
182.0000 0.1441
82.0000 0.1442
205.0000 0.1442
88.0000 0.1443
210.0000 0.1443
26.0000 0.1444
221.0000 0.1444
163.0000 0.1445
5.0000 0.1446
53.0000 0.1449
227.0000 0.1450
39.0000 0.1451
45.0000 0.1451
123.0000 0.1451
137.0000 0.1453
35.0000 0.1454
72.0000 0.1454
18.0000 0.1456
164.0000 0.1456
71.0000 0.1457
99.0000 0.1457
6.0000 0.1458
79.0000 0.1458
94.0000 0.1459
176.0000 0.1460
199.0000 0.1460
156.0000 0.1461
16.0000 0.1462
65.0000 0.1462
75.0000 0.1462
166.0000 0.1462
70.0000 0.1463
147.0000 0.1463
62.0000 0.1465
185.0000 0.1465
158.0000 0.1466
215.0000 0.1466
57.0000 0.1467
145.0000 0.1467
213.0000 0.1468
195.0000 0.1469
20.0000 0.1470
46.0000 0.1470
143.0000 0.1470
237.0000 0.1471
234.0000 0.1472
229.0000 0.1473
30.0000 0.1474
228.0000 0.1474
116.0000 0.1475
124.0000 0.1475
139.0000 0.1477
157.0000 0.1477
159.0000 0.1477
119.0000 0.1478
144.0000 0.1478
54.0000 0.1479
223.0000 0.1479
216.0000 0.1480
58.0000 0.1481
126.0000 0.1481
74.0000 0.1482
95.0000 0.1482
154.0000 0.1483
183.0000 0.1483
224.0000 0.1483
148.0000 0.1484
167.0000 0.1484
106.0000 0.1485
174.0000 0.1485
180.0000 0.1486
21.0000 0.1487
34.0000 0.1487
193.0000 0.1487
31.0000 0.1488
140.0000 0.1488
91.0000 0.1489
131.0000 0.1489
220.0000 0.1490
141.0000 0.1491
4.0000 0.1492
27.0000 0.1492
201.0000 0.1492
214.0000 0.1492
24.0000 0.1493
118.0000 0.1493
146.0000 0.1493
231.0000 0.1494
165.0000 0.1495
59.0000 0.1496
136.0000 0.1496
212.0000 0.1496
7.0000 0.1498
202.0000 0.1498
169.0000 0.1499
238.0000 0.1499
117.0000 0.1500
189.0000 0.1500
230.0000 0.1500
23.0000 0.1501
50.0000 0.1501
226.0000 0.1502
38.0000 0.1504
48.0000 0.1504
186.0000 0.1504
103.0000 0.1505
67.0000 0.1507
110.0000 0.1507
204.0000 0.1507
112.0000 0.1509
80.0000 0.1510
101.0000 0.1510
187.0000 0.1510
0.0000 0.1511
92.0000 0.1511
107.0000 0.1512
113.0000 0.1512
152.0000 0.1512
162.0000 0.1512
29.0000 0.1513
49.0000 0.1513
153.0000 0.1513
13.0000 0.1514
66.0000 0.1514
172.0000 0.1514
207.0000 0.1514
236.0000 0.1514
208.0000 0.1515
120.0000 0.1516
32.0000 0.1518
43.0000 0.1518
77.0000 0.1518
135.0000 0.1518
73.0000 0.1520
239.0000 0.1520
14.0000 0.1521
51.0000 0.1521
83.0000 0.1524
28.0000 0.1525
211.0000 0.1526
2.0000 0.1527
190.0000 0.1527
206.0000 0.1527
233.0000 0.1527
22.0000 0.1528
68.0000 0.1528
181.0000 0.1528
182.0000 0.1528
217.0000 0.1528
197.0000 0.1529
168.0000 0.1531
63.0000 0.1532
111.0000 0.1532
138.0000 0.1532
179.0000 0.1532
33.0000 0.1533
160.0000 0.1534
1.0000 0.1535
163.0000 0.1535
61.0000 0.1536
97.0000 0.1537
188.0000 0.1537
218.0000 0.1539
88.0000 0.1540
108.0000 0.1540
121.0000 0.1540
69.0000 0.1541
161.0000 0.1541
156.0000 0.1543
200.0000 0.1543
40.0000 0.1545
147.0000 0.1545
122.0000 0.1546
79.0000 0.1550
10.0000 0.1551
75.0000 0.1552
90.0000 0.1552
205.0000 0.1552
18.0000 0.1553
52.0000 0.1553
78.0000 0.1554
130.0000 0.1554
196.0000 0.1554
213.0000 0.1554
142.0000 0.1557
159.0000 0.1558
65.0000 0.1561
35.0000 0.1562
222.0000 0.1562
70.0000 0.1563
94.0000 0.1563
185.0000 0.1564
57.0000 0.1566
3.0000 0.1567
87.0000 0.1567
177.0000 0.1567
47.0000 0.1568
123.0000 0.1568
115.0000 0.1571
199.0000 0.1571
16.0000 0.1573
132.0000 0.1573
232.0000 0.1574
173.0000 0.1576
174.0000 0.1576
74.0000 0.1578
148.0000 0.1578
45.0000 0.1580
221.0000 0.1580
105.0000 0.1581
129.0000 0.1581
21.0000 0.1582
54.0000 0.1582
229.0000 0.1582
176.0000 0.1583
227.0000 0.1584
112.0000 0.1585
126.0000 0.1585
149.0000 0.1586
201.0000 0.1588
23.0000 0.1589
89.0000 0.1589
214.0000 0.1589
139.0000 0.1591
24.0000 0.1592
119.0000 0.1592
178.0000 0.1592
5.0000 0.1593
137.0000 0.1594
157.0000 0.1594
180.0000 0.1595
140.0000 0.1596
223.0000 0.1598
53.0000 0.1600
4.0000 0.1601
95.0000 0.1602
194.0000 0.1602
72.0000 0.1603
80.0000 0.1603
184.0000 0.1603
34.0000 0.1604
82.0000 0.1604
170.0000 0.1606
198.0000 0.1606
228.0000 0.1606
143.0000 0.1607
155.0000 0.1607
86.0000 0.1608
113.0000 0.1608
118.0000 0.1609
154.0000 0.1609
189.0000 0.1609
210.0000 0.1609
6.0000 0.1610
131.0000 0.1610
136.0000 0.1610
99.0000 0.1611
117.0000 0.1612
165.0000 0.1613
37.0000 0.1614
172.0000 0.1614
183.0000 0.1615
234.0000 0.1615
204.0000 0.1617
13.0000 0.1618
175.0000 0.1618
207.0000 0.1618
27.0000 0.1621
59.0000 0.1621
151.0000 0.1621
153.0000 0.1622
116.0000 0.1623
146.0000 0.1625
190.0000 0.1625
39.0000 0.1626
102.0000 0.1626
152.0000 0.1626
182.0000 0.1626
220.0000 0.1626
230.0000 0.1626
50.0000 0.1627
106.0000 0.1627
208.0000 0.1627
38.0000 0.1629
144.0000 0.1629
211.0000 0.1629
58.0000 0.1630
233.0000 0.1630
76.0000 0.1631
163.0000 0.1631
43.0000 0.1633
156.0000 0.1633
0.0000 0.1634
167.0000 0.1634
30.0000 0.1635
67.0000 0.1635
168.0000 0.1635
46.0000 0.1636
212.0000 0.1636
101.0000 0.1638
147.0000 0.1638
217.0000 0.1638
239.0000 0.1638
68.0000 0.1639
188.0000 0.1639
7.0000 0.1640
160.0000 0.1640
51.0000 0.1641
73.0000 0.1642
75.0000 0.1642
134.0000 0.1643
236.0000 0.1643
179.0000 0.1645
33.0000 0.1646
62.0000 0.1646
66.0000 0.1647
22.0000 0.1648
71.0000 0.1648
97.0000 0.1648
120.0000 0.1648
159.0000 0.1648
20.0000 0.1649
171.0000 0.1649
2.0000 0.1650
79.0000 0.1650
92.0000 0.1650
166.0000 0.1650
18.0000 0.1651
213.0000 0.1651
77.0000 0.1652
145.0000 0.1652
224.0000 0.1652
110.0000 0.1653
161.0000 0.1653
48.0000 0.1654
28.0000 0.1655
60.0000 0.1655
181.0000 0.1656
128.0000 0.1657
205.0000 0.1657
32.0000 0.1658
88.0000 0.1658
141.0000 0.1658
206.0000 0.1658
65.0000 0.1659
135.0000 0.1659
138.0000 0.1659
162.0000 0.1660
107.0000 0.1661
57.0000 0.1663
70.0000 0.1664
83.0000 0.1664
108.0000 0.1664
121.0000 0.1664
112.0000 0.1665
14.0000 0.1666
174.0000 0.1667
185.0000 0.1668
148.0000 0.1670
21.0000 0.1671
35.0000 0.1671
56.0000 0.1671
122.0000 0.1671
49.0000 0.1672
94.0000 0.1672
231.0000 0.1672
130.0000 0.1673
158.0000 0.1673
74.0000 0.1674
214.0000 0.1674
114.0000 0.1675
103.0000 0.1679
126.0000 0.1679
91.0000 0.1680
23.0000 0.1681
201.0000 0.1681
215.0000 0.1681
187.0000 0.1683
16.0000 0.1685
180.0000 0.1685
199.0000 0.1685
54.0000 0.1686
238.0000 0.1686
10.0000 0.1687
47.0000 0.1689
80.0000 0.1689
222.0000 0.1689
69.0000 0.1690
200.0000 0.1690
40.0000 0.1692
229.0000 0.1693
24.0000 0.1694
197.0000 0.1696
100.0000 0.1697
42.0000 0.1698
52.0000 0.1699
78.0000 0.1699
45.0000 0.1701
157.0000 0.1701
123.0000 0.1703
177.0000 0.1704
4.0000 0.1705
113.0000 0.1707
193.0000 0.1707
140.0000 0.1709
139.0000 0.1712
3.0000 0.1713
119.0000 0.1714
136.0000 0.1715
189.0000 0.1715
13.0000 0.1717
118.0000 0.1717
172.0000 0.1717
207.0000 0.1717
95.0000 0.1718
204.0000 0.1718
117.0000 0.1719
176.0000 0.1719
182.0000 0.1719
186.0000 0.1719
227.0000 0.1719
72.0000 0.1720
223.0000 0.1720
228.0000 0.1721
1.0000 0.1725
147.0000 0.1726
156.0000 0.1726
163.0000 0.1726
233.0000 0.1727
190.0000 0.1728
131.0000 0.1729
165.0000 0.1729
41.0000 0.1730
164.0000 0.1730
221.0000 0.1730
90.0000 0.1731
12.0000 0.1732
196.0000 0.1732
89.0000 0.1733
169.0000 0.1733
211.0000 0.1733
159.0000 0.1734
59.0000 0.1735
111.0000 0.1737
168.0000 0.1737
75.0000 0.1738
143.0000 0.1738
183.0000 0.1739
115.0000 0.1740
217.0000 0.1740
50.0000 0.1741
137.0000 0.1741
153.0000 0.1741
34.0000 0.1742
160.0000 0.1742
67.0000 0.1744
239.0000 0.1744
188.0000 0.1745
61.0000 0.1747
112.0000 0.1747
68.0000 0.1748
152.0000 0.1748
5.0000 0.1749
195.0000 0.1749
18.0000 0.1750
213.0000 0.1750
87.0000 0.1751
97.0000 0.1751
220.0000 0.1751
98.0000 0.1752
9.0000 0.1753
27.0000 0.1753
43.0000 0.1753
38.0000 0.1754
146.0000 0.1754
234.0000 0.1754
53.0000 0.1755
230.0000 0.1755
33.0000 0.1756
51.0000 0.1757
79.0000 0.1757
210.0000 0.1757
106.0000 0.1758
194.0000 0.1758
208.0000 0.1758
73.0000 0.1759
184.0000 0.1759
0.0000 0.1760
132.0000 0.1761
144.0000 0.1761
57.0000 0.1762
179.0000 0.1762
6.0000 0.1763
70.0000 0.1763
148.0000 0.1763
149.0000 0.1763
154.0000 0.1763
7.0000 0.1764
214.0000 0.1764
23.0000 0.1766
142.0000 0.1766
185.0000 0.1766
82.0000 0.1767
99.0000 0.1768
15.0000 0.1770
65.0000 0.1770
236.0000 0.1771
21.0000 0.1773
174.0000 0.1773
74.0000 0.1774
129.0000 0.1774
28.0000 0.1775
101.0000 0.1775
212.0000 0.1775
116.0000 0.1776
167.0000 0.1776
46.0000 0.1778
105.0000 0.1778
138.0000 0.1778
2.0000 0.1779
126.0000 0.1779
161.0000 0.1780
205.0000 0.1780
80.0000 0.1781
94.0000 0.1782
108.0000 0.1782
198.0000 0.1782
30.0000 0.1783
66.0000 0.1783
88.0000 0.1783
92.0000 0.1784
135.0000 0.1784
110.0000 0.1785
120.0000 0.1785
121.0000 0.1785
180.0000 0.1785
237.0000 0.1785
35.0000 0.1786
181.0000 0.1786
48.0000 0.1787
173.0000 0.1787
58.0000 0.1788
201.0000 0.1788
170.0000 0.1789
22.0000 0.1790
24.0000 0.1792
54.0000 0.1794
206.0000 0.1794
113.0000 0.1798
86.0000 0.1799
178.0000 0.1799
166.0000 0.1800
14.0000 0.1801
122.0000 0.1801
39.0000 0.1803
16.0000 0.1804
130.0000 0.1804
4.0000 0.1805
47.0000 0.1806
162.0000 0.1806
32.0000 0.1809
222.0000 0.1809
77.0000 0.1810
83.0000 0.1811
157.0000 0.1814
199.0000 0.1814
13.0000 0.1816
182.0000 0.1816
20.0000 0.1817
140.0000 0.1818
10.0000 0.1819
147.0000 0.1819
69.0000 0.1820
156.0000 0.1820
172.0000 0.1820
136.0000 0.1821
37.0000 0.1822
40.0000 0.1822
124.0000 0.1822
189.0000 0.1822
45.0000 0.1823
163.0000 0.1823
207.0000 0.1823
229.0000 0.1823
155.0000 0.1824
159.0000 0.1824
118.0000 0.1825
204.0000 0.1825
102.0000 0.1826
75.0000 0.1827
107.0000 0.1827
117.0000 0.1827
190.0000 0.1827
112.0000 0.1829
211.0000 0.1829
49.0000 0.1830
119.0000 0.1830
78.0000 0.1832
95.0000 0.1832
165.0000 0.1832
202.0000 0.1834
133.0000 0.1836
168.0000 0.1837
233.0000 0.1837
123.0000 0.1838
139.0000 0.1839
228.0000 0.1839
191.0000 0.1841
217.0000 0.1841
227.0000 0.1841
177.0000 0.1842
200.0000 0.1844
62.0000 0.1845
141.0000 0.1845
145.0000 0.1846
187.0000 0.1846
231.0000 0.1846
131.0000 0.1847
18.0000 0.1848
104.0000 0.1848
188.0000 0.1848
160.0000 0.1849
223.0000 0.1849
213.0000 0.1850
31.0000 0.1851
176.0000 0.1851
214.0000 0.1851
224.0000 0.1851
183.0000 0.1852
52.0000 0.1853
59.0000 0.1853
79.0000 0.1853
8.0000 0.1854
23.0000 0.1854
153.0000 0.1854
197.0000 0.1854
72.0000 0.1855
97.0000 0.1855
152.0000 0.1855
239.0000 0.1855
57.0000 0.1856
171.0000 0.1857
68.0000 0.1858
103.0000 0.1859
50.0000 0.1860
71.0000 0.1860
34.0000 0.1861
158.0000 0.1861
3.0000 0.1862
76.0000 0.1862
174.0000 0.1862
91.0000 0.1863
148.0000 0.1863
60.0000 0.1864
65.0000 0.1864
185.0000 0.1864
21.0000 0.1865
33.0000 0.1865
80.0000 0.1865
70.0000 0.1866
127.0000 0.1866
143.0000 0.1866
74.0000 0.1867
89.0000 0.1867
5.0000 0.1868
134.0000 0.1868
43.0000 0.1869
67.0000 0.1869
221.0000 0.1872
146.0000 0.1875
51.0000 0.1876
180.0000 0.1876
38.0000 0.1877
179.0000 0.1877
63.0000 0.1878
27.0000 0.1880
94.0000 0.1880
73.0000 0.1881
220.0000 0.1881
126.0000 0.1883
201.0000 0.1883
128.0000 0.1885
28.0000 0.1886
208.0000 0.1886
88.0000 0.1887
151.0000 0.1887
238.0000 0.1888
205.0000 0.1889
113.0000 0.1890
115.0000 0.1891
24.0000 0.1892
108.0000 0.1892
138.0000 0.1892
196.0000 0.1893
101.0000 0.1894
0.0000 0.1896
35.0000 0.1896
230.0000 0.1896
7.0000 0.1897
121.0000 0.1897
144.0000 0.1897
154.0000 0.1897
120.0000 0.1898
210.0000 0.1898
106.0000 0.1899
167.0000 0.1899
215.0000 0.1899
2.0000 0.1900
212.0000 0.1900
6.0000 0.1901
137.0000 0.1901
135.0000 0.1903
184.0000 0.1903
46.0000 0.1905
54.0000 0.1905
234.0000 0.1905
26.0000 0.1906
156.0000 0.1906
206.0000 0.1906
147.0000 0.1907
159.0000 0.1907
53.0000 0.1908
112.0000 0.1908
161.0000 0.1908
99.0000 0.1909
13.0000 0.1911
132.0000 0.1911
182.0000 0.1911
226.0000 0.1911
236.0000 0.1911
22.0000 0.1913
122.0000 0.1913
172.0000 0.1913
30.0000 0.1915
92.0000 0.1915
116.0000 0.1915
149.0000 0.1915
163.0000 0.1915
194.0000 0.1915
16.0000 0.1916
181.0000 0.1916
4.0000 0.1917
82.0000 0.1917
1.0000 0.1918
90.0000 0.1919
186.0000 0.1919
66.0000 0.1920
75.0000 0.1920
199.0000 0.1921
207.0000 0.1922
233.0000 0.1922
136.0000 0.1923
204.0000 0.1923
77.0000 0.1924
48.0000 0.1925
190.0000 0.1925
211.0000 0.1926
58.0000 0.1927
61.0000 0.1927
157.0000 0.1928
189.0000 0.1929
193.0000 0.1930
14.0000 0.1932
87.0000 0.1932
118.0000 0.1932
105.0000 0.1933
110.0000 0.1934
117.0000 0.1934
83.0000 0.1935
168.0000 0.1935
222.0000 0.1935
140.0000 0.1936
214.0000 0.1937
47.0000 0.1938
18.0000 0.1939
130.0000 0.1939
32.0000 0.1940
111.0000 0.1941
213.0000 0.1941
23.0000 0.1942
79.0000 0.1942
95.0000 0.1943
216.0000 0.1943
160.0000 0.1944
40.0000 0.1946
139.0000 0.1946
217.0000 0.1947
229.0000 0.1947
165.0000 0.1948
119.0000 0.1949
45.0000 0.1950
57.0000 0.1951
69.0000 0.1951
80.0000 0.1951
174.0000 0.1951
198.0000 0.1951
97.0000 0.1952
228.0000 0.1952
68.0000 0.1953
148.0000 0.1953
185.0000 0.1953
188.0000 0.1953
227.0000 0.1955
166.0000 0.1956
10.0000 0.1957
65.0000 0.1957
131.0000 0.1958
21.0000 0.1959
239.0000 0.1959
114.0000 0.1960
129.0000 0.1960
153.0000 0.1960
59.0000 0.1962
74.0000 0.1962
223.0000 0.1962
142.0000 0.1963
170.0000 0.1964
162.0000 0.1965
39.0000 0.1966
70.0000 0.1966
152.0000 0.1966
33.0000 0.1967
78.0000 0.1967
50.0000 0.1968
183.0000 0.1968
200.0000 0.1968
173.0000 0.1970
180.0000 0.1970
201.0000 0.1971
178.0000 0.1972
235.0000 0.1974
34.0000 0.1976
72.0000 0.1976
123.0000 0.1976
169.0000 0.1976
176.0000 0.1976
107.0000 0.1977
86.0000 0.1978
67.0000 0.1980
113.0000 0.1980
126.0000 0.1982
43.0000 0.1983
112.0000 0.1984
177.0000 0.1984
187.0000 0.1984
24.0000 0.1985
49.0000 0.1987
51.0000 0.1988
156.0000 0.1989
164.0000 0.1989
232.0000 0.1990
159.0000 0.1991
3.0000 0.1992
38.0000 0.1992
94.0000 0.1992
208.0000 0.1993
37.0000 0.1994
20.0000 0.1995
150.0000 0.1995
197.0000 0.1995
52.0000 0.1996
146.0000 0.1996
147.0000 0.1997
179.0000 0.1997
108.0000 0.1999
175.0000 0.1999
