54.0000 0.0043
15.0000 0.0045
26.0000 0.0045
16.0000 0.0046
21.0000 0.0047
22.0000 0.0047
28.0000 0.0047
59.0000 0.0050
34.0000 0.0052
50.0000 0.0053
23.0000 0.0054
46.0000 0.0054
7.0000 0.0055
9.0000 0.0056
40.0000 0.0056
44.0000 0.0057
53.0000 0.0058
14.0000 0.0059
43.0000 0.0060
29.0000 0.0061
47.0000 0.0061
12.0000 0.0066
18.0000 0.0068
48.0000 0.0069
6.0000 0.0071
13.0000 0.0071
38.0000 0.0071
25.0000 0.0072
58.0000 0.0072
20.0000 0.0074
37.0000 0.0080
31.0000 0.0083
42.0000 0.0083
35.0000 0.0085
17.0000 0.0087
11.0000 0.0088
24.0000 0.0089
1.0000 0.0091
57.0000 0.0095
2.0000 0.0096
41.0000 0.0098
8.0000 0.0102
32.0000 0.0103
56.0000 0.0103
30.0000 0.0106
52.0000 0.0108
3.0000 0.0112
33.0000 0.0118
55.0000 0.0143
49.0000 0.0157
27.0000 0.0177
19.0000 0.0181
10.0000 0.0182
26.0000 0.0182
47.0000 0.0187
15.0000 0.0192
54.0000 0.0192
53.0000 0.0194
51.0000 0.0195
9.0000 0.0196
16.0000 0.0197
7.0000 0.0199
22.0000 0.0204
23.0000 0.0205
43.0000 0.0206
59.0000 0.0207
40.0000 0.0209
28.0000 0.0213
1.0000 0.0214
20.0000 0.0214
29.0000 0.0214
46.0000 0.0214
50.0000 0.0214
13.0000 0.0218
35.0000 0.0223
34.0000 0.0225
6.0000 0.0228
56.0000 0.0228
37.0000 0.0231
48.0000 0.0234
31.0000 0.0235
44.0000 0.0236
52.0000 0.0237
58.0000 0.0238
45.0000 0.0245
18.0000 0.0246
38.0000 0.0251
8.0000 0.0255
21.0000 0.0259
17.0000 0.0262
42.0000 0.0264
30.0000 0.0270
47.0000 0.0282
15.0000 0.0283
12.0000 0.0285
49.0000 0.0286
26.0000 0.0288
33.0000 0.0291
53.0000 0.0293
2.0000 0.0296
9.0000 0.0298
32.0000 0.0300
7.0000 0.0301
23.0000 0.0302
41.0000 0.0304
11.0000 0.0308
54.0000 0.0315
59.0000 0.0316
1.0000 0.0320
43.0000 0.0320
20.0000 0.0323
14.0000 0.0324
40.0000 0.0324
3.0000 0.0325
46.0000 0.0325
16.0000 0.0327
19.0000 0.0331
56.0000 0.0331
22.0000 0.0333
13.0000 0.0334
55.0000 0.0335
50.0000 0.0339
35.0000 0.0342
28.0000 0.0344
29.0000 0.0350
6.0000 0.0351
37.0000 0.0353
31.0000 0.0360
48.0000 0.0362
34.0000 0.0364
47.0000 0.0365
15.0000 0.0368
24.0000 0.0368
52.0000 0.0368
44.0000 0.0373
58.0000 0.0373
25.0000 0.0374
8.0000 0.0378
38.0000 0.0379
26.0000 0.0380
4.0000 0.0383
27.0000 0.0384
51.0000 0.0386
53.0000 0.0388
10.0000 0.0390
18.0000 0.0394
7.0000 0.0398
17.0000 0.0398
30.0000 0.0398
23.0000 0.0401
9.0000 0.0402
42.0000 0.0405
45.0000 0.0405
49.0000 0.0405
21.0000 0.0406
59.0000 0.0415
1.0000 0.0416
20.0000 0.0416
56.0000 0.0418
54.0000 0.0420
43.0000 0.0431
46.0000 0.0435
40.0000 0.0436
33.0000 0.0439
16.0000 0.0441
11.0000 0.0445
22.0000 0.0446
35.0000 0.0446
47.0000 0.0446
28.0000 0.0450
50.0000 0.0451
2.0000 0.0453
13.0000 0.0453
15.0000 0.0453
12.0000 0.0456
41.0000 0.0456
31.0000 0.0466
6.0000 0.0467
53.0000 0.0468
19.0000 0.0469
32.0000 0.0469
26.0000 0.0471
48.0000 0.0472
29.0000 0.0473
36.0000 0.0476
37.0000 0.0476
52.0000 0.0482
14.0000 0.0487
44.0000 0.0487
55.0000 0.0489
34.0000 0.0492
38.0000 0.0492
23.0000 0.0496
58.0000 0.0496
7.0000 0.0497
8.0000 0.0498
9.0000 0.0498
3.0000 0.0501
20.0000 0.0504
56.0000 0.0506
1.0000 0.0507
59.0000 0.0508
49.0000 0.0515
17.0000 0.0521
54.0000 0.0522
30.0000 0.0526
57.0000 0.0526
47.0000 0.0527
43.0000 0.0533
15.0000 0.0536
42.0000 0.0536
18.0000 0.0537
40.0000 0.0537
28.0000 0.0549
26.0000 0.0551
35.0000 0.0551
16.0000 0.0552
46.0000 0.0552
50.0000 0.0552
10.0000 0.0553
53.0000 0.0555
45.0000 0.0556
13.0000 0.0557
22.0000 0.0557
51.0000 0.0558
21.0000 0.0564
31.0000 0.0567
33.0000 0.0567
27.0000 0.0568
6.0000 0.0570
11.0000 0.0570
24.0000 0.0578
29.0000 0.0579
48.0000 0.0580
23.0000 0.0581
37.0000 0.0583
7.0000 0.0584
25.0000 0.0586
9.0000 0.0587
52.0000 0.0588
2.0000 0.0590
19.0000 0.0591
20.0000 0.0591
56.0000 0.0593
41.0000 0.0594
1.0000 0.0599
38.0000 0.0599
59.0000 0.0599
44.0000 0.0603
58.0000 0.0603
8.0000 0.0604
47.0000 0.0604
34.0000 0.0605
12.0000 0.0612
15.0000 0.0613
54.0000 0.0623
49.0000 0.0625
32.0000 0.0629
17.0000 0.0632
55.0000 0.0635
40.0000 0.0636
26.0000 0.0638
43.0000 0.0640
53.0000 0.0641
14.0000 0.0649
35.0000 0.0651
30.0000 0.0655
28.0000 0.0657
3.0000 0.0659
50.0000 0.0659
13.0000 0.0661
42.0000 0.0665
46.0000 0.0667
18.0000 0.0668
23.0000 0.0669
16.0000 0.0671
22.0000 0.0671
7.0000 0.0674
20.0000 0.0674
31.0000 0.0674
47.0000 0.0681
9.0000 0.0682
56.0000 0.0682
6.0000 0.0683
29.0000 0.0684
48.0000 0.0685
37.0000 0.0687
59.0000 0.0689
1.0000 0.0691
15.0000 0.0695
45.0000 0.0695
52.0000 0.0695
33.0000 0.0696
11.0000 0.0697
8.0000 0.0709
38.0000 0.0710
19.0000 0.0716
34.0000 0.0716
21.0000 0.0717
58.0000 0.0717
10.0000 0.0718
2.0000 0.0719
44.0000 0.0720
54.0000 0.0720
53.0000 0.0721
26.0000 0.0722
41.0000 0.0725
51.0000 0.0729
27.0000 0.0730
49.0000 0.0733
43.0000 0.0734
40.0000 0.0737
35.0000 0.0746
17.0000 0.0748
23.0000 0.0752
28.0000 0.0752
50.0000 0.0752
47.0000 0.0757
7.0000 0.0759
12.0000 0.0759
13.0000 0.0759
46.0000 0.0760
20.0000 0.0761
4.0000 0.0762
56.0000 0.0765
9.0000 0.0766
22.0000 0.0769
24.0000 0.0771
39.0000 0.0771
15.0000 0.0772
59.0000 0.0772
30.0000 0.0776
32.0000 0.0777
16.0000 0.0779
1.0000 0.0780
31.0000 0.0780
55.0000 0.0780
29.0000 0.0786
48.0000 0.0787
6.0000 0.0791
37.0000 0.0791
42.0000 0.0795
18.0000 0.0796
14.0000 0.0797
53.0000 0.0799
52.0000 0.0800
3.0000 0.0803
54.0000 0.0810
25.0000 0.0811
26.0000 0.0812
8.0000 0.0815
11.0000 0.0820
33.0000 0.0825
38.0000 0.0828
45.0000 0.0828
34.0000 0.0830
44.0000 0.0831
47.0000 0.0831
43.0000 0.0833
49.0000 0.0833
58.0000 0.0838
23.0000 0.0839
50.0000 0.0842
40.0000 0.0843
20.0000 0.0844
35.0000 0.0844
2.0000 0.0845
19.0000 0.0845
21.0000 0.0845
56.0000 0.0845
57.0000 0.0845
28.0000 0.0846
7.0000 0.0849
41.0000 0.0849
15.0000 0.0850
9.0000 0.0853
13.0000 0.0854
59.0000 0.0858
17.0000 0.0863
46.0000 0.0863
10.0000 0.0869
1.0000 0.0870
22.0000 0.0871
53.0000 0.0875
16.0000 0.0876
31.0000 0.0876
51.0000 0.0878
48.0000 0.0885
29.0000 0.0887
6.0000 0.0890
37.0000 0.0890
26.0000 0.0895
30.0000 0.0896
54.0000 0.0899
52.0000 0.0901
12.0000 0.0902
47.0000 0.0906
27.0000 0.0912
42.0000 0.0919
18.0000 0.0921
8.0000 0.0922
55.0000 0.0922
23.0000 0.0924
20.0000 0.0926
15.0000 0.0927
32.0000 0.0928
43.0000 0.0928
56.0000 0.0930
38.0000 0.0931
7.0000 0.0935
49.0000 0.0937
50.0000 0.0937
9.0000 0.0939
34.0000 0.0939
28.0000 0.0943
40.0000 0.0943
44.0000 0.0943
35.0000 0.0944
14.0000 0.0945
33.0000 0.0948
58.0000 0.0948
59.0000 0.0948
24.0000 0.0949
13.0000 0.0950
3.0000 0.0952
11.0000 0.0952
53.0000 0.0952
1.0000 0.0962
19.0000 0.0963
46.0000 0.0965
2.0000 0.0968
45.0000 0.0969
21.0000 0.0971
22.0000 0.0971
17.0000 0.0973
41.0000 0.0974
16.0000 0.0975
31.0000 0.0976
26.0000 0.0978
47.0000 0.0978
29.0000 0.0983
37.0000 0.0989
48.0000 0.0989
54.0000 0.0992
6.0000 0.0996
52.0000 0.1005
15.0000 0.1006
20.0000 0.1010
23.0000 0.1012
30.0000 0.1014
56.0000 0.1014
10.0000 0.1015
8.0000 0.1020
7.0000 0.1023
43.0000 0.1023
9.0000 0.1025
50.0000 0.1031
51.0000 0.1032
35.0000 0.1034
53.0000 0.1034
38.0000 0.1036
40.0000 0.1037
59.0000 0.1037
49.0000 0.1041
42.0000 0.1042
25.0000 0.1043
28.0000 0.1043
12.0000 0.1044
13.0000 0.1047
18.0000 0.1047
34.0000 0.1048
1.0000 0.1051
47.0000 0.1052
26.0000 0.1056
55.0000 0.1056
44.0000 0.1058
58.0000 0.1062
46.0000 0.1066
22.0000 0.1068
27.0000 0.1068
33.0000 0.1073
32.0000 0.1074
29.0000 0.1075
11.0000 0.1076
16.0000 0.1076
17.0000 0.1077
31.0000 0.1079
19.0000 0.1080
54.0000 0.1081
14.0000 0.1082
41.0000 0.1082
15.0000 0.1084
37.0000 0.1089
3.0000 0.1091
20.0000 0.1091
2.0000 0.1092
56.0000 0.1093
23.0000 0.1094
48.0000 0.1095
36.0000 0.1096
52.0000 0.1097
6.0000 0.1099
21.0000 0.1100
45.0000 0.1100
7.0000 0.1101
4.0000 0.1107
9.0000 0.1111
53.0000 0.1113
43.0000 0.1115
50.0000 0.1122
35.0000 0.1123
24.0000 0.1124
8.0000 0.1125
47.0000 0.1127
59.0000 0.1128
30.0000 0.1130
40.0000 0.1131
26.0000 0.1135
28.0000 0.1138
1.0000 0.1141
13.0000 0.1142
49.0000 0.1144
38.0000 0.1148
57.0000 0.1158
15.0000 0.1160
34.0000 0.1160
10.0000 0.1164
42.0000 0.1165
54.0000 0.1169
18.0000 0.1170
20.0000 0.1175
22.0000 0.1175
46.0000 0.1175
44.0000 0.1176
58.0000 0.1176
56.0000 0.1178
23.0000 0.1179
31.0000 0.1179
51.0000 0.1180
16.0000 0.1182
29.0000 0.1182
12.0000 0.1185
53.0000 0.1187
7.0000 0.1188
17.0000 0.1188
55.0000 0.1190
37.0000 0.1192
52.0000 0.1192
48.0000 0.1194
9.0000 0.1195
33.0000 0.1195
11.0000 0.1197
6.0000 0.1199
47.0000 0.1199
19.0000 0.1200
32.0000 0.1204
41.0000 0.1206
50.0000 0.1208
43.0000 0.1210
35.0000 0.1213
2.0000 0.1214
59.0000 0.1214
26.0000 0.1215
25.0000 0.1225
8.0000 0.1226
1.0000 0.1227
27.0000 0.1227
21.0000 0.1228
28.0000 0.1230
40.0000 0.1231
14.0000 0.1234
15.0000 0.1238
13.0000 0.1241
3.0000 0.1242
30.0000 0.1242
45.0000 0.1243
49.0000 0.1245
54.0000 0.1256
38.0000 0.1258
20.0000 0.1260
56.0000 0.1262
34.0000 0.1264
23.0000 0.1266
47.0000 0.1272
53.0000 0.1272
22.0000 0.1276
7.0000 0.1277
46.0000 0.1277
31.0000 0.1281
9.0000 0.1284
52.0000 0.1284
29.0000 0.1287
16.0000 0.1288
42.0000 0.1288
58.0000 0.1289
18.0000 0.1290
37.0000 0.1293
48.0000 0.1294
44.0000 0.1297
26.0000 0.1298
17.0000 0.1299
24.0000 0.1302
6.0000 0.1303
50.0000 0.1305
59.0000 0.1305
43.0000 0.1306
35.0000 0.1309
1.0000 0.1311
15.0000 0.1313
11.0000 0.1322
33.0000 0.1322
19.0000 0.1323
28.0000 0.1324
10.0000 0.1325
55.0000 0.1326
40.0000 0.1327
41.0000 0.1327
51.0000 0.1327
12.0000 0.1329
8.0000 0.1330
13.0000 0.1340
2.0000 0.1341
54.0000 0.1341
56.0000 0.1341
47.0000 0.1345
20.0000 0.1346
32.0000 0.1346
53.0000 0.1349
49.0000 0.1351
23.0000 0.1352
30.0000 0.1354
7.0000 0.1360
21.0000 0.1364
38.0000 0.1366
14.0000 0.1370
34.0000 0.1370
9.0000 0.1371
46.0000 0.1373
22.0000 0.1375
27.0000 0.1375
45.0000 0.1375
52.0000 0.1377
29.0000 0.1379
26.0000 0.1382
31.0000 0.1382
3.0000 0.1385
59.0000 0.1388
16.0000 0.1390
15.0000 0.1391
37.0000 0.1391
25.0000 0.1392
1.0000 0.1395
50.0000 0.1397
6.0000 0.1398
43.0000 0.1398
58.0000 0.1398
18.0000 0.1399
35.0000 0.1399
48.0000 0.1401
44.0000 0.1409
17.0000 0.1410
42.0000 0.1411
28.0000 0.1414
40.0000 0.1417
56.0000 0.1419
47.0000 0.1420
54.0000 0.1429
20.0000 0.1431
53.0000 0.1431
8.0000 0.1432
13.0000 0.1438
11.0000 0.1439
33.0000 0.1439
23.0000 0.1440
4.0000 0.1442
7.0000 0.1442
57.0000 0.1443
19.0000 0.1447
41.0000 0.1447
55.0000 0.1451
9.0000 0.1455
49.0000 0.1456
51.0000 0.1461
10.0000 0.1464
26.0000 0.1464
30.0000 0.1464
12.0000 0.1465
15.0000 0.1465
34.0000 0.1466
38.0000 0.1466
24.0000 0.1467
46.0000 0.1467
2.0000 0.1468
59.0000 0.1472
22.0000 0.1474
29.0000 0.1475
52.0000 0.1475
1.0000 0.1481
31.0000 0.1482
32.0000 0.1487
16.0000 0.1489
35.0000 0.1490
50.0000 0.1490
47.0000 0.1491
21.0000 0.1492
37.0000 0.1493
43.0000 0.1493
6.0000 0.1494
56.0000 0.1499
28.0000 0.1507
48.0000 0.1509
53.0000 0.1509
58.0000 0.1509
40.0000 0.1512
20.0000 0.1513
44.0000 0.1515
45.0000 0.1515
18.0000 0.1516
54.0000 0.1519
14.0000 0.1520
17.0000 0.1521
27.0000 0.1523
7.0000 0.1526
3.0000 0.1531
23.0000 0.1531
8.0000 0.1532
42.0000 0.1533
13.0000 0.1536
15.0000 0.1540
9.0000 0.1543
26.0000 0.1548
49.0000 0.1553
59.0000 0.1558
33.0000 0.1560
47.0000 0.1563
11.0000 0.1566
46.0000 0.1566
1.0000 0.1568
34.0000 0.1569
19.0000 0.1571
41.0000 0.1571
22.0000 0.1575
38.0000 0.1575
29.0000 0.1576
52.0000 0.1576
31.0000 0.1577
55.0000 0.1577
30.0000 0.1578
56.0000 0.1579
35.0000 0.1580
50.0000 0.1585
53.0000 0.1585
25.0000 0.1586
43.0000 0.1588
16.0000 0.1592
37.0000 0.1595
20.0000 0.1597
2.0000 0.1598
28.0000 0.1599
6.0000 0.1600
51.0000 0.1603
40.0000 0.1605
7.0000 0.1609
21.0000 0.1611
54.0000 0.1612
12.0000 0.1613
23.0000 0.1616
10.0000 0.1617
15.0000 0.1617
58.0000 0.1618
48.0000 0.1619
44.0000 0.1624
9.0000 0.1625
32.0000 0.1625
36.0000 0.1626
18.0000 0.1628
26.0000 0.1629
13.0000 0.1631
8.0000 0.1632
17.0000 0.1634
47.0000 0.1638
24.0000 0.1643
59.0000 0.1643
39.0000 0.1644
45.0000 0.1648
49.0000 0.1649
14.0000 0.1651
42.0000 0.1651
1.0000 0.1653
56.0000 0.1657
53.0000 0.1662
3.0000 0.1664
27.0000 0.1666
22.0000 0.1668
46.0000 0.1670
29.0000 0.1672
33.0000 0.1673
31.0000 0.1674
35.0000 0.1675
20.0000 0.1676
52.0000 0.1676
34.0000 0.1680
50.0000 0.1681
38.0000 0.1683
43.0000 0.1684
11.0000 0.1687
19.0000 0.1687
16.0000 0.1689
37.0000 0.1690
15.0000 0.1695
28.0000 0.1695
30.0000 0.1695
40.0000 0.1697
23.0000 0.1699
7.0000 0.1703
41.0000 0.1705
54.0000 0.1705
6.0000 0.1707
9.0000 0.1712
47.0000 0.1714
26.0000 0.1715
2.0000 0.1723
48.0000 0.1724
55.0000 0.1727
59.0000 0.1727
13.0000 0.1728
57.0000 0.1730
44.0000 0.1731
8.0000 0.1733
58.0000 0.1734
21.0000 0.1736
1.0000 0.1737
56.0000 0.1737
51.0000 0.1739
53.0000 0.1741
18.0000 0.1743
49.0000 0.1747
17.0000 0.1751
12.0000 0.1753
20.0000 0.1755
22.0000 0.1761
31.0000 0.1763
29.0000 0.1765
46.0000 0.1766
35.0000 0.1767
50.0000 0.1770
32.0000 0.1771
42.0000 0.1775
52.0000 0.1775
15.0000 0.1777
43.0000 0.1778
4.0000 0.1779
23.0000 0.1781
10.0000 0.1784
45.0000 0.1784
7.0000 0.1787
33.0000 0.1787
38.0000 0.1787
47.0000 0.1787
34.0000 0.1788
14.0000 0.1789
37.0000 0.1789
28.0000 0.1790
16.0000 0.1792
40.0000 0.1792
54.0000 0.1795
3.0000 0.1798
25.0000 0.1800
26.0000 0.1800
9.0000 0.1801
19.0000 0.1801
6.0000 0.1809
30.0000 0.1809
59.0000 0.1813
11.0000 0.1815
27.0000 0.1817
56.0000 0.1818
41.0000 0.1822
53.0000 0.1822
1.0000 0.1826
13.0000 0.1827
48.0000 0.1830
8.0000 0.1840
20.0000 0.1840
24.0000 0.1842
44.0000 0.1846
49.0000 0.1847
15.0000 0.1853
2.0000 0.1854
58.0000 0.1854
47.0000 0.1859
55.0000 0.1862
21.0000 0.1863
23.0000 0.1863
46.0000 0.1863
50.0000 0.1863
31.0000 0.1864
35.0000 0.1864
17.0000 0.1865
22.0000 0.1868
29.0000 0.1868
18.0000 0.1871
52.0000 0.1872
43.0000 0.1873
7.0000 0.1875
26.0000 0.1881
28.0000 0.1881
54.0000 0.1884
40.0000 0.1886
9.0000 0.1888
37.0000 0.1888
12.0000 0.1889
34.0000 0.1889
51.0000 0.1889
38.0000 0.1895
56.0000 0.1896
16.0000 0.1897
53.0000 0.1897
59.0000 0.1900
42.0000 0.1902
33.0000 0.1908
6.0000 0.1910
32.0000 0.1910
1.0000 0.1913
45.0000 0.1914
13.0000 0.1922
30.0000 0.1924
20.0000 0.1925
19.0000 0.1926
15.0000 0.1927
14.0000 0.1929
47.0000 0.1931
11.0000 0.1935
48.0000 0.1939
3.0000 0.1940
8.0000 0.1941
49.0000 0.1942
41.0000 0.1944
10.0000 0.1946
23.0000 0.1950
35.0000 0.1956
44.0000 0.1957
58.0000 0.1957
7.0000 0.1958
26.0000 0.1960
50.0000 0.1960
31.0000 0.1962
43.0000 0.1965
29.0000 0.1966
46.0000 0.1967
52.0000 0.1968
22.0000 0.1970
27.0000 0.1970
54.0000 0.1971
40.0000 0.1972
56.0000 0.1975
2.0000 0.1976
9.0000 0.1976
28.0000 0.1976
17.0000 0.1977
53.0000 0.1980
59.0000 0.1984
21.0000 0.1987
37.0000 0.1987
34.0000 0.1991
18.0000 0.1992
25.0000 0.1992
55.0000 0.1992
1.0000 0.1996
38.0000 0.1999
