37.0000 0.0035
5.0000 0.0040
42.0000 0.0040
52.0000 0.0040
43.0000 0.0042
0.0000 0.0043
9.0000 0.0043
59.0000 0.0043
56.0000 0.0051
41.0000 0.0052
45.0000 0.0052
33.0000 0.0053
46.0000 0.0053
55.0000 0.0057
17.0000 0.0059
58.0000 0.0059
12.0000 0.0060
53.0000 0.0064
6.0000 0.0065
30.0000 0.0065
35.0000 0.0065
39.0000 0.0065
1.0000 0.0066
15.0000 0.0066
50.0000 0.0066
31.0000 0.0068
40.0000 0.0071
4.0000 0.0072
16.0000 0.0072
10.0000 0.0073
57.0000 0.0079
24.0000 0.0087
14.0000 0.0088
7.0000 0.0093
18.0000 0.0093
26.0000 0.0095
34.0000 0.0096
11.0000 0.0101
22.0000 0.0101
25.0000 0.0106
36.0000 0.0125
29.0000 0.0131
27.0000 0.0141
23.0000 0.0144
37.0000 0.0170
54.0000 0.0174
13.0000 0.0175
9.0000 0.0179
43.0000 0.0180
0.0000 0.0188
5.0000 0.0194
45.0000 0.0195
42.0000 0.0199
52.0000 0.0202
17.0000 0.0207
39.0000 0.0212
8.0000 0.0216
58.0000 0.0218
2.0000 0.0221
33.0000 0.0221
57.0000 0.0225
19.0000 0.0228
15.0000 0.0230
28.0000 0.0231
18.0000 0.0232
55.0000 0.0237
35.0000 0.0242
6.0000 0.0245
7.0000 0.0245
1.0000 0.0254
48.0000 0.0254
10.0000 0.0260
30.0000 0.0262
12.0000 0.0263
40.0000 0.0270
50.0000 0.0273
9.0000 0.0276
16.0000 0.0281
37.0000 0.0281
44.0000 0.0281
25.0000 0.0285
41.0000 0.0285
59.0000 0.0285
56.0000 0.0294
43.0000 0.0301
42.0000 0.0306
45.0000 0.0307
11.0000 0.0308
0.0000 0.0309
13.0000 0.0318
5.0000 0.0322
17.0000 0.0323
26.0000 0.0323
4.0000 0.0324
22.0000 0.0329
57.0000 0.0331
53.0000 0.0335
46.0000 0.0337
24.0000 0.0339
29.0000 0.0339
23.0000 0.0340
39.0000 0.0340
58.0000 0.0341
49.0000 0.0350
14.0000 0.0352
18.0000 0.0352
7.0000 0.0353
15.0000 0.0355
55.0000 0.0368
52.0000 0.0369
9.0000 0.0382
33.0000 0.0390
37.0000 0.0391
6.0000 0.0397
35.0000 0.0408
1.0000 0.0409
36.0000 0.0421
45.0000 0.0436
54.0000 0.0436
0.0000 0.0440
42.0000 0.0441
43.0000 0.0442
12.0000 0.0444
8.0000 0.0448
17.0000 0.0454
19.0000 0.0455
30.0000 0.0455
40.0000 0.0457
16.0000 0.0465
5.0000 0.0469
25.0000 0.0470
57.0000 0.0473
18.0000 0.0478
58.0000 0.0484
27.0000 0.0488
10.0000 0.0491
7.0000 0.0494
9.0000 0.0495
2.0000 0.0502
15.0000 0.0505
37.0000 0.0506
31.0000 0.0507
13.0000 0.0511
39.0000 0.0515
50.0000 0.0517
41.0000 0.0520
55.0000 0.0526
23.0000 0.0528
11.0000 0.0529
35.0000 0.0537
59.0000 0.0537
1.0000 0.0540
33.0000 0.0542
56.0000 0.0543
45.0000 0.0547
6.0000 0.0549
42.0000 0.0556
0.0000 0.0557
48.0000 0.0570
17.0000 0.0573
43.0000 0.0585
28.0000 0.0589
29.0000 0.0596
52.0000 0.0596
26.0000 0.0597
57.0000 0.0601
5.0000 0.0604
9.0000 0.0604
18.0000 0.0607
40.0000 0.0607
30.0000 0.0614
7.0000 0.0618
37.0000 0.0619
53.0000 0.0619
58.0000 0.0620
12.0000 0.0632
16.0000 0.0632
25.0000 0.0636
24.0000 0.0664
4.0000 0.0665
45.0000 0.0665
15.0000 0.0666
0.0000 0.0667
8.0000 0.0667
22.0000 0.0667
55.0000 0.0667
49.0000 0.0668
6.0000 0.0669
33.0000 0.0669
39.0000 0.0669
42.0000 0.0672
13.0000 0.0674
10.0000 0.0676
34.0000 0.0677
19.0000 0.0680
1.0000 0.0683
17.0000 0.0688
54.0000 0.0692
35.0000 0.0695
43.0000 0.0699
14.0000 0.0704
9.0000 0.0711
18.0000 0.0713
23.0000 0.0715
50.0000 0.0720
5.0000 0.0724
37.0000 0.0725
7.0000 0.0726
57.0000 0.0726
30.0000 0.0735
58.0000 0.0740
2.0000 0.0741
41.0000 0.0743
36.0000 0.0747
11.0000 0.0749
25.0000 0.0762
56.0000 0.0767
45.0000 0.0770
0.0000 0.0771
40.0000 0.0771
27.0000 0.0775
42.0000 0.0775
59.0000 0.0776
46.0000 0.0778
52.0000 0.0780
55.0000 0.0793
17.0000 0.0794
6.0000 0.0795
12.0000 0.0797
33.0000 0.0798
15.0000 0.0803
1.0000 0.0804
16.0000 0.0807
9.0000 0.0808
43.0000 0.0816
13.0000 0.0821
31.0000 0.0821
28.0000 0.0823
37.0000 0.0826
18.0000 0.0827
29.0000 0.0829
39.0000 0.0830
35.0000 0.0833
7.0000 0.0838
57.0000 0.0838
5.0000 0.0842
26.0000 0.0843
53.0000 0.0853
10.0000 0.0854
8.0000 0.0862
30.0000 0.0866
58.0000 0.0867
0.0000 0.0877
23.0000 0.0877
45.0000 0.0878
42.0000 0.0881
48.0000 0.0887
3.0000 0.0892
17.0000 0.0895
24.0000 0.0899
22.0000 0.0903
25.0000 0.0904
50.0000 0.0905
9.0000 0.0910
49.0000 0.0910
54.0000 0.0911
4.0000 0.0917
44.0000 0.0918
55.0000 0.0918
6.0000 0.0920
43.0000 0.0921
37.0000 0.0924
19.0000 0.0927
40.0000 0.0927
18.0000 0.0932
1.0000 0.0935
33.0000 0.0936
15.0000 0.0940
57.0000 0.0948
41.0000 0.0954
52.0000 0.0957
7.0000 0.0958
14.0000 0.0958
16.0000 0.0958
35.0000 0.0960
59.0000 0.0960
12.0000 0.0963
5.0000 0.0964
39.0000 0.0971
2.0000 0.0973
13.0000 0.0976
45.0000 0.0982
11.0000 0.0984
42.0000 0.0992
0.0000 0.0993
56.0000 0.0996
58.0000 0.1003
30.0000 0.1006
17.0000 0.1007
27.0000 0.1008
9.0000 0.1009
10.0000 0.1029
37.0000 0.1035
18.0000 0.1041
23.0000 0.1042
55.0000 0.1043
8.0000 0.1044
25.0000 0.1045
43.0000 0.1045
36.0000 0.1047
51.0000 0.1052
33.0000 0.1055
26.0000 0.1056
57.0000 0.1057
6.0000 0.1061
15.0000 0.1063
7.0000 0.1064
29.0000 0.1064
40.0000 0.1065
1.0000 0.1067
28.0000 0.1067
34.0000 0.1075
46.0000 0.1077
5.0000 0.1079
50.0000 0.1080
45.0000 0.1081
24.0000 0.1082
35.0000 0.1082
0.0000 0.1084
16.0000 0.1088
42.0000 0.1094
39.0000 0.1098
9.0000 0.1102
41.0000 0.1102
13.0000 0.1106
17.0000 0.1106
19.0000 0.1106
31.0000 0.1106
58.0000 0.1109
53.0000 0.1116
4.0000 0.1117
54.0000 0.1117
12.0000 0.1122
37.0000 0.1124
30.0000 0.1125
52.0000 0.1126
22.0000 0.1134
2.0000 0.1137
59.0000 0.1140
43.0000 0.1145
18.0000 0.1146
57.0000 0.1149
55.0000 0.1159
7.0000 0.1163
14.0000 0.1168
48.0000 0.1168
11.0000 0.1171
56.0000 0.1171
33.0000 0.1173
25.0000 0.1175
45.0000 0.1178
0.0000 0.1183
6.0000 0.1183
10.0000 0.1189
15.0000 0.1189
40.0000 0.1189
23.0000 0.1191
9.0000 0.1192
42.0000 0.1193
1.0000 0.1195
5.0000 0.1196
17.0000 0.1205
35.0000 0.1213
49.0000 0.1221
37.0000 0.1226
58.0000 0.1227
39.0000 0.1235
16.0000 0.1237
43.0000 0.1242
50.0000 0.1246
30.0000 0.1247
27.0000 0.1249
8.0000 0.1250
26.0000 0.1250
18.0000 0.1251
13.0000 0.1254
57.0000 0.1257
7.0000 0.1265
24.0000 0.1265
12.0000 0.1266
41.0000 0.1266
45.0000 0.1271
52.0000 0.1271
29.0000 0.1276
44.0000 0.1276
55.0000 0.1278
0.0000 0.1279
36.0000 0.1281
28.0000 0.1286
42.0000 0.1286
9.0000 0.1287
19.0000 0.1289
25.0000 0.1290
33.0000 0.1290
15.0000 0.1297
6.0000 0.1298
4.0000 0.1299
17.0000 0.1299
1.0000 0.1301
5.0000 0.1302
54.0000 0.1308
59.0000 0.1310
40.0000 0.1313
53.0000 0.1320
46.0000 0.1321
37.0000 0.1323
23.0000 0.1331
22.0000 0.1332
35.0000 0.1337
58.0000 0.1343
11.0000 0.1345
2.0000 0.1346
18.0000 0.1348
31.0000 0.1350
56.0000 0.1351
10.0000 0.1352
43.0000 0.1354
57.0000 0.1362
39.0000 0.1366
45.0000 0.1369
7.0000 0.1371
34.0000 0.1371
9.0000 0.1375
16.0000 0.1379
0.0000 0.1381
30.0000 0.1382
42.0000 0.1384
14.0000 0.1385
13.0000 0.1392
3.0000 0.1395
50.0000 0.1398
55.0000 0.1398
12.0000 0.1399
17.0000 0.1401
48.0000 0.1401
6.0000 0.1408
33.0000 0.1408
5.0000 0.1409
37.0000 0.1409
52.0000 0.1409
15.0000 0.1418
25.0000 0.1420
1.0000 0.1421
8.0000 0.1423
26.0000 0.1425
41.0000 0.1437
18.0000 0.1447
58.0000 0.1448
40.0000 0.1449
35.0000 0.1451
27.0000 0.1455
45.0000 0.1457
43.0000 0.1460
57.0000 0.1462
59.0000 0.1462
9.0000 0.1468
29.0000 0.1468
0.0000 0.1472
4.0000 0.1478
23.0000 0.1478
7.0000 0.1479
24.0000 0.1483
19.0000 0.1484
39.0000 0.1489
30.0000 0.1492
42.0000 0.1492
17.0000 0.1500
55.0000 0.1507
37.0000 0.1508
28.0000 0.1511
5.0000 0.1512
16.0000 0.1512
2.0000 0.1513
33.0000 0.1514
49.0000 0.1514
10.0000 0.1515
11.0000 0.1515
22.0000 0.1516
13.0000 0.1520
36.0000 0.1523
56.0000 0.1524
15.0000 0.1527
6.0000 0.1528
54.0000 0.1530
1.0000 0.1535
12.0000 0.1535
18.0000 0.1538
51.0000 0.1541
53.0000 0.1542
25.0000 0.1543
45.0000 0.1544
50.0000 0.1545
43.0000 0.1549
58.0000 0.1549
9.0000 0.1556
31.0000 0.1559
46.0000 0.1559
57.0000 0.1559
0.0000 0.1560
52.0000 0.1561
40.0000 0.1568
7.0000 0.1569
35.0000 0.1569
8.0000 0.1574
42.0000 0.1583
17.0000 0.1587
41.0000 0.1588
37.0000 0.1596
14.0000 0.1602
39.0000 0.1611
23.0000 0.1615
26.0000 0.1615
59.0000 0.1615
30.0000 0.1617
44.0000 0.1620
55.0000 0.1621
33.0000 0.1626
5.0000 0.1627
34.0000 0.1630
48.0000 0.1632
15.0000 0.1635
29.0000 0.1635
45.0000 0.1635
18.0000 0.1639
6.0000 0.1642
16.0000 0.1642
9.0000 0.1643
1.0000 0.1644
12.0000 0.1647
43.0000 0.1647
19.0000 0.1648
4.0000 0.1649
0.0000 0.1650
13.0000 0.1651
57.0000 0.1651
27.0000 0.1652
10.0000 0.1657
24.0000 0.1659
25.0000 0.1661
58.0000 0.1661
7.0000 0.1674
56.0000 0.1680
37.0000 0.1681
42.0000 0.1681
17.0000 0.1682
2.0000 0.1688
35.0000 0.1688
50.0000 0.1690
11.0000 0.1694
40.0000 0.1698
22.0000 0.1699
52.0000 0.1701
28.0000 0.1710
45.0000 0.1719
30.0000 0.1722
49.0000 0.1723
39.0000 0.1724
55.0000 0.1725
9.0000 0.1726
54.0000 0.1726
5.0000 0.1727
18.0000 0.1729
53.0000 0.1729
41.0000 0.1730
33.0000 0.1732
43.0000 0.1738
36.0000 0.1739
8.0000 0.1740
0.0000 0.1741
57.0000 0.1741
15.0000 0.1749
1.0000 0.1755
6.0000 0.1756
3.0000 0.1757
46.0000 0.1757
23.0000 0.1760
12.0000 0.1764
37.0000 0.1768
16.0000 0.1769
58.0000 0.1769
31.0000 0.1770
7.0000 0.1771
59.0000 0.1772
17.0000 0.1774
42.0000 0.1778
13.0000 0.1782
25.0000 0.1782
26.0000 0.1788
35.0000 0.1799
29.0000 0.1806
45.0000 0.1807
10.0000 0.1808
9.0000 0.1813
4.0000 0.1821
14.0000 0.1821
18.0000 0.1821
40.0000 0.1827
55.0000 0.1827
19.0000 0.1829
5.0000 0.1832
0.0000 0.1835
57.0000 0.1837
24.0000 0.1838
50.0000 0.1838
27.0000 0.1840
33.0000 0.1842
43.0000 0.1843
52.0000 0.1844
30.0000 0.1847
39.0000 0.1856
37.0000 0.1857
48.0000 0.1862
17.0000 0.1866
15.0000 0.1868
56.0000 0.1870
11.0000 0.1872
42.0000 0.1873
6.0000 0.1874
1.0000 0.1875
58.0000 0.1878
7.0000 0.1881
16.0000 0.1883
2.0000 0.1885
12.0000 0.1889
22.0000 0.1891
41.0000 0.1891
8.0000 0.1894
45.0000 0.1895
9.0000 0.1898
23.0000 0.1898
13.0000 0.1904
28.0000 0.1905
25.0000 0.1907
35.0000 0.1913
51.0000 0.1913
59.0000 0.1915
18.0000 0.1917
47.0000 0.1917
34.0000 0.1923
55.0000 0.1923
0.0000 0.1927
54.0000 0.1930
53.0000 0.1932
57.0000 0.1933
26.0000 0.1935
5.0000 0.1937
33.0000 0.1938
43.0000 0.1939
37.0000 0.1942
40.0000 0.1947
30.0000 0.1952
10.0000 0.1953
36.0000 0.1956
17.0000 0.1957
42.0000 0.1970
39.0000 0.1971
46.0000 0.1978
7.0000 0.1981
9.0000 0.1982
29.0000 0.1982
52.0000 0.1982
6.0000 0.1983
58.0000 0.1983
31.0000 0.1985
15.0000 0.1987
49.0000 0.1988
50.0000 0.1990
45.0000 0.1992
4.0000 0.1993
1.0000 0.1994
44.0000 0.1996
