0.0000 0.0000
1.0000 0.0000
2.0000 0.0000
3.0000 0.0000
4.0000 0.0000
5.0000 0.0000
6.0000 0.0000
7.0000 0.0000
8.0000 0.0000
9.0000 0.0000
10.0000 0.0000
11.0000 0.0000
12.0000 0.0000
13.0000 0.0000
14.0000 0.0000
15.0000 0.0000
16.0000 0.0000
17.0000 0.0000
18.0000 0.0000
19.0000 0.0000
20.0000 0.0000
21.0000 0.0000
22.0000 0.0000
23.0000 0.0000
24.0000 0.0000
25.0000 0.0000
26.0000 0.0000
27.0000 0.0000
28.0000 0.0000
29.0000 0.0000
30.0000 0.0000
31.0000 0.0000
32.0000 0.0000
33.0000 0.0000
34.0000 0.0000
35.0000 0.0000
36.0000 0.0000
37.0000 0.0000
38.0000 0.0000
39.0000 0.0000
40.0000 0.0000
41.0000 0.0000
42.0000 0.0000
43.0000 0.0000
44.0000 0.0000
45.0000 0.0000
46.0000 0.0000
47.0000 0.0000
48.0000 0.0000
49.0000 0.0000
50.0000 0.0000
51.0000 0.0000
52.0000 0.0000
53.0000 0.0000
54.0000 0.0000
55.0000 0.0000
56.0000 0.0000
57.0000 0.0000
58.0000 0.0000
59.0000 0.0000
60.0000 0.0000
61.0000 0.0000
62.0000 0.0000
63.0000 0.0000
64.0000 0.0000
65.0000 0.0000
66.0000 0.0000
67.0000 0.0000
68.0000 0.0000
69.0000 0.0000
70.0000 0.0000
71.0000 0.0000
72.0000 0.0000
73.0000 0.0000
74.0000 0.0000
75.0000 0.0000
76.0000 0.0000
77.0000 0.0000
78.0000 0.0000
79.0000 0.0000
80.0000 0.0000
81.0000 0.0000
82.0000 0.0000
83.0000 0.0000
84.0000 0.0000
85.0000 0.0000
86.0000 0.0000
87.0000 0.0000
88.0000 0.0000
89.0000 0.0000
90.0000 0.0000
91.0000 0.0000
92.0000 0.0000
93.0000 0.0000
94.0000 0.0000
95.0000 0.0000
96.0000 0.0000
97.0000 0.0000
98.0000 0.0000
99.0000 0.0000
100.0000 0.0000
101.0000 0.0000
102.0000 0.0000
103.0000 0.0000
104.0000 0.0000
105.0000 0.0000
106.0000 0.0000
107.0000 0.0000
108.0000 0.0000
109.0000 0.0000
110.0000 0.0000
111.0000 0.0000
112.0000 0.0000
113.0000 0.0000
114.0000 0.0000
115.0000 0.0000
116.0000 0.0000
117.0000 0.0000
118.0000 0.0000
119.0000 0.0000
120.0000 0.0000
121.0000 0.0000
122.0000 0.0000
123.0000 0.0000
124.0000 0.0000
125.0000 0.0000
126.0000 0.0000
127.0000 0.0000
128.0000 0.0000
129.0000 0.0000
130.0000 0.0000
131.0000 0.0000
132.0000 0.0000
133.0000 0.0000
134.0000 0.0000
135.0000 0.0000
136.0000 0.0000
137.0000 0.0000
138.0000 0.0000
139.0000 0.0000
140.0000 0.0000
141.0000 0.0000
142.0000 0.0000
143.0000 0.0000
144.0000 0.0000
145.0000 0.0000
146.0000 0.0000
147.0000 0.0000
148.0000 0.0000
149.0000 0.0000
159.0000 0.0044
153.0000 0.0046
161.0000 0.0047
190.0000 0.0047
221.0000 0.0047
195.0000 0.0050
237.0000 0.0050
170.0000 0.0051
165.0000 0.0052
169.0000 0.0052
176.0000 0.0052
182.0000 0.0053
210.0000 0.0053
167.0000 0.0054
211.0000 0.0054
168.0000 0.0055
158.0000 0.0056
177.0000 0.0056
234.0000 0.0057
162.0000 0.0058
179.0000 0.0058
186.0000 0.0058
239.0000 0.0060
155.0000 0.0061
191.0000 0.0061
180.0000 0.0063
215.0000 0.0063
228.0000 0.0063
157.0000 0.0064
209.0000 0.0064
227.0000 0.0067
173.0000 0.0068
196.0000 0.0068
184.0000 0.0071
233.0000 0.0071
224.0000 0.0072
213.0000 0.0073
181.0000 0.0075
172.0000 0.0076
183.0000 0.0077
207.0000 0.0078
214.0000 0.0078
203.0000 0.0079
151.0000 0.0080
154.0000 0.0082
164.0000 0.0082
201.0000 0.0085
206.0000 0.0085
197.0000 0.0086
198.0000 0.0086
185.0000 0.0090
208.0000 0.0090
232.0000 0.0091
216.0000 0.0092
187.0000 0.0093
194.0000 0.0093
175.0000 0.0094
150.0000 0.0103
178.0000 0.0103
225.0000 0.0104
52.0000 0.0108
42.0000 0.0110
142.0000 0.0111
204.0000 0.0115
32.0000 0.0116
44.0000 0.0121
46.0000 0.0121
231.0000 0.0121
3.0000 0.0129
104.0000 0.0131
163.0000 0.0136
1.0000 0.0138
77.0000 0.0139
26.0000 0.0142
15.0000 0.0143
145.0000 0.0143
74.0000 0.0145
75.0000 0.0145
111.0000 0.0146
31.0000 0.0147
108.0000 0.0150
106.0000 0.0151
124.0000 0.0153
16.0000 0.0154
50.0000 0.0160
24.0000 0.0161
23.0000 0.0162
130.0000 0.0163
160.0000 0.0163
101.0000 0.0165
123.0000 0.0167
217.0000 0.0168
137.0000 0.0170
96.0000 0.0171
103.0000 0.0172
128.0000 0.0173
226.0000 0.0173
6.0000 0.0174
193.0000 0.0174
76.0000 0.0175
229.0000 0.0176
61.0000 0.0179
9.0000 0.0180
90.0000 0.0181
136.0000 0.0181
97.0000 0.0182
28.0000 0.0186
190.0000 0.0189
143.0000 0.0191
158.0000 0.0192
5.0000 0.0193
238.0000 0.0193
4.0000 0.0195
236.0000 0.0196
107.0000 0.0197
146.0000 0.0198
38.0000 0.0199
14.0000 0.0200
134.0000 0.0200
138.0000 0.0202
223.0000 0.0202
237.0000 0.0202
139.0000 0.0203
30.0000 0.0204
2.0000 0.0206
22.0000 0.0206
72.0000 0.0209
10.0000 0.0211
88.0000 0.0212
131.0000 0.0215
161.0000 0.0217
171.0000 0.0217
47.0000 0.0219
17.0000 0.0220
228.0000 0.0220
153.0000 0.0221
86.0000 0.0223
102.0000 0.0225
93.0000 0.0227
66.0000 0.0229
211.0000 0.0229
71.0000 0.0230
192.0000 0.0230
21.0000 0.0231
56.0000 0.0231
57.0000 0.0233
166.0000 0.0233
209.0000 0.0233
73.0000 0.0234
49.0000 0.0235
59.0000 0.0236
173.0000 0.0237
221.0000 0.0237
186.0000 0.0240
195.0000 0.0240
12.0000 0.0242
91.0000 0.0242
162.0000 0.0242
52.0000 0.0244
89.0000 0.0244
48.0000 0.0245
53.0000 0.0245
60.0000 0.0245
199.0000 0.0245
196.0000 0.0247
184.0000 0.0250
109.0000 0.0251
65.0000 0.0252
68.0000 0.0253
220.0000 0.0253
219.0000 0.0260
183.0000 0.0261
148.0000 0.0263
159.0000 0.0266
20.0000 0.0267
3.0000 0.0269
32.0000 0.0271
172.0000 0.0273
206.0000 0.0273
25.0000 0.0274
119.0000 0.0276
239.0000 0.0276
234.0000 0.0281
180.0000 0.0282
118.0000 0.0284
129.0000 0.0284
44.0000 0.0285
43.0000 0.0287
77.0000 0.0287
215.0000 0.0287
125.0000 0.0288
142.0000 0.0289
100.0000 0.0292
133.0000 0.0293
42.0000 0.0296
54.0000 0.0296
200.0000 0.0296
101.0000 0.0298
194.0000 0.0298
232.0000 0.0301
164.0000 0.0302
29.0000 0.0303
15.0000 0.0304
178.0000 0.0306
207.0000 0.0307
151.0000 0.0308
108.0000 0.0309
124.0000 0.0309
197.0000 0.0310
26.0000 0.0311
157.0000 0.0312
46.0000 0.0313
80.0000 0.0314
94.0000 0.0314
165.0000 0.0315
168.0000 0.0315
158.0000 0.0316
74.0000 0.0322
90.0000 0.0322
191.0000 0.0322
170.0000 0.0325
83.0000 0.0328
130.0000 0.0328
145.0000 0.0328
203.0000 0.0328
213.0000 0.0332
7.0000 0.0333
123.0000 0.0333
95.0000 0.0335
227.0000 0.0338
231.0000 0.0338
132.0000 0.0339
176.0000 0.0339
111.0000 0.0341
128.0000 0.0344
39.0000 0.0346
16.0000 0.0349
4.0000 0.0350
106.0000 0.0355
228.0000 0.0358
61.0000 0.0359
135.0000 0.0359
153.0000 0.0360
161.0000 0.0360
55.0000 0.0366
146.0000 0.0369
6.0000 0.0370
104.0000 0.0370
140.0000 0.0371
105.0000 0.0375
187.0000 0.0377
52.0000 0.0378
64.0000 0.0380
28.0000 0.0383
76.0000 0.0384
211.0000 0.0393
201.0000 0.0395
31.0000 0.0400
137.0000 0.0401
1.0000 0.0404
237.0000 0.0404
22.0000 0.0406
229.0000 0.0411
186.0000 0.0415
50.0000 0.0416
190.0000 0.0421
77.0000 0.0422
5.0000 0.0423
162.0000 0.0425
37.0000 0.0427
107.0000 0.0430
24.0000 0.0431
209.0000 0.0441
169.0000 0.0445
56.0000 0.0446
136.0000 0.0452
32.0000 0.0458
143.0000 0.0475
142.0000 0.0492
86.0000 0.0494
158.0000 0.0498
138.0000 0.0513
184.0000 0.0534
