0.0000 0.0000
1.0000 0.0000
2.0000 0.0000
3.0000 0.0000
4.0000 0.0000
5.0000 0.0000
6.0000 0.0000
7.0000 0.0000
8.0000 0.0000
9.0000 0.0000
10.0000 0.0000
11.0000 0.0000
12.0000 0.0000
13.0000 0.0000
14.0000 0.0000
15.0000 0.0000
16.0000 0.0000
17.0000 0.0000
18.0000 0.0000
19.0000 0.0000
20.0000 0.0000
21.0000 0.0000
22.0000 0.0000
23.0000 0.0000
24.0000 0.0000
25.0000 0.0000
26.0000 0.0000
27.0000 0.0000
28.0000 0.0000
29.0000 0.0000
30.0000 0.0000
31.0000 0.0000
32.0000 0.0000
33.0000 0.0000
34.0000 0.0000
35.0000 0.0000
36.0000 0.0000
37.0000 0.0000
38.0000 0.0000
39.0000 0.0000
40.0000 0.0000
41.0000 0.0000
42.0000 0.0000
43.0000 0.0000
44.0000 0.0000
45.0000 0.0000
46.0000 0.0000
47.0000 0.0000
48.0000 0.0000
49.0000 0.0000
50.0000 0.0000
51.0000 0.0000
52.0000 0.0000
53.0000 0.0000
54.0000 0.0000
55.0000 0.0000
56.0000 0.0000
57.0000 0.0000
58.0000 0.0000
59.0000 0.0000
60.0000 0.0000
61.0000 0.0000
62.0000 0.0000
63.0000 0.0000
64.0000 0.0000
65.0000 0.0000
66.0000 0.0000
67.0000 0.0000
68.0000 0.0000
69.0000 0.0000
70.0000 0.0000
71.0000 0.0000
72.0000 0.0000
73.0000 0.0000
74.0000 0.0000
75.0000 0.0000
76.0000 0.0000
77.0000 0.0000
78.0000 0.0000
79.0000 0.0000
80.0000 0.0000
81.0000 0.0000
82.0000 0.0000
83.0000 0.0000
84.0000 0.0000
85.0000 0.0000
86.0000 0.0000
87.0000 0.0000
88.0000 0.0000
89.0000 0.0000
90.0000 0.0000
91.0000 0.0000
92.0000 0.0000
93.0000 0.0000
94.0000 0.0000
95.0000 0.0000
96.0000 0.0000
97.0000 0.0000
98.0000 0.0000
99.0000 0.0000
100.0000 0.0000
101.0000 0.0000
102.0000 0.0000
103.0000 0.0000
104.0000 0.0000
105.0000 0.0000
106.0000 0.0000
107.0000 0.0000
108.0000 0.0000
109.0000 0.0000
110.0000 0.0000
111.0000 0.0000
112.0000 0.0000
113.0000 0.0000
114.0000 0.0000
115.0000 0.0000
116.0000 0.0000
117.0000 0.0000
118.0000 0.0000
119.0000 0.0000
120.0000 0.0000
121.0000 0.0000
122.0000 0.0000
123.0000 0.0000
124.0000 0.0000
125.0000 0.0000
126.0000 0.0000
127.0000 0.0000
128.0000 0.0000
129.0000 0.0000
130.0000 0.0000
131.0000 0.0000
132.0000 0.0000
133.0000 0.0000
134.0000 0.0000
135.0000 0.0000
136.0000 0.0000
137.0000 0.0000
138.0000 0.0000
139.0000 0.0000
140.0000 0.0000
141.0000 0.0000
142.0000 0.0000
143.0000 0.0000
144.0000 0.0000
145.0000 0.0000
146.0000 0.0000
147.0000 0.0000
148.0000 0.0000
149.0000 0.0000
178.0000 0.0035
213.0000 0.0038
214.0000 0.0043
155.0000 0.0047
191.0000 0.0047
207.0000 0.0047
205.0000 0.0048
163.0000 0.0049
229.0000 0.0049
187.0000 0.0050
226.0000 0.0050
170.0000 0.0051
180.0000 0.0051
200.0000 0.0052
201.0000 0.0052
217.0000 0.0052
165.0000 0.0053
219.0000 0.0053
227.0000 0.0053
195.0000 0.0054
225.0000 0.0054
154.0000 0.0055
171.0000 0.0055
199.0000 0.0055
231.0000 0.0055
168.0000 0.0056
233.0000 0.0056
234.0000 0.0056
174.0000 0.0057
209.0000 0.0057
210.0000 0.0057
173.0000 0.0058
182.0000 0.0059
228.0000 0.0060
238.0000 0.0060
153.0000 0.0061
198.0000 0.0061
220.0000 0.0061
152.0000 0.0062
208.0000 0.0064
158.0000 0.0065
167.0000 0.0065
188.0000 0.0065
232.0000 0.0065
156.0000 0.0066
161.0000 0.0066
162.0000 0.0066
211.0000 0.0066
177.0000 0.0068
196.0000 0.0071
176.0000 0.0073
239.0000 0.0073
190.0000 0.0077
197.0000 0.0077
186.0000 0.0078
223.0000 0.0079
175.0000 0.0081
193.0000 0.0081
212.0000 0.0081
192.0000 0.0082
216.0000 0.0087
230.0000 0.0090
118.0000 0.0092
215.0000 0.0099
126.0000 0.0102
2.0000 0.0103
20.0000 0.0104
1.0000 0.0105
44.0000 0.0105
151.0000 0.0105
114.0000 0.0106
194.0000 0.0109
235.0000 0.0112
29.0000 0.0114
184.0000 0.0114
36.0000 0.0115
18.0000 0.0116
140.0000 0.0119
15.0000 0.0120
130.0000 0.0123
132.0000 0.0123
61.0000 0.0124
22.0000 0.0127
73.0000 0.0128
127.0000 0.0128
157.0000 0.0128
160.0000 0.0129
59.0000 0.0130
105.0000 0.0132
77.0000 0.0133
133.0000 0.0133
10.0000 0.0135
204.0000 0.0136
13.0000 0.0138
32.0000 0.0139
224.0000 0.0139
35.0000 0.0141
93.0000 0.0143
166.0000 0.0143
54.0000 0.0144
116.0000 0.0144
52.0000 0.0145
143.0000 0.0146
78.0000 0.0147
236.0000 0.0147
181.0000 0.0148
28.0000 0.0149
183.0000 0.0149
145.0000 0.0150
58.0000 0.0152
113.0000 0.0152
31.0000 0.0154
123.0000 0.0154
131.0000 0.0154
3.0000 0.0156
6.0000 0.0156
80.0000 0.0156
115.0000 0.0156
134.0000 0.0156
0.0000 0.0157
7.0000 0.0157
141.0000 0.0157
88.0000 0.0158
95.0000 0.0159
155.0000 0.0159
16.0000 0.0160
103.0000 0.0161
43.0000 0.0162
53.0000 0.0163
98.0000 0.0163
142.0000 0.0163
46.0000 0.0164
91.0000 0.0164
94.0000 0.0165
107.0000 0.0166
38.0000 0.0167
120.0000 0.0167
179.0000 0.0168
25.0000 0.0169
144.0000 0.0169
102.0000 0.0171
178.0000 0.0172
27.0000 0.0174
66.0000 0.0174
81.0000 0.0174
173.0000 0.0174
202.0000 0.0174
37.0000 0.0175
67.0000 0.0175
30.0000 0.0176
24.0000 0.0177
47.0000 0.0177
213.0000 0.0178
39.0000 0.0179
84.0000 0.0179
138.0000 0.0180
191.0000 0.0181
207.0000 0.0181
117.0000 0.0182
199.0000 0.0183
137.0000 0.0185
148.0000 0.0185
48.0000 0.0186
125.0000 0.0186
226.0000 0.0186
150.0000 0.0187
200.0000 0.0187
211.0000 0.0187
40.0000 0.0188
180.0000 0.0188
72.0000 0.0189
135.0000 0.0189
198.0000 0.0189
218.0000 0.0189
17.0000 0.0190
14.0000 0.0191
152.0000 0.0191
170.0000 0.0191
149.0000 0.0192
222.0000 0.0192
233.0000 0.0192
41.0000 0.0193
92.0000 0.0193
209.0000 0.0193
220.0000 0.0193
164.0000 0.0194
228.0000 0.0194
96.0000 0.0195
51.0000 0.0196
71.0000 0.0196
174.0000 0.0196
64.0000 0.0197
217.0000 0.0198
89.0000 0.0199
118.0000 0.0199
8.0000 0.0200
162.0000 0.0201
176.0000 0.0201
234.0000 0.0201
119.0000 0.0202
232.0000 0.0204
56.0000 0.0205
90.0000 0.0205
223.0000 0.0205
20.0000 0.0206
55.0000 0.0206
97.0000 0.0206
57.0000 0.0207
2.0000 0.0208
100.0000 0.0208
189.0000 0.0208
126.0000 0.0209
136.0000 0.0209
171.0000 0.0209
1.0000 0.0210
201.0000 0.0210
111.0000 0.0213
114.0000 0.0213
128.0000 0.0213
193.0000 0.0213
21.0000 0.0214
225.0000 0.0214
177.0000 0.0215
214.0000 0.0215
216.0000 0.0215
4.0000 0.0216
156.0000 0.0216
44.0000 0.0217
190.0000 0.0217
239.0000 0.0217
188.0000 0.0218
130.0000 0.0219
29.0000 0.0220
65.0000 0.0220
229.0000 0.0220
165.0000 0.0221
158.0000 0.0223
36.0000 0.0224
104.0000 0.0225
87.0000 0.0227
18.0000 0.0228
33.0000 0.0228
230.0000 0.0228
15.0000 0.0229
63.0000 0.0229
61.0000 0.0230
109.0000 0.0230
59.0000 0.0231
212.0000 0.0231
9.0000 0.0232
154.0000 0.0232
140.0000 0.0233
186.0000 0.0233
231.0000 0.0233
70.0000 0.0235
182.0000 0.0237
210.0000 0.0237
219.0000 0.0237
132.0000 0.0239
192.0000 0.0239
227.0000 0.0240
35.0000 0.0242
133.0000 0.0245
187.0000 0.0246
42.0000 0.0247
52.0000 0.0247
215.0000 0.0247
22.0000 0.0248
105.0000 0.0248
26.0000 0.0250
73.0000 0.0252
155.0000 0.0252
108.0000 0.0255
77.0000 0.0257
116.0000 0.0257
127.0000 0.0257
238.0000 0.0257
10.0000 0.0259
93.0000 0.0261
62.0000 0.0263
163.0000 0.0263
7.0000 0.0265
197.0000 0.0265
13.0000 0.0266
175.0000 0.0266
151.0000 0.0268
143.0000 0.0269
195.0000 0.0269
11.0000 0.0270
28.0000 0.0270
173.0000 0.0270
54.0000 0.0272
78.0000 0.0272
129.0000 0.0272
123.0000 0.0277
120.0000 0.0278
196.0000 0.0279
31.0000 0.0283
32.0000 0.0283
211.0000 0.0284
145.0000 0.0286
194.0000 0.0286
115.0000 0.0287
95.0000 0.0289
113.0000 0.0289
80.0000 0.0290
49.0000 0.0293
178.0000 0.0293
199.0000 0.0293
69.0000 0.0296
208.0000 0.0297
6.0000 0.0298
88.0000 0.0298
134.0000 0.0298
16.0000 0.0299
174.0000 0.0299
58.0000 0.0300
142.0000 0.0300
168.0000 0.0300
94.0000 0.0301
207.0000 0.0301
213.0000 0.0301
206.0000 0.0304
3.0000 0.0305
20.0000 0.0305
2.0000 0.0307
114.0000 0.0308
184.0000 0.0308
23.0000 0.0309
198.0000 0.0309
209.0000 0.0309
233.0000 0.0309
118.0000 0.0310
191.0000 0.0311
126.0000 0.0312
53.0000 0.0315
144.0000 0.0316
180.0000 0.0316
232.0000 0.0316
45.0000 0.0317
110.0000 0.0317
131.0000 0.0317
0.0000 0.0318
75.0000 0.0318
205.0000 0.0318
228.0000 0.0318
36.0000 0.0319
47.0000 0.0319
91.0000 0.0319
152.0000 0.0319
103.0000 0.0320
107.0000 0.0320
226.0000 0.0320
235.0000 0.0320
66.0000 0.0322
81.0000 0.0322
130.0000 0.0322
200.0000 0.0322
27.0000 0.0323
29.0000 0.0323
170.0000 0.0323
43.0000 0.0325
1.0000 0.0326
98.0000 0.0327
220.0000 0.0327
223.0000 0.0328
146.0000 0.0329
160.0000 0.0329
176.0000 0.0329
183.0000 0.0329
217.0000 0.0329
44.0000 0.0331
18.0000 0.0332
46.0000 0.0332
162.0000 0.0333
234.0000 0.0333
181.0000 0.0334
67.0000 0.0336
193.0000 0.0336
216.0000 0.0336
167.0000 0.0337
101.0000 0.0339
15.0000 0.0340
204.0000 0.0340
61.0000 0.0341
190.0000 0.0341
122.0000 0.0342
141.0000 0.0342
25.0000 0.0343
59.0000 0.0343
71.0000 0.0343
102.0000 0.0346
117.0000 0.0346
132.0000 0.0346
138.0000 0.0347
149.0000 0.0347
155.0000 0.0347
140.0000 0.0348
177.0000 0.0348
239.0000 0.0349
125.0000 0.0350
158.0000 0.0351
133.0000 0.0353
17.0000 0.0354
22.0000 0.0354
52.0000 0.0357
171.0000 0.0358
105.0000 0.0362
38.0000 0.0363
84.0000 0.0363
148.0000 0.0363
225.0000 0.0363
137.0000 0.0364
179.0000 0.0364
188.0000 0.0364
230.0000 0.0365
37.0000 0.0366
173.0000 0.0366
8.0000 0.0367
24.0000 0.0371
35.0000 0.0371
116.0000 0.0371
186.0000 0.0371
14.0000 0.0372
124.0000 0.0372
48.0000 0.0374
92.0000 0.0378
68.0000 0.0379
229.0000 0.0379
10.0000 0.0380
7.0000 0.0382
73.0000 0.0383
211.0000 0.0389
215.0000 0.0389
20.0000 0.0393
154.0000 0.0393
166.0000 0.0393
127.0000 0.0394
212.0000 0.0394
93.0000 0.0395
143.0000 0.0395
54.0000 0.0396
78.0000 0.0398
28.0000 0.0399
135.0000 0.0402
40.0000 0.0404
51.0000 0.0404
199.0000 0.0405
77.0000 0.0406
13.0000 0.0407
192.0000 0.0407
31.0000 0.0408
182.0000 0.0408
2.0000 0.0410
126.0000 0.0411
145.0000 0.0411
165.0000 0.0411
72.0000 0.0412
89.0000 0.0412
30.0000 0.0413
156.0000 0.0413
178.0000 0.0414
233.0000 0.0415
209.0000 0.0418
16.0000 0.0419
41.0000 0.0420
118.0000 0.0420
207.0000 0.0420
111.0000 0.0421
29.0000 0.0422
120.0000 0.0422
114.0000 0.0423
115.0000 0.0424
224.0000 0.0424
231.0000 0.0424
32.0000 0.0426
36.0000 0.0426
136.0000 0.0427
236.0000 0.0427
87.0000 0.0428
88.0000 0.0428
130.0000 0.0428
174.0000 0.0428
113.0000 0.0429
201.0000 0.0430
96.0000 0.0432
210.0000 0.0434
213.0000 0.0434
1.0000 0.0435
90.0000 0.0435
95.0000 0.0435
214.0000 0.0435
119.0000 0.0436
198.0000 0.0436
6.0000 0.0437
79.0000 0.0437
232.0000 0.0437
200.0000 0.0438
227.0000 0.0438
64.0000 0.0439
18.0000 0.0440
123.0000 0.0441
15.0000 0.0442
152.0000 0.0442
57.0000 0.0443
44.0000 0.0444
180.0000 0.0445
191.0000 0.0446
170.0000 0.0447
39.0000 0.0448
94.0000 0.0449
100.0000 0.0449
176.0000 0.0450
216.0000 0.0450
219.0000 0.0450
55.0000 0.0451
61.0000 0.0451
187.0000 0.0452
228.0000 0.0452
226.0000 0.0453
175.0000 0.0454
59.0000 0.0455
97.0000 0.0456
238.0000 0.0456
58.0000 0.0458
155.0000 0.0459
162.0000 0.0459
53.0000 0.0460
4.0000 0.0461
195.0000 0.0461
223.0000 0.0462
0.0000 0.0463
142.0000 0.0463
144.0000 0.0463
220.0000 0.0463
91.0000 0.0464
134.0000 0.0464
157.0000 0.0464
22.0000 0.0465
47.0000 0.0466
128.0000 0.0466
193.0000 0.0466
197.0000 0.0466
21.0000 0.0467
56.0000 0.0467
147.0000 0.0467
81.0000 0.0469
133.0000 0.0469
190.0000 0.0469
9.0000 0.0470
52.0000 0.0470
80.0000 0.0470
131.0000 0.0470
104.0000 0.0472
173.0000 0.0472
217.0000 0.0472
121.0000 0.0473
132.0000 0.0474
239.0000 0.0474
46.0000 0.0475
222.0000 0.0475
129.0000 0.0476
107.0000 0.0477
196.0000 0.0477
116.0000 0.0478
140.0000 0.0478
234.0000 0.0478
35.0000 0.0479
105.0000 0.0481
33.0000 0.0482
103.0000 0.0482
211.0000 0.0483
5.0000 0.0484
20.0000 0.0484
151.0000 0.0485
194.0000 0.0491
43.0000 0.0493
49.0000 0.0493
10.0000 0.0494
27.0000 0.0494
184.0000 0.0495
7.0000 0.0496
177.0000 0.0496
158.0000 0.0497
230.0000 0.0497
65.0000 0.0498
3.0000 0.0503
71.0000 0.0503
66.0000 0.0509
102.0000 0.0509
126.0000 0.0509
25.0000 0.0511
2.0000 0.0512
149.0000 0.0513
29.0000 0.0514
141.0000 0.0514
93.0000 0.0517
143.0000 0.0517
171.0000 0.0518
117.0000 0.0520
54.0000 0.0521
73.0000 0.0521
78.0000 0.0521
199.0000 0.0522
114.0000 0.0523
11.0000 0.0524
31.0000 0.0524
36.0000 0.0526
137.0000 0.0526
138.0000 0.0527
186.0000 0.0527
118.0000 0.0529
178.0000 0.0529
235.0000 0.0529
28.0000 0.0530
67.0000 0.0530
145.0000 0.0530
233.0000 0.0530
207.0000 0.0532
215.0000 0.0532
125.0000 0.0533
127.0000 0.0534
16.0000 0.0535
26.0000 0.0535
77.0000 0.0537
148.0000 0.0537
1.0000 0.0538
18.0000 0.0539
209.0000 0.0539
38.0000 0.0541
188.0000 0.0541
174.0000 0.0542
163.0000 0.0543
229.0000 0.0544
130.0000 0.0545
212.0000 0.0545
115.0000 0.0546
225.0000 0.0547
84.0000 0.0548
232.0000 0.0548
13.0000 0.0550
183.0000 0.0550
14.0000 0.0551
17.0000 0.0552
200.0000 0.0552
8.0000 0.0554
98.0000 0.0554
44.0000 0.0555
37.0000 0.0556
154.0000 0.0556
15.0000 0.0557
198.0000 0.0557
155.0000 0.0558
120.0000 0.0559
213.0000 0.0559
182.0000 0.0560
32.0000 0.0562
61.0000 0.0562
160.0000 0.0562
59.0000 0.0563
152.0000 0.0564
48.0000 0.0566
113.0000 0.0566
162.0000 0.0568
92.0000 0.0569
192.0000 0.0569
216.0000 0.0569
176.0000 0.0573
170.0000 0.0574
180.0000 0.0574
88.0000 0.0575
135.0000 0.0575
226.0000 0.0575
20.0000 0.0576
22.0000 0.0576
173.0000 0.0577
6.0000 0.0580
52.0000 0.0580
228.0000 0.0580
62.0000 0.0581
191.0000 0.0581
179.0000 0.0582
193.0000 0.0585
116.0000 0.0586
94.0000 0.0587
123.0000 0.0588
211.0000 0.0588
51.0000 0.0589
239.0000 0.0589
95.0000 0.0590
231.0000 0.0590
156.0000 0.0592
223.0000 0.0593
87.0000 0.0594
53.0000 0.0595
132.0000 0.0597
136.0000 0.0597
190.0000 0.0597
105.0000 0.0598
133.0000 0.0598
24.0000 0.0599
139.0000 0.0599
35.0000 0.0600
181.0000 0.0601
201.0000 0.0602
126.0000 0.0603
204.0000 0.0604
91.0000 0.0605
40.0000 0.0606
0.0000 0.0607
140.0000 0.0607
210.0000 0.0607
7.0000 0.0608
58.0000 0.0608
175.0000 0.0609
29.0000 0.0610
134.0000 0.0611
217.0000 0.0611
2.0000 0.0612
103.0000 0.0612
72.0000 0.0615
144.0000 0.0615
189.0000 0.0615
80.0000 0.0616
220.0000 0.0616
10.0000 0.0617
36.0000 0.0621
142.0000 0.0621
47.0000 0.0625
234.0000 0.0627
230.0000 0.0628
114.0000 0.0629
119.0000 0.0631
131.0000 0.0631
165.0000 0.0631
177.0000 0.0631
107.0000 0.0633
110.0000 0.0633
30.0000 0.0634
199.0000 0.0634
167.0000 0.0636
118.0000 0.0638
130.0000 0.0638
178.0000 0.0638
18.0000 0.0639
81.0000 0.0639
90.0000 0.0640
153.0000 0.0641
158.0000 0.0641
219.0000 0.0641
57.0000 0.0643
1.0000 0.0644
54.0000 0.0644
31.0000 0.0645
70.0000 0.0646
207.0000 0.0646
143.0000 0.0648
233.0000 0.0648
46.0000 0.0649
78.0000 0.0649
174.0000 0.0649
43.0000 0.0650
238.0000 0.0650
69.0000 0.0651
93.0000 0.0651
108.0000 0.0651
16.0000 0.0652
106.0000 0.0653
155.0000 0.0654
195.0000 0.0654
214.0000 0.0654
145.0000 0.0655
73.0000 0.0656
109.0000 0.0656
15.0000 0.0657
44.0000 0.0657
60.0000 0.0657
96.0000 0.0657
208.0000 0.0657
127.0000 0.0659
27.0000 0.0660
100.0000 0.0660
164.0000 0.0661
187.0000 0.0665
200.0000 0.0666
227.0000 0.0667
115.0000 0.0668
59.0000 0.0669
61.0000 0.0669
111.0000 0.0669
146.0000 0.0669
20.0000 0.0670
171.0000 0.0670
232.0000 0.0671
209.0000 0.0672
41.0000 0.0673
141.0000 0.0674
196.0000 0.0674
224.0000 0.0674
194.0000 0.0675
198.0000 0.0675
28.0000 0.0676
64.0000 0.0677
102.0000 0.0677
215.0000 0.0677
152.0000 0.0678
186.0000 0.0679
166.0000 0.0680
162.0000 0.0681
25.0000 0.0682
173.0000 0.0682
206.0000 0.0682
71.0000 0.0683
3.0000 0.0684
216.0000 0.0684
49.0000 0.0685
176.0000 0.0685
104.0000 0.0686
13.0000 0.0687
75.0000 0.0687
211.0000 0.0687
23.0000 0.0688
125.0000 0.0688
202.0000 0.0688
213.0000 0.0689
77.0000 0.0690
149.0000 0.0690
22.0000 0.0692
170.0000 0.0692
197.0000 0.0694
226.0000 0.0694
89.0000 0.0696
228.0000 0.0696
66.0000 0.0697
42.0000 0.0698
180.0000 0.0698
9.0000 0.0701
39.0000 0.0701
52.0000 0.0701
56.0000 0.0702
116.0000 0.0702
126.0000 0.0702
168.0000 0.0702
212.0000 0.0702
239.0000 0.0702
6.0000 0.0704
113.0000 0.0704
32.0000 0.0705
35.0000 0.0705
38.0000 0.0705
138.0000 0.0705
14.0000 0.0706
29.0000 0.0706
117.0000 0.0706
88.0000 0.0707
132.0000 0.0707
133.0000 0.0708
151.0000 0.0708
148.0000 0.0710
2.0000 0.0711
97.0000 0.0711
129.0000 0.0711
137.0000 0.0711
191.0000 0.0711
55.0000 0.0712
193.0000 0.0712
188.0000 0.0714
36.0000 0.0715
67.0000 0.0716
94.0000 0.0716
120.0000 0.0716
184.0000 0.0716
53.0000 0.0719
205.0000 0.0719
223.0000 0.0722
235.0000 0.0722
4.0000 0.0723
114.0000 0.0723
123.0000 0.0723
105.0000 0.0725
190.0000 0.0725
95.0000 0.0726
118.0000 0.0726
17.0000 0.0727
7.0000 0.0728
84.0000 0.0728
154.0000 0.0728
140.0000 0.0729
80.0000 0.0730
135.0000 0.0730
182.0000 0.0730
33.0000 0.0731
0.0000 0.0732
130.0000 0.0732
229.0000 0.0732
128.0000 0.0733
225.0000 0.0735
18.0000 0.0736
98.0000 0.0736
48.0000 0.0737
65.0000 0.0737
222.0000 0.0737
8.0000 0.0739
103.0000 0.0739
177.0000 0.0739
217.0000 0.0741
91.0000 0.0742
178.0000 0.0742
233.0000 0.0742
10.0000 0.0743
37.0000 0.0744
192.0000 0.0744
45.0000 0.0745
72.0000 0.0746
134.0000 0.0746
207.0000 0.0746
156.0000 0.0749
230.0000 0.0749
163.0000 0.0751
155.0000 0.0752
220.0000 0.0752
54.0000 0.0753
92.0000 0.0753
175.0000 0.0753
199.0000 0.0753
1.0000 0.0754
231.0000 0.0754
174.0000 0.0755
20.0000 0.0756
58.0000 0.0756
144.0000 0.0756
160.0000 0.0756
183.0000 0.0756
234.0000 0.0756
15.0000 0.0757
47.0000 0.0757
51.0000 0.0757
44.0000 0.0758
59.0000 0.0758
142.0000 0.0758
157.0000 0.0758
143.0000 0.0759
11.0000 0.0760
201.0000 0.0761
131.0000 0.0762
145.0000 0.0762
236.0000 0.0763
61.0000 0.0765
78.0000 0.0766
16.0000 0.0767
31.0000 0.0767
87.0000 0.0768
161.0000 0.0768
121.0000 0.0769
79.0000 0.0770
122.0000 0.0770
21.0000 0.0771
93.0000 0.0771
107.0000 0.0771
158.0000 0.0771
173.0000 0.0771
136.0000 0.0773
218.0000 0.0773
40.0000 0.0774
68.0000 0.0774
210.0000 0.0774
26.0000 0.0775
124.0000 0.0775
232.0000 0.0775
73.0000 0.0777
81.0000 0.0777
198.0000 0.0777
200.0000 0.0777
152.0000 0.0782
216.0000 0.0782
22.0000 0.0785
24.0000 0.0785
211.0000 0.0785
27.0000 0.0786
115.0000 0.0786
28.0000 0.0787
213.0000 0.0787
126.0000 0.0788
127.0000 0.0788
162.0000 0.0789
226.0000 0.0789
29.0000 0.0790
176.0000 0.0790
209.0000 0.0790
179.0000 0.0794
46.0000 0.0795
63.0000 0.0796
170.0000 0.0797
57.0000 0.0798
2.0000 0.0799
52.0000 0.0799
119.0000 0.0799
171.0000 0.0799
180.0000 0.0802
13.0000 0.0803
36.0000 0.0803
43.0000 0.0803
228.0000 0.0803
214.0000 0.0805
35.0000 0.0806
181.0000 0.0806
215.0000 0.0806
5.0000 0.0807
239.0000 0.0807
165.0000 0.0808
132.0000 0.0811
219.0000 0.0812
116.0000 0.0813
133.0000 0.0814
25.0000 0.0816
102.0000 0.0816
101.0000 0.0818
32.0000 0.0820
118.0000 0.0820
191.0000 0.0820
130.0000 0.0821
88.0000 0.0822
149.0000 0.0822
238.0000 0.0822
77.0000 0.0823
114.0000 0.0823
71.0000 0.0826
186.0000 0.0826
193.0000 0.0827
41.0000 0.0829
195.0000 0.0829
113.0000 0.0830
120.0000 0.0830
204.0000 0.0830
187.0000 0.0832
90.0000 0.0833
125.0000 0.0833
6.0000 0.0834
18.0000 0.0837
66.0000 0.0837
194.0000 0.0838
3.0000 0.0839
53.0000 0.0839
212.0000 0.0839
105.0000 0.0842
140.0000 0.0842
196.0000 0.0843
141.0000 0.0844
0.0000 0.0845
7.0000 0.0845
62.0000 0.0846
190.0000 0.0846
197.0000 0.0846
178.0000 0.0847
233.0000 0.0847
20.0000 0.0848
155.0000 0.0849
223.0000 0.0849
123.0000 0.0851
30.0000 0.0852
117.0000 0.0852
94.0000 0.0853
10.0000 0.0854
111.0000 0.0856
15.0000 0.0857
59.0000 0.0857
227.0000 0.0860
1.0000 0.0861
80.0000 0.0861
199.0000 0.0861
217.0000 0.0861
44.0000 0.0862
95.0000 0.0862
14.0000 0.0863
174.0000 0.0863
207.0000 0.0864
103.0000 0.0865
61.0000 0.0867
96.0000 0.0867
173.0000 0.0868
91.0000 0.0871
137.0000 0.0871
184.0000 0.0873
188.0000 0.0873
54.0000 0.0874
148.0000 0.0874
177.0000 0.0876
211.0000 0.0876
31.0000 0.0878
64.0000 0.0878
230.0000 0.0878
144.0000 0.0880
220.0000 0.0882
16.0000 0.0884
29.0000 0.0885
143.0000 0.0885
135.0000 0.0886
224.0000 0.0886
154.0000 0.0887
234.0000 0.0887
126.0000 0.0888
145.0000 0.0888
152.0000 0.0888
232.0000 0.0888
200.0000 0.0889
78.0000 0.0890
93.0000 0.0891
104.0000 0.0891
151.0000 0.0891
226.0000 0.0891
47.0000 0.0892
38.0000 0.0893
138.0000 0.0893
110.0000 0.0894
2.0000 0.0895
22.0000 0.0895
84.0000 0.0895
142.0000 0.0895
182.0000 0.0898
198.0000 0.0898
216.0000 0.0898
67.0000 0.0899
89.0000 0.0899
134.0000 0.0901
176.0000 0.0901
36.0000 0.0903
156.0000 0.0903
100.0000 0.0904
131.0000 0.0904
162.0000 0.0904
209.0000 0.0904
229.0000 0.0904
55.0000 0.0905
115.0000 0.0905
213.0000 0.0905
28.0000 0.0906
58.0000 0.0906
235.0000 0.0906
192.0000 0.0907
73.0000 0.0908
175.0000 0.0908
208.0000 0.0909
225.0000 0.0909
9.0000 0.0910
118.0000 0.0910
107.0000 0.0911
52.0000 0.0912
81.0000 0.0913
48.0000 0.0914
170.0000 0.0916
180.0000 0.0916
35.0000 0.0917
158.0000 0.0917
72.0000 0.0919
130.0000 0.0919
231.0000 0.0919
133.0000 0.0920
114.0000 0.0921
49.0000 0.0922
17.0000 0.0923
37.0000 0.0923
239.0000 0.0924
98.0000 0.0925
116.0000 0.0925
201.0000 0.0925
8.0000 0.0926
132.0000 0.0926
228.0000 0.0926
127.0000 0.0927
166.0000 0.0927
167.0000 0.0928
56.0000 0.0929
128.0000 0.0929
69.0000 0.0931
171.0000 0.0931
65.0000 0.0932
108.0000 0.0932
205.0000 0.0932
18.0000 0.0933
27.0000 0.0933
87.0000 0.0933
136.0000 0.0933
160.0000 0.0933
191.0000 0.0934
13.0000 0.0935
39.0000 0.0935
70.0000 0.0936
46.0000 0.0937
92.0000 0.0942
210.0000 0.0942
20.0000 0.0944
88.0000 0.0944
215.0000 0.0945
193.0000 0.0946
113.0000 0.0947
129.0000 0.0947
233.0000 0.0947
40.0000 0.0951
105.0000 0.0951
178.0000 0.0951
7.0000 0.0952
155.0000 0.0952
32.0000 0.0954
59.0000 0.0954
102.0000 0.0954
183.0000 0.0954
44.0000 0.0955
222.0000 0.0955
140.0000 0.0957
15.0000 0.0958
186.0000 0.0959
1.0000 0.0960
202.0000 0.0960
51.0000 0.0961
190.0000 0.0961
173.0000 0.0962
53.0000 0.0963
0.0000 0.0964
24.0000 0.0964
199.0000 0.0964
43.0000 0.0965
120.0000 0.0965
25.0000 0.0966
77.0000 0.0966
61.0000 0.0967
212.0000 0.0967
33.0000 0.0968
168.0000 0.0968
6.0000 0.0969
10.0000 0.0969
149.0000 0.0969
174.0000 0.0969
207.0000 0.0969
211.0000 0.0973
223.0000 0.0975
57.0000 0.0976
97.0000 0.0976
126.0000 0.0977
71.0000 0.0978
29.0000 0.0979
217.0000 0.0981
94.0000 0.0982
4.0000 0.0983
3.0000 0.0985
123.0000 0.0986
36.0000 0.0987
2.0000 0.0988
54.0000 0.0988
165.0000 0.0988
31.0000 0.0989
80.0000 0.0990
22.0000 0.0991
23.0000 0.0991
214.0000 0.0991
219.0000 0.0994
189.0000 0.0995
143.0000 0.0996
16.0000 0.0997
145.0000 0.0998
163.0000 0.0998
141.0000 0.0999
157.0000 0.0999
119.0000 0.1000
152.0000 0.1000
200.0000 0.1000
216.0000 0.1000
232.0000 0.1000
117.0000 0.1001
177.0000 0.1001
195.0000 0.1001
220.0000 0.1001
238.0000 0.1001
230.0000 0.1002
95.0000 0.1003
146.0000 0.1004
187.0000 0.1004
103.0000 0.1005
91.0000 0.1006
226.0000 0.1006
14.0000 0.1007
196.0000 0.1007
66.0000 0.1008
125.0000 0.1008
26.0000 0.1009
198.0000 0.1010
118.0000 0.1012
213.0000 0.1015
114.0000 0.1016
181.0000 0.1017
93.0000 0.1018
176.0000 0.1020
78.0000 0.1021
130.0000 0.1021
144.0000 0.1022
162.0000 0.1023
209.0000 0.1023
52.0000 0.1024
47.0000 0.1025
179.0000 0.1026
28.0000 0.1028
133.0000 0.1030
20.0000 0.1031
194.0000 0.1032
228.0000 0.1032
234.0000 0.1032
148.0000 0.1033
184.0000 0.1033
180.0000 0.1034
236.0000 0.1034
90.0000 0.1035
18.0000 0.1036
170.0000 0.1036
35.0000 0.1037
58.0000 0.1039
142.0000 0.1039
132.0000 0.1040
188.0000 0.1040
227.0000 0.1040
41.0000 0.1041
239.0000 0.1041
115.0000 0.1042
197.0000 0.1042
155.0000 0.1043
84.0000 0.1046
137.0000 0.1046
134.0000 0.1047
81.0000 0.1049
116.0000 0.1049
233.0000 0.1049
38.0000 0.1051
158.0000 0.1051
73.0000 0.1053
59.0000 0.1054
11.0000 0.1055
107.0000 0.1055
193.0000 0.1055
44.0000 0.1056
131.0000 0.1056
164.0000 0.1056
178.0000 0.1057
229.0000 0.1057
151.0000 0.1059
191.0000 0.1059
30.0000 0.1061
154.0000 0.1061
15.0000 0.1062
111.0000 0.1062
173.0000 0.1062
127.0000 0.1064
211.0000 0.1065
1.0000 0.1067
7.0000 0.1068
105.0000 0.1069
135.0000 0.1069
140.0000 0.1069
64.0000 0.1070
175.0000 0.1070
88.0000 0.1071
113.0000 0.1071
182.0000 0.1071
192.0000 0.1072
215.0000 0.1072
199.0000 0.1073
96.0000 0.1076
126.0000 0.1076
29.0000 0.1077
46.0000 0.1077
13.0000 0.1078
61.0000 0.1078
42.0000 0.1079
153.0000 0.1079
10.0000 0.1080
67.0000 0.1080
207.0000 0.1080
121.0000 0.1081
174.0000 0.1081
156.0000 0.1083
2.0000 0.1084
62.0000 0.1084
190.0000 0.1086
235.0000 0.1086
138.0000 0.1087
225.0000 0.1087
48.0000 0.1088
53.0000 0.1089
36.0000 0.1090
87.0000 0.1092
75.0000 0.1093
22.0000 0.1095
171.0000 0.1096
204.0000 0.1097
27.0000 0.1098
223.0000 0.1099
77.0000 0.1103
231.0000 0.1103
0.0000 0.1106
186.0000 0.1106
17.0000 0.1107
31.0000 0.1107
32.0000 0.1107
54.0000 0.1107
37.0000 0.1109
120.0000 0.1109
100.0000 0.1110
55.0000 0.1111
89.0000 0.1111
232.0000 0.1111
16.0000 0.1112
114.0000 0.1112
206.0000 0.1113
6.0000 0.1114
118.0000 0.1114
216.0000 0.1114
152.0000 0.1115
200.0000 0.1116
217.0000 0.1116
8.0000 0.1117
130.0000 0.1117
49.0000 0.1119
212.0000 0.1119
20.0000 0.1120
98.0000 0.1120
21.0000 0.1121
25.0000 0.1121
94.0000 0.1122
177.0000 0.1122
104.0000 0.1126
72.0000 0.1127
145.0000 0.1127
149.0000 0.1127
224.0000 0.1127
71.0000 0.1129
143.0000 0.1131
123.0000 0.1132
198.0000 0.1132
43.0000 0.1133
226.0000 0.1133
80.0000 0.1134
213.0000 0.1134
201.0000 0.1135
209.0000 0.1135
93.0000 0.1136
102.0000 0.1137
210.0000 0.1137
155.0000 0.1138
220.0000 0.1138
18.0000 0.1140
230.0000 0.1141
162.0000 0.1142
52.0000 0.1143
35.0000 0.1144
92.0000 0.1144
176.0000 0.1144
183.0000 0.1145
95.0000 0.1146
78.0000 0.1147
136.0000 0.1147
160.0000 0.1147
228.0000 0.1147
133.0000 0.1150
28.0000 0.1152
44.0000 0.1153
40.0000 0.1154
91.0000 0.1154
103.0000 0.1154
9.0000 0.1155
180.0000 0.1156
79.0000 0.1157
239.0000 0.1158
3.0000 0.1160
122.0000 0.1160
59.0000 0.1161
132.0000 0.1161
110.0000 0.1162
116.0000 0.1162
15.0000 0.1163
47.0000 0.1163
173.0000 0.1164
233.0000 0.1164
211.0000 0.1167
51.0000 0.1168
126.0000 0.1168
170.0000 0.1168
29.0000 0.1169
56.0000 0.1169
115.0000 0.1170
24.0000 0.1171
234.0000 0.1172
144.0000 0.1173
199.0000 0.1174
141.0000 0.1175
14.0000 0.1176
1.0000 0.1179
66.0000 0.1179
193.0000 0.1179
2.0000 0.1181
73.0000 0.1181
129.0000 0.1181
36.0000 0.1182
178.0000 0.1182
7.0000 0.1184
57.0000 0.1184
61.0000 0.1184
128.0000 0.1185
207.0000 0.1185
219.0000 0.1185
65.0000 0.1186
117.0000 0.1186
238.0000 0.1186
125.0000 0.1187
191.0000 0.1187
195.0000 0.1188
140.0000 0.1189
58.0000 0.1191
105.0000 0.1191
174.0000 0.1191
187.0000 0.1191
88.0000 0.1193
109.0000 0.1194
142.0000 0.1194
134.0000 0.1195
22.0000 0.1196
107.0000 0.1196
165.0000 0.1196
154.0000 0.1198
131.0000 0.1200
214.0000 0.1201
81.0000 0.1202
196.0000 0.1202
13.0000 0.1203
38.0000 0.1204
208.0000 0.1204
158.0000 0.1205
113.0000 0.1206
119.0000 0.1206
130.0000 0.1208
10.0000 0.1209
188.0000 0.1209
190.0000 0.1210
166.0000 0.1211
215.0000 0.1212
53.0000 0.1213
127.0000 0.1213
20.0000 0.1214
118.0000 0.1214
33.0000 0.1215
114.0000 0.1215
16.0000 0.1219
200.0000 0.1219
232.0000 0.1220
152.0000 0.1221
192.0000 0.1223
223.0000 0.1223
39.0000 0.1225
216.0000 0.1226
77.0000 0.1229
84.0000 0.1229
120.0000 0.1230
137.0000 0.1230
31.0000 0.1231
0.0000 0.1233
5.0000 0.1233
97.0000 0.1233
54.0000 0.1234
18.0000 0.1237
182.0000 0.1238
155.0000 0.1239
46.0000 0.1241
145.0000 0.1241
27.0000 0.1242
226.0000 0.1242
229.0000 0.1242
184.0000 0.1244
198.0000 0.1244
217.0000 0.1244
197.0000 0.1248
135.0000 0.1249
186.0000 0.1250
6.0000 0.1253
32.0000 0.1253
148.0000 0.1253
162.0000 0.1253
175.0000 0.1253
133.0000 0.1256
59.0000 0.1258
151.0000 0.1259
35.0000 0.1260
67.0000 0.1260
176.0000 0.1260
227.0000 0.1260
29.0000 0.1263
44.0000 0.1263
52.0000 0.1263
90.0000 0.1264
143.0000 0.1265
209.0000 0.1265
194.0000 0.1266
173.0000 0.1267
233.0000 0.1267
212.0000 0.1268
93.0000 0.1269
94.0000 0.1269
156.0000 0.1269
213.0000 0.1269
211.0000 0.1270
228.0000 0.1272
78.0000 0.1274
64.0000 0.1278
116.0000 0.1278
177.0000 0.1278
222.0000 0.1279
180.0000 0.1280
15.0000 0.1281
25.0000 0.1282
231.0000 0.1282
171.0000 0.1283
2.0000 0.1284
87.0000 0.1285
126.0000 0.1285
181.0000 0.1285
36.0000 0.1287
138.0000 0.1287
69.0000 0.1288
132.0000 0.1288
239.0000 0.1288
80.0000 0.1289
43.0000 0.1291
225.0000 0.1291
230.0000 0.1291
123.0000 0.1292
61.0000 0.1293
199.0000 0.1295
28.0000 0.1296
102.0000 0.1296
163.0000 0.1296
178.0000 0.1296
220.0000 0.1296
7.0000 0.1298
1.0000 0.1299
71.0000 0.1299
149.0000 0.1299
4.0000 0.1300
8.0000 0.1300
168.0000 0.1300
22.0000 0.1301
167.0000 0.1301
207.0000 0.1302
41.0000 0.1303
103.0000 0.1303
170.0000 0.1306
201.0000 0.1306
48.0000 0.1307
17.0000 0.1308
55.0000 0.1308
105.0000 0.1308
26.0000 0.1309
205.0000 0.1309
235.0000 0.1309
20.0000 0.1310
108.0000 0.1310
174.0000 0.1310
72.0000 0.1311
45.0000 0.1312
114.0000 0.1312
193.0000 0.1312
30.0000 0.1313
95.0000 0.1313
37.0000 0.1316
115.0000 0.1316
140.0000 0.1316
73.0000 0.1318
91.0000 0.1318
191.0000 0.1318
234.0000 0.1321
130.0000 0.1322
118.0000 0.1326
47.0000 0.1328
100.0000 0.1330
92.0000 0.1331
88.0000 0.1333
98.0000 0.1333
111.0000 0.1334
200.0000 0.1335
18.0000 0.1336
125.0000 0.1336
70.0000 0.1337
144.0000 0.1338
157.0000 0.1338
232.0000 0.1338
210.0000 0.1339
216.0000 0.1339
68.0000 0.1340
136.0000 0.1341
155.0000 0.1341
152.0000 0.1342
134.0000 0.1343
31.0000 0.1345
117.0000 0.1345
179.0000 0.1345
113.0000 0.1346
190.0000 0.1346
10.0000 0.1347
13.0000 0.1347
124.0000 0.1348
14.0000 0.1350
16.0000 0.1350
49.0000 0.1350
58.0000 0.1352
158.0000 0.1352
142.0000 0.1353
160.0000 0.1354
29.0000 0.1359
215.0000 0.1359
223.0000 0.1359
51.0000 0.1360
0.0000 0.1362
11.0000 0.1362
59.0000 0.1364
198.0000 0.1364
81.0000 0.1365
96.0000 0.1365
133.0000 0.1366
226.0000 0.1366
9.0000 0.1367
57.0000 0.1368
183.0000 0.1368
23.0000 0.1369
53.0000 0.1369
127.0000 0.1369
204.0000 0.1370
3.0000 0.1371
44.0000 0.1371
54.0000 0.1371
107.0000 0.1371
131.0000 0.1371
141.0000 0.1371
38.0000 0.1372
211.0000 0.1372
236.0000 0.1372
89.0000 0.1373
145.0000 0.1373
176.0000 0.1373
173.0000 0.1374
162.0000 0.1375
35.0000 0.1376
126.0000 0.1376
238.0000 0.1376
15.0000 0.1377
62.0000 0.1379
77.0000 0.1379
154.0000 0.1379
233.0000 0.1380
139.0000 0.1382
120.0000 0.1383
219.0000 0.1383
66.0000 0.1385
116.0000 0.1385
195.0000 0.1385
36.0000 0.1386
6.0000 0.1387
104.0000 0.1388
2.0000 0.1389
143.0000 0.1389
213.0000 0.1389
229.0000 0.1391
52.0000 0.1394
228.0000 0.1394
217.0000 0.1396
209.0000 0.1397
132.0000 0.1398
146.0000 0.1398
24.0000 0.1399
93.0000 0.1399
182.0000 0.1400
187.0000 0.1400
196.0000 0.1400
1.0000 0.1401
121.0000 0.1403
20.0000 0.1404
32.0000 0.1404
192.0000 0.1404
199.0000 0.1404
22.0000 0.1405
27.0000 0.1405
78.0000 0.1405
61.0000 0.1406
178.0000 0.1406
239.0000 0.1407
84.0000 0.1408
161.0000 0.1408
188.0000 0.1408
180.0000 0.1409
46.0000 0.1410
94.0000 0.1410
129.0000 0.1412
186.0000 0.1412
165.0000 0.1413
147.0000 0.1414
175.0000 0.1414
207.0000 0.1416
114.0000 0.1417
212.0000 0.1417
7.0000 0.1418
65.0000 0.1418
118.0000 0.1418
119.0000 0.1418
56.0000 0.1419
137.0000 0.1419
171.0000 0.1419
177.0000 0.1419
130.0000 0.1420
106.0000 0.1421
28.0000 0.1422
40.0000 0.1422
156.0000 0.1422
224.0000 0.1422
174.0000 0.1423
135.0000 0.1425
214.0000 0.1425
230.0000 0.1426
170.0000 0.1428
123.0000 0.1429
193.0000 0.1430
105.0000 0.1431
140.0000 0.1433
148.0000 0.1433
191.0000 0.1433
220.0000 0.1433
231.0000 0.1433
67.0000 0.1436
155.0000 0.1436
184.0000 0.1436
227.0000 0.1436
18.0000 0.1437
115.0000 0.1437
25.0000 0.1438
80.0000 0.1438
102.0000 0.1443
110.0000 0.1443
73.0000 0.1444
216.0000 0.1444
103.0000 0.1446
39.0000 0.1447
152.0000 0.1447
194.0000 0.1447
200.0000 0.1447
87.0000 0.1449
91.0000 0.1449
232.0000 0.1450
29.0000 0.1454
88.0000 0.1457
138.0000 0.1457
234.0000 0.1458
149.0000 0.1459
151.0000 0.1459
190.0000 0.1459
31.0000 0.1461
225.0000 0.1462
10.0000 0.1464
71.0000 0.1464
90.0000 0.1464
95.0000 0.1464
16.0000 0.1465
43.0000 0.1465
47.0000 0.1465
144.0000 0.1465
211.0000 0.1467
197.0000 0.1469
59.0000 0.1470
126.0000 0.1470
72.0000 0.1471
134.0000 0.1471
44.0000 0.1472
226.0000 0.1472
202.0000 0.1473
128.0000 0.1474
133.0000 0.1474
173.0000 0.1476
13.0000 0.1478
113.0000 0.1478
208.0000 0.1479
21.0000 0.1481
36.0000 0.1481
15.0000 0.1482
233.0000 0.1482
2.0000 0.1484
142.0000 0.1485
201.0000 0.1485
48.0000 0.1486
127.0000 0.1486
198.0000 0.1486
166.0000 0.1487
215.0000 0.1487
17.0000 0.1488
35.0000 0.1488
42.0000 0.1488
189.0000 0.1488
37.0000 0.1490
176.0000 0.1490
33.0000 0.1491
20.0000 0.1492
0.0000 0.1493
116.0000 0.1493
235.0000 0.1493
54.0000 0.1495
58.0000 0.1495
8.0000 0.1496
41.0000 0.1496
145.0000 0.1496
222.0000 0.1496
223.0000 0.1496
1.0000 0.1497
52.0000 0.1497
162.0000 0.1497
61.0000 0.1504
181.0000 0.1504
158.0000 0.1505
210.0000 0.1505
22.0000 0.1510
53.0000 0.1510
143.0000 0.1510
131.0000 0.1511
213.0000 0.1511
75.0000 0.1513
136.0000 0.1513
209.0000 0.1513
6.0000 0.1514
81.0000 0.1514
141.0000 0.1514
163.0000 0.1514
199.0000 0.1514
30.0000 0.1515
55.0000 0.1515
117.0000 0.1515
132.0000 0.1515
114.0000 0.1516
26.0000 0.1517
92.0000 0.1517
130.0000 0.1517
14.0000 0.1519
77.0000 0.1519
178.0000 0.1519
180.0000 0.1519
118.0000 0.1521
125.0000 0.1521
228.0000 0.1521
64.0000 0.1522
98.0000 0.1523
239.0000 0.1523
7.0000 0.1524
93.0000 0.1524
217.0000 0.1526
78.0000 0.1527
97.0000 0.1527
49.0000 0.1528
207.0000 0.1528
107.0000 0.1529
174.0000 0.1529
120.0000 0.1530
155.0000 0.1532
18.0000 0.1535
32.0000 0.1540
94.0000 0.1540
100.0000 0.1540
154.0000 0.1541
51.0000 0.1543
105.0000 0.1545
182.0000 0.1545
28.0000 0.1546
170.0000 0.1546
193.0000 0.1547
29.0000 0.1548
115.0000 0.1548
177.0000 0.1549
27.0000 0.1550
111.0000 0.1550
164.0000 0.1551
188.0000 0.1551
191.0000 0.1552
3.0000 0.1554
140.0000 0.1554
152.0000 0.1554
230.0000 0.1555
216.0000 0.1556
57.0000 0.1557
38.0000 0.1558
46.0000 0.1558
69.0000 0.1558
212.0000 0.1558
186.0000 0.1559
73.0000 0.1563
126.0000 0.1563
179.0000 0.1563
200.0000 0.1563
211.0000 0.1563
123.0000 0.1564
160.0000 0.1564
167.0000 0.1565
232.0000 0.1566
9.0000 0.1567
31.0000 0.1567
59.0000 0.1567
218.0000 0.1568
219.0000 0.1568
4.0000 0.1569
66.0000 0.1570
190.0000 0.1571
44.0000 0.1572
175.0000 0.1572
195.0000 0.1572
16.0000 0.1573
103.0000 0.1573
156.0000 0.1573
173.0000 0.1573
63.0000 0.1574
79.0000 0.1574
36.0000 0.1575
205.0000 0.1575
20.0000 0.1576
135.0000 0.1576
157.0000 0.1576
171.0000 0.1576
91.0000 0.1577
84.0000 0.1578
220.0000 0.1578
2.0000 0.1580
187.0000 0.1580
192.0000 0.1580
80.0000 0.1581
88.0000 0.1581
150.0000 0.1581
229.0000 0.1581
10.0000 0.1582
89.0000 0.1584
196.0000 0.1584
137.0000 0.1585
25.0000 0.1586
233.0000 0.1586
15.0000 0.1587
226.0000 0.1588
238.0000 0.1588
133.0000 0.1591
96.0000 0.1593
95.0000 0.1594
148.0000 0.1596
214.0000 0.1596
67.0000 0.1597
183.0000 0.1597
5.0000 0.1598
13.0000 0.1598
47.0000 0.1598
153.0000 0.1598
198.0000 0.1598
231.0000 0.1598
176.0000 0.1599
149.0000 0.1600
165.0000 0.1600
35.0000 0.1601
234.0000 0.1601
104.0000 0.1603
54.0000 0.1604
70.0000 0.1604
134.0000 0.1604
204.0000 0.1604
22.0000 0.1605
52.0000 0.1605
87.0000 0.1607
184.0000 0.1607
1.0000 0.1608
119.0000 0.1608
144.0000 0.1608
61.0000 0.1609
102.0000 0.1609
145.0000 0.1609
113.0000 0.1610
116.0000 0.1610
162.0000 0.1611
194.0000 0.1611
199.0000 0.1611
65.0000 0.1612
130.0000 0.1612
114.0000 0.1613
24.0000 0.1614
43.0000 0.1614
71.0000 0.1614
109.0000 0.1615
223.0000 0.1615
72.0000 0.1617
143.0000 0.1617
58.0000 0.1618
0.0000 0.1620
40.0000 0.1620
132.0000 0.1621
155.0000 0.1621
213.0000 0.1621
142.0000 0.1622
118.0000 0.1623
138.0000 0.1623
178.0000 0.1623
215.0000 0.1624
225.0000 0.1624
206.0000 0.1625
227.0000 0.1625
108.0000 0.1626
180.0000 0.1626
209.0000 0.1626
11.0000 0.1628
18.0000 0.1628
127.0000 0.1628
239.0000 0.1631
7.0000 0.1632
23.0000 0.1634
77.0000 0.1634
93.0000 0.1634
101.0000 0.1634
174.0000 0.1634
29.0000 0.1635
62.0000 0.1635
168.0000 0.1635
151.0000 0.1636
207.0000 0.1636
228.0000 0.1636
53.0000 0.1637
158.0000 0.1637
201.0000 0.1637
78.0000 0.1638
6.0000 0.1639
129.0000 0.1642
39.0000 0.1644
48.0000 0.1645
122.0000 0.1645
90.0000 0.1646
217.0000 0.1646
146.0000 0.1649
224.0000 0.1649
37.0000 0.1650
41.0000 0.1650
105.0000 0.1650
197.0000 0.1650
117.0000 0.1651
236.0000 0.1651
81.0000 0.1652
131.0000 0.1652
126.0000 0.1653
152.0000 0.1653
120.0000 0.1654
28.0000 0.1655
56.0000 0.1657
211.0000 0.1657
216.0000 0.1657
235.0000 0.1658
32.0000 0.1659
107.0000 0.1660
170.0000 0.1660
17.0000 0.1661
173.0000 0.1662
8.0000 0.1663
94.0000 0.1663
125.0000 0.1663
177.0000 0.1663
191.0000 0.1663
140.0000 0.1664
210.0000 0.1664
14.0000 0.1665
20.0000 0.1665
193.0000 0.1665
36.0000 0.1666
68.0000 0.1666
232.0000 0.1666
44.0000 0.1667
59.0000 0.1667
115.0000 0.1668
141.0000 0.1668
136.0000 0.1669
200.0000 0.1669
181.0000 0.1670
2.0000 0.1671
230.0000 0.1671
92.0000 0.1672
98.0000 0.1672
121.0000 0.1673
110.0000 0.1675
15.0000 0.1677
27.0000 0.1677
128.0000 0.1678
38.0000 0.1679
73.0000 0.1679
154.0000 0.1679
182.0000 0.1680
190.0000 0.1680
16.0000 0.1681
31.0000 0.1681
123.0000 0.1681
186.0000 0.1681
233.0000 0.1682
208.0000 0.1683
163.0000 0.1684
188.0000 0.1684
212.0000 0.1684
133.0000 0.1688
55.0000 0.1689
103.0000 0.1689
10.0000 0.1690
88.0000 0.1690
171.0000 0.1690
226.0000 0.1690
33.0000 0.1697
220.0000 0.1698
21.0000 0.1700
22.0000 0.1701
35.0000 0.1701
46.0000 0.1701
91.0000 0.1701
130.0000 0.1701
30.0000 0.1702
114.0000 0.1702
52.0000 0.1703
60.0000 0.1703
222.0000 0.1703
51.0000 0.1704
64.0000 0.1705
80.0000 0.1705
61.0000 0.1707
199.0000 0.1707
66.0000 0.1708
166.0000 0.1709
176.0000 0.1709
1.0000 0.1710
155.0000 0.1710
198.0000 0.1711
3.0000 0.1712
54.0000 0.1712
175.0000 0.1712
118.0000 0.1713
229.0000 0.1713
116.0000 0.1714
162.0000 0.1715
156.0000 0.1716
47.0000 0.1717
95.0000 0.1718
145.0000 0.1719
13.0000 0.1720
57.0000 0.1720
18.0000 0.1721
29.0000 0.1721
113.0000 0.1721
192.0000 0.1721
219.0000 0.1722
25.0000 0.1723
135.0000 0.1724
111.0000 0.1725
124.0000 0.1725
132.0000 0.1725
160.0000 0.1725
67.0000 0.1726
97.0000 0.1726
234.0000 0.1726
84.0000 0.1727
144.0000 0.1727
45.0000 0.1728
178.0000 0.1728
195.0000 0.1729
223.0000 0.1729
238.0000 0.1730
213.0000 0.1732
7.0000 0.1735
134.0000 0.1735
26.0000 0.1736
49.0000 0.1736
143.0000 0.1736
196.0000 0.1736
209.0000 0.1736
228.0000 0.1736
0.0000 0.1737
149.0000 0.1737
93.0000 0.1739
102.0000 0.1739
207.0000 0.1739
148.0000 0.1740
180.0000 0.1740
126.0000 0.1741
142.0000 0.1742
174.0000 0.1742
239.0000 0.1742
187.0000 0.1743
231.0000 0.1743
137.0000 0.1745
215.0000 0.1745
152.0000 0.1746
100.0000 0.1747
202.0000 0.1748
211.0000 0.1749
20.0000 0.1750
71.0000 0.1750
78.0000 0.1750
87.0000 0.1750
127.0000 0.1751
77.0000 0.1752
58.0000 0.1754
53.0000 0.1755
158.0000 0.1755
173.0000 0.1755
59.0000 0.1756
2.0000 0.1757
9.0000 0.1757
105.0000 0.1757
43.0000 0.1758
165.0000 0.1758
36.0000 0.1760
184.0000 0.1760
179.0000 0.1761
216.0000 0.1761
6.0000 0.1763
170.0000 0.1763
232.0000 0.1763
28.0000 0.1767
44.0000 0.1767
140.0000 0.1767
225.0000 0.1767
89.0000 0.1768
217.0000 0.1768
191.0000 0.1769
104.0000 0.1770
200.0000 0.1771
4.0000 0.1772
15.0000 0.1772
72.0000 0.1773
138.0000 0.1773
193.0000 0.1773
214.0000 0.1773
194.0000 0.1775
81.0000 0.1776
120.0000 0.1776
233.0000 0.1777
161.0000 0.1778
189.0000 0.1778
40.0000 0.1780
65.0000 0.1780
96.0000 0.1780
115.0000 0.1780
183.0000 0.1780
32.0000 0.1781
42.0000 0.1781
201.0000 0.1782
94.0000 0.1783
131.0000 0.1784
177.0000 0.1785
31.0000 0.1786
27.0000 0.1788
117.0000 0.1788
190.0000 0.1789
230.0000 0.1789
114.0000 0.1790
16.0000 0.1792
133.0000 0.1793
48.0000 0.1794
103.0000 0.1794
157.0000 0.1795
73.0000 0.1796
88.0000 0.1796
107.0000 0.1796
155.0000 0.1796
10.0000 0.1797
197.0000 0.1797
119.0000 0.1798
130.0000 0.1798
24.0000 0.1799
205.0000 0.1799
151.0000 0.1800
1.0000 0.1801
226.0000 0.1801
52.0000 0.1802
61.0000 0.1802
69.0000 0.1802
125.0000 0.1802
22.0000 0.1803
123.0000 0.1803
14.0000 0.1804
118.0000 0.1805
204.0000 0.1805
210.0000 0.1806
227.0000 0.1808
182.0000 0.1809
199.0000 0.1809
29.0000 0.1810
35.0000 0.1812
37.0000 0.1812
141.0000 0.1812
136.0000 0.1813
198.0000 0.1813
220.0000 0.1813
8.0000 0.1814
167.0000 0.1814
18.0000 0.1816
75.0000 0.1816
91.0000 0.1816
212.0000 0.1816
116.0000 0.1819
176.0000 0.1819
54.0000 0.1821
235.0000 0.1821
17.0000 0.1824
171.0000 0.1824
186.0000 0.1825
3.0000 0.1826
178.0000 0.1826
92.0000 0.1827
162.0000 0.1827
20.0000 0.1829
154.0000 0.1829
38.0000 0.1830
80.0000 0.1830
132.0000 0.1831
126.0000 0.1834
213.0000 0.1834
209.0000 0.1835
41.0000 0.1836
145.0000 0.1836
46.0000 0.1838
90.0000 0.1838
11.0000 0.1839
144.0000 0.1839
47.0000 0.1840
113.0000 0.1840
223.0000 0.1841
13.0000 0.1842
188.0000 0.1842
229.0000 0.1842
2.0000 0.1843
211.0000 0.1843
228.0000 0.1843
129.0000 0.1844
173.0000 0.1845
36.0000 0.1846
7.0000 0.1847
174.0000 0.1847
207.0000 0.1847
234.0000 0.1847
180.0000 0.1848
66.0000 0.1850
98.0000 0.1851
95.0000 0.1852
59.0000 0.1853
152.0000 0.1854
143.0000 0.1855
239.0000 0.1856
93.0000 0.1857
175.0000 0.1859
192.0000 0.1859
0.0000 0.1862
78.0000 0.1863
156.0000 0.1863
224.0000 0.1863
44.0000 0.1864
105.0000 0.1864
170.0000 0.1864
25.0000 0.1865
53.0000 0.1865
216.0000 0.1865
15.0000 0.1866
56.0000 0.1866
84.0000 0.1866
79.0000 0.1867
64.0000 0.1868
39.0000 0.1869
233.0000 0.1870
51.0000 0.1871
55.0000 0.1871
134.0000 0.1871
232.0000 0.1871
140.0000 0.1872
142.0000 0.1872
77.0000 0.1875
193.0000 0.1876
215.0000 0.1876
57.0000 0.1877
191.0000 0.1877
67.0000 0.1878
127.0000 0.1879
149.0000 0.1879
158.0000 0.1879
168.0000 0.1879
62.0000 0.1881
114.0000 0.1881
181.0000 0.1881
128.0000 0.1882
200.0000 0.1882
28.0000 0.1883
30.0000 0.1883
236.0000 0.1883
231.0000 0.1884
217.0000 0.1885
71.0000 0.1886
130.0000 0.1886
135.0000 0.1886
6.0000 0.1887
58.0000 0.1888
115.0000 0.1888
163.0000 0.1889
219.0000 0.1889
108.0000 0.1890
133.0000 0.1890
164.0000 0.1892
187.0000 0.1894
1.0000 0.1895
155.0000 0.1895
238.0000 0.1895
31.0000 0.1896
94.0000 0.1896
195.0000 0.1896
118.0000 0.1897
137.0000 0.1897
29.0000 0.1898
139.0000 0.1898
148.0000 0.1898
196.0000 0.1899
160.0000 0.1900
190.0000 0.1900
22.0000 0.1901
61.0000 0.1901
81.0000 0.1901
43.0000 0.1902
10.0000 0.1903
16.0000 0.1904
102.0000 0.1904
32.0000 0.1906
88.0000 0.1906
208.0000 0.1906
226.0000 0.1906
120.0000 0.1907
18.0000 0.1908
33.0000 0.1908
87.0000 0.1908
131.0000 0.1908
153.0000 0.1908
177.0000 0.1908
230.0000 0.1908
199.0000 0.1909
49.0000 0.1912
52.0000 0.1912
111.0000 0.1913
109.0000 0.1914
35.0000 0.1916
103.0000 0.1918
198.0000 0.1918
100.0000 0.1919
116.0000 0.1919
126.0000 0.1919
107.0000 0.1920
165.0000 0.1920
20.0000 0.1921
184.0000 0.1921
225.0000 0.1921
110.0000 0.1924
123.0000 0.1924
27.0000 0.1925
73.0000 0.1926
54.0000 0.1927
21.0000 0.1928
70.0000 0.1928
176.0000 0.1928
132.0000 0.1929
72.0000 0.1930
91.0000 0.1931
97.0000 0.1931
178.0000 0.1931
145.0000 0.1932
162.0000 0.1932
173.0000 0.1932
2.0000 0.1933
23.0000 0.1934
36.0000 0.1934
194.0000 0.1934
220.0000 0.1934
211.0000 0.1935
182.0000 0.1936
147.0000 0.1938
209.0000 0.1940
213.0000 0.1940
146.0000 0.1942
171.0000 0.1942
212.0000 0.1943
5.0000 0.1944
117.0000 0.1944
174.0000 0.1944
186.0000 0.1944
138.0000 0.1945
214.0000 0.1947
7.0000 0.1951
59.0000 0.1951
207.0000 0.1952
223.0000 0.1952
80.0000 0.1956
14.0000 0.1957
47.0000 0.1957
180.0000 0.1957
143.0000 0.1958
222.0000 0.1958
13.0000 0.1959
228.0000 0.1959
136.0000 0.1960
152.0000 0.1960
15.0000 0.1961
44.0000 0.1962
166.0000 0.1962
125.0000 0.1963
141.0000 0.1963
105.0000 0.1964
78.0000 0.1967
89.0000 0.1969
216.0000 0.1969
239.0000 0.1969
9.0000 0.1970
37.0000 0.1970
96.0000 0.1970
151.0000 0.1970
114.0000 0.1972
144.0000 0.1972
113.0000 0.1973
40.0000 0.1974
170.0000 0.1974
233.0000 0.1974
201.0000 0.1975
48.0000 0.1976
154.0000 0.1976
197.0000 0.1976
234.0000 0.1976
140.0000 0.1977
183.0000 0.1977
0.0000 0.1979
38.0000 0.1979
210.0000 0.1981
104.0000 0.1983
235.0000 0.1983
93.0000 0.1984
188.0000 0.1984
29.0000 0.1985
155.0000 0.1985
227.0000 0.1985
95.0000 0.1986
130.0000 0.1987
8.0000 0.1988
179.0000 0.1988
229.0000 0.1988
232.0000 0.1988
46.0000 0.1990
53.0000 0.1990
193.0000 0.1990
142.0000 0.1991
17.0000 0.1992
26.0000 0.1992
218.0000 0.1992
118.0000 0.1993
191.0000 0.1993
24.0000 0.1995
133.0000 0.1996
200.0000 0.1996
28.0000 0.1997
61.0000 0.1997
101.0000 0.1997
175.0000 0.1997
22.0000 0.1998
92.0000 0.1998
