13.0000 0.0041
41.0000 0.0042
12.0000 0.0044
30.0000 0.0044
37.0000 0.0048
47.0000 0.0048
56.0000 0.0048
49.0000 0.0049
15.0000 0.0050
4.0000 0.0052
38.0000 0.0052
27.0000 0.0053
33.0000 0.0053
1.0000 0.0054
3.0000 0.0054
28.0000 0.0054
44.0000 0.0054
57.0000 0.0054
10.0000 0.0055
25.0000 0.0059
43.0000 0.0059
18.0000 0.0060
51.0000 0.0061
16.0000 0.0062
11.0000 0.0064
21.0000 0.0066
40.0000 0.0067
58.0000 0.0068
9.0000 0.0073
5.0000 0.0078
7.0000 0.0080
34.0000 0.0080
24.0000 0.0083
32.0000 0.0084
8.0000 0.0085
20.0000 0.0090
35.0000 0.0096
22.0000 0.0101
0.0000 0.0107
17.0000 0.0113
54.0000 0.0113
52.0000 0.0115
23.0000 0.0116
19.0000 0.0117
6.0000 0.0125
31.0000 0.0128
55.0000 0.0133
45.0000 0.0142
48.0000 0.0146
13.0000 0.0152
47.0000 0.0172
2.0000 0.0177
30.0000 0.0181
12.0000 0.0182
33.0000 0.0183
41.0000 0.0183
10.0000 0.0184
3.0000 0.0186
49.0000 0.0190
58.0000 0.0190
21.0000 0.0191
36.0000 0.0195
51.0000 0.0198
56.0000 0.0198
38.0000 0.0200
1.0000 0.0207
27.0000 0.0208
18.0000 0.0210
26.0000 0.0210
4.0000 0.0212
24.0000 0.0215
29.0000 0.0229
11.0000 0.0238
14.0000 0.0239
9.0000 0.0240
20.0000 0.0240
5.0000 0.0241
35.0000 0.0244
13.0000 0.0248
0.0000 0.0251
8.0000 0.0253
44.0000 0.0254
43.0000 0.0255
37.0000 0.0260
7.0000 0.0262
47.0000 0.0262
17.0000 0.0266
25.0000 0.0266
19.0000 0.0270
34.0000 0.0273
33.0000 0.0276
32.0000 0.0279
52.0000 0.0279
28.0000 0.0281
10.0000 0.0283
22.0000 0.0286
31.0000 0.0286
30.0000 0.0291
49.0000 0.0291
45.0000 0.0292
21.0000 0.0295
40.0000 0.0296
3.0000 0.0298
51.0000 0.0302
41.0000 0.0306
58.0000 0.0306
12.0000 0.0321
56.0000 0.0323
57.0000 0.0323
38.0000 0.0327
54.0000 0.0329
18.0000 0.0330
48.0000 0.0334
55.0000 0.0339
13.0000 0.0341
4.0000 0.0348
27.0000 0.0353
16.0000 0.0356
47.0000 0.0359
1.0000 0.0362
24.0000 0.0362
59.0000 0.0362
23.0000 0.0364
6.0000 0.0368
35.0000 0.0368
9.0000 0.0370
15.0000 0.0380
33.0000 0.0382
0.0000 0.0383
10.0000 0.0384
11.0000 0.0388
5.0000 0.0391
20.0000 0.0393
21.0000 0.0393
49.0000 0.0405
51.0000 0.0406
8.0000 0.0407
58.0000 0.0410
34.0000 0.0411
19.0000 0.0412
30.0000 0.0416
41.0000 0.0417
3.0000 0.0423
7.0000 0.0424
31.0000 0.0428
25.0000 0.0429
37.0000 0.0433
13.0000 0.0434
52.0000 0.0434
44.0000 0.0436
17.0000 0.0437
56.0000 0.0437
22.0000 0.0443
43.0000 0.0443
18.0000 0.0446
47.0000 0.0446
12.0000 0.0448
45.0000 0.0452
32.0000 0.0454
38.0000 0.0467
24.0000 0.0479
27.0000 0.0483
40.0000 0.0490
10.0000 0.0492
4.0000 0.0494
2.0000 0.0496
33.0000 0.0498
21.0000 0.0501
1.0000 0.0503
35.0000 0.0504
14.0000 0.0508
0.0000 0.0512
9.0000 0.0517
51.0000 0.0518
58.0000 0.0518
13.0000 0.0519
49.0000 0.0519
28.0000 0.0520
48.0000 0.0522
26.0000 0.0526
54.0000 0.0527
20.0000 0.0531
55.0000 0.0531
36.0000 0.0532
41.0000 0.0534
3.0000 0.0535
30.0000 0.0537
47.0000 0.0537
56.0000 0.0543
5.0000 0.0544
8.0000 0.0544
11.0000 0.0546
19.0000 0.0549
18.0000 0.0557
57.0000 0.0558
31.0000 0.0566
34.0000 0.0570
12.0000 0.0571
44.0000 0.0574
52.0000 0.0575
45.0000 0.0580
7.0000 0.0581
38.0000 0.0587
10.0000 0.0589
25.0000 0.0589
17.0000 0.0592
16.0000 0.0593
33.0000 0.0593
21.0000 0.0597
43.0000 0.0601
27.0000 0.0602
24.0000 0.0603
13.0000 0.0606
32.0000 0.0610
4.0000 0.0611
37.0000 0.0612
23.0000 0.0618
1.0000 0.0620
51.0000 0.0620
58.0000 0.0628
47.0000 0.0634
35.0000 0.0636
22.0000 0.0641
0.0000 0.0642
49.0000 0.0643
3.0000 0.0650
41.0000 0.0655
9.0000 0.0656
30.0000 0.0657
56.0000 0.0665
6.0000 0.0670
40.0000 0.0676
20.0000 0.0686
10.0000 0.0687
18.0000 0.0687
12.0000 0.0695
19.0000 0.0696
5.0000 0.0697
13.0000 0.0699
11.0000 0.0704
33.0000 0.0704
21.0000 0.0707
48.0000 0.0707
8.0000 0.0711
31.0000 0.0711
54.0000 0.0712
45.0000 0.0715
2.0000 0.0720
14.0000 0.0720
51.0000 0.0720
38.0000 0.0721
15.0000 0.0723
47.0000 0.0723
52.0000 0.0723
24.0000 0.0726
27.0000 0.0726
53.0000 0.0727
1.0000 0.0735
4.0000 0.0735
58.0000 0.0736
55.0000 0.0738
7.0000 0.0747
49.0000 0.0753
17.0000 0.0759
35.0000 0.0762
28.0000 0.0765
41.0000 0.0766
43.0000 0.0766
0.0000 0.0767
44.0000 0.0768
25.0000 0.0769
30.0000 0.0770
3.0000 0.0774
32.0000 0.0776
29.0000 0.0783
34.0000 0.0783
10.0000 0.0787
22.0000 0.0789
56.0000 0.0790
13.0000 0.0794
9.0000 0.0796
57.0000 0.0796
18.0000 0.0798
37.0000 0.0801
21.0000 0.0819
20.0000 0.0822
33.0000 0.0822
47.0000 0.0828
51.0000 0.0834
36.0000 0.0838
19.0000 0.0840
12.0000 0.0843
58.0000 0.0843
38.0000 0.0848
31.0000 0.0854
45.0000 0.0854
8.0000 0.0859
27.0000 0.0863
24.0000 0.0865
4.0000 0.0869
16.0000 0.0871
48.0000 0.0871
5.0000 0.0873
49.0000 0.0874
10.0000 0.0881
11.0000 0.0881
1.0000 0.0882
52.0000 0.0884
30.0000 0.0887
13.0000 0.0889
41.0000 0.0890
35.0000 0.0894
3.0000 0.0896
26.0000 0.0898
56.0000 0.0898
0.0000 0.0903
40.0000 0.0903
18.0000 0.0909
9.0000 0.0916
21.0000 0.0920
47.0000 0.0921
33.0000 0.0925
7.0000 0.0931
23.0000 0.0931
25.0000 0.0932
51.0000 0.0933
32.0000 0.0937
14.0000 0.0940
17.0000 0.0942
58.0000 0.0950
34.0000 0.0951
55.0000 0.0951
44.0000 0.0957
43.0000 0.0963
12.0000 0.0964
22.0000 0.0965
54.0000 0.0967
6.0000 0.0972
13.0000 0.0974
20.0000 0.0977
10.0000 0.0979
19.0000 0.0980
27.0000 0.0984
38.0000 0.0988
37.0000 0.0990
24.0000 0.0991
28.0000 0.0993
49.0000 0.0995
4.0000 0.0996
30.0000 0.0997
45.0000 0.0999
31.0000 0.1000
8.0000 0.1012
41.0000 0.1015
47.0000 0.1015
56.0000 0.1015
52.0000 0.1018
1.0000 0.1019
2.0000 0.1020
5.0000 0.1024
3.0000 0.1027
21.0000 0.1030
33.0000 0.1035
35.0000 0.1037
18.0000 0.1040
48.0000 0.1042
51.0000 0.1045
0.0000 0.1046
9.0000 0.1056
58.0000 0.1068
57.0000 0.1069
13.0000 0.1070
11.0000 0.1071
12.0000 0.1081
10.0000 0.1089
16.0000 0.1093
27.0000 0.1099
59.0000 0.1104
36.0000 0.1106
38.0000 0.1106
47.0000 0.1106
30.0000 0.1110
25.0000 0.1111
49.0000 0.1111
17.0000 0.1119
32.0000 0.1119
7.0000 0.1120
56.0000 0.1121
19.0000 0.1122
24.0000 0.1122
41.0000 0.1123
20.0000 0.1124
4.0000 0.1126
44.0000 0.1126
21.0000 0.1129
34.0000 0.1129
45.0000 0.1135
33.0000 0.1136
1.0000 0.1138
40.0000 0.1141
31.0000 0.1142
51.0000 0.1142
3.0000 0.1143
43.0000 0.1145
18.0000 0.1149
15.0000 0.1151
55.0000 0.1157
13.0000 0.1160
8.0000 0.1161
14.0000 0.1161
52.0000 0.1161
35.0000 0.1162
26.0000 0.1166
0.0000 0.1169
5.0000 0.1172
22.0000 0.1173
58.0000 0.1180
10.0000 0.1188
37.0000 0.1189
47.0000 0.1195
9.0000 0.1201
54.0000 0.1211
28.0000 0.1216
48.0000 0.1218
12.0000 0.1220
11.0000 0.1222
27.0000 0.1223
49.0000 0.1228
21.0000 0.1230
41.0000 0.1231
56.0000 0.1234
30.0000 0.1235
38.0000 0.1238
23.0000 0.1240
33.0000 0.1244
4.0000 0.1246
51.0000 0.1249
6.0000 0.1250
20.0000 0.1253
1.0000 0.1255
13.0000 0.1256
3.0000 0.1260
24.0000 0.1260
19.0000 0.1263
18.0000 0.1267
45.0000 0.1274
7.0000 0.1277
29.0000 0.1281
47.0000 0.1283
10.0000 0.1285
31.0000 0.1285
17.0000 0.1287
34.0000 0.1289
0.0000 0.1295
35.0000 0.1295
58.0000 0.1295
32.0000 0.1296
25.0000 0.1298
5.0000 0.1301
8.0000 0.1305
57.0000 0.1307
43.0000 0.1312
52.0000 0.1312
44.0000 0.1314
2.0000 0.1321
21.0000 0.1330
9.0000 0.1332
33.0000 0.1335
49.0000 0.1335
13.0000 0.1338
22.0000 0.1345
27.0000 0.1347
37.0000 0.1348
51.0000 0.1349
12.0000 0.1350
30.0000 0.1351
40.0000 0.1353
41.0000 0.1353
56.0000 0.1354
38.0000 0.1358
14.0000 0.1361
3.0000 0.1366
55.0000 0.1366
16.0000 0.1375
18.0000 0.1377
4.0000 0.1379
11.0000 0.1379
24.0000 0.1379
47.0000 0.1380
48.0000 0.1383
10.0000 0.1389
1.0000 0.1390
19.0000 0.1400
58.0000 0.1400
20.0000 0.1404
45.0000 0.1417
0.0000 0.1428
36.0000 0.1429
35.0000 0.1430
31.0000 0.1434
33.0000 0.1434
13.0000 0.1435
21.0000 0.1436
51.0000 0.1450
54.0000 0.1450
5.0000 0.1451
8.0000 0.1454
56.0000 0.1454
7.0000 0.1460
49.0000 0.1460
53.0000 0.1461
25.0000 0.1462
28.0000 0.1462
30.0000 0.1463
52.0000 0.1465
47.0000 0.1466
12.0000 0.1469
26.0000 0.1470
41.0000 0.1470
27.0000 0.1471
9.0000 0.1472
17.0000 0.1472
32.0000 0.1474
34.0000 0.1478
18.0000 0.1480
44.0000 0.1481
10.0000 0.1483
3.0000 0.1487
43.0000 0.1488
4.0000 0.1489
38.0000 0.1492
24.0000 0.1500
23.0000 0.1512
58.0000 0.1524
13.0000 0.1532
1.0000 0.1533
21.0000 0.1539
22.0000 0.1541
37.0000 0.1549
20.0000 0.1552
33.0000 0.1552
48.0000 0.1558
51.0000 0.1559
19.0000 0.1562
35.0000 0.1562
56.0000 0.1563
47.0000 0.1565
11.0000 0.1567
2.0000 0.1568
45.0000 0.1569
55.0000 0.1569
0.0000 0.1570
30.0000 0.1570
14.0000 0.1573
10.0000 0.1584
49.0000 0.1586
12.0000 0.1587
57.0000 0.1587
16.0000 0.1589
27.0000 0.1590
18.0000 0.1592
31.0000 0.1592
41.0000 0.1595
8.0000 0.1599
3.0000 0.1601
9.0000 0.1602
5.0000 0.1604
40.0000 0.1608
52.0000 0.1609
4.0000 0.1611
38.0000 0.1615
6.0000 0.1623
13.0000 0.1624
24.0000 0.1627
15.0000 0.1637
25.0000 0.1641
58.0000 0.1641
21.0000 0.1645
7.0000 0.1650
32.0000 0.1650
33.0000 0.1654
47.0000 0.1656
1.0000 0.1658
44.0000 0.1659
51.0000 0.1662
34.0000 0.1666
17.0000 0.1669
43.0000 0.1675
56.0000 0.1676
30.0000 0.1680
10.0000 0.1685
35.0000 0.1686
54.0000 0.1687
20.0000 0.1690
28.0000 0.1692
0.0000 0.1693
19.0000 0.1695
49.0000 0.1695
41.0000 0.1697
36.0000 0.1701
18.0000 0.1705
27.0000 0.1706
12.0000 0.1709
13.0000 0.1710
22.0000 0.1711
11.0000 0.1716
45.0000 0.1716
48.0000 0.1718
3.0000 0.1719
29.0000 0.1729
8.0000 0.1734
31.0000 0.1735
4.0000 0.1739
9.0000 0.1740
47.0000 0.1743
38.0000 0.1746
58.0000 0.1746
5.0000 0.1749
21.0000 0.1753
37.0000 0.1753
24.0000 0.1754
33.0000 0.1754
55.0000 0.1757
52.0000 0.1758
51.0000 0.1759
10.0000 0.1784
26.0000 0.1786
56.0000 0.1790
30.0000 0.1792
1.0000 0.1796
14.0000 0.1802
40.0000 0.1802
13.0000 0.1804
23.0000 0.1804
35.0000 0.1815
59.0000 0.1815
49.0000 0.1816
7.0000 0.1818
27.0000 0.1819
41.0000 0.1819
20.0000 0.1821
0.0000 0.1824
18.0000 0.1824
19.0000 0.1824
25.0000 0.1824
34.0000 0.1824
57.0000 0.1824
32.0000 0.1826
16.0000 0.1828
47.0000 0.1830
12.0000 0.1835
21.0000 0.1854
43.0000 0.1857
3.0000 0.1859
17.0000 0.1865
33.0000 0.1865
58.0000 0.1865
51.0000 0.1870
45.0000 0.1873
31.0000 0.1874
4.0000 0.1875
9.0000 0.1877
48.0000 0.1878
44.0000 0.1879
24.0000 0.1881
11.0000 0.1883
38.0000 0.1886
52.0000 0.1886
22.0000 0.1892
10.0000 0.1893
13.0000 0.1894
8.0000 0.1898
56.0000 0.1903
2.0000 0.1909
30.0000 0.1919
5.0000 0.1920
47.0000 0.1923
37.0000 0.1926
49.0000 0.1928
54.0000 0.1933
41.0000 0.1941
27.0000 0.1942
28.0000 0.1943
1.0000 0.1944
6.0000 0.1946
18.0000 0.1946
35.0000 0.1947
0.0000 0.1950
20.0000 0.1952
21.0000 0.1956
12.0000 0.1958
19.0000 0.1959
33.0000 0.1959
55.0000 0.1967
58.0000 0.1970
3.0000 0.1971
51.0000 0.1971
15.0000 0.1983
7.0000 0.1984
34.0000 0.1987
13.0000 0.1989
10.0000 0.1993
17.0000 0.1994
45.0000 0.1994
32.0000 0.1995
36.0000 0.1995
4.0000 0.1998
24.0000 0.1998
