0.0000 0.0001
1.0000 0.0001
2.0000 0.0001
3.0000 0.0001
4.0000 0.0001
5.0000 0.0001
6.0000 0.0001
7.0000 0.0001
8.0000 0.0001
9.0000 0.0001
10.0000 0.0001
11.0000 0.0001
12.0000 0.0001
13.0000 0.0001
14.0000 0.0001
15.0000 0.0001
16.0000 0.0001
17.0000 0.0001
18.0000 0.0001
19.0000 0.0001
20.0000 0.0001
21.0000 0.0001
22.0000 0.0001
23.0000 0.0001
24.0000 0.0001
25.0000 0.0001
26.0000 0.0001
27.0000 0.0001
28.0000 0.0001
29.0000 0.0001
30.0000 0.0001
31.0000 0.0001
32.0000 0.0001
33.0000 0.0001
34.0000 0.0001
35.0000 0.0001
36.0000 0.0001
37.0000 0.0001
38.0000 0.0001
39.0000 0.0001
40.0000 0.0001
41.0000 0.0001
42.0000 0.0001
43.0000 0.0001
44.0000 0.0001
45.0000 0.0001
46.0000 0.0001
47.0000 0.0001
48.0000 0.0001
49.0000 0.0001
50.0000 0.0001
51.0000 0.0001
52.0000 0.0001
53.0000 0.0001
54.0000 0.0001
55.0000 0.0001
56.0000 0.0001
57.0000 0.0001
58.0000 0.0001
59.0000 0.0001
60.0000 0.0001
61.0000 0.0001
62.0000 0.0001
63.0000 0.0001
64.0000 0.0001
65.0000 0.0001
66.0000 0.0001
67.0000 0.0001
68.0000 0.0001
69.0000 0.0001
70.0000 0.0001
71.0000 0.0001
72.0000 0.0001
73.0000 0.0001
74.0000 0.0001
75.0000 0.0001
76.0000 0.0001
77.0000 0.0001
78.0000 0.0001
79.0000 0.0001
80.0000 0.0001
81.0000 0.0001
82.0000 0.0001
83.0000 0.0001
84.0000 0.0001
85.0000 0.0001
86.0000 0.0001
87.0000 0.0001
88.0000 0.0001
89.0000 0.0001
90.0000 0.0001
91.0000 0.0001
92.0000 0.0001
93.0000 0.0001
94.0000 0.0001
95.0000 0.0001
96.0000 0.0001
97.0000 0.0001
98.0000 0.0001
99.0000 0.0001
100.0000 0.0001
101.0000 0.0001
102.0000 0.0001
103.0000 0.0001
104.0000 0.0001
105.0000 0.0001
106.0000 0.0001
107.0000 0.0001
108.0000 0.0001
109.0000 0.0001
110.0000 0.0001
111.0000 0.0001
112.0000 0.0001
113.0000 0.0001
114.0000 0.0001
115.0000 0.0001
116.0000 0.0001
117.0000 0.0001
118.0000 0.0001
119.0000 0.0001
120.0000 0.0001
121.0000 0.0001
122.0000 0.0001
123.0000 0.0001
124.0000 0.0001
125.0000 0.0001
126.0000 0.0001
127.0000 0.0001
128.0000 0.0001
129.0000 0.0001
130.0000 0.0001
131.0000 0.0001
132.0000 0.0001
133.0000 0.0001
134.0000 0.0001
135.0000 0.0001
136.0000 0.0001
137.0000 0.0001
138.0000 0.0001
139.0000 0.0001
140.0000 0.0001
141.0000 0.0001
142.0000 0.0001
143.0000 0.0001
144.0000 0.0001
145.0000 0.0001
146.0000 0.0001
147.0000 0.0001
148.0000 0.0001
149.0000 0.0001
232.0000 0.0038
199.0000 0.0039
198.0000 0.0046
217.0000 0.0046
223.0000 0.0046
216.0000 0.0048
205.0000 0.0049
167.0000 0.0050
196.0000 0.0051
236.0000 0.0051
150.0000 0.0053
189.0000 0.0053
222.0000 0.0053
159.0000 0.0054
173.0000 0.0054
164.0000 0.0056
184.0000 0.0056
210.0000 0.0056
151.0000 0.0057
163.0000 0.0059
176.0000 0.0059
177.0000 0.0059
213.0000 0.0060
233.0000 0.0060
160.0000 0.0062
214.0000 0.0062
185.0000 0.0063
169.0000 0.0064
188.0000 0.0064
191.0000 0.0064
195.0000 0.0064
207.0000 0.0065
165.0000 0.0066
174.0000 0.0066
211.0000 0.0066
235.0000 0.0066
239.0000 0.0068
181.0000 0.0070
203.0000 0.0070
202.0000 0.0071
226.0000 0.0072
206.0000 0.0077
212.0000 0.0078
162.0000 0.0080
201.0000 0.0080
220.0000 0.0080
229.0000 0.0083
192.0000 0.0085
158.0000 0.0087
204.0000 0.0087
166.0000 0.0090
183.0000 0.0093
238.0000 0.0096
228.0000 0.0105
168.0000 0.0106
171.0000 0.0106
101.0000 0.0112
147.0000 0.0112
10.0000 0.0115
41.0000 0.0119
231.0000 0.0122
140.0000 0.0123
175.0000 0.0124
102.0000 0.0127
28.0000 0.0131
24.0000 0.0132
62.0000 0.0132
19.0000 0.0134
34.0000 0.0134
237.0000 0.0134
71.0000 0.0135
105.0000 0.0135
180.0000 0.0138
156.0000 0.0140
124.0000 0.0145
63.0000 0.0147
86.0000 0.0147
146.0000 0.0151
37.0000 0.0153
109.0000 0.0159
36.0000 0.0160
126.0000 0.0160
157.0000 0.0161
139.0000 0.0162
219.0000 0.0165
78.0000 0.0166
218.0000 0.0166
68.0000 0.0168
70.0000 0.0168
13.0000 0.0169
143.0000 0.0169
91.0000 0.0170
141.0000 0.0172
236.0000 0.0174
7.0000 0.0175
90.0000 0.0175
83.0000 0.0176
35.0000 0.0177
55.0000 0.0178
0.0000 0.0180
72.0000 0.0180
116.0000 0.0181
115.0000 0.0183
121.0000 0.0184
74.0000 0.0185
2.0000 0.0187
108.0000 0.0189
232.0000 0.0189
142.0000 0.0190
6.0000 0.0191
77.0000 0.0192
5.0000 0.0193
134.0000 0.0194
167.0000 0.0195
30.0000 0.0196
159.0000 0.0200
31.0000 0.0202
223.0000 0.0205
94.0000 0.0206
103.0000 0.0207
16.0000 0.0208
198.0000 0.0208
194.0000 0.0209
227.0000 0.0211
53.0000 0.0215
136.0000 0.0215
199.0000 0.0215
66.0000 0.0216
17.0000 0.0217
58.0000 0.0219
178.0000 0.0223
154.0000 0.0226
169.0000 0.0229
107.0000 0.0230
163.0000 0.0230
211.0000 0.0230
216.0000 0.0232
20.0000 0.0233
59.0000 0.0235
113.0000 0.0236
135.0000 0.0237
193.0000 0.0239
38.0000 0.0240
106.0000 0.0240
98.0000 0.0241
229.0000 0.0241
29.0000 0.0242
44.0000 0.0242
225.0000 0.0242
3.0000 0.0243
10.0000 0.0243
101.0000 0.0243
161.0000 0.0243
188.0000 0.0244
208.0000 0.0244
182.0000 0.0245
209.0000 0.0245
32.0000 0.0246
1.0000 0.0248
187.0000 0.0248
39.0000 0.0249
56.0000 0.0249
173.0000 0.0250
111.0000 0.0254
213.0000 0.0255
207.0000 0.0256
41.0000 0.0257
174.0000 0.0257
54.0000 0.0258
160.0000 0.0258
81.0000 0.0259
148.0000 0.0260
202.0000 0.0260
191.0000 0.0261
71.0000 0.0262
105.0000 0.0262
40.0000 0.0263
145.0000 0.0263
147.0000 0.0263
176.0000 0.0263
184.0000 0.0263
201.0000 0.0264
131.0000 0.0265
150.0000 0.0265
80.0000 0.0267
64.0000 0.0268
127.0000 0.0268
164.0000 0.0269
165.0000 0.0269
9.0000 0.0270
67.0000 0.0272
110.0000 0.0272
226.0000 0.0273
85.0000 0.0274
239.0000 0.0275
61.0000 0.0279
222.0000 0.0279
14.0000 0.0280
34.0000 0.0280
132.0000 0.0280
86.0000 0.0282
144.0000 0.0285
230.0000 0.0285
102.0000 0.0287
60.0000 0.0288
139.0000 0.0289
129.0000 0.0290
19.0000 0.0294
24.0000 0.0296
65.0000 0.0296
155.0000 0.0297
195.0000 0.0297
236.0000 0.0297
151.0000 0.0299
28.0000 0.0300
124.0000 0.0302
238.0000 0.0302
50.0000 0.0303
27.0000 0.0304
140.0000 0.0304
143.0000 0.0304
172.0000 0.0304
141.0000 0.0305
137.0000 0.0307
210.0000 0.0307
217.0000 0.0312
235.0000 0.0312
76.0000 0.0313
181.0000 0.0314
35.0000 0.0315
4.0000 0.0318
63.0000 0.0319
90.0000 0.0329
192.0000 0.0329
159.0000 0.0331
7.0000 0.0333
109.0000 0.0334
153.0000 0.0334
48.0000 0.0335
232.0000 0.0336
0.0000 0.0338
128.0000 0.0340
6.0000 0.0341
68.0000 0.0343
167.0000 0.0343
146.0000 0.0344
101.0000 0.0346
162.0000 0.0346
55.0000 0.0347
23.0000 0.0349
198.0000 0.0350
36.0000 0.0352
212.0000 0.0352
74.0000 0.0355
166.0000 0.0355
83.0000 0.0358
17.0000 0.0360
126.0000 0.0360
199.0000 0.0363
62.0000 0.0368
223.0000 0.0368
31.0000 0.0370
142.0000 0.0374
82.0000 0.0376
175.0000 0.0378
169.0000 0.0379
10.0000 0.0380
130.0000 0.0382
188.0000 0.0383
229.0000 0.0385
116.0000 0.0386
214.0000 0.0386
237.0000 0.0386
94.0000 0.0387
185.0000 0.0388
180.0000 0.0392
37.0000 0.0396
18.0000 0.0399
211.0000 0.0399
71.0000 0.0400
157.0000 0.0401
108.0000 0.0402
53.0000 0.0404
213.0000 0.0405
91.0000 0.0408
105.0000 0.0409
107.0000 0.0411
168.0000 0.0411
88.0000 0.0414
160.0000 0.0414
103.0000 0.0418
75.0000 0.0420
34.0000 0.0422
86.0000 0.0423
173.0000 0.0424
30.0000 0.0425
236.0000 0.0426
29.0000 0.0429
147.0000 0.0429
5.0000 0.0432
33.0000 0.0433
174.0000 0.0435
112.0000 0.0436
102.0000 0.0438
72.0000 0.0440
156.0000 0.0443
78.0000 0.0447
121.0000 0.0448
41.0000 0.0450
115.0000 0.0450
8.0000 0.0453
205.0000 0.0461
3.0000 0.0463
226.0000 0.0463
159.0000 0.0467
124.0000 0.0468
139.0000 0.0468
194.0000 0.0468
28.0000 0.0472
59.0000 0.0472
20.0000 0.0473
16.0000 0.0474
101.0000 0.0474
2.0000 0.0476
207.0000 0.0476
140.0000 0.0477
163.0000 0.0479
64.0000 0.0481
239.0000 0.0481
111.0000 0.0482
24.0000 0.0484
143.0000 0.0485
165.0000 0.0486
167.0000 0.0488
216.0000 0.0488
58.0000 0.0489
136.0000 0.0489
134.0000 0.0490
113.0000 0.0491
200.0000 0.0491
44.0000 0.0494
100.0000 0.0494
154.0000 0.0494
184.0000 0.0496
202.0000 0.0496
35.0000 0.0497
225.0000 0.0498
196.0000 0.0499
0.0000 0.0501
32.0000 0.0501
70.0000 0.0501
198.0000 0.0502
93.0000 0.0503
141.0000 0.0503
150.0000 0.0507
191.0000 0.0507
47.0000 0.0510
181.0000 0.0510
77.0000 0.0512
87.0000 0.0513
146.0000 0.0514
19.0000 0.0518
132.0000 0.0519
1.0000 0.0522
63.0000 0.0522
222.0000 0.0523
56.0000 0.0525
7.0000 0.0527
145.0000 0.0528
39.0000 0.0529
238.0000 0.0533
66.0000 0.0534
10.0000 0.0537
109.0000 0.0539
232.0000 0.0540
227.0000 0.0545
90.0000 0.0549
13.0000 0.0554
14.0000 0.0554
229.0000 0.0555
223.0000 0.0558
83.0000 0.0559
210.0000 0.0560
71.0000 0.0563
201.0000 0.0563
74.0000 0.0565
126.0000 0.0568
236.0000 0.0569
6.0000 0.0570
105.0000 0.0571
147.0000 0.0572
142.0000 0.0582
110.0000 0.0584
34.0000 0.0585
98.0000 0.0586
41.0000 0.0587
62.0000 0.0589
68.0000 0.0591
55.0000 0.0593
211.0000 0.0593
212.0000 0.0597
86.0000 0.0598
94.0000 0.0599
17.0000 0.0602
151.0000 0.0603
169.0000 0.0604
137.0000 0.0610
173.0000 0.0610
188.0000 0.0612
101.0000 0.0614
171.0000 0.0618
45.0000 0.0622
178.0000 0.0623
131.0000 0.0624
164.0000 0.0630
199.0000 0.0639
28.0000 0.0648
31.0000 0.0652
107.0000 0.0653
102.0000 0.0654
192.0000 0.0655
78.0000 0.0656
4.0000 0.0658
162.0000 0.0658
220.0000 0.0664
135.0000 0.0665
159.0000 0.0667
163.0000 0.0668
116.0000 0.0669
176.0000 0.0675
160.0000 0.0681
174.0000 0.0684
140.0000 0.0688
80.0000 0.0696
35.0000 0.0700
167.0000 0.0703
219.0000 0.0706
166.0000 0.0707
124.0000 0.0714
143.0000 0.0723
226.0000 0.0731
213.0000 0.0734
