0.0000 0.0000
1.0000 0.0000
2.0000 0.0000
3.0000 0.0000
4.0000 0.0000
5.0000 0.0000
6.0000 0.0000
7.0000 0.0000
8.0000 0.0000
9.0000 0.0000
10.0000 0.0000
11.0000 0.0000
12.0000 0.0000
13.0000 0.0000
14.0000 0.0000
15.0000 0.0000
16.0000 0.0000
17.0000 0.0000
18.0000 0.0000
19.0000 0.0000
20.0000 0.0000
21.0000 0.0000
22.0000 0.0000
23.0000 0.0000
24.0000 0.0000
25.0000 0.0000
26.0000 0.0000
27.0000 0.0000
28.0000 0.0000
29.0000 0.0000
30.0000 0.0000
31.0000 0.0000
32.0000 0.0000
33.0000 0.0000
34.0000 0.0000
35.0000 0.0000
36.0000 0.0000
37.0000 0.0000
38.0000 0.0000
39.0000 0.0000
40.0000 0.0000
41.0000 0.0000
42.0000 0.0000
43.0000 0.0000
44.0000 0.0000
45.0000 0.0000
46.0000 0.0000
47.0000 0.0000
48.0000 0.0000
49.0000 0.0000
50.0000 0.0000
51.0000 0.0000
52.0000 0.0000
53.0000 0.0000
54.0000 0.0000
55.0000 0.0000
56.0000 0.0000
57.0000 0.0000
58.0000 0.0000
59.0000 0.0000
60.0000 0.0000
61.0000 0.0000
62.0000 0.0000
63.0000 0.0000
64.0000 0.0000
65.0000 0.0000
66.0000 0.0000
67.0000 0.0000
68.0000 0.0000
69.0000 0.0000
70.0000 0.0000
71.0000 0.0000
72.0000 0.0000
73.0000 0.0000
74.0000 0.0000
75.0000 0.0000
76.0000 0.0000
77.0000 0.0000
78.0000 0.0000
79.0000 0.0000
80.0000 0.0000
81.0000 0.0000
82.0000 0.0000
83.0000 0.0000
84.0000 0.0000
85.0000 0.0000
86.0000 0.0000
87.0000 0.0000
88.0000 0.0000
89.0000 0.0000
90.0000 0.0000
91.0000 0.0000
92.0000 0.0000
93.0000 0.0000
94.0000 0.0000
95.0000 0.0000
96.0000 0.0000
97.0000 0.0000
98.0000 0.0000
99.0000 0.0000
100.0000 0.0000
101.0000 0.0000
102.0000 0.0000
103.0000 0.0000
104.0000 0.0000
105.0000 0.0000
106.0000 0.0000
107.0000 0.0000
108.0000 0.0000
109.0000 0.0000
110.0000 0.0000
111.0000 0.0000
112.0000 0.0000
113.0000 0.0000
114.0000 0.0000
115.0000 0.0000
116.0000 0.0000
117.0000 0.0000
118.0000 0.0000
119.0000 0.0000
120.0000 0.0000
121.0000 0.0000
122.0000 0.0000
123.0000 0.0000
124.0000 0.0000
125.0000 0.0000
126.0000 0.0000
127.0000 0.0000
128.0000 0.0000
129.0000 0.0000
130.0000 0.0000
131.0000 0.0000
132.0000 0.0000
133.0000 0.0000
134.0000 0.0000
135.0000 0.0000
136.0000 0.0000
137.0000 0.0000
138.0000 0.0000
139.0000 0.0000
140.0000 0.0000
141.0000 0.0000
142.0000 0.0000
143.0000 0.0000
144.0000 0.0000
145.0000 0.0000
146.0000 0.0000
147.0000 0.0000
148.0000 0.0000
149.0000 0.0000
231.0000 0.0035
177.0000 0.0043
162.0000 0.0044
163.0000 0.0045
182.0000 0.0045
191.0000 0.0046
223.0000 0.0047
203.0000 0.0048
229.0000 0.0048
202.0000 0.0050
228.0000 0.0051
179.0000 0.0052
195.0000 0.0052
198.0000 0.0053
219.0000 0.0053
238.0000 0.0053
215.0000 0.0054
150.0000 0.0055
151.0000 0.0057
225.0000 0.0058
156.0000 0.0060
204.0000 0.0060
173.0000 0.0061
178.0000 0.0061
188.0000 0.0061
212.0000 0.0062
152.0000 0.0063
214.0000 0.0063
154.0000 0.0065
176.0000 0.0065
158.0000 0.0066
193.0000 0.0066
192.0000 0.0067
209.0000 0.0068
206.0000 0.0069
200.0000 0.0071
181.0000 0.0073
207.0000 0.0074
217.0000 0.0077
236.0000 0.0079
220.0000 0.0082
170.0000 0.0083
213.0000 0.0083
167.0000 0.0084
226.0000 0.0085
194.0000 0.0086
185.0000 0.0087
174.0000 0.0088
227.0000 0.0088
230.0000 0.0092
164.0000 0.0093
234.0000 0.0093
160.0000 0.0095
171.0000 0.0097
155.0000 0.0098
161.0000 0.0099
239.0000 0.0100
43.0000 0.0102
2.0000 0.0103
169.0000 0.0104
61.0000 0.0105
54.0000 0.0110
208.0000 0.0111
73.0000 0.0120
216.0000 0.0120
131.0000 0.0124
34.0000 0.0127
62.0000 0.0130
122.0000 0.0130
168.0000 0.0131
128.0000 0.0132
22.0000 0.0135
108.0000 0.0136
32.0000 0.0137
123.0000 0.0137
83.0000 0.0141
166.0000 0.0141
180.0000 0.0143
224.0000 0.0143
38.0000 0.0148
33.0000 0.0149
114.0000 0.0150
221.0000 0.0151
23.0000 0.0152
6.0000 0.0153
84.0000 0.0154
92.0000 0.0155
1.0000 0.0156
153.0000 0.0156
91.0000 0.0158
13.0000 0.0159
37.0000 0.0159
104.0000 0.0159
60.0000 0.0160
175.0000 0.0160
12.0000 0.0163
85.0000 0.0163
233.0000 0.0164
35.0000 0.0167
117.0000 0.0167
86.0000 0.0168
102.0000 0.0168
121.0000 0.0168
186.0000 0.0168
113.0000 0.0170
218.0000 0.0170
19.0000 0.0171
76.0000 0.0171
95.0000 0.0172
127.0000 0.0172
21.0000 0.0174
183.0000 0.0174
140.0000 0.0176
111.0000 0.0177
120.0000 0.0178
190.0000 0.0179
235.0000 0.0180
64.0000 0.0181
177.0000 0.0181
98.0000 0.0182
187.0000 0.0183
82.0000 0.0185
196.0000 0.0187
202.0000 0.0187
94.0000 0.0188
130.0000 0.0188
112.0000 0.0190
66.0000 0.0194
125.0000 0.0194
163.0000 0.0197
71.0000 0.0198
158.0000 0.0199
182.0000 0.0200
3.0000 0.0201
214.0000 0.0201
215.0000 0.0201
14.0000 0.0202
51.0000 0.0202
9.0000 0.0203
67.0000 0.0203
150.0000 0.0204
58.0000 0.0205
5.0000 0.0206
24.0000 0.0206
118.0000 0.0206
148.0000 0.0207
89.0000 0.0208
223.0000 0.0208
39.0000 0.0210
133.0000 0.0210
162.0000 0.0210
99.0000 0.0211
179.0000 0.0211
2.0000 0.0212
8.0000 0.0213
195.0000 0.0213
225.0000 0.0213
80.0000 0.0214
57.0000 0.0216
68.0000 0.0216
88.0000 0.0218
126.0000 0.0219
52.0000 0.0220
0.0000 0.0221
152.0000 0.0221
26.0000 0.0222
10.0000 0.0223
65.0000 0.0224
149.0000 0.0224
178.0000 0.0224
219.0000 0.0224
50.0000 0.0225
143.0000 0.0225
154.0000 0.0226
20.0000 0.0227
176.0000 0.0227
55.0000 0.0228
106.0000 0.0228
44.0000 0.0229
63.0000 0.0230
75.0000 0.0230
167.0000 0.0230
184.0000 0.0230
139.0000 0.0231
227.0000 0.0231
222.0000 0.0233
231.0000 0.0233
132.0000 0.0234
191.0000 0.0234
228.0000 0.0236
145.0000 0.0237
238.0000 0.0239
144.0000 0.0240
173.0000 0.0240
203.0000 0.0241
81.0000 0.0242
41.0000 0.0244
43.0000 0.0244
93.0000 0.0244
116.0000 0.0246
181.0000 0.0246
220.0000 0.0246
61.0000 0.0248
115.0000 0.0248
54.0000 0.0250
78.0000 0.0250
31.0000 0.0251
69.0000 0.0253
151.0000 0.0253
209.0000 0.0254
109.0000 0.0255
122.0000 0.0255
131.0000 0.0255
230.0000 0.0255
73.0000 0.0256
6.0000 0.0257
188.0000 0.0257
207.0000 0.0258
40.0000 0.0259
124.0000 0.0259
59.0000 0.0260
15.0000 0.0261
22.0000 0.0261
119.0000 0.0263
159.0000 0.0263
226.0000 0.0263
32.0000 0.0265
62.0000 0.0265
193.0000 0.0265
156.0000 0.0266
165.0000 0.0266
128.0000 0.0267
164.0000 0.0267
16.0000 0.0268
46.0000 0.0268
114.0000 0.0269
171.0000 0.0270
213.0000 0.0271
212.0000 0.0272
70.0000 0.0273
108.0000 0.0273
174.0000 0.0273
192.0000 0.0273
53.0000 0.0275
33.0000 0.0276
38.0000 0.0276
101.0000 0.0277
169.0000 0.0277
234.0000 0.0278
34.0000 0.0279
72.0000 0.0280
199.0000 0.0280
28.0000 0.0281
11.0000 0.0285
12.0000 0.0285
25.0000 0.0285
177.0000 0.0285
60.0000 0.0286
123.0000 0.0287
200.0000 0.0288
1.0000 0.0290
4.0000 0.0290
217.0000 0.0291
86.0000 0.0293
91.0000 0.0293
92.0000 0.0293
140.0000 0.0293
206.0000 0.0293
23.0000 0.0294
161.0000 0.0294
83.0000 0.0295
229.0000 0.0295
202.0000 0.0297
97.0000 0.0298
47.0000 0.0300
17.0000 0.0301
13.0000 0.0304
19.0000 0.0305
96.0000 0.0305
121.0000 0.0305
127.0000 0.0306
37.0000 0.0307
130.0000 0.0307
182.0000 0.0307
2.0000 0.0308
150.0000 0.0309
166.0000 0.0310
236.0000 0.0310
239.0000 0.0312
35.0000 0.0313
18.0000 0.0315
104.0000 0.0315
162.0000 0.0315
94.0000 0.0317
90.0000 0.0318
163.0000 0.0319
76.0000 0.0320
201.0000 0.0320
214.0000 0.0320
215.0000 0.0320
158.0000 0.0321
21.0000 0.0322
85.0000 0.0322
117.0000 0.0322
113.0000 0.0323
221.0000 0.0323
107.0000 0.0324
195.0000 0.0327
112.0000 0.0328
218.0000 0.0328
95.0000 0.0331
223.0000 0.0331
120.0000 0.0332
82.0000 0.0333
227.0000 0.0336
102.0000 0.0339
204.0000 0.0339
84.0000 0.0340
219.0000 0.0340
208.0000 0.0343
58.0000 0.0344
67.0000 0.0344
43.0000 0.0346
175.0000 0.0347
61.0000 0.0349
179.0000 0.0349
9.0000 0.0351
178.0000 0.0351
5.0000 0.0352
66.0000 0.0354
111.0000 0.0355
51.0000 0.0356
153.0000 0.0356
89.0000 0.0357
133.0000 0.0357
54.0000 0.0361
196.0000 0.0361
99.0000 0.0363
154.0000 0.0364
224.0000 0.0364
176.0000 0.0365
225.0000 0.0366
71.0000 0.0368
122.0000 0.0369
131.0000 0.0370
118.0000 0.0372
230.0000 0.0373
68.0000 0.0376
233.0000 0.0377
152.0000 0.0378
6.0000 0.0379
114.0000 0.0380
126.0000 0.0383
187.0000 0.0384
183.0000 0.0386
238.0000 0.0387
191.0000 0.0388
148.0000 0.0390
8.0000 0.0392
22.0000 0.0392
73.0000 0.0392
62.0000 0.0394
65.0000 0.0396
167.0000 0.0397
190.0000 0.0397
181.0000 0.0399
145.0000 0.0402
203.0000 0.0403
177.0000 0.0404
228.0000 0.0406
33.0000 0.0409
38.0000 0.0410
128.0000 0.0410
220.0000 0.0411
14.0000 0.0412
231.0000 0.0412
108.0000 0.0414
32.0000 0.0415
222.0000 0.0416
235.0000 0.0416
2.0000 0.0417
144.0000 0.0419
0.0000 0.0420
12.0000 0.0421
44.0000 0.0422
150.0000 0.0422
125.0000 0.0423
213.0000 0.0425
169.0000 0.0426
139.0000 0.0427
55.0000 0.0428
80.0000 0.0429
10.0000 0.0431
98.0000 0.0431
202.0000 0.0431
149.0000 0.0432
60.0000 0.0435
140.0000 0.0436
209.0000 0.0436
234.0000 0.0436
19.0000 0.0438
20.0000 0.0438
24.0000 0.0438
151.0000 0.0438
116.0000 0.0439
91.0000 0.0440
1.0000 0.0443
52.0000 0.0443
121.0000 0.0444
214.0000 0.0444
123.0000 0.0445
34.0000 0.0446
168.0000 0.0446
227.0000 0.0448
92.0000 0.0449
93.0000 0.0449
226.0000 0.0449
83.0000 0.0451
88.0000 0.0451
162.0000 0.0451
37.0000 0.0452
147.0000 0.0452
215.0000 0.0452
86.0000 0.0455
223.0000 0.0455
63.0000 0.0456
105.0000 0.0456
158.0000 0.0460
106.0000 0.0461
182.0000 0.0461
16.0000 0.0462
23.0000 0.0462
164.0000 0.0463
173.0000 0.0464
75.0000 0.0465
94.0000 0.0468
127.0000 0.0468
69.0000 0.0470
3.0000 0.0471
130.0000 0.0471
43.0000 0.0472
45.0000 0.0472
217.0000 0.0472
15.0000 0.0473
41.0000 0.0473
207.0000 0.0473
193.0000 0.0474
26.0000 0.0475
156.0000 0.0475
39.0000 0.0478
195.0000 0.0478
57.0000 0.0479
48.0000 0.0481
132.0000 0.0481
184.0000 0.0481
221.0000 0.0482
13.0000 0.0484
122.0000 0.0484
192.0000 0.0484
113.0000 0.0485
136.0000 0.0486
35.0000 0.0488
114.0000 0.0489
50.0000 0.0491
119.0000 0.0492
188.0000 0.0492
61.0000 0.0493
161.0000 0.0493
166.0000 0.0494
6.0000 0.0495
73.0000 0.0496
112.0000 0.0496
163.0000 0.0496
171.0000 0.0497
176.0000 0.0497
179.0000 0.0498
21.0000 0.0499
76.0000 0.0499
120.0000 0.0500
180.0000 0.0500
81.0000 0.0501
219.0000 0.0501
117.0000 0.0504
131.0000 0.0504
178.0000 0.0504
212.0000 0.0506
54.0000 0.0508
62.0000 0.0508
177.0000 0.0509
206.0000 0.0510
82.0000 0.0511
104.0000 0.0511
111.0000 0.0511
115.0000 0.0513
40.0000 0.0514
78.0000 0.0514
5.0000 0.0516
53.0000 0.0516
58.0000 0.0516
230.0000 0.0516
143.0000 0.0517
59.0000 0.0519
85.0000 0.0519
66.0000 0.0520
200.0000 0.0520
216.0000 0.0521
225.0000 0.0521
67.0000 0.0523
22.0000 0.0524
174.0000 0.0524
99.0000 0.0525
38.0000 0.0527
2.0000 0.0528
68.0000 0.0528
128.0000 0.0533
126.0000 0.0534
191.0000 0.0534
138.0000 0.0535
150.0000 0.0535
153.0000 0.0535
102.0000 0.0536
97.0000 0.0538
167.0000 0.0538
108.0000 0.0541
124.0000 0.0541
7.0000 0.0542
95.0000 0.0543
33.0000 0.0546
89.0000 0.0546
152.0000 0.0546
238.0000 0.0546
236.0000 0.0548
181.0000 0.0549
133.0000 0.0551
202.0000 0.0551
32.0000 0.0552
60.0000 0.0554
12.0000 0.0555
51.0000 0.0555
101.0000 0.0556
100.0000 0.0561
109.0000 0.0561
65.0000 0.0563
154.0000 0.0563
214.0000 0.0564
229.0000 0.0564
9.0000 0.0565
227.0000 0.0565
140.0000 0.0566
186.0000 0.0567
151.0000 0.0572
203.0000 0.0574
158.0000 0.0575
121.0000 0.0576
162.0000 0.0578
218.0000 0.0578
234.0000 0.0578
215.0000 0.0579
55.0000 0.0580
10.0000 0.0581
91.0000 0.0581
239.0000 0.0581
170.0000 0.0583
175.0000 0.0584
182.0000 0.0584
187.0000 0.0584
196.0000 0.0584
19.0000 0.0586
0.0000 0.0588
71.0000 0.0589
8.0000 0.0590
220.0000 0.0590
130.0000 0.0591
43.0000 0.0593
139.0000 0.0593
118.0000 0.0595
34.0000 0.0596
92.0000 0.0596
148.0000 0.0597
23.0000 0.0598
94.0000 0.0598
1.0000 0.0599
84.0000 0.0599
149.0000 0.0599
25.0000 0.0600
231.0000 0.0601
93.0000 0.0602
195.0000 0.0602
114.0000 0.0603
165.0000 0.0603
122.0000 0.0604
86.0000 0.0605
37.0000 0.0607
47.0000 0.0607
222.0000 0.0608
223.0000 0.0608
160.0000 0.0610
183.0000 0.0611
213.0000 0.0611
64.0000 0.0612
185.0000 0.0616
131.0000 0.0618
164.0000 0.0619
146.0000 0.0620
169.0000 0.0621
177.0000 0.0621
209.0000 0.0621
233.0000 0.0621
6.0000 0.0623
83.0000 0.0623
73.0000 0.0625
123.0000 0.0625
2.0000 0.0626
127.0000 0.0626
21.0000 0.0627
61.0000 0.0629
144.0000 0.0629
226.0000 0.0629
173.0000 0.0630
137.0000 0.0631
14.0000 0.0632
72.0000 0.0632
178.0000 0.0632
113.0000 0.0633
228.0000 0.0633
44.0000 0.0635
208.0000 0.0635
125.0000 0.0638
176.0000 0.0638
98.0000 0.0639
224.0000 0.0641
52.0000 0.0644
13.0000 0.0645
62.0000 0.0645
104.0000 0.0646
230.0000 0.0646
179.0000 0.0647
219.0000 0.0647
70.0000 0.0648
3.0000 0.0650
54.0000 0.0650
80.0000 0.0651
150.0000 0.0651
63.0000 0.0652
190.0000 0.0652
35.0000 0.0654
116.0000 0.0654
163.0000 0.0654
18.0000 0.0655
22.0000 0.0655
90.0000 0.0655
145.0000 0.0655
76.0000 0.0657
11.0000 0.0658
221.0000 0.0659
235.0000 0.0659
112.0000 0.0660
108.0000 0.0661
38.0000 0.0663
156.0000 0.0663
193.0000 0.0664
199.0000 0.0664
225.0000 0.0664
16.0000 0.0665
33.0000 0.0666
39.0000 0.0667
106.0000 0.0667
198.0000 0.0667
207.0000 0.0667
82.0000 0.0668
120.0000 0.0668
24.0000 0.0669
58.0000 0.0669
167.0000 0.0669
57.0000 0.0671
161.0000 0.0673
75.0000 0.0674
217.0000 0.0674
202.0000 0.0675
214.0000 0.0675
67.0000 0.0676
66.0000 0.0678
41.0000 0.0679
60.0000 0.0679
117.0000 0.0679
32.0000 0.0680
227.0000 0.0680
17.0000 0.0681
31.0000 0.0681
20.0000 0.0684
69.0000 0.0687
88.0000 0.0687
191.0000 0.0688
212.0000 0.0689
111.0000 0.0690
128.0000 0.0691
140.0000 0.0691
158.0000 0.0691
162.0000 0.0691
238.0000 0.0691
85.0000 0.0692
15.0000 0.0693
46.0000 0.0693
171.0000 0.0693
95.0000 0.0694
126.0000 0.0695
215.0000 0.0695
166.0000 0.0697
188.0000 0.0698
89.0000 0.0699
68.0000 0.0700
204.0000 0.0700
99.0000 0.0703
153.0000 0.0704
192.0000 0.0704
181.0000 0.0706
114.0000 0.0707
43.0000 0.0708
50.0000 0.0708
155.0000 0.0708
5.0000 0.0710
182.0000 0.0710
12.0000 0.0711
49.0000 0.0711
194.0000 0.0711
96.0000 0.0712
28.0000 0.0713
121.0000 0.0713
152.0000 0.0713
81.0000 0.0714
91.0000 0.0714
200.0000 0.0715
19.0000 0.0716
151.0000 0.0716
26.0000 0.0717
203.0000 0.0718
223.0000 0.0720
234.0000 0.0721
9.0000 0.0722
92.0000 0.0722
122.0000 0.0722
177.0000 0.0722
195.0000 0.0723
78.0000 0.0726
65.0000 0.0727
132.0000 0.0727
102.0000 0.0728
1.0000 0.0729
2.0000 0.0729
6.0000 0.0729
205.0000 0.0729
119.0000 0.0730
4.0000 0.0733
23.0000 0.0733
131.0000 0.0734
37.0000 0.0735
61.0000 0.0735
130.0000 0.0735
154.0000 0.0735
201.0000 0.0735
51.0000 0.0736
73.0000 0.0738
0.0000 0.0740
34.0000 0.0740
71.0000 0.0740
94.0000 0.0740
174.0000 0.0740
118.0000 0.0741
184.0000 0.0741
206.0000 0.0741
86.0000 0.0743
236.0000 0.0744
123.0000 0.0746
133.0000 0.0750
10.0000 0.0752
40.0000 0.0752
107.0000 0.0752
54.0000 0.0757
176.0000 0.0757
115.0000 0.0759
222.0000 0.0759
103.0000 0.0760
21.0000 0.0761
150.0000 0.0761
163.0000 0.0761
180.0000 0.0761
209.0000 0.0761
22.0000 0.0762
220.0000 0.0762
229.0000 0.0762
231.0000 0.0762
55.0000 0.0763
93.0000 0.0763
124.0000 0.0763
175.0000 0.0764
62.0000 0.0766
127.0000 0.0766
143.0000 0.0766
53.0000 0.0767
226.0000 0.0767
149.0000 0.0768
178.0000 0.0768
101.0000 0.0769
168.0000 0.0769
230.0000 0.0769
83.0000 0.0771
84.0000 0.0772
219.0000 0.0772
38.0000 0.0774
144.0000 0.0774
8.0000 0.0776
13.0000 0.0776
139.0000 0.0776
227.0000 0.0776
59.0000 0.0777
108.0000 0.0778
148.0000 0.0778
60.0000 0.0780
213.0000 0.0780
179.0000 0.0782
97.0000 0.0783
113.0000 0.0784
187.0000 0.0784
214.0000 0.0784
104.0000 0.0785
33.0000 0.0786
169.0000 0.0787
109.0000 0.0788
218.0000 0.0789
173.0000 0.0791
35.0000 0.0792
76.0000 0.0792
202.0000 0.0792
239.0000 0.0792
164.0000 0.0794
225.0000 0.0794
98.0000 0.0796
196.0000 0.0797
32.0000 0.0799
167.0000 0.0799
112.0000 0.0800
158.0000 0.0801
162.0000 0.0802
221.0000 0.0803
193.0000 0.0804
128.0000 0.0805
140.0000 0.0805
215.0000 0.0805
116.0000 0.0806
228.0000 0.0807
82.0000 0.0808
25.0000 0.0810
3.0000 0.0811
43.0000 0.0811
125.0000 0.0811
67.0000 0.0812
120.0000 0.0812
183.0000 0.0812
44.0000 0.0815
182.0000 0.0815
224.0000 0.0815
114.0000 0.0817
63.0000 0.0818
2.0000 0.0819
14.0000 0.0820
186.0000 0.0820
117.0000 0.0821
52.0000 0.0822
66.0000 0.0822
181.0000 0.0823
191.0000 0.0825
207.0000 0.0825
6.0000 0.0826
233.0000 0.0826
238.0000 0.0826
122.0000 0.0827
12.0000 0.0828
41.0000 0.0828
217.0000 0.0828
223.0000 0.0828
177.0000 0.0830
19.0000 0.0831
91.0000 0.0832
58.0000 0.0835
75.0000 0.0835
151.0000 0.0835
111.0000 0.0836
131.0000 0.0837
68.0000 0.0839
85.0000 0.0840
145.0000 0.0840
161.0000 0.0840
5.0000 0.0841
57.0000 0.0843
80.0000 0.0843
171.0000 0.0844
190.0000 0.0844
1.0000 0.0846
126.0000 0.0846
195.0000 0.0846
95.0000 0.0847
156.0000 0.0847
121.0000 0.0850
106.0000 0.0851
39.0000 0.0852
20.0000 0.0854
61.0000 0.0854
23.0000 0.0856
73.0000 0.0856
24.0000 0.0857
37.0000 0.0857
94.0000 0.0860
99.0000 0.0860
130.0000 0.0860
92.0000 0.0862
235.0000 0.0862
150.0000 0.0863
203.0000 0.0863
86.0000 0.0864
212.0000 0.0864
65.0000 0.0865
69.0000 0.0866
152.0000 0.0867
89.0000 0.0868
22.0000 0.0869
153.0000 0.0869
234.0000 0.0871
9.0000 0.0872
62.0000 0.0873
176.0000 0.0873
208.0000 0.0874
165.0000 0.0875
154.0000 0.0876
135.0000 0.0878
166.0000 0.0878
88.0000 0.0879
15.0000 0.0880
16.0000 0.0880
34.0000 0.0883
123.0000 0.0883
54.0000 0.0884
108.0000 0.0885
136.0000 0.0886
47.0000 0.0887
72.0000 0.0887
188.0000 0.0889
214.0000 0.0889
38.0000 0.0890
71.0000 0.0890
178.0000 0.0890
227.0000 0.0890
118.0000 0.0891
159.0000 0.0892
192.0000 0.0892
147.0000 0.0895
202.0000 0.0895
219.0000 0.0895
93.0000 0.0897
127.0000 0.0897
200.0000 0.0897
206.0000 0.0897
48.0000 0.0899
60.0000 0.0899
0.0000 0.0900
83.0000 0.0900
33.0000 0.0901
216.0000 0.0901
163.0000 0.0902
18.0000 0.0903
21.0000 0.0903
174.0000 0.0903
102.0000 0.0904
230.0000 0.0904
51.0000 0.0906
209.0000 0.0906
132.0000 0.0908
236.0000 0.0908
50.0000 0.0909
11.0000 0.0910
231.0000 0.0911
2.0000 0.0912
78.0000 0.0912
158.0000 0.0912
113.0000 0.0913
179.0000 0.0913
10.0000 0.0916
133.0000 0.0916
220.0000 0.0916
32.0000 0.0917
81.0000 0.0917
185.0000 0.0917
149.0000 0.0918
104.0000 0.0919
13.0000 0.0920
128.0000 0.0921
43.0000 0.0923
215.0000 0.0923
26.0000 0.0926
162.0000 0.0926
167.0000 0.0926
55.0000 0.0927
64.0000 0.0927
114.0000 0.0927
170.0000 0.0927
226.0000 0.0927
140.0000 0.0928
160.0000 0.0928
122.0000 0.0930
222.0000 0.0930
225.0000 0.0931
90.0000 0.0932
144.0000 0.0932
177.0000 0.0933
6.0000 0.0934
119.0000 0.0935
169.0000 0.0936
173.0000 0.0937
148.0000 0.0939
223.0000 0.0940
35.0000 0.0941
213.0000 0.0941
76.0000 0.0942
45.0000 0.0944
19.0000 0.0945
175.0000 0.0946
191.0000 0.0946
31.0000 0.0948
91.0000 0.0948
150.0000 0.0949
8.0000 0.0950
40.0000 0.0950
105.0000 0.0950
139.0000 0.0950
187.0000 0.0950
12.0000 0.0951
182.0000 0.0951
193.0000 0.0951
195.0000 0.0951
199.0000 0.0952
82.0000 0.0953
112.0000 0.0953
98.0000 0.0954
120.0000 0.0954
67.0000 0.0956
184.0000 0.0956
221.0000 0.0956
124.0000 0.0957
131.0000 0.0957
229.0000 0.0958
196.0000 0.0960
66.0000 0.0962
61.0000 0.0963
73.0000 0.0964
164.0000 0.0964
53.0000 0.0965
181.0000 0.0966
22.0000 0.0968
238.0000 0.0970
46.0000 0.0971
58.0000 0.0971
116.0000 0.0972
44.0000 0.0973
151.0000 0.0973
52.0000 0.0974
62.0000 0.0974
126.0000 0.0976
28.0000 0.0977
115.0000 0.0980
130.0000 0.0980
143.0000 0.0981
1.0000 0.0982
121.0000 0.0982
68.0000 0.0983
217.0000 0.0983
86.0000 0.0985
5.0000 0.0986
117.0000 0.0986
204.0000 0.0987
84.0000 0.0989
111.0000 0.0991
214.0000 0.0991
227.0000 0.0991
207.0000 0.0992
228.0000 0.0992
70.0000 0.0994
85.0000 0.0994
239.0000 0.0994
176.0000 0.0996
97.0000 0.0997
23.0000 0.0998
65.0000 0.0999
99.0000 0.0999
34.0000 0.1000
59.0000 0.1000
60.0000 0.1000
63.0000 0.1000
152.0000 0.1000
180.0000 0.1000
41.0000 0.1001
92.0000 0.1002
101.0000 0.1003
54.0000 0.1005
94.0000 0.1005
14.0000 0.1006
17.0000 0.1007
2.0000 0.1009
203.0000 0.1010
3.0000 0.1011
95.0000 0.1011
108.0000 0.1011
38.0000 0.1012
100.0000 0.1013
161.0000 0.1013
202.0000 0.1014
37.0000 0.1016
178.0000 0.1016
218.0000 0.1016
234.0000 0.1017
89.0000 0.1018
125.0000 0.1018
183.0000 0.1018
43.0000 0.1021
123.0000 0.1021
158.0000 0.1021
219.0000 0.1021
233.0000 0.1022
163.0000 0.1023
230.0000 0.1023
33.0000 0.1024
156.0000 0.1024
21.0000 0.1026
122.0000 0.1026
114.0000 0.1027
224.0000 0.1027
9.0000 0.1029
75.0000 0.1029
171.0000 0.1030
153.0000 0.1031
154.0000 0.1031
177.0000 0.1031
127.0000 0.1032
162.0000 0.1032
80.0000 0.1034
32.0000 0.1035
197.0000 0.1035
155.0000 0.1037
179.0000 0.1037
215.0000 0.1037
128.0000 0.1038
166.0000 0.1038
6.0000 0.1039
25.0000 0.1039
57.0000 0.1039
106.0000 0.1039
109.0000 0.1040
140.0000 0.1040
56.0000 0.1041
83.0000 0.1041
88.0000 0.1041
145.0000 0.1041
20.0000 0.1044
104.0000 0.1044
201.0000 0.1044
13.0000 0.1045
16.0000 0.1045
39.0000 0.1045
93.0000 0.1046
223.0000 0.1046
182.0000 0.1047
168.0000 0.1049
190.0000 0.1049
220.0000 0.1049
118.0000 0.1050
167.0000 0.1050
71.0000 0.1051
107.0000 0.1051
113.0000 0.1051
200.0000 0.1051
4.0000 0.1053
10.0000 0.1054
188.0000 0.1054
209.0000 0.1054
19.0000 0.1056
192.0000 0.1056
225.0000 0.1056
195.0000 0.1057
24.0000 0.1058
69.0000 0.1058
150.0000 0.1058
235.0000 0.1058
231.0000 0.1059
0.0000 0.1060
15.0000 0.1060
133.0000 0.1060
186.0000 0.1060
131.0000 0.1064
174.0000 0.1067
51.0000 0.1068
102.0000 0.1068
137.0000 0.1069
149.0000 0.1069
49.0000 0.1070
91.0000 0.1070
138.0000 0.1070
212.0000 0.1070
22.0000 0.1072
12.0000 0.1073
55.0000 0.1073
61.0000 0.1073
35.0000 0.1074
73.0000 0.1074
191.0000 0.1074
144.0000 0.1075
194.0000 0.1075
226.0000 0.1075
206.0000 0.1076
236.0000 0.1076
78.0000 0.1077
96.0000 0.1079
148.0000 0.1080
181.0000 0.1080
169.0000 0.1082
208.0000 0.1082
82.0000 0.1083
213.0000 0.1083
62.0000 0.1084
76.0000 0.1084
222.0000 0.1084
120.0000 0.1085
112.0000 0.1087
221.0000 0.1087
67.0000 0.1088
47.0000 0.1089
173.0000 0.1089
193.0000 0.1089
50.0000 0.1090
74.0000 0.1090
214.0000 0.1090
227.0000 0.1090
7.0000 0.1091
1.0000 0.1093
238.0000 0.1094
86.0000 0.1095
151.0000 0.1095
2.0000 0.1096
130.0000 0.1096
58.0000 0.1097
121.0000 0.1097
66.0000 0.1099
139.0000 0.1099
164.0000 0.1099
176.0000 0.1099
126.0000 0.1100
60.0000 0.1101
116.0000 0.1101
165.0000 0.1101
5.0000 0.1102
198.0000 0.1102
8.0000 0.1104
92.0000 0.1104
175.0000 0.1104
23.0000 0.1105
98.0000 0.1105
229.0000 0.1105
187.0000 0.1107
54.0000 0.1108
132.0000 0.1110
18.0000 0.1111
72.0000 0.1112
108.0000 0.1113
52.0000 0.1114
117.0000 0.1114
65.0000 0.1115
185.0000 0.1116
158.0000 0.1117
43.0000 0.1118
111.0000 0.1121
177.0000 0.1121
202.0000 0.1121
196.0000 0.1122
94.0000 0.1124
122.0000 0.1124
34.0000 0.1125
99.0000 0.1126
152.0000 0.1126
38.0000 0.1127
119.0000 0.1127
33.0000 0.1128
68.0000 0.1128
178.0000 0.1128
44.0000 0.1129
81.0000 0.1129
40.0000 0.1130
207.0000 0.1130
114.0000 0.1131
162.0000 0.1131
140.0000 0.1132
146.0000 0.1132
6.0000 0.1135
125.0000 0.1135
37.0000 0.1136
217.0000 0.1136
230.0000 0.1139
41.0000 0.1140
234.0000 0.1140
124.0000 0.1142
163.0000 0.1142
203.0000 0.1142
26.0000 0.1143
128.0000 0.1144
184.0000 0.1145
32.0000 0.1146
123.0000 0.1147
219.0000 0.1147
182.0000 0.1148
95.0000 0.1149
127.0000 0.1150
179.0000 0.1151
215.0000 0.1151
3.0000 0.1152
90.0000 0.1152
83.0000 0.1153
228.0000 0.1153
239.0000 0.1153
63.0000 0.1156
85.0000 0.1156
153.0000 0.1156
31.0000 0.1157
150.0000 0.1157
115.0000 0.1158
143.0000 0.1158
53.0000 0.1159
11.0000 0.1160
19.0000 0.1160
223.0000 0.1160
9.0000 0.1162
14.0000 0.1162
154.0000 0.1163
104.0000 0.1165
84.0000 0.1166
89.0000 0.1166
136.0000 0.1166
167.0000 0.1166
195.0000 0.1166
21.0000 0.1168
131.0000 0.1168
73.0000 0.1170
171.0000 0.1171
75.0000 0.1172
160.0000 0.1172
161.0000 0.1172
64.0000 0.1173
13.0000 0.1174
22.0000 0.1177
61.0000 0.1177
71.0000 0.1178
225.0000 0.1178
57.0000 0.1181
101.0000 0.1183
214.0000 0.1184
220.0000 0.1184
97.0000 0.1185
93.0000 0.1187
156.0000 0.1188
233.0000 0.1188
91.0000 0.1189
227.0000 0.1189
166.0000 0.1192
209.0000 0.1192
183.0000 0.1193
2.0000 0.1194
35.0000 0.1194
118.0000 0.1194
12.0000 0.1195
60.0000 0.1196
113.0000 0.1196
218.0000 0.1196
80.0000 0.1198
145.0000 0.1199
224.0000 0.1200
0.0000 0.1203
51.0000 0.1204
62.0000 0.1206
191.0000 0.1206
192.0000 0.1209
200.0000 0.1209
86.0000 0.1210
120.0000 0.1210
1.0000 0.1212
133.0000 0.1212
10.0000 0.1213
88.0000 0.1213
43.0000 0.1214
181.0000 0.1215
169.0000 0.1216
106.0000 0.1217
67.0000 0.1218
176.0000 0.1218
23.0000 0.1219
76.0000 0.1219
121.0000 0.1219
216.0000 0.1220
226.0000 0.1220
54.0000 0.1221
82.0000 0.1221
144.0000 0.1222
147.0000 0.1222
148.0000 0.1222
213.0000 0.1222
173.0000 0.1223
180.0000 0.1223
112.0000 0.1224
188.0000 0.1224
193.0000 0.1224
28.0000 0.1225
102.0000 0.1225
108.0000 0.1225
58.0000 0.1226
122.0000 0.1226
149.0000 0.1226
39.0000 0.1227
158.0000 0.1227
231.0000 0.1228
46.0000 0.1229
70.0000 0.1229
151.0000 0.1229
238.0000 0.1229
20.0000 0.1230
6.0000 0.1231
177.0000 0.1231
16.0000 0.1233
69.0000 0.1233
92.0000 0.1234
162.0000 0.1234
202.0000 0.1234
55.0000 0.1235
170.0000 0.1235
15.0000 0.1236
24.0000 0.1236
126.0000 0.1236
130.0000 0.1236
5.0000 0.1237
66.0000 0.1237
114.0000 0.1237
17.0000 0.1238
59.0000 0.1238
94.0000 0.1238
190.0000 0.1238
222.0000 0.1238
103.0000 0.1239
212.0000 0.1239
33.0000 0.1241
204.0000 0.1242
221.0000 0.1242
236.0000 0.1243
117.0000 0.1244
109.0000 0.1245
164.0000 0.1245
235.0000 0.1247
140.0000 0.1248
230.0000 0.1248
8.0000 0.1249
34.0000 0.1249
65.0000 0.1249
128.0000 0.1249
174.0000 0.1249
178.0000 0.1249
50.0000 0.1250
38.0000 0.1251
139.0000 0.1251
150.0000 0.1252
32.0000 0.1253
229.0000 0.1253
25.0000 0.1254
37.0000 0.1254
78.0000 0.1255
182.0000 0.1255
199.0000 0.1255
48.0000 0.1256
215.0000 0.1256
206.0000 0.1258
234.0000 0.1258
116.0000 0.1261
45.0000 0.1262
179.0000 0.1262
232.0000 0.1262
19.0000 0.1264
73.0000 0.1264
111.0000 0.1264
175.0000 0.1264
98.0000 0.1265
123.0000 0.1265
208.0000 0.1265
52.0000 0.1266
152.0000 0.1266
99.0000 0.1267
203.0000 0.1267
219.0000 0.1267
223.0000 0.1267
127.0000 0.1268
163.0000 0.1268
131.0000 0.1271
68.0000 0.1272
187.0000 0.1272
83.0000 0.1273
195.0000 0.1273
207.0000 0.1273
21.0000 0.1274
167.0000 0.1274
4.0000 0.1275
44.0000 0.1275
100.0000 0.1276
22.0000 0.1278
61.0000 0.1279
104.0000 0.1279
217.0000 0.1279
227.0000 0.1279
2.0000 0.1280
186.0000 0.1280
214.0000 0.1280
105.0000 0.1282
154.0000 0.1283
89.0000 0.1284
168.0000 0.1285
225.0000 0.1287
13.0000 0.1288
95.0000 0.1288
9.0000 0.1289
107.0000 0.1290
125.0000 0.1290
228.0000 0.1290
47.0000 0.1292
85.0000 0.1293
153.0000 0.1293
41.0000 0.1294
91.0000 0.1294
60.0000 0.1295
196.0000 0.1295
161.0000 0.1296
205.0000 0.1297
119.0000 0.1298
132.0000 0.1299
3.0000 0.1300
62.0000 0.1300
220.0000 0.1301
40.0000 0.1303
71.0000 0.1303
201.0000 0.1303
12.0000 0.1305
43.0000 0.1305
155.0000 0.1308
35.0000 0.1309
63.0000 0.1309
143.0000 0.1311
191.0000 0.1311
14.0000 0.1313
93.0000 0.1314
118.0000 0.1315
113.0000 0.1316
165.0000 0.1316
1.0000 0.1319
6.0000 0.1319
81.0000 0.1319
239.0000 0.1319
53.0000 0.1321
75.0000 0.1321
209.0000 0.1321
177.0000 0.1322
57.0000 0.1323
122.0000 0.1323
18.0000 0.1324
124.0000 0.1325
156.0000 0.1325
166.0000 0.1325
86.0000 0.1326
176.0000 0.1327
72.0000 0.1328
158.0000 0.1328
54.0000 0.1329
121.0000 0.1330
108.0000 0.1331
114.0000 0.1331
115.0000 0.1331
120.0000 0.1332
184.0000 0.1333
51.0000 0.1336
162.0000 0.1336
181.0000 0.1336
112.0000 0.1337
202.0000 0.1338
10.0000 0.1341
67.0000 0.1341
23.0000 0.1342
171.0000 0.1344
96.0000 0.1346
92.0000 0.1347
26.0000 0.1348
173.0000 0.1348
0.0000 0.1349
97.0000 0.1350
135.0000 0.1350
224.0000 0.1350
101.0000 0.1352
148.0000 0.1353
33.0000 0.1354
58.0000 0.1354
238.0000 0.1354
82.0000 0.1355
80.0000 0.1356
94.0000 0.1356
130.0000 0.1356
150.0000 0.1356
233.0000 0.1356
182.0000 0.1357
192.0000 0.1357
32.0000 0.1358
34.0000 0.1358
84.0000 0.1358
151.0000 0.1358
226.0000 0.1358
145.0000 0.1359
169.0000 0.1359
215.0000 0.1360
5.0000 0.1361
126.0000 0.1361
144.0000 0.1361
140.0000 0.1362
183.0000 0.1362
223.0000 0.1362
131.0000 0.1363
149.0000 0.1363
231.0000 0.1363
38.0000 0.1364
213.0000 0.1364
230.0000 0.1364
128.0000 0.1365
133.0000 0.1366
102.0000 0.1367
193.0000 0.1369
218.0000 0.1371
76.0000 0.1372
188.0000 0.1372
2.0000 0.1373
65.0000 0.1373
73.0000 0.1375
159.0000 0.1375
178.0000 0.1375
200.0000 0.1376
37.0000 0.1377
11.0000 0.1378
19.0000 0.1378
234.0000 0.1378
31.0000 0.1379
66.0000 0.1380
219.0000 0.1380
227.0000 0.1380
195.0000 0.1382
214.0000 0.1382
88.0000 0.1383
185.0000 0.1383
20.0000 0.1384
55.0000 0.1384
117.0000 0.1384
179.0000 0.1384
236.0000 0.1384
106.0000 0.1385
39.0000 0.1386
61.0000 0.1387
22.0000 0.1388
111.0000 0.1388
90.0000 0.1389
222.0000 0.1389
16.0000 0.1391
127.0000 0.1391
221.0000 0.1391
163.0000 0.1392
104.0000 0.1394
123.0000 0.1394
167.0000 0.1394
43.0000 0.1397
15.0000 0.1398
24.0000 0.1398
60.0000 0.1398
83.0000 0.1398
99.0000 0.1398
21.0000 0.1399
8.0000 0.1400
164.0000 0.1400
139.0000 0.1401
203.0000 0.1401
13.0000 0.1402
69.0000 0.1402
152.0000 0.1402
62.0000 0.1403
91.0000 0.1403
49.0000 0.1404
68.0000 0.1404
154.0000 0.1406
174.0000 0.1407
225.0000 0.1407
116.0000 0.1408
136.0000 0.1408
194.0000 0.1408
12.0000 0.1409
177.0000 0.1410
175.0000 0.1411
207.0000 0.1413
6.0000 0.1414
212.0000 0.1414
190.0000 0.1415
122.0000 0.1416
50.0000 0.1417
172.0000 0.1418
9.0000 0.1421
35.0000 0.1421
206.0000 0.1421
95.0000 0.1422
160.0000 0.1422
44.0000 0.1423
52.0000 0.1423
158.0000 0.1423
180.0000 0.1425
191.0000 0.1426
59.0000 0.1427
89.0000 0.1427
98.0000 0.1428
220.0000 0.1429
137.0000 0.1430
235.0000 0.1430
54.0000 0.1432
85.0000 0.1432
46.0000 0.1433
78.0000 0.1433
176.0000 0.1434
108.0000 0.1437
1.0000 0.1438
64.0000 0.1438
71.0000 0.1438
86.0000 0.1438
109.0000 0.1438
162.0000 0.1438
113.0000 0.1439
114.0000 0.1439
187.0000 0.1439
196.0000 0.1440
93.0000 0.1442
202.0000 0.1442
229.0000 0.1442
3.0000 0.1445
121.0000 0.1445
150.0000 0.1447
209.0000 0.1447
153.0000 0.1448
217.0000 0.1448
41.0000 0.1449
23.0000 0.1450
118.0000 0.1450
228.0000 0.1450
25.0000 0.1451
181.0000 0.1453
33.0000 0.1455
120.0000 0.1455
125.0000 0.1455
208.0000 0.1455
32.0000 0.1456
92.0000 0.1456
2.0000 0.1459
161.0000 0.1459
182.0000 0.1459
10.0000 0.1460
112.0000 0.1460
198.0000 0.1460
230.0000 0.1461
131.0000 0.1465
204.0000 0.1465
215.0000 0.1465
223.0000 0.1466
170.0000 0.1467
67.0000 0.1468
130.0000 0.1468
128.0000 0.1469
63.0000 0.1470
75.0000 0.1470
140.0000 0.1471
166.0000 0.1471
214.0000 0.1471
227.0000 0.1472
17.0000 0.1473
57.0000 0.1475
94.0000 0.1475
156.0000 0.1475
38.0000 0.1476
51.0000 0.1478
58.0000 0.1478
34.0000 0.1480
73.0000 0.1481
226.0000 0.1482
5.0000 0.1484
119.0000 0.1484
143.0000 0.1484
168.0000 0.1484
178.0000 0.1484
195.0000 0.1484
22.0000 0.1485
70.0000 0.1485
173.0000 0.1485
238.0000 0.1485
82.0000 0.1486
28.0000 0.1487
0.0000 0.1488
14.0000 0.1488
40.0000 0.1488
151.0000 0.1488
81.0000 0.1489
60.0000 0.1490
239.0000 0.1491
171.0000 0.1492
186.0000 0.1492
192.0000 0.1492
61.0000 0.1493
126.0000 0.1494
19.0000 0.1495
47.0000 0.1495
132.0000 0.1495
169.0000 0.1496
234.0000 0.1496
43.0000 0.1497
115.0000 0.1497
149.0000 0.1497
37.0000 0.1498
62.0000 0.1499
144.0000 0.1499
65.0000 0.1501
124.0000 0.1501
177.0000 0.1501
179.0000 0.1501
197.0000 0.1501
219.0000 0.1501
102.0000 0.1502
123.0000 0.1502
193.0000 0.1502
148.0000 0.1504
216.0000 0.1504
231.0000 0.1504
66.0000 0.1505
53.0000 0.1506
76.0000 0.1506
163.0000 0.1506
80.0000 0.1507
111.0000 0.1507
127.0000 0.1507
213.0000 0.1507
233.0000 0.1508
7.0000 0.1509
6.0000 0.1510
117.0000 0.1510
224.0000 0.1510
13.0000 0.1511
83.0000 0.1511
122.0000 0.1511
164.0000 0.1511
91.0000 0.1512
104.0000 0.1512
167.0000 0.1513
200.0000 0.1513
4.0000 0.1515
203.0000 0.1515
133.0000 0.1516
21.0000 0.1517
146.0000 0.1517
165.0000 0.1517
225.0000 0.1517
55.0000 0.1518
158.0000 0.1519
99.0000 0.1521
152.0000 0.1521
12.0000 0.1522
183.0000 0.1522
184.0000 0.1522
218.0000 0.1523
221.0000 0.1523
72.0000 0.1524
139.0000 0.1524
84.0000 0.1527
107.0000 0.1527
138.0000 0.1527
145.0000 0.1527
154.0000 0.1527
188.0000 0.1527
88.0000 0.1528
162.0000 0.1528
114.0000 0.1530
191.0000 0.1530
101.0000 0.1531
222.0000 0.1531
69.0000 0.1532
201.0000 0.1533
54.0000 0.1534
97.0000 0.1534
18.0000 0.1535
68.0000 0.1535
150.0000 0.1535
1.0000 0.1536
106.0000 0.1536
39.0000 0.1537
236.0000 0.1537
147.0000 0.1538
35.0000 0.1539
202.0000 0.1539
2.0000 0.1540
207.0000 0.1540
8.0000 0.1541
176.0000 0.1541
95.0000 0.1542
108.0000 0.1542
199.0000 0.1544
33.0000 0.1545
20.0000 0.1547
86.0000 0.1547
9.0000 0.1548
15.0000 0.1549
24.0000 0.1550
87.0000 0.1550
155.0000 0.1550
182.0000 0.1550
16.0000 0.1553
175.0000 0.1553
32.0000 0.1554
89.0000 0.1554
220.0000 0.1554
100.0000 0.1555
44.0000 0.1557
71.0000 0.1557
121.0000 0.1557
131.0000 0.1557
23.0000 0.1558
56.0000 0.1559
85.0000 0.1560
230.0000 0.1560
174.0000 0.1561
113.0000 0.1562
116.0000 0.1563
227.0000 0.1563
215.0000 0.1564
93.0000 0.1565
128.0000 0.1565
92.0000 0.1566
48.0000 0.1567
98.0000 0.1567
214.0000 0.1567
26.0000 0.1568
181.0000 0.1568
209.0000 0.1568
212.0000 0.1568
223.0000 0.1568
52.0000 0.1571
112.0000 0.1571
120.0000 0.1573
50.0000 0.1575
73.0000 0.1575
94.0000 0.1575
118.0000 0.1575
140.0000 0.1576
3.0000 0.1577
130.0000 0.1578
41.0000 0.1580
67.0000 0.1580
38.0000 0.1581
22.0000 0.1582
31.0000 0.1582
190.0000 0.1582
195.0000 0.1582
34.0000 0.1583
11.0000 0.1584
43.0000 0.1588
153.0000 0.1588
206.0000 0.1588
60.0000 0.1589
187.0000 0.1589
235.0000 0.1589
10.0000 0.1590
238.0000 0.1591
178.0000 0.1592
5.0000 0.1593
78.0000 0.1593
228.0000 0.1593
61.0000 0.1595
62.0000 0.1596
125.0000 0.1596
161.0000 0.1596
177.0000 0.1596
19.0000 0.1597
151.0000 0.1597
45.0000 0.1598
37.0000 0.1600
229.0000 0.1600
51.0000 0.1601
58.0000 0.1602
6.0000 0.1603
122.0000 0.1603
185.0000 0.1603
82.0000 0.1604
196.0000 0.1604
126.0000 0.1606
96.0000 0.1607
217.0000 0.1607
75.0000 0.1608
105.0000 0.1608
65.0000 0.1609
166.0000 0.1611
179.0000 0.1611
74.0000 0.1612
156.0000 0.1613
158.0000 0.1613
226.0000 0.1613
57.0000 0.1614
59.0000 0.1614
63.0000 0.1614
169.0000 0.1614
149.0000 0.1615
219.0000 0.1615
208.0000 0.1616
91.0000 0.1617
173.0000 0.1617
180.0000 0.1617
193.0000 0.1617
234.0000 0.1617
76.0000 0.1618
90.0000 0.1619
109.0000 0.1620
123.0000 0.1620
167.0000 0.1620
192.0000 0.1620
0.0000 0.1621
144.0000 0.1621
127.0000 0.1623
46.0000 0.1624
163.0000 0.1624
104.0000 0.1626
114.0000 0.1626
150.0000 0.1626
2.0000 0.1627
83.0000 0.1628
203.0000 0.1628
13.0000 0.1629
14.0000 0.1629
54.0000 0.1629
111.0000 0.1630
225.0000 0.1630
143.0000 0.1631
162.0000 0.1632
21.0000 0.1633
136.0000 0.1634
231.0000 0.1635
66.0000 0.1636
102.0000 0.1636
152.0000 0.1636
164.0000 0.1636
213.0000 0.1636
108.0000 0.1637
202.0000 0.1637
12.0000 0.1638
142.0000 0.1638
200.0000 0.1638
25.0000 0.1639
103.0000 0.1639
148.0000 0.1641
99.0000 0.1642
117.0000 0.1642
176.0000 0.1642
191.0000 0.1642
55.0000 0.1643
171.0000 0.1644
239.0000 0.1645
33.0000 0.1646
154.0000 0.1646
1.0000 0.1647
139.0000 0.1647
160.0000 0.1648
182.0000 0.1648
68.0000 0.1649
131.0000 0.1649
221.0000 0.1651
32.0000 0.1652
49.0000 0.1652
119.0000 0.1652
227.0000 0.1652
35.0000 0.1653
86.0000 0.1654
64.0000 0.1655
80.0000 0.1657
115.0000 0.1657
214.0000 0.1657
133.0000 0.1658
168.0000 0.1658
215.0000 0.1658
145.0000 0.1659
128.0000 0.1660
23.0000 0.1662
224.0000 0.1662
230.0000 0.1662
233.0000 0.1664
121.0000 0.1665
223.0000 0.1665
81.0000 0.1667
222.0000 0.1668
17.0000 0.1669
124.0000 0.1670
47.0000 0.1671
22.0000 0.1672
73.0000 0.1672
207.0000 0.1672
140.0000 0.1673
113.0000 0.1674
92.0000 0.1675
95.0000 0.1675
43.0000 0.1678
53.0000 0.1678
89.0000 0.1678
28.0000 0.1679
183.0000 0.1679
188.0000 0.1679
204.0000 0.1680
40.0000 0.1681
84.0000 0.1681
130.0000 0.1681
177.0000 0.1681
181.0000 0.1681
9.0000 0.1682
120.0000 0.1682
175.0000 0.1683
195.0000 0.1683
220.0000 0.1683
85.0000 0.1684
218.0000 0.1684
94.0000 0.1685
209.0000 0.1688
39.0000 0.1689
69.0000 0.1689
93.0000 0.1690
132.0000 0.1691
236.0000 0.1691
34.0000 0.1692
88.0000 0.1692
137.0000 0.1692
38.0000 0.1693
60.0000 0.1693
61.0000 0.1693
122.0000 0.1693
8.0000 0.1694
71.0000 0.1694
184.0000 0.1694
67.0000 0.1695
106.0000 0.1696
20.0000 0.1697
116.0000 0.1697
178.0000 0.1697
6.0000 0.1698
15.0000 0.1698
165.0000 0.1698
62.0000 0.1699
98.0000 0.1699
112.0000 0.1700
170.0000 0.1700
16.0000 0.1701
97.0000 0.1701
194.0000 0.1702
44.0000 0.1703
5.0000 0.1704
118.0000 0.1704
101.0000 0.1705
19.0000 0.1706
186.0000 0.1707
72.0000 0.1708
158.0000 0.1709
174.0000 0.1711
151.0000 0.1712
238.0000 0.1712
24.0000 0.1713
114.0000 0.1714
2.0000 0.1715
70.0000 0.1715
150.0000 0.1715
179.0000 0.1716
10.0000 0.1717
37.0000 0.1719
50.0000 0.1719
82.0000 0.1719
212.0000 0.1719
3.0000 0.1721
51.0000 0.1721
54.0000 0.1721
91.0000 0.1721
52.0000 0.1722
18.0000 0.1723
219.0000 0.1723
65.0000 0.1724
107.0000 0.1724
58.0000 0.1725
162.0000 0.1725
126.0000 0.1726
234.0000 0.1727
163.0000 0.1728
104.0000 0.1732
193.0000 0.1732
167.0000 0.1733
228.0000 0.1733
229.0000 0.1733
41.0000 0.1734
123.0000 0.1734
198.0000 0.1734
202.0000 0.1734
127.0000 0.1735
225.0000 0.1736
13.0000 0.1737
190.0000 0.1737
226.0000 0.1737
4.0000 0.1739
153.0000 0.1739
161.0000 0.1739
169.0000 0.1740
182.0000 0.1740
203.0000 0.1740
12.0000 0.1743
108.0000 0.1743
166.0000 0.1743
21.0000 0.1744
176.0000 0.1744
83.0000 0.1745
187.0000 0.1745
214.0000 0.1745
57.0000 0.1746
75.0000 0.1746
235.0000 0.1746
32.0000 0.1747
173.0000 0.1747
227.0000 0.1747
125.0000 0.1748
131.0000 0.1748
156.0000 0.1749
192.0000 0.1749
33.0000 0.1750
144.0000 0.1750
191.0000 0.1750
206.0000 0.1750
149.0000 0.1751
0.0000 0.1752
66.0000 0.1753
1.0000 0.1754
78.0000 0.1754
196.0000 0.1758
215.0000 0.1758
76.0000 0.1759
152.0000 0.1759
217.0000 0.1759
102.0000 0.1760
86.0000 0.1761
117.0000 0.1761
223.0000 0.1762
63.0000 0.1763
154.0000 0.1763
199.0000 0.1763
230.0000 0.1764
99.0000 0.1765
111.0000 0.1765
31.0000 0.1766
73.0000 0.1766
128.0000 0.1766
148.0000 0.1766
164.0000 0.1766
201.0000 0.1766
213.0000 0.1767
231.0000 0.1767
43.0000 0.1768
68.0000 0.1768
140.0000 0.1768
221.0000 0.1768
35.0000 0.1769
177.0000 0.1769
22.0000 0.1770
23.0000 0.1772
26.0000 0.1772
11.0000 0.1773
121.0000 0.1773
139.0000 0.1773
59.0000 0.1778
208.0000 0.1779
60.0000 0.1780
143.0000 0.1780
55.0000 0.1781
239.0000 0.1782
122.0000 0.1783
6.0000 0.1786
130.0000 0.1786
14.0000 0.1788
113.0000 0.1788
200.0000 0.1789
155.0000 0.1790
171.0000 0.1790
195.0000 0.1791
61.0000 0.1792
38.0000 0.1793
62.0000 0.1793
135.0000 0.1793
92.0000 0.1795
9.0000 0.1796
2.0000 0.1798
95.0000 0.1798
120.0000 0.1798
181.0000 0.1798
133.0000 0.1800
109.0000 0.1802
145.0000 0.1802
150.0000 0.1802
207.0000 0.1802
34.0000 0.1804
71.0000 0.1804
216.0000 0.1804
94.0000 0.1805
178.0000 0.1805
67.0000 0.1806
19.0000 0.1807
93.0000 0.1807
180.0000 0.1807
119.0000 0.1809
158.0000 0.1809
100.0000 0.1811
220.0000 0.1812
85.0000 0.1814
80.0000 0.1815
89.0000 0.1815
159.0000 0.1815
222.0000 0.1815
114.0000 0.1816
205.0000 0.1816
25.0000 0.1818
112.0000 0.1818
209.0000 0.1819
224.0000 0.1819
5.0000 0.1821
54.0000 0.1821
115.0000 0.1821
233.0000 0.1822
8.0000 0.1823
151.0000 0.1824
175.0000 0.1824
179.0000 0.1825
219.0000 0.1825
238.0000 0.1825
185.0000 0.1826
46.0000 0.1827
91.0000 0.1827
147.0000 0.1829
162.0000 0.1830
202.0000 0.1831
37.0000 0.1832
98.0000 0.1832
69.0000 0.1835
124.0000 0.1835
183.0000 0.1836
227.0000 0.1836
234.0000 0.1836
163.0000 0.1837
214.0000 0.1838
236.0000 0.1838
81.0000 0.1839
167.0000 0.1840
82.0000 0.1842
106.0000 0.1842
118.0000 0.1842
131.0000 0.1844
15.0000 0.1845
88.0000 0.1845
108.0000 0.1845
182.0000 0.1845
20.0000 0.1846
65.0000 0.1847
104.0000 0.1847
32.0000 0.1848
188.0000 0.1848
33.0000 0.1849
44.0000 0.1849
53.0000 0.1850
51.0000 0.1851
123.0000 0.1851
126.0000 0.1851
127.0000 0.1852
90.0000 0.1853
225.0000 0.1853
176.0000 0.1854
13.0000 0.1856
16.0000 0.1856
116.0000 0.1856
174.0000 0.1856
177.0000 0.1858
203.0000 0.1858
1.0000 0.1859
12.0000 0.1859
84.0000 0.1860
10.0000 0.1861
97.0000 0.1861
215.0000 0.1861
40.0000 0.1862
83.0000 0.1862
173.0000 0.1862
21.0000 0.1864
191.0000 0.1864
223.0000 0.1864
226.0000 0.1864
146.0000 0.1865
193.0000 0.1865
22.0000 0.1866
43.0000 0.1866
86.0000 0.1866
28.0000 0.1867
58.0000 0.1867
73.0000 0.1868
168.0000 0.1868
230.0000 0.1869
52.0000 0.1870
3.0000 0.1871
96.0000 0.1871
45.0000 0.1873
48.0000 0.1873
50.0000 0.1874
140.0000 0.1874
132.0000 0.1875
184.0000 0.1875
128.0000 0.1876
228.0000 0.1876
2.0000 0.1877
6.0000 0.1877
24.0000 0.1877
144.0000 0.1877
169.0000 0.1877
122.0000 0.1878
152.0000 0.1878
23.0000 0.1880
39.0000 0.1880
41.0000 0.1881
212.0000 0.1881
17.0000 0.1882
35.0000 0.1882
60.0000 0.1883
66.0000 0.1883
64.0000 0.1884
192.0000 0.1884
206.0000 0.1884
125.0000 0.1885
136.0000 0.1885
156.0000 0.1885
218.0000 0.1885
101.0000 0.1886
153.0000 0.1886
195.0000 0.1886
47.0000 0.1887
121.0000 0.1887
117.0000 0.1888
150.0000 0.1888
130.0000 0.1889
166.0000 0.1889
213.0000 0.1889
0.0000 0.1890
187.0000 0.1890
68.0000 0.1891
149.0000 0.1891
99.0000 0.1892
154.0000 0.1892
165.0000 0.1892
57.0000 0.1893
62.0000 0.1893
75.0000 0.1893
161.0000 0.1893
61.0000 0.1894
102.0000 0.1894
164.0000 0.1895
186.0000 0.1895
72.0000 0.1896
76.0000 0.1896
139.0000 0.1896
158.0000 0.1896
160.0000 0.1896
38.0000 0.1897
78.0000 0.1897
92.0000 0.1897
111.0000 0.1898
221.0000 0.1899
217.0000 0.1900
231.0000 0.1900
18.0000 0.1901
196.0000 0.1902
63.0000 0.1903
190.0000 0.1903
94.0000 0.1905
114.0000 0.1905
181.0000 0.1906
229.0000 0.1906
235.0000 0.1906
148.0000 0.1908
55.0000 0.1909
113.0000 0.1911
204.0000 0.1912
120.0000 0.1913
54.0000 0.1914
19.0000 0.1915
34.0000 0.1916
71.0000 0.1916
178.0000 0.1916
220.0000 0.1917
162.0000 0.1918
200.0000 0.1918
227.0000 0.1922
7.0000 0.1923
138.0000 0.1923
179.0000 0.1923
67.0000 0.1924
133.0000 0.1925
202.0000 0.1925
219.0000 0.1926
9.0000 0.1927
151.0000 0.1927
93.0000 0.1928
91.0000 0.1929
214.0000 0.1930
238.0000 0.1930
14.0000 0.1932
209.0000 0.1932
5.0000 0.1933
207.0000 0.1933
37.0000 0.1934
95.0000 0.1934
112.0000 0.1934
143.0000 0.1934
182.0000 0.1934
59.0000 0.1935
89.0000 0.1937
105.0000 0.1937
131.0000 0.1937
170.0000 0.1939
167.0000 0.1940
234.0000 0.1940
171.0000 0.1942
32.0000 0.1943
107.0000 0.1943
163.0000 0.1944
239.0000 0.1944
85.0000 0.1945
177.0000 0.1945
33.0000 0.1947
208.0000 0.1948
104.0000 0.1949
108.0000 0.1949
119.0000 0.1949
222.0000 0.1949
43.0000 0.1951
123.0000 0.1953
176.0000 0.1954
8.0000 0.1955
127.0000 0.1955
225.0000 0.1955
223.0000 0.1956
224.0000 0.1956
215.0000 0.1957
26.0000 0.1959
70.0000 0.1959
118.0000 0.1959
194.0000 0.1960
82.0000 0.1961
2.0000 0.1962
12.0000 0.1963
86.0000 0.1964
230.0000 0.1964
1.0000 0.1965
122.0000 0.1966
126.0000 0.1966
22.0000 0.1967
65.0000 0.1967
175.0000 0.1967
115.0000 0.1968
80.0000 0.1969
83.0000 0.1969
13.0000 0.1970
236.0000 0.1970
6.0000 0.1971
140.0000 0.1972
145.0000 0.1972
191.0000 0.1972
233.0000 0.1973
73.0000 0.1974
60.0000 0.1975
173.0000 0.1975
31.0000 0.1976
128.0000 0.1976
69.0000 0.1977
98.0000 0.1977
23.0000 0.1978
44.0000 0.1978
188.0000 0.1978
116.0000 0.1979
124.0000 0.1979
203.0000 0.1979
25.0000 0.1980
49.0000 0.1980
150.0000 0.1982
58.0000 0.1983
4.0000 0.1985
11.0000 0.1985
201.0000 0.1986
158.0000 0.1988
81.0000 0.1989
180.0000 0.1989
195.0000 0.1990
35.0000 0.1991
51.0000 0.1991
106.0000 0.1991
121.0000 0.1992
174.0000 0.1993
114.0000 0.1994
130.0000 0.1994
88.0000 0.1995
62.0000 0.1996
10.0000 0.1997
38.0000 0.1997
193.0000 0.1998
53.0000 0.1999
