18.0000 0.0039
27.0000 0.0041
50.0000 0.0046
29.0000 0.0047
31.0000 0.0047
24.0000 0.0048
53.0000 0.0049
33.0000 0.0050
28.0000 0.0051
1.0000 0.0053
42.0000 0.0053
2.0000 0.0054
51.0000 0.0056
7.0000 0.0057
6.0000 0.0058
14.0000 0.0058
59.0000 0.0058
45.0000 0.0059
58.0000 0.0059
52.0000 0.0061
5.0000 0.0062
43.0000 0.0062
4.0000 0.0066
32.0000 0.0066
41.0000 0.0067
3.0000 0.0068
23.0000 0.0069
10.0000 0.0071
38.0000 0.0071
40.0000 0.0072
47.0000 0.0074
54.0000 0.0074
0.0000 0.0078
8.0000 0.0082
35.0000 0.0084
49.0000 0.0086
36.0000 0.0096
30.0000 0.0099
21.0000 0.0100
39.0000 0.0100
13.0000 0.0105
48.0000 0.0109
11.0000 0.0115
16.0000 0.0125
17.0000 0.0127
9.0000 0.0142
29.0000 0.0158
42.0000 0.0197
58.0000 0.0205
25.0000 0.0208
18.0000 0.0211
37.0000 0.0213
50.0000 0.0219
32.0000 0.0242
47.0000 0.0242
27.0000 0.0244
56.0000 0.0247
6.0000 0.0248
45.0000 0.0250
1.0000 0.0259
15.0000 0.0260
52.0000 0.0260
24.0000 0.0262
7.0000 0.0265
2.0000 0.0270
8.0000 0.0270
38.0000 0.0276
29.0000 0.0281
21.0000 0.0286
46.0000 0.0286
28.0000 0.0288
0.0000 0.0291
40.0000 0.0291
35.0000 0.0293
41.0000 0.0294
5.0000 0.0303
31.0000 0.0312
13.0000 0.0322
3.0000 0.0323
11.0000 0.0323
55.0000 0.0332
23.0000 0.0335
58.0000 0.0336
43.0000 0.0341
50.0000 0.0351
51.0000 0.0352
53.0000 0.0355
42.0000 0.0358
48.0000 0.0361
18.0000 0.0368
27.0000 0.0372
33.0000 0.0373
14.0000 0.0374
32.0000 0.0378
47.0000 0.0378
49.0000 0.0380
29.0000 0.0388
22.0000 0.0397
30.0000 0.0402
0.0000 0.0428
1.0000 0.0430
37.0000 0.0431
17.0000 0.0444
45.0000 0.0448
36.0000 0.0468
21.0000 0.0473
8.0000 0.0478
2.0000 0.0486
58.0000 0.0487
6.0000 0.0503
25.0000 0.0513
52.0000 0.0514
7.0000 0.0515
50.0000 0.0517
29.0000 0.0534
41.0000 0.0540
27.0000 0.0588
