33.0000 0.0038
29.0000 0.0041
32.0000 0.0045
28.0000 0.0046
38.0000 0.0047
44.0000 0.0047
17.0000 0.0049
52.0000 0.0049
37.0000 0.0053
23.0000 0.0054
5.0000 0.0055
3.0000 0.0057
48.0000 0.0059
59.0000 0.0063
57.0000 0.0064
14.0000 0.0065
35.0000 0.0065
55.0000 0.0065
56.0000 0.0065
20.0000 0.0066
58.0000 0.0066
41.0000 0.0068
30.0000 0.0069
22.0000 0.0071
25.0000 0.0071
13.0000 0.0072
12.0000 0.0074
4.0000 0.0075
21.0000 0.0075
34.0000 0.0081
40.0000 0.0083
18.0000 0.0086
31.0000 0.0087
2.0000 0.0089
39.0000 0.0093
45.0000 0.0098
6.0000 0.0103
7.0000 0.0103
19.0000 0.0106
47.0000 0.0132
46.0000 0.0134
10.0000 0.0152
33.0000 0.0164
11.0000 0.0168
42.0000 0.0168
23.0000 0.0171
32.0000 0.0182
1.0000 0.0184
9.0000 0.0184
20.0000 0.0189
29.0000 0.0192
36.0000 0.0193
38.0000 0.0194
43.0000 0.0199
58.0000 0.0200
48.0000 0.0201
5.0000 0.0206
13.0000 0.0207
59.0000 0.0207
4.0000 0.0209
28.0000 0.0210
27.0000 0.0211
30.0000 0.0211
52.0000 0.0216
25.0000 0.0217
17.0000 0.0219
54.0000 0.0223
56.0000 0.0223
14.0000 0.0224
31.0000 0.0225
16.0000 0.0227
18.0000 0.0227
39.0000 0.0228
3.0000 0.0235
26.0000 0.0236
24.0000 0.0237
2.0000 0.0239
22.0000 0.0241
40.0000 0.0241
45.0000 0.0243
34.0000 0.0246
41.0000 0.0249
44.0000 0.0252
47.0000 0.0254
19.0000 0.0256
55.0000 0.0257
33.0000 0.0263
46.0000 0.0265
23.0000 0.0274
6.0000 0.0281
20.0000 0.0285
10.0000 0.0304
58.0000 0.0304
35.0000 0.0310
21.0000 0.0311
48.0000 0.0313
57.0000 0.0314
8.0000 0.0317
32.0000 0.0317
29.0000 0.0320
38.0000 0.0324
5.0000 0.0330
7.0000 0.0330
25.0000 0.0333
4.0000 0.0335
59.0000 0.0335
12.0000 0.0337
13.0000 0.0337
30.0000 0.0337
37.0000 0.0339
52.0000 0.0347
17.0000 0.0348
18.0000 0.0348
31.0000 0.0350
28.0000 0.0354
33.0000 0.0357
39.0000 0.0362
14.0000 0.0363
49.0000 0.0366
2.0000 0.0369
22.0000 0.0369
23.0000 0.0370
56.0000 0.0371
42.0000 0.0374
40.0000 0.0375
43.0000 0.0376
3.0000 0.0378
20.0000 0.0383
45.0000 0.0384
47.0000 0.0384
9.0000 0.0390
46.0000 0.0390
1.0000 0.0391
34.0000 0.0391
19.0000 0.0393
11.0000 0.0395
41.0000 0.0395
44.0000 0.0402
58.0000 0.0402
48.0000 0.0408
54.0000 0.0419
6.0000 0.0423
32.0000 0.0430
38.0000 0.0430
55.0000 0.0430
50.0000 0.0432
10.0000 0.0436
5.0000 0.0437
25.0000 0.0445
30.0000 0.0445
4.0000 0.0446
29.0000 0.0446
33.0000 0.0447
13.0000 0.0448
59.0000 0.0451
52.0000 0.0456
18.0000 0.0457
23.0000 0.0462
17.0000 0.0468
31.0000 0.0471
28.0000 0.0474
20.0000 0.0475
14.0000 0.0476
36.0000 0.0476
39.0000 0.0479
21.0000 0.0480
2.0000 0.0481
7.0000 0.0495
47.0000 0.0495
45.0000 0.0496
48.0000 0.0497
26.0000 0.0498
56.0000 0.0498
57.0000 0.0500
58.0000 0.0502
40.0000 0.0503
22.0000 0.0508
3.0000 0.0510
46.0000 0.0518
38.0000 0.0520
37.0000 0.0522
19.0000 0.0524
34.0000 0.0524
41.0000 0.0525
15.0000 0.0529
32.0000 0.0533
33.0000 0.0537
35.0000 0.0538
27.0000 0.0543
44.0000 0.0543
23.0000 0.0546
5.0000 0.0548
30.0000 0.0550
8.0000 0.0551
13.0000 0.0551
25.0000 0.0551
24.0000 0.0552
29.0000 0.0553
43.0000 0.0553
6.0000 0.0555
9.0000 0.0555
4.0000 0.0557
52.0000 0.0560
20.0000 0.0562
59.0000 0.0564
11.0000 0.0568
18.0000 0.0570
10.0000 0.0574
17.0000 0.0578
12.0000 0.0581
55.0000 0.0582
31.0000 0.0585
39.0000 0.0585
54.0000 0.0589
58.0000 0.0592
48.0000 0.0594
2.0000 0.0595
14.0000 0.0595
1.0000 0.0597
42.0000 0.0597
47.0000 0.0610
28.0000 0.0617
56.0000 0.0619
38.0000 0.0620
21.0000 0.0625
33.0000 0.0628
40.0000 0.0628
23.0000 0.0634
22.0000 0.0635
45.0000 0.0637
46.0000 0.0639
3.0000 0.0641
32.0000 0.0643
19.0000 0.0645
20.0000 0.0649
34.0000 0.0649
13.0000 0.0650
25.0000 0.0650
5.0000 0.0651
30.0000 0.0651
29.0000 0.0653
7.0000 0.0656
4.0000 0.0657
57.0000 0.0660
52.0000 0.0662
59.0000 0.0666
41.0000 0.0668
44.0000 0.0676
18.0000 0.0680
6.0000 0.0682
48.0000 0.0682
58.0000 0.0685
17.0000 0.0686
39.0000 0.0687
37.0000 0.0688
31.0000 0.0692
43.0000 0.0699
10.0000 0.0702
2.0000 0.0707
14.0000 0.0709
38.0000 0.0711
23.0000 0.0715
55.0000 0.0716
33.0000 0.0717
35.0000 0.0718
9.0000 0.0722
36.0000 0.0723
11.0000 0.0724
28.0000 0.0725
56.0000 0.0728
47.0000 0.0729
20.0000 0.0734
32.0000 0.0739
12.0000 0.0745
46.0000 0.0746
40.0000 0.0747
13.0000 0.0748
25.0000 0.0749
22.0000 0.0750
45.0000 0.0750
26.0000 0.0751
54.0000 0.0751
5.0000 0.0752
29.0000 0.0753
30.0000 0.0753
3.0000 0.0754
4.0000 0.0755
52.0000 0.0755
27.0000 0.0757
19.0000 0.0759
16.0000 0.0760
21.0000 0.0760
34.0000 0.0763
42.0000 0.0764
1.0000 0.0769
48.0000 0.0770
59.0000 0.0770
58.0000 0.0771
18.0000 0.0783
41.0000 0.0786
8.0000 0.0787
17.0000 0.0791
39.0000 0.0792
31.0000 0.0796
38.0000 0.0797
6.0000 0.0800
44.0000 0.0800
33.0000 0.0802
23.0000 0.0805
2.0000 0.0806
14.0000 0.0806
57.0000 0.0814
7.0000 0.0819
24.0000 0.0821
20.0000 0.0823
10.0000 0.0825
43.0000 0.0833
47.0000 0.0834
32.0000 0.0842
56.0000 0.0845
28.0000 0.0847
46.0000 0.0847
37.0000 0.0848
52.0000 0.0849
30.0000 0.0851
13.0000 0.0852
25.0000 0.0852
4.0000 0.0853
48.0000 0.0853
55.0000 0.0853
5.0000 0.0854
29.0000 0.0854
40.0000 0.0854
58.0000 0.0856
3.0000 0.0865
50.0000 0.0867
22.0000 0.0870
45.0000 0.0871
19.0000 0.0873
59.0000 0.0873
34.0000 0.0877
35.0000 0.0878
9.0000 0.0879
18.0000 0.0883
38.0000 0.0883
23.0000 0.0887
33.0000 0.0887
49.0000 0.0887
39.0000 0.0888
17.0000 0.0890
21.0000 0.0895
31.0000 0.0900
41.0000 0.0900
14.0000 0.0901
11.0000 0.0902
20.0000 0.0904
54.0000 0.0908
2.0000 0.0910
6.0000 0.0915
12.0000 0.0921
44.0000 0.0921
1.0000 0.0935
42.0000 0.0936
48.0000 0.0937
30.0000 0.0943
32.0000 0.0944
25.0000 0.0946
10.0000 0.0947
58.0000 0.0947
13.0000 0.0948
47.0000 0.0948
5.0000 0.0949
46.0000 0.0950
52.0000 0.0950
4.0000 0.0952
40.0000 0.0958
56.0000 0.0960
28.0000 0.0964
7.0000 0.0966
29.0000 0.0966
15.0000 0.0968
23.0000 0.0969
59.0000 0.0969
33.0000 0.0970
38.0000 0.0974
57.0000 0.0976
26.0000 0.0978
36.0000 0.0978
22.0000 0.0982
18.0000 0.0983
45.0000 0.0983
20.0000 0.0987
39.0000 0.0988
19.0000 0.0990
55.0000 0.0991
3.0000 0.0993
43.0000 0.0993
8.0000 0.0995
17.0000 0.0995
31.0000 0.0997
27.0000 0.0998
14.0000 0.1002
37.0000 0.1006
34.0000 0.1007
48.0000 0.1018
2.0000 0.1019
41.0000 0.1029
58.0000 0.1032
6.0000 0.1033
21.0000 0.1034
32.0000 0.1038
5.0000 0.1039
30.0000 0.1042
13.0000 0.1043
25.0000 0.1043
44.0000 0.1044
24.0000 0.1046
52.0000 0.1046
35.0000 0.1050
9.0000 0.1051
23.0000 0.1051
46.0000 0.1053
33.0000 0.1057
11.0000 0.1059
4.0000 0.1060
47.0000 0.1061
10.0000 0.1065
29.0000 0.1065
38.0000 0.1066
40.0000 0.1066
54.0000 0.1066
59.0000 0.1066
56.0000 0.1067
20.0000 0.1070
18.0000 0.1085
12.0000 0.1086
39.0000 0.1086
28.0000 0.1092
42.0000 0.1092
17.0000 0.1093
31.0000 0.1096
22.0000 0.1097
48.0000 0.1100
14.0000 0.1102
19.0000 0.1106
45.0000 0.1109
3.0000 0.1111
7.0000 0.1115
58.0000 0.1116
2.0000 0.1117
1.0000 0.1118
55.0000 0.1125
34.0000 0.1126
32.0000 0.1129
57.0000 0.1132
5.0000 0.1133
30.0000 0.1133
43.0000 0.1134
13.0000 0.1136
23.0000 0.1136
52.0000 0.1136
33.0000 0.1138
25.0000 0.1140
41.0000 0.1144
20.0000 0.1148
38.0000 0.1148
6.0000 0.1149
37.0000 0.1150
29.0000 0.1153
59.0000 0.1153
4.0000 0.1154
46.0000 0.1156
47.0000 0.1158
21.0000 0.1162
44.0000 0.1162
56.0000 0.1162
50.0000 0.1165
40.0000 0.1167
26.0000 0.1173
10.0000 0.1178
48.0000 0.1180
36.0000 0.1182
18.0000 0.1183
31.0000 0.1183
39.0000 0.1183
27.0000 0.1188
17.0000 0.1191
8.0000 0.1195
9.0000 0.1195
11.0000 0.1197
14.0000 0.1198
58.0000 0.1198
22.0000 0.1199
28.0000 0.1200
35.0000 0.1211
45.0000 0.1211
23.0000 0.1216
2.0000 0.1217
54.0000 0.1219
33.0000 0.1221
16.0000 0.1224
19.0000 0.1226
5.0000 0.1227
3.0000 0.1228
30.0000 0.1228
20.0000 0.1229
32.0000 0.1229
13.0000 0.1230
38.0000 0.1231
52.0000 0.1237
34.0000 0.1238
25.0000 0.1242
12.0000 0.1243
4.0000 0.1252
46.0000 0.1253
42.0000 0.1254
29.0000 0.1259
55.0000 0.1259
59.0000 0.1259
47.0000 0.1261
48.0000 0.1262
41.0000 0.1264
49.0000 0.1265
40.0000 0.1267
56.0000 0.1267
7.0000 0.1268
6.0000 0.1271
15.0000 0.1273
57.0000 0.1273
31.0000 0.1277
43.0000 0.1281
24.0000 0.1282
44.0000 0.1282
39.0000 0.1284
18.0000 0.1285
58.0000 0.1285
17.0000 0.1287
10.0000 0.1288
14.0000 0.1294
23.0000 0.1299
1.0000 0.1301
33.0000 0.1302
21.0000 0.1307
22.0000 0.1309
28.0000 0.1309
37.0000 0.1309
2.0000 0.1312
20.0000 0.1314
5.0000 0.1320
30.0000 0.1320
32.0000 0.1320
38.0000 0.1320
13.0000 0.1323
45.0000 0.1325
52.0000 0.1326
19.0000 0.1339
25.0000 0.1341
4.0000 0.1346
3.0000 0.1347
9.0000 0.1347
48.0000 0.1347
46.0000 0.1355
34.0000 0.1359
59.0000 0.1359
11.0000 0.1360
54.0000 0.1361
29.0000 0.1362
56.0000 0.1370
58.0000 0.1371
31.0000 0.1372
40.0000 0.1372
33.0000 0.1381
41.0000 0.1381
47.0000 0.1381
23.0000 0.1382
35.0000 0.1383
8.0000 0.1385
17.0000 0.1385
39.0000 0.1385
18.0000 0.1386
14.0000 0.1390
6.0000 0.1391
55.0000 0.1394
20.0000 0.1396
36.0000 0.1397
44.0000 0.1400
12.0000 0.1402
26.0000 0.1404
10.0000 0.1405
30.0000 0.1407
38.0000 0.1407
42.0000 0.1407
57.0000 0.1407
5.0000 0.1410
28.0000 0.1410
13.0000 0.1411
2.0000 0.1415
7.0000 0.1416
32.0000 0.1416
22.0000 0.1417
52.0000 0.1417
27.0000 0.1425
43.0000 0.1425
48.0000 0.1428
25.0000 0.1439
45.0000 0.1443
21.0000 0.1448
4.0000 0.1449
19.0000 0.1451
58.0000 0.1455
29.0000 0.1456
3.0000 0.1461
23.0000 0.1462
33.0000 0.1463
46.0000 0.1463
59.0000 0.1463
37.0000 0.1465
1.0000 0.1466
31.0000 0.1474
40.0000 0.1476
34.0000 0.1477
20.0000 0.1480
56.0000 0.1482
47.0000 0.1483
17.0000 0.1484
50.0000 0.1487
39.0000 0.1488
14.0000 0.1490
18.0000 0.1490
38.0000 0.1494
5.0000 0.1501
13.0000 0.1501
30.0000 0.1504
6.0000 0.1506
32.0000 0.1507
41.0000 0.1507
48.0000 0.1511
11.0000 0.1513
52.0000 0.1513
55.0000 0.1514
9.0000 0.1515
28.0000 0.1517
2.0000 0.1518
44.0000 0.1519
10.0000 0.1521
54.0000 0.1521
22.0000 0.1526
24.0000 0.1526
25.0000 0.1535
58.0000 0.1539
4.0000 0.1542
33.0000 0.1542
23.0000 0.1544
57.0000 0.1544
35.0000 0.1550
45.0000 0.1553
19.0000 0.1554
29.0000 0.1554
20.0000 0.1557
7.0000 0.1558
59.0000 0.1563
12.0000 0.1564
31.0000 0.1565
46.0000 0.1567
42.0000 0.1570
21.0000 0.1571
56.0000 0.1575
43.0000 0.1576
3.0000 0.1577
40.0000 0.1581
39.0000 0.1582
38.0000 0.1583
47.0000 0.1583
14.0000 0.1584
8.0000 0.1585
17.0000 0.1585
34.0000 0.1585
13.0000 0.1589
5.0000 0.1591
18.0000 0.1593
48.0000 0.1594
30.0000 0.1598
52.0000 0.1601
32.0000 0.1609
37.0000 0.1609
27.0000 0.1612
41.0000 0.1615
2.0000 0.1616
6.0000 0.1617
15.0000 0.1619
16.0000 0.1619
26.0000 0.1620
23.0000 0.1623
58.0000 0.1623
1.0000 0.1625
33.0000 0.1625
28.0000 0.1630
36.0000 0.1632
22.0000 0.1636
20.0000 0.1639
44.0000 0.1639
10.0000 0.1640
25.0000 0.1641
4.0000 0.1642
55.0000 0.1644
29.0000 0.1652
11.0000 0.1660
59.0000 0.1664
19.0000 0.1666
31.0000 0.1666
9.0000 0.1667
54.0000 0.1668
46.0000 0.1673
13.0000 0.1675
38.0000 0.1676
48.0000 0.1677
45.0000 0.1679
56.0000 0.1681
5.0000 0.1682
14.0000 0.1683
47.0000 0.1683
17.0000 0.1684
39.0000 0.1686
57.0000 0.1686
3.0000 0.1689
40.0000 0.1689
52.0000 0.1692
34.0000 0.1694
30.0000 0.1695
18.0000 0.1697
21.0000 0.1702
33.0000 0.1703
32.0000 0.1705
7.0000 0.1706
23.0000 0.1706
58.0000 0.1706
2.0000 0.1714
35.0000 0.1714
43.0000 0.1715
20.0000 0.1717
12.0000 0.1726
6.0000 0.1728
42.0000 0.1733
25.0000 0.1734
41.0000 0.1736
4.0000 0.1739
28.0000 0.1741
22.0000 0.1744
29.0000 0.1747
10.0000 0.1748
37.0000 0.1748
48.0000 0.1754
49.0000 0.1756
59.0000 0.1761
38.0000 0.1762
13.0000 0.1763
31.0000 0.1764
24.0000 0.1767
19.0000 0.1771
44.0000 0.1772
46.0000 0.1772
55.0000 0.1772
5.0000 0.1777
17.0000 0.1778
56.0000 0.1779
39.0000 0.1780
14.0000 0.1782
47.0000 0.1782
52.0000 0.1782
33.0000 0.1783
50.0000 0.1783
30.0000 0.1788
45.0000 0.1788
23.0000 0.1789
40.0000 0.1793
8.0000 0.1794
58.0000 0.1794
20.0000 0.1797
32.0000 0.1798
18.0000 0.1800
3.0000 0.1801
34.0000 0.1802
1.0000 0.1806
9.0000 0.1806
11.0000 0.1807
2.0000 0.1808
26.0000 0.1814
54.0000 0.1815
25.0000 0.1832
27.0000 0.1832
48.0000 0.1837
21.0000 0.1838
4.0000 0.1839
7.0000 0.1840
6.0000 0.1841
57.0000 0.1842
41.0000 0.1846
36.0000 0.1850
38.0000 0.1851
59.0000 0.1856
29.0000 0.1858
13.0000 0.1861
22.0000 0.1861
43.0000 0.1861
28.0000 0.1862
5.0000 0.1867
31.0000 0.1867
33.0000 0.1868
10.0000 0.1871
23.0000 0.1873
46.0000 0.1875
20.0000 0.1877
39.0000 0.1880
19.0000 0.1882
52.0000 0.1882
47.0000 0.1883
14.0000 0.1885
17.0000 0.1885
30.0000 0.1886
58.0000 0.1886
56.0000 0.1889
32.0000 0.1894
44.0000 0.1894
40.0000 0.1896
42.0000 0.1897
45.0000 0.1897
18.0000 0.1899
37.0000 0.1901
12.0000 0.1906
55.0000 0.1910
2.0000 0.1912
35.0000 0.1914
3.0000 0.1921
34.0000 0.1924
48.0000 0.1924
25.0000 0.1931
38.0000 0.1932
4.0000 0.1936
33.0000 0.1949
23.0000 0.1951
59.0000 0.1952
13.0000 0.1953
9.0000 0.1955
6.0000 0.1956
11.0000 0.1956
29.0000 0.1957
5.0000 0.1958
20.0000 0.1958
1.0000 0.1961
31.0000 0.1964
21.0000 0.1967
41.0000 0.1967
28.0000 0.1969
58.0000 0.1970
52.0000 0.1972
22.0000 0.1973
39.0000 0.1973
54.0000 0.1973
10.0000 0.1978
30.0000 0.1978
46.0000 0.1978
14.0000 0.1980
7.0000 0.1984
17.0000 0.1985
19.0000 0.1986
47.0000 0.1987
32.0000 0.1989
15.0000 0.1990
57.0000 0.1992
18.0000 0.1994
56.0000 0.1996
40.0000 0.1997
45.0000 0.1997
