0.0000 0.0001
1.0000 0.0001
2.0000 0.0001
3.0000 0.0001
4.0000 0.0001
5.0000 0.0001
6.0000 0.0001
7.0000 0.0001
8.0000 0.0001
9.0000 0.0001
10.0000 0.0001
11.0000 0.0001
12.0000 0.0001
13.0000 0.0001
14.0000 0.0001
15.0000 0.0001
16.0000 0.0001
17.0000 0.0001
18.0000 0.0001
19.0000 0.0001
20.0000 0.0001
21.0000 0.0001
22.0000 0.0001
23.0000 0.0001
24.0000 0.0001
25.0000 0.0001
26.0000 0.0001
27.0000 0.0001
28.0000 0.0001
29.0000 0.0001
30.0000 0.0001
31.0000 0.0001
32.0000 0.0001
33.0000 0.0001
34.0000 0.0001
35.0000 0.0001
36.0000 0.0001
37.0000 0.0001
38.0000 0.0001
39.0000 0.0001
40.0000 0.0001
41.0000 0.0001
42.0000 0.0001
43.0000 0.0001
44.0000 0.0001
45.0000 0.0001
46.0000 0.0001
47.0000 0.0001
48.0000 0.0001
49.0000 0.0001
50.0000 0.0001
51.0000 0.0001
52.0000 0.0001
53.0000 0.0001
54.0000 0.0001
55.0000 0.0001
56.0000 0.0001
57.0000 0.0001
58.0000 0.0001
59.0000 0.0001
60.0000 0.0001
61.0000 0.0001
62.0000 0.0001
63.0000 0.0001
64.0000 0.0001
65.0000 0.0001
66.0000 0.0001
67.0000 0.0001
68.0000 0.0001
69.0000 0.0001
70.0000 0.0001
71.0000 0.0001
72.0000 0.0001
73.0000 0.0001
74.0000 0.0001
75.0000 0.0001
76.0000 0.0001
77.0000 0.0001
78.0000 0.0001
79.0000 0.0001
80.0000 0.0001
81.0000 0.0001
82.0000 0.0001
83.0000 0.0001
84.0000 0.0001
85.0000 0.0001
86.0000 0.0001
87.0000 0.0001
88.0000 0.0001
89.0000 0.0001
90.0000 0.0001
91.0000 0.0001
92.0000 0.0001
93.0000 0.0001
94.0000 0.0001
95.0000 0.0001
96.0000 0.0001
97.0000 0.0001
98.0000 0.0001
99.0000 0.0001
100.0000 0.0001
101.0000 0.0001
102.0000 0.0001
103.0000 0.0001
104.0000 0.0001
105.0000 0.0001
106.0000 0.0001
107.0000 0.0001
108.0000 0.0001
109.0000 0.0001
110.0000 0.0001
111.0000 0.0001
112.0000 0.0001
113.0000 0.0001
114.0000 0.0001
115.0000 0.0001
116.0000 0.0001
117.0000 0.0001
118.0000 0.0001
119.0000 0.0001
120.0000 0.0001
121.0000 0.0001
122.0000 0.0001
123.0000 0.0001
124.0000 0.0001
125.0000 0.0001
126.0000 0.0001
127.0000 0.0001
128.0000 0.0001
129.0000 0.0001
130.0000 0.0001
131.0000 0.0001
132.0000 0.0001
133.0000 0.0001
134.0000 0.0001
135.0000 0.0001
136.0000 0.0001
137.0000 0.0001
138.0000 0.0001
139.0000 0.0001
140.0000 0.0001
141.0000 0.0001
142.0000 0.0001
143.0000 0.0001
144.0000 0.0001
145.0000 0.0001
146.0000 0.0001
147.0000 0.0001
148.0000 0.0001
149.0000 0.0001
187.0000 0.0038
176.0000 0.0041
229.0000 0.0042
235.0000 0.0042
198.0000 0.0046
225.0000 0.0046
196.0000 0.0047
217.0000 0.0048
177.0000 0.0049
218.0000 0.0050
237.0000 0.0050
150.0000 0.0051
204.0000 0.0051
181.0000 0.0052
184.0000 0.0052
185.0000 0.0052
199.0000 0.0052
210.0000 0.0053
212.0000 0.0053
207.0000 0.0054
164.0000 0.0055
193.0000 0.0055
221.0000 0.0056
167.0000 0.0057
239.0000 0.0057
158.0000 0.0058
209.0000 0.0059
232.0000 0.0059
202.0000 0.0060
211.0000 0.0060
154.0000 0.0061
161.0000 0.0061
169.0000 0.0062
227.0000 0.0063
206.0000 0.0064
213.0000 0.0064
230.0000 0.0064
162.0000 0.0065
163.0000 0.0065
192.0000 0.0065
168.0000 0.0069
208.0000 0.0069
194.0000 0.0070
214.0000 0.0070
220.0000 0.0070
156.0000 0.0073
219.0000 0.0073
231.0000 0.0073
233.0000 0.0074
157.0000 0.0075
160.0000 0.0078
189.0000 0.0078
197.0000 0.0078
159.0000 0.0079
238.0000 0.0079
195.0000 0.0082
224.0000 0.0083
180.0000 0.0085
153.0000 0.0090
234.0000 0.0090
48.0000 0.0093
151.0000 0.0093
146.0000 0.0094
172.0000 0.0095
98.0000 0.0096
222.0000 0.0096
178.0000 0.0098
186.0000 0.0100
201.0000 0.0100
200.0000 0.0101
89.0000 0.0106
116.0000 0.0106
22.0000 0.0109
97.0000 0.0110
155.0000 0.0113
60.0000 0.0115
121.0000 0.0116
173.0000 0.0117
17.0000 0.0121
57.0000 0.0121
113.0000 0.0121
37.0000 0.0122
109.0000 0.0122
145.0000 0.0122
152.0000 0.0124
18.0000 0.0125
114.0000 0.0125
50.0000 0.0127
76.0000 0.0128
236.0000 0.0131
11.0000 0.0132
27.0000 0.0133
30.0000 0.0133
78.0000 0.0133
80.0000 0.0136
19.0000 0.0140
138.0000 0.0140
15.0000 0.0144
58.0000 0.0145
140.0000 0.0146
112.0000 0.0148
142.0000 0.0150
62.0000 0.0151
166.0000 0.0153
36.0000 0.0154
179.0000 0.0154
59.0000 0.0156
28.0000 0.0159
132.0000 0.0159
21.0000 0.0160
64.0000 0.0163
6.0000 0.0166
69.0000 0.0168
120.0000 0.0168
103.0000 0.0172
235.0000 0.0172
218.0000 0.0173
216.0000 0.0175
38.0000 0.0177
229.0000 0.0177
39.0000 0.0178
54.0000 0.0181
168.0000 0.0183
111.0000 0.0184
23.0000 0.0185
25.0000 0.0185
182.0000 0.0185
14.0000 0.0187
10.0000 0.0188
84.0000 0.0189
122.0000 0.0191
7.0000 0.0192
212.0000 0.0193
88.0000 0.0195
150.0000 0.0195
196.0000 0.0195
232.0000 0.0196
43.0000 0.0197
106.0000 0.0197
139.0000 0.0199
118.0000 0.0200
162.0000 0.0200
199.0000 0.0200
131.0000 0.0201
165.0000 0.0202
183.0000 0.0202
206.0000 0.0202
55.0000 0.0203
104.0000 0.0203
110.0000 0.0203
143.0000 0.0203
193.0000 0.0203
34.0000 0.0205
135.0000 0.0205
61.0000 0.0206
65.0000 0.0206
9.0000 0.0208
41.0000 0.0209
133.0000 0.0212
204.0000 0.0212
184.0000 0.0213
146.0000 0.0215
221.0000 0.0215
8.0000 0.0216
191.0000 0.0217
31.0000 0.0218
154.0000 0.0218
167.0000 0.0218
207.0000 0.0219
67.0000 0.0220
161.0000 0.0221
1.0000 0.0222
44.0000 0.0222
98.0000 0.0223
116.0000 0.0223
96.0000 0.0225
189.0000 0.0225
29.0000 0.0226
213.0000 0.0226
17.0000 0.0227
45.0000 0.0227
119.0000 0.0227
164.0000 0.0227
89.0000 0.0228
136.0000 0.0228
33.0000 0.0230
70.0000 0.0230
171.0000 0.0231
187.0000 0.0232
177.0000 0.0234
85.0000 0.0235
52.0000 0.0236
97.0000 0.0236
32.0000 0.0238
194.0000 0.0238
202.0000 0.0238
210.0000 0.0238
117.0000 0.0239
123.0000 0.0239
209.0000 0.0239
163.0000 0.0240
174.0000 0.0240
205.0000 0.0240
225.0000 0.0240
113.0000 0.0242
42.0000 0.0243
49.0000 0.0243
129.0000 0.0243
147.0000 0.0243
181.0000 0.0243
94.0000 0.0246
198.0000 0.0246
4.0000 0.0247
127.0000 0.0247
215.0000 0.0247
219.0000 0.0247
60.0000 0.0248
76.0000 0.0248
95.0000 0.0248
220.0000 0.0248
35.0000 0.0249
90.0000 0.0249
22.0000 0.0250
158.0000 0.0250
180.0000 0.0250
197.0000 0.0250
68.0000 0.0251
57.0000 0.0254
40.0000 0.0255
112.0000 0.0255
145.0000 0.0255
159.0000 0.0255
37.0000 0.0256
211.0000 0.0256
208.0000 0.0257
222.0000 0.0258
53.0000 0.0259
121.0000 0.0259
175.0000 0.0259
27.0000 0.0260
73.0000 0.0260
114.0000 0.0260
126.0000 0.0260
77.0000 0.0261
18.0000 0.0262
149.0000 0.0262
195.0000 0.0262
5.0000 0.0263
80.0000 0.0263
107.0000 0.0263
109.0000 0.0263
48.0000 0.0264
50.0000 0.0264
115.0000 0.0264
231.0000 0.0267
11.0000 0.0268
233.0000 0.0268
16.0000 0.0269
239.0000 0.0269
78.0000 0.0270
153.0000 0.0270
223.0000 0.0270
237.0000 0.0270
15.0000 0.0273
128.0000 0.0273
156.0000 0.0276
12.0000 0.0277
19.0000 0.0277
144.0000 0.0277
185.0000 0.0277
138.0000 0.0278
152.0000 0.0278
102.0000 0.0279
192.0000 0.0279
229.0000 0.0279
58.0000 0.0280
36.0000 0.0282
69.0000 0.0282
235.0000 0.0282
201.0000 0.0283
218.0000 0.0283
224.0000 0.0284
3.0000 0.0285
59.0000 0.0285
176.0000 0.0285
214.0000 0.0288
47.0000 0.0289
124.0000 0.0290
157.0000 0.0290
151.0000 0.0291
172.0000 0.0291
132.0000 0.0292
238.0000 0.0292
103.0000 0.0293
200.0000 0.0293
28.0000 0.0294
140.0000 0.0294
86.0000 0.0295
227.0000 0.0295
30.0000 0.0296
63.0000 0.0296
168.0000 0.0296
232.0000 0.0296
0.0000 0.0297
186.0000 0.0297
39.0000 0.0298
81.0000 0.0299
212.0000 0.0300
6.0000 0.0301
38.0000 0.0301
120.0000 0.0301
20.0000 0.0302
141.0000 0.0302
199.0000 0.0302
162.0000 0.0303
234.0000 0.0303
179.0000 0.0304
228.0000 0.0304
105.0000 0.0305
21.0000 0.0306
130.0000 0.0306
166.0000 0.0306
178.0000 0.0306
54.0000 0.0307
137.0000 0.0307
196.0000 0.0307
25.0000 0.0308
62.0000 0.0308
64.0000 0.0308
146.0000 0.0308
150.0000 0.0309
71.0000 0.0310
116.0000 0.0310
98.0000 0.0311
125.0000 0.0311
204.0000 0.0311
184.0000 0.0312
206.0000 0.0312
230.0000 0.0312
7.0000 0.0314
142.0000 0.0315
193.0000 0.0315
17.0000 0.0316
89.0000 0.0316
87.0000 0.0317
167.0000 0.0317
65.0000 0.0318
236.0000 0.0318
111.0000 0.0319
169.0000 0.0320
101.0000 0.0321
14.0000 0.0322
221.0000 0.0323
10.0000 0.0324
154.0000 0.0326
164.0000 0.0326
173.0000 0.0326
55.0000 0.0327
106.0000 0.0327
110.0000 0.0327
34.0000 0.0328
134.0000 0.0328
75.0000 0.0329
97.0000 0.0330
135.0000 0.0330
72.0000 0.0331
88.0000 0.0332
113.0000 0.0332
187.0000 0.0332
161.0000 0.0335
207.0000 0.0336
76.0000 0.0337
122.0000 0.0337
66.0000 0.0338
217.0000 0.0338
8.0000 0.0339
22.0000 0.0339
23.0000 0.0339
61.0000 0.0339
84.0000 0.0339
213.0000 0.0339
46.0000 0.0344
104.0000 0.0344
143.0000 0.0345
60.0000 0.0349
189.0000 0.0349
9.0000 0.0351
33.0000 0.0351
43.0000 0.0352
210.0000 0.0352
37.0000 0.0353
57.0000 0.0353
131.0000 0.0353
1.0000 0.0354
41.0000 0.0354
13.0000 0.0355
44.0000 0.0355
219.0000 0.0355
74.0000 0.0356
27.0000 0.0357
163.0000 0.0357
202.0000 0.0357
112.0000 0.0358
121.0000 0.0358
139.0000 0.0358
182.0000 0.0359
80.0000 0.0360
155.0000 0.0360
145.0000 0.0361
159.0000 0.0361
180.0000 0.0361
50.0000 0.0362
197.0000 0.0362
52.0000 0.0364
18.0000 0.0368
78.0000 0.0368
109.0000 0.0368
118.0000 0.0368
177.0000 0.0368
235.0000 0.0369
194.0000 0.0371
209.0000 0.0371
229.0000 0.0371
218.0000 0.0372
67.0000 0.0373
70.0000 0.0373
220.0000 0.0373
11.0000 0.0375
114.0000 0.0375
136.0000 0.0375
45.0000 0.0376
133.0000 0.0377
181.0000 0.0377
29.0000 0.0378
119.0000 0.0381
153.0000 0.0381
15.0000 0.0383
183.0000 0.0384
36.0000 0.0385
138.0000 0.0385
225.0000 0.0385
148.0000 0.0386
222.0000 0.0386
42.0000 0.0387
232.0000 0.0388
233.0000 0.0389
49.0000 0.0390
165.0000 0.0393
168.0000 0.0393
198.0000 0.0393
199.0000 0.0395
212.0000 0.0395
59.0000 0.0396
146.0000 0.0396
116.0000 0.0397
35.0000 0.0398
129.0000 0.0398
48.0000 0.0399
96.0000 0.0399
158.0000 0.0399
162.0000 0.0400
58.0000 0.0401
17.0000 0.0403
19.0000 0.0404
208.0000 0.0404
195.0000 0.0405
89.0000 0.0406
150.0000 0.0406
94.0000 0.0408
4.0000 0.0409
95.0000 0.0409
184.0000 0.0409
98.0000 0.0410
147.0000 0.0410
53.0000 0.0412
28.0000 0.0413
120.0000 0.0413
205.0000 0.0413
231.0000 0.0413
237.0000 0.0413
31.0000 0.0414
32.0000 0.0416
69.0000 0.0416
91.0000 0.0418
132.0000 0.0418
211.0000 0.0418
90.0000 0.0419
117.0000 0.0419
38.0000 0.0420
140.0000 0.0420
191.0000 0.0420
204.0000 0.0420
216.0000 0.0420
68.0000 0.0421
192.0000 0.0421
103.0000 0.0422
156.0000 0.0422
113.0000 0.0423
152.0000 0.0423
206.0000 0.0423
97.0000 0.0425
167.0000 0.0426
5.0000 0.0428
39.0000 0.0428
76.0000 0.0428
127.0000 0.0428
193.0000 0.0428
83.0000 0.0429
157.0000 0.0430
151.0000 0.0431
196.0000 0.0431
239.0000 0.0431
6.0000 0.0432
65.0000 0.0432
224.0000 0.0432
40.0000 0.0436
64.0000 0.0436
160.0000 0.0436
164.0000 0.0436
221.0000 0.0436
123.0000 0.0437
142.0000 0.0438
187.0000 0.0438
85.0000 0.0439
154.0000 0.0439
185.0000 0.0439
7.0000 0.0440
62.0000 0.0440
73.0000 0.0440
174.0000 0.0440
238.0000 0.0441
22.0000 0.0442
25.0000 0.0442
30.0000 0.0443
60.0000 0.0443
106.0000 0.0443
172.0000 0.0444
21.0000 0.0445
186.0000 0.0445
171.0000 0.0446
112.0000 0.0447
57.0000 0.0449
227.0000 0.0449
3.0000 0.0450
111.0000 0.0450
14.0000 0.0454
27.0000 0.0454
50.0000 0.0454
121.0000 0.0454
161.0000 0.0454
218.0000 0.0454
80.0000 0.0455
201.0000 0.0455
207.0000 0.0455
109.0000 0.0458
166.0000 0.0458
8.0000 0.0459
189.0000 0.0459
213.0000 0.0459
34.0000 0.0460
110.0000 0.0460
126.0000 0.0460
122.0000 0.0461
163.0000 0.0461
107.0000 0.0462
176.0000 0.0462
179.0000 0.0462
1.0000 0.0463
88.0000 0.0463
219.0000 0.0463
229.0000 0.0464
190.0000 0.0465
235.0000 0.0466
54.0000 0.0468
135.0000 0.0468
144.0000 0.0468
145.0000 0.0468
197.0000 0.0468
18.0000 0.0469
78.0000 0.0469
178.0000 0.0469
175.0000 0.0470
37.0000 0.0471
104.0000 0.0472
200.0000 0.0472
202.0000 0.0472
232.0000 0.0472
10.0000 0.0473
61.0000 0.0473
159.0000 0.0473
23.0000 0.0474
128.0000 0.0474
226.0000 0.0474
15.0000 0.0475
55.0000 0.0475
146.0000 0.0475
234.0000 0.0475
102.0000 0.0477
115.0000 0.0477
116.0000 0.0477
210.0000 0.0477
143.0000 0.0478
11.0000 0.0479
44.0000 0.0480
149.0000 0.0480
199.0000 0.0481
138.0000 0.0482
17.0000 0.0483
114.0000 0.0483
12.0000 0.0484
84.0000 0.0484
168.0000 0.0484
220.0000 0.0484
89.0000 0.0485
180.0000 0.0485
212.0000 0.0485
43.0000 0.0486
181.0000 0.0486
194.0000 0.0486
236.0000 0.0487
33.0000 0.0488
36.0000 0.0488
131.0000 0.0488
173.0000 0.0488
47.0000 0.0489
133.0000 0.0490
222.0000 0.0490
209.0000 0.0491
9.0000 0.0492
230.0000 0.0492
162.0000 0.0493
214.0000 0.0493
177.0000 0.0494
63.0000 0.0495
124.0000 0.0495
41.0000 0.0497
16.0000 0.0498
150.0000 0.0498
59.0000 0.0499
98.0000 0.0499
184.0000 0.0499
52.0000 0.0500
77.0000 0.0500
70.0000 0.0501
20.0000 0.0503
87.0000 0.0503
101.0000 0.0503
136.0000 0.0503
153.0000 0.0503
48.0000 0.0504
58.0000 0.0504
113.0000 0.0504
97.0000 0.0505
233.0000 0.0505
45.0000 0.0507
67.0000 0.0507
141.0000 0.0507
182.0000 0.0507
118.0000 0.0508
76.0000 0.0509
139.0000 0.0509
204.0000 0.0509
206.0000 0.0509
19.0000 0.0510
29.0000 0.0510
49.0000 0.0516
120.0000 0.0516
167.0000 0.0517
42.0000 0.0519
86.0000 0.0519
193.0000 0.0519
0.0000 0.0520
79.0000 0.0520
105.0000 0.0520
38.0000 0.0521
129.0000 0.0522
119.0000 0.0523
22.0000 0.0524
28.0000 0.0524
56.0000 0.0524
69.0000 0.0524
103.0000 0.0524
195.0000 0.0524
225.0000 0.0526
231.0000 0.0526
140.0000 0.0527
158.0000 0.0527
132.0000 0.0528
183.0000 0.0528
196.0000 0.0528
187.0000 0.0530
198.0000 0.0531
39.0000 0.0533
164.0000 0.0533
169.0000 0.0533
208.0000 0.0534
57.0000 0.0535
154.0000 0.0535
65.0000 0.0536
96.0000 0.0536
112.0000 0.0536
221.0000 0.0537
71.0000 0.0538
218.0000 0.0538
94.0000 0.0539
95.0000 0.0539
7.0000 0.0541
35.0000 0.0541
60.0000 0.0541
81.0000 0.0541
152.0000 0.0544
156.0000 0.0544
121.0000 0.0545
165.0000 0.0545
64.0000 0.0546
27.0000 0.0547
215.0000 0.0548
142.0000 0.0549
192.0000 0.0549
237.0000 0.0549
134.0000 0.0550
151.0000 0.0550
163.0000 0.0550
229.0000 0.0550
4.0000 0.0551
50.0000 0.0551
106.0000 0.0551
6.0000 0.0552
25.0000 0.0552
80.0000 0.0552
157.0000 0.0552
109.0000 0.0553
235.0000 0.0553
161.0000 0.0554
211.0000 0.0554
224.0000 0.0554
116.0000 0.0555
232.0000 0.0556
99.0000 0.0557
155.0000 0.0558
146.0000 0.0560
21.0000 0.0562
207.0000 0.0562
14.0000 0.0563
53.0000 0.0563
89.0000 0.0563
127.0000 0.0563
189.0000 0.0564
37.0000 0.0565
199.0000 0.0565
219.0000 0.0565
223.0000 0.0566
17.0000 0.0567
32.0000 0.0567
90.0000 0.0567
147.0000 0.0567
213.0000 0.0567
18.0000 0.0568
168.0000 0.0568
72.0000 0.0569
145.0000 0.0569
122.0000 0.0570
159.0000 0.0570
78.0000 0.0571
185.0000 0.0572
239.0000 0.0572
111.0000 0.0573
125.0000 0.0573
212.0000 0.0573
15.0000 0.0575
172.0000 0.0575
1.0000 0.0576
138.0000 0.0576
202.0000 0.0576
8.0000 0.0577
68.0000 0.0577
11.0000 0.0578
40.0000 0.0578
62.0000 0.0578
110.0000 0.0579
30.0000 0.0580
197.0000 0.0580
205.0000 0.0580
114.0000 0.0581
238.0000 0.0581
5.0000 0.0582
98.0000 0.0582
108.0000 0.0582
82.0000 0.0583
117.0000 0.0583
162.0000 0.0583
186.0000 0.0583
31.0000 0.0584
201.0000 0.0585
73.0000 0.0587
36.0000 0.0589
100.0000 0.0589
113.0000 0.0589
184.0000 0.0589
76.0000 0.0590
97.0000 0.0590
75.0000 0.0591
227.0000 0.0591
61.0000 0.0592
191.0000 0.0592
88.0000 0.0593
166.0000 0.0593
210.0000 0.0593
34.0000 0.0594
123.0000 0.0594
222.0000 0.0594
135.0000 0.0595
150.0000 0.0595
217.0000 0.0595
10.0000 0.0596
23.0000 0.0596
66.0000 0.0598
180.0000 0.0598
194.0000 0.0598
181.0000 0.0599
104.0000 0.0601
54.0000 0.0602
143.0000 0.0602
55.0000 0.0603
178.0000 0.0603
44.0000 0.0606
133.0000 0.0606
206.0000 0.0606
179.0000 0.0607
167.0000 0.0608
174.0000 0.0608
220.0000 0.0608
3.0000 0.0609
48.0000 0.0609
85.0000 0.0609
204.0000 0.0609
58.0000 0.0610
84.0000 0.0610
171.0000 0.0610
200.0000 0.0611
22.0000 0.0612
43.0000 0.0612
130.0000 0.0612
153.0000 0.0612
176.0000 0.0613
59.0000 0.0614
193.0000 0.0614
218.0000 0.0614
19.0000 0.0615
33.0000 0.0616
131.0000 0.0616
177.0000 0.0616
209.0000 0.0616
74.0000 0.0618
228.0000 0.0618
9.0000 0.0619
38.0000 0.0621
112.0000 0.0621
2.0000 0.0622
41.0000 0.0622
57.0000 0.0622
120.0000 0.0622
52.0000 0.0623
29.0000 0.0625
69.0000 0.0625
103.0000 0.0625
126.0000 0.0625
216.0000 0.0625
28.0000 0.0628
148.0000 0.0628
164.0000 0.0628
187.0000 0.0628
234.0000 0.0628
60.0000 0.0629
128.0000 0.0629
132.0000 0.0629
118.0000 0.0630
139.0000 0.0631
233.0000 0.0631
136.0000 0.0632
196.0000 0.0632
214.0000 0.0632
116.0000 0.0633
137.0000 0.0633
154.0000 0.0633
195.0000 0.0633
229.0000 0.0633
27.0000 0.0634
50.0000 0.0634
146.0000 0.0634
221.0000 0.0634
121.0000 0.0635
70.0000 0.0636
115.0000 0.0636
173.0000 0.0636
235.0000 0.0637
49.0000 0.0638
109.0000 0.0639
13.0000 0.0640
42.0000 0.0640
65.0000 0.0640
67.0000 0.0640
102.0000 0.0640
231.0000 0.0640
45.0000 0.0641
7.0000 0.0643
17.0000 0.0643
140.0000 0.0643
225.0000 0.0643
89.0000 0.0644
232.0000 0.0644
236.0000 0.0644
163.0000 0.0645
199.0000 0.0645
160.0000 0.0646
64.0000 0.0647
144.0000 0.0647
158.0000 0.0647
39.0000 0.0648
107.0000 0.0648
129.0000 0.0648
149.0000 0.0648
182.0000 0.0649
168.0000 0.0650
6.0000 0.0651
25.0000 0.0651
119.0000 0.0651
124.0000 0.0651
198.0000 0.0651
106.0000 0.0655
157.0000 0.0655
18.0000 0.0656
46.0000 0.0656
78.0000 0.0656
91.0000 0.0656
208.0000 0.0656
80.0000 0.0657
145.0000 0.0657
161.0000 0.0657
20.0000 0.0658
96.0000 0.0658
189.0000 0.0658
212.0000 0.0658
15.0000 0.0659
213.0000 0.0659
219.0000 0.0659
12.0000 0.0662
37.0000 0.0662
207.0000 0.0662
230.0000 0.0662
156.0000 0.0663
211.0000 0.0663
47.0000 0.0664
159.0000 0.0664
95.0000 0.0665
113.0000 0.0665
152.0000 0.0665
21.0000 0.0666
97.0000 0.0666
98.0000 0.0666
138.0000 0.0666
183.0000 0.0666
224.0000 0.0666
184.0000 0.0667
76.0000 0.0668
192.0000 0.0668
94.0000 0.0670
162.0000 0.0670
35.0000 0.0672
83.0000 0.0672
114.0000 0.0672
142.0000 0.0672
16.0000 0.0673
151.0000 0.0673
202.0000 0.0673
1.0000 0.0674
175.0000 0.0674
237.0000 0.0674
11.0000 0.0675
14.0000 0.0675
101.0000 0.0675
197.0000 0.0675
105.0000 0.0677
122.0000 0.0677
141.0000 0.0677
172.0000 0.0677
111.0000 0.0680
87.0000 0.0681
4.0000 0.0683
32.0000 0.0683
185.0000 0.0683
36.0000 0.0684
90.0000 0.0684
165.0000 0.0684
170.0000 0.0684
53.0000 0.0685
110.0000 0.0685
8.0000 0.0686
77.0000 0.0686
127.0000 0.0686
0.0000 0.0687
150.0000 0.0687
206.0000 0.0687
62.0000 0.0688
63.0000 0.0688
222.0000 0.0688
239.0000 0.0688
147.0000 0.0689
22.0000 0.0690
218.0000 0.0690
167.0000 0.0691
169.0000 0.0691
30.0000 0.0692
48.0000 0.0692
238.0000 0.0694
61.0000 0.0695
204.0000 0.0695
34.0000 0.0697
135.0000 0.0697
54.0000 0.0698
180.0000 0.0698
181.0000 0.0698
210.0000 0.0698
186.0000 0.0699
5.0000 0.0700
155.0000 0.0700
227.0000 0.0700
193.0000 0.0702
57.0000 0.0703
104.0000 0.0703
112.0000 0.0704
58.0000 0.0706
81.0000 0.0706
117.0000 0.0706
201.0000 0.0706
88.0000 0.0707
23.0000 0.0708
116.0000 0.0708
10.0000 0.0709
92.0000 0.0709
194.0000 0.0709
19.0000 0.0710
59.0000 0.0710
146.0000 0.0710
220.0000 0.0712
229.0000 0.0714
86.0000 0.0715
205.0000 0.0715
55.0000 0.0716
68.0000 0.0716
235.0000 0.0716
17.0000 0.0717
143.0000 0.0717
120.0000 0.0718
166.0000 0.0718
50.0000 0.0719
209.0000 0.0719
44.0000 0.0720
38.0000 0.0721
60.0000 0.0721
121.0000 0.0721
133.0000 0.0721
153.0000 0.0721
89.0000 0.0722
164.0000 0.0723
28.0000 0.0724
179.0000 0.0724
199.0000 0.0724
40.0000 0.0725
73.0000 0.0725
132.0000 0.0725
221.0000 0.0726
27.0000 0.0727
69.0000 0.0727
103.0000 0.0727
154.0000 0.0727
109.0000 0.0728
196.0000 0.0728
232.0000 0.0728
168.0000 0.0729
177.0000 0.0729
187.0000 0.0730
3.0000 0.0731
43.0000 0.0731
84.0000 0.0731
131.0000 0.0731
71.0000 0.0733
31.0000 0.0735
41.0000 0.0737
7.0000 0.0738
33.0000 0.0738
178.0000 0.0738
52.0000 0.0739
163.0000 0.0739
134.0000 0.0740
29.0000 0.0741
65.0000 0.0741
9.0000 0.0742
136.0000 0.0742
212.0000 0.0742
233.0000 0.0742
113.0000 0.0743
139.0000 0.0743
98.0000 0.0744
78.0000 0.0745
191.0000 0.0745
42.0000 0.0746
80.0000 0.0746
72.0000 0.0747
76.0000 0.0747
145.0000 0.0747
18.0000 0.0748
64.0000 0.0748
140.0000 0.0748
161.0000 0.0748
162.0000 0.0748
184.0000 0.0748
15.0000 0.0749
97.0000 0.0749
231.0000 0.0749
118.0000 0.0750
189.0000 0.0750
37.0000 0.0751
195.0000 0.0751
219.0000 0.0751
85.0000 0.0752
6.0000 0.0753
39.0000 0.0753
45.0000 0.0753
174.0000 0.0753
176.0000 0.0753
213.0000 0.0753
25.0000 0.0754
200.0000 0.0754
217.0000 0.0754
123.0000 0.0756
158.0000 0.0756
49.0000 0.0757
70.0000 0.0757
214.0000 0.0757
138.0000 0.0758
157.0000 0.0758
203.0000 0.0758
207.0000 0.0758
106.0000 0.0760
159.0000 0.0760
225.0000 0.0760
114.0000 0.0761
125.0000 0.0761
171.0000 0.0762
197.0000 0.0763
218.0000 0.0764
202.0000 0.0765
11.0000 0.0769
21.0000 0.0769
198.0000 0.0769
67.0000 0.0770
208.0000 0.0770
152.0000 0.0771
206.0000 0.0771
36.0000 0.0772
129.0000 0.0772
22.0000 0.0773
167.0000 0.0773
66.0000 0.0774
150.0000 0.0774
119.0000 0.0775
173.0000 0.0775
234.0000 0.0775
1.0000 0.0776
116.0000 0.0779
224.0000 0.0779
122.0000 0.0780
142.0000 0.0780
211.0000 0.0780
222.0000 0.0781
75.0000 0.0782
156.0000 0.0782
204.0000 0.0782
192.0000 0.0783
110.0000 0.0784
146.0000 0.0784
112.0000 0.0785
57.0000 0.0786
111.0000 0.0786
8.0000 0.0788
14.0000 0.0789
128.0000 0.0789
17.0000 0.0790
172.0000 0.0790
236.0000 0.0790
35.0000 0.0791
48.0000 0.0791
96.0000 0.0791
151.0000 0.0791
181.0000 0.0791
193.0000 0.0791
115.0000 0.0792
182.0000 0.0792
230.0000 0.0792
34.0000 0.0793
126.0000 0.0793
229.0000 0.0793
215.0000 0.0794
89.0000 0.0795
95.0000 0.0795
102.0000 0.0795
124.0000 0.0795
235.0000 0.0795
30.0000 0.0796
216.0000 0.0796
107.0000 0.0797
180.0000 0.0797
223.0000 0.0798
58.0000 0.0799
62.0000 0.0800
183.0000 0.0800
50.0000 0.0801
94.0000 0.0801
185.0000 0.0801
199.0000 0.0801
210.0000 0.0801
61.0000 0.0802
237.0000 0.0802
90.0000 0.0803
121.0000 0.0803
19.0000 0.0805
32.0000 0.0807
54.0000 0.0807
60.0000 0.0807
232.0000 0.0807
238.0000 0.0807
147.0000 0.0808
168.0000 0.0808
104.0000 0.0809
135.0000 0.0809
12.0000 0.0810
27.0000 0.0811
59.0000 0.0811
88.0000 0.0812
4.0000 0.0813
38.0000 0.0814
109.0000 0.0814
144.0000 0.0814
194.0000 0.0814
120.0000 0.0815
149.0000 0.0815
220.0000 0.0815
20.0000 0.0816
154.0000 0.0816
164.0000 0.0816
165.0000 0.0816
53.0000 0.0817
127.0000 0.0817
160.0000 0.0818
186.0000 0.0818
221.0000 0.0819
227.0000 0.0820
10.0000 0.0821
187.0000 0.0821
196.0000 0.0821
209.0000 0.0821
239.0000 0.0821
98.0000 0.0822
103.0000 0.0822
190.0000 0.0822
23.0000 0.0823
105.0000 0.0823
113.0000 0.0823
28.0000 0.0824
132.0000 0.0824
76.0000 0.0825
143.0000 0.0825
162.0000 0.0825
55.0000 0.0826
44.0000 0.0827
97.0000 0.0827
179.0000 0.0827
201.0000 0.0828
47.0000 0.0829
78.0000 0.0829
117.0000 0.0829
212.0000 0.0829
153.0000 0.0830
184.0000 0.0830
0.0000 0.0831
7.0000 0.0831
69.0000 0.0831
188.0000 0.0831
101.0000 0.0832
226.0000 0.0833
15.0000 0.0834
37.0000 0.0834
133.0000 0.0834
5.0000 0.0835
65.0000 0.0835
80.0000 0.0835
163.0000 0.0835
130.0000 0.0837
145.0000 0.0838
148.0000 0.0839
74.0000 0.0840
87.0000 0.0840
131.0000 0.0840
166.0000 0.0840
43.0000 0.0841
161.0000 0.0841
138.0000 0.0842
218.0000 0.0843
18.0000 0.0844
25.0000 0.0844
13.0000 0.0845
159.0000 0.0845
177.0000 0.0845
84.0000 0.0846
189.0000 0.0846
213.0000 0.0846
64.0000 0.0847
68.0000 0.0848
140.0000 0.0848
141.0000 0.0848
39.0000 0.0849
114.0000 0.0849
169.0000 0.0851
22.0000 0.0852
63.0000 0.0852
155.0000 0.0852
205.0000 0.0852
9.0000 0.0853
33.0000 0.0853
116.0000 0.0853
219.0000 0.0853
231.0000 0.0853
16.0000 0.0854
52.0000 0.0854
99.0000 0.0854
207.0000 0.0854
3.0000 0.0855
41.0000 0.0855
56.0000 0.0855
146.0000 0.0855
29.0000 0.0856
40.0000 0.0856
46.0000 0.0856
77.0000 0.0857
195.0000 0.0857
197.0000 0.0857
206.0000 0.0857
11.0000 0.0858
73.0000 0.0858
137.0000 0.0858
150.0000 0.0858
233.0000 0.0858
6.0000 0.0859
42.0000 0.0860
136.0000 0.0860
157.0000 0.0860
106.0000 0.0861
167.0000 0.0861
45.0000 0.0862
91.0000 0.0862
175.0000 0.0862
17.0000 0.0863
36.0000 0.0863
178.0000 0.0863
204.0000 0.0863
49.0000 0.0864
57.0000 0.0864
158.0000 0.0864
228.0000 0.0864
112.0000 0.0865
139.0000 0.0865
202.0000 0.0867
31.0000 0.0868
89.0000 0.0870
229.0000 0.0870
118.0000 0.0871
222.0000 0.0872
70.0000 0.0873
82.0000 0.0873
235.0000 0.0873
83.0000 0.0875
152.0000 0.0875
21.0000 0.0876
193.0000 0.0876
208.0000 0.0876
225.0000 0.0876
1.0000 0.0877
86.0000 0.0877
122.0000 0.0877
176.0000 0.0877
198.0000 0.0878
199.0000 0.0878
50.0000 0.0880
81.0000 0.0882
232.0000 0.0883
85.0000 0.0885
110.0000 0.0885
129.0000 0.0885
142.0000 0.0885
224.0000 0.0886
8.0000 0.0888
60.0000 0.0888
168.0000 0.0888
211.0000 0.0889
200.0000 0.0890
14.0000 0.0891
34.0000 0.0891
48.0000 0.0891
156.0000 0.0891
58.0000 0.0892
181.0000 0.0892
121.0000 0.0893
151.0000 0.0894
174.0000 0.0894
191.0000 0.0894
214.0000 0.0894
100.0000 0.0895
111.0000 0.0895
173.0000 0.0895
27.0000 0.0896
109.0000 0.0896
119.0000 0.0896
210.0000 0.0896
113.0000 0.0897
76.0000 0.0898
192.0000 0.0898
123.0000 0.0900
164.0000 0.0900
180.0000 0.0900
19.0000 0.0901
98.0000 0.0901
67.0000 0.0904
120.0000 0.0904
59.0000 0.0905
30.0000 0.0906
134.0000 0.0906
154.0000 0.0906
162.0000 0.0906
62.0000 0.0907
97.0000 0.0907
172.0000 0.0907
221.0000 0.0908
61.0000 0.0910
187.0000 0.0910
234.0000 0.0910
88.0000 0.0911
135.0000 0.0911
171.0000 0.0911
184.0000 0.0911
196.0000 0.0911
71.0000 0.0913
96.0000 0.0913
132.0000 0.0913
194.0000 0.0914
220.0000 0.0914
78.0000 0.0915
90.0000 0.0915
212.0000 0.0915
35.0000 0.0916
237.0000 0.0916
15.0000 0.0917
28.0000 0.0918
38.0000 0.0918
103.0000 0.0918
218.0000 0.0918
230.0000 0.0919
147.0000 0.0920
185.0000 0.0920
104.0000 0.0921
209.0000 0.0922
95.0000 0.0923
163.0000 0.0923
238.0000 0.0923
37.0000 0.0924
80.0000 0.0924
7.0000 0.0925
116.0000 0.0926
138.0000 0.0928
54.0000 0.0929
65.0000 0.0929
69.0000 0.0929
182.0000 0.0929
94.0000 0.0930
146.0000 0.0930
183.0000 0.0930
236.0000 0.0931
108.0000 0.0932
145.0000 0.0932
161.0000 0.0932
18.0000 0.0933
128.0000 0.0933
217.0000 0.0933
10.0000 0.0934
44.0000 0.0934
227.0000 0.0934
32.0000 0.0935
53.0000 0.0935
55.0000 0.0936
126.0000 0.0936
186.0000 0.0936
213.0000 0.0936
4.0000 0.0937
23.0000 0.0937
17.0000 0.0938
22.0000 0.0938
72.0000 0.0938
102.0000 0.0938
153.0000 0.0938
206.0000 0.0938
114.0000 0.0939
143.0000 0.0939
179.0000 0.0939
239.0000 0.0940
89.0000 0.0942
159.0000 0.0942
57.0000 0.0943
150.0000 0.0943
207.0000 0.0943
25.0000 0.0944
64.0000 0.0944
124.0000 0.0944
204.0000 0.0944
127.0000 0.0945
131.0000 0.0945
229.0000 0.0945
66.0000 0.0946
115.0000 0.0946
166.0000 0.0946
201.0000 0.0946
189.0000 0.0947
36.0000 0.0948
133.0000 0.0948
140.0000 0.0948
167.0000 0.0948
231.0000 0.0948
20.0000 0.0949
112.0000 0.0949
219.0000 0.0949
11.0000 0.0950
235.0000 0.0950
39.0000 0.0951
5.0000 0.0953
199.0000 0.0954
107.0000 0.0955
165.0000 0.0955
197.0000 0.0956
84.0000 0.0957
149.0000 0.0957
177.0000 0.0957
43.0000 0.0958
106.0000 0.0958
157.0000 0.0959
232.0000 0.0959
193.0000 0.0960
233.0000 0.0960
12.0000 0.0961
33.0000 0.0961
50.0000 0.0961
75.0000 0.0961
73.0000 0.0962
202.0000 0.0962
144.0000 0.0963
6.0000 0.0964
52.0000 0.0964
168.0000 0.0964
9.0000 0.0965
222.0000 0.0965
105.0000 0.0966
2.0000 0.0967
60.0000 0.0967
195.0000 0.0967
29.0000 0.0968
42.0000 0.0968
117.0000 0.0969
68.0000 0.0970
45.0000 0.0971
160.0000 0.0971
49.0000 0.0972
136.0000 0.0972
1.0000 0.0973
76.0000 0.0973
113.0000 0.0973
125.0000 0.0973
41.0000 0.0974
0.0000 0.0975
121.0000 0.0975
98.0000 0.0976
101.0000 0.0976
109.0000 0.0976
3.0000 0.0977
21.0000 0.0977
27.0000 0.0977
216.0000 0.0978
70.0000 0.0979
122.0000 0.0979
158.0000 0.0979
205.0000 0.0979
118.0000 0.0980
139.0000 0.0980
8.0000 0.0981
48.0000 0.0981
152.0000 0.0981
97.0000 0.0982
210.0000 0.0982
47.0000 0.0983
110.0000 0.0983
34.0000 0.0984
58.0000 0.0986
162.0000 0.0986
225.0000 0.0986
184.0000 0.0987
198.0000 0.0987
40.0000 0.0988
178.0000 0.0988
181.0000 0.0988
87.0000 0.0989
164.0000 0.0989
218.0000 0.0989
176.0000 0.0990
224.0000 0.0990
142.0000 0.0991
154.0000 0.0991
14.0000 0.0992
129.0000 0.0994
211.0000 0.0994
215.0000 0.0994
155.0000 0.0995
180.0000 0.0995
208.0000 0.0995
212.0000 0.0995
59.0000 0.0997
120.0000 0.0997
116.0000 0.0998
151.0000 0.0998
19.0000 0.0999
196.0000 0.0999
221.0000 0.0999
156.0000 0.1000
223.0000 0.1001
141.0000 0.1002
146.0000 0.1002
187.0000 0.1002
192.0000 0.1002
78.0000 0.1003
111.0000 0.1003
172.0000 0.1003
15.0000 0.1005
30.0000 0.1006
38.0000 0.1006
103.0000 0.1006
132.0000 0.1006
31.0000 0.1007
163.0000 0.1007
138.0000 0.1008
62.0000 0.1009
169.0000 0.1009
17.0000 0.1010
119.0000 0.1010
80.0000 0.1011
28.0000 0.1012
37.0000 0.1012
220.0000 0.1013
7.0000 0.1015
173.0000 0.1015
194.0000 0.1015
61.0000 0.1016
89.0000 0.1017
145.0000 0.1017
18.0000 0.1018
88.0000 0.1018
63.0000 0.1019
135.0000 0.1019
206.0000 0.1019
200.0000 0.1020
22.0000 0.1021
57.0000 0.1021
69.0000 0.1021
65.0000 0.1023
161.0000 0.1023
214.0000 0.1023
229.0000 0.1023
67.0000 0.1024
85.0000 0.1025
150.0000 0.1025
74.0000 0.1026
174.0000 0.1026
209.0000 0.1026
104.0000 0.1028
114.0000 0.1028
167.0000 0.1028
213.0000 0.1028
235.0000 0.1028
96.0000 0.1029
112.0000 0.1029
204.0000 0.1029
16.0000 0.1030
159.0000 0.1032
36.0000 0.1034
199.0000 0.1034
232.0000 0.1034
237.0000 0.1034
35.0000 0.1035
77.0000 0.1035
207.0000 0.1038
238.0000 0.1038
54.0000 0.1039
90.0000 0.1039
147.0000 0.1039
148.0000 0.1039
168.0000 0.1039
175.0000 0.1039
44.0000 0.1040
64.0000 0.1040
191.0000 0.1040
219.0000 0.1040
81.0000 0.1041
130.0000 0.1041
25.0000 0.1042
140.0000 0.1042
153.0000 0.1043
234.0000 0.1043
55.0000 0.1044
185.0000 0.1044
189.0000 0.1044
11.0000 0.1045
23.0000 0.1045
60.0000 0.1045
95.0000 0.1045
113.0000 0.1046
193.0000 0.1046
10.0000 0.1047
123.0000 0.1048
143.0000 0.1048
86.0000 0.1049
131.0000 0.1049
227.0000 0.1049
32.0000 0.1050
39.0000 0.1050
50.0000 0.1050
91.0000 0.1050
76.0000 0.1051
94.0000 0.1051
98.0000 0.1051
186.0000 0.1051
197.0000 0.1051
133.0000 0.1052
171.0000 0.1052
239.0000 0.1052
202.0000 0.1054
13.0000 0.1055
121.0000 0.1055
137.0000 0.1055
222.0000 0.1055
231.0000 0.1055
92.0000 0.1056
179.0000 0.1056
53.0000 0.1057
109.0000 0.1057
166.0000 0.1057
83.0000 0.1058
97.0000 0.1058
106.0000 0.1058
27.0000 0.1059
46.0000 0.1059
230.0000 0.1059
183.0000 0.1060
6.0000 0.1061
201.0000 0.1062
4.0000 0.1063
177.0000 0.1063
182.0000 0.1063
52.0000 0.1064
233.0000 0.1065
33.0000 0.1066
184.0000 0.1066
218.0000 0.1066
162.0000 0.1067
170.0000 0.1068
5.0000 0.1069
157.0000 0.1069
9.0000 0.1070
43.0000 0.1070
116.0000 0.1070
127.0000 0.1070
84.0000 0.1071
1.0000 0.1072
21.0000 0.1073
210.0000 0.1073
236.0000 0.1073
58.0000 0.1075
128.0000 0.1075
146.0000 0.1075
34.0000 0.1076
212.0000 0.1076
49.0000 0.1077
164.0000 0.1077
195.0000 0.1078
73.0000 0.1079
110.0000 0.1080
126.0000 0.1080
165.0000 0.1080
29.0000 0.1081
41.0000 0.1081
48.0000 0.1081
134.0000 0.1081
136.0000 0.1081
42.0000 0.1082
118.0000 0.1082
122.0000 0.1082
152.0000 0.1082
8.0000 0.1083
17.0000 0.1083
102.0000 0.1083
154.0000 0.1083
158.0000 0.1083
15.0000 0.1084
45.0000 0.1084
70.0000 0.1084
187.0000 0.1084
221.0000 0.1085
78.0000 0.1087
115.0000 0.1087
124.0000 0.1087
181.0000 0.1087
217.0000 0.1087
120.0000 0.1088
59.0000 0.1090
14.0000 0.1091
107.0000 0.1091
138.0000 0.1091
180.0000 0.1091
19.0000 0.1092
68.0000 0.1092
71.0000 0.1093
89.0000 0.1093
163.0000 0.1093
224.0000 0.1093
139.0000 0.1094
142.0000 0.1094
196.0000 0.1094
22.0000 0.1096
103.0000 0.1096
37.0000 0.1098
145.0000 0.1098
57.0000 0.1099
198.0000 0.1099
206.0000 0.1099
18.0000 0.1101
80.0000 0.1101
20.0000 0.1102
111.0000 0.1102
151.0000 0.1102
229.0000 0.1102
12.0000 0.1104
38.0000 0.1104
156.0000 0.1104
3.0000 0.1105
117.0000 0.1105
225.0000 0.1105
28.0000 0.1106
204.0000 0.1106
132.0000 0.1107
144.0000 0.1107
205.0000 0.1107
220.0000 0.1107
235.0000 0.1107
172.0000 0.1108
176.0000 0.1108
192.0000 0.1108
208.0000 0.1108
112.0000 0.1109
150.0000 0.1109
211.0000 0.1109
30.0000 0.1110
232.0000 0.1110
7.0000 0.1111
167.0000 0.1111
199.0000 0.1111
161.0000 0.1113
178.0000 0.1113
62.0000 0.1114
72.0000 0.1114
114.0000 0.1114
149.0000 0.1114
0.0000 0.1115
65.0000 0.1115
129.0000 0.1115
228.0000 0.1115
40.0000 0.1116
36.0000 0.1117
159.0000 0.1117
209.0000 0.1117
168.0000 0.1118
190.0000 0.1118
66.0000 0.1119
69.0000 0.1119
194.0000 0.1119
101.0000 0.1120
105.0000 0.1121
213.0000 0.1121
61.0000 0.1122
113.0000 0.1122
88.0000 0.1124
31.0000 0.1125
98.0000 0.1126
135.0000 0.1126
50.0000 0.1128
76.0000 0.1128
60.0000 0.1129
207.0000 0.1129
11.0000 0.1132
97.0000 0.1132
104.0000 0.1132
119.0000 0.1133
121.0000 0.1134
193.0000 0.1134
219.0000 0.1134
25.0000 0.1135
64.0000 0.1136
189.0000 0.1136
87.0000 0.1137
109.0000 0.1137
39.0000 0.1138
140.0000 0.1140
197.0000 0.1140
226.0000 0.1140
27.0000 0.1141
116.0000 0.1141
153.0000 0.1141
160.0000 0.1142
218.0000 0.1142
47.0000 0.1143
44.0000 0.1144
184.0000 0.1144
214.0000 0.1145
146.0000 0.1146
155.0000 0.1147
162.0000 0.1147
216.0000 0.1147
23.0000 0.1148
67.0000 0.1148
222.0000 0.1148
173.0000 0.1150
237.0000 0.1150
55.0000 0.1151
96.0000 0.1151
106.0000 0.1152
200.0000 0.1152
35.0000 0.1153
131.0000 0.1153
174.0000 0.1153
202.0000 0.1153
75.0000 0.1154
212.0000 0.1154
238.0000 0.1155
17.0000 0.1157
54.0000 0.1157
6.0000 0.1158
169.0000 0.1159
231.0000 0.1159
85.0000 0.1160
125.0000 0.1160
10.0000 0.1161
185.0000 0.1161
186.0000 0.1161
99.0000 0.1163
143.0000 0.1163
227.0000 0.1164
89.0000 0.1166
133.0000 0.1166
147.0000 0.1166
58.0000 0.1167
233.0000 0.1167
90.0000 0.1168
95.0000 0.1168
15.0000 0.1169
141.0000 0.1169
1.0000 0.1170
32.0000 0.1170
164.0000 0.1171
166.0000 0.1171
48.0000 0.1174
52.0000 0.1174
78.0000 0.1174
179.0000 0.1175
210.0000 0.1175
239.0000 0.1175
154.0000 0.1176
157.0000 0.1177
21.0000 0.1178
138.0000 0.1178
221.0000 0.1178
57.0000 0.1179
177.0000 0.1179
56.0000 0.1180
229.0000 0.1180
22.0000 0.1181
110.0000 0.1181
191.0000 0.1182
187.0000 0.1183
4.0000 0.1184
34.0000 0.1184
37.0000 0.1184
43.0000 0.1185
53.0000 0.1185
94.0000 0.1185
195.0000 0.1185
199.0000 0.1185
145.0000 0.1186
180.0000 0.1186
206.0000 0.1186
112.0000 0.1187
120.0000 0.1187
196.0000 0.1187
59.0000 0.1188
84.0000 0.1188
163.0000 0.1188
235.0000 0.1188
5.0000 0.1189
33.0000 0.1189
41.0000 0.1189
122.0000 0.1189
232.0000 0.1189
9.0000 0.1190
49.0000 0.1190
82.0000 0.1190
234.0000 0.1190
18.0000 0.1191
183.0000 0.1191
80.0000 0.1192
201.0000 0.1192
136.0000 0.1193
171.0000 0.1193
204.0000 0.1193
8.0000 0.1194
19.0000 0.1194
29.0000 0.1194
181.0000 0.1194
118.0000 0.1196
42.0000 0.1197
113.0000 0.1197
167.0000 0.1198
168.0000 0.1198
103.0000 0.1199
150.0000 0.1199
14.0000 0.1200
70.0000 0.1200
152.0000 0.1200
182.0000 0.1200
230.0000 0.1200
7.0000 0.1201
123.0000 0.1201
38.0000 0.1202
127.0000 0.1202
142.0000 0.1202
98.0000 0.1203
220.0000 0.1203
28.0000 0.1204
114.0000 0.1204
132.0000 0.1205
158.0000 0.1205
224.0000 0.1205
16.0000 0.1206
45.0000 0.1207
73.0000 0.1207
97.0000 0.1207
63.0000 0.1208
65.0000 0.1208
76.0000 0.1208
151.0000 0.1208
159.0000 0.1208
86.0000 0.1209
60.0000 0.1210
77.0000 0.1210
139.0000 0.1210
156.0000 0.1210
111.0000 0.1211
175.0000 0.1211
36.0000 0.1212
50.0000 0.1212
69.0000 0.1212
116.0000 0.1212
161.0000 0.1212
218.0000 0.1212
198.0000 0.1213
225.0000 0.1213
81.0000 0.1214
209.0000 0.1214
236.0000 0.1214
100.0000 0.1215
213.0000 0.1215
172.0000 0.1216
194.0000 0.1216
30.0000 0.1217
109.0000 0.1217
121.0000 0.1217
128.0000 0.1217
11.0000 0.1218
68.0000 0.1219
193.0000 0.1219
207.0000 0.1219
146.0000 0.1220
162.0000 0.1221
192.0000 0.1221
211.0000 0.1221
219.0000 0.1221
27.0000 0.1222
165.0000 0.1222
208.0000 0.1222
129.0000 0.1223
184.0000 0.1223
88.0000 0.1224
223.0000 0.1224
17.0000 0.1225
176.0000 0.1227
135.0000 0.1228
62.0000 0.1229
124.0000 0.1229
126.0000 0.1229
189.0000 0.1229
61.0000 0.1230
178.0000 0.1230
205.0000 0.1230
25.0000 0.1231
102.0000 0.1231
3.0000 0.1232
212.0000 0.1232
215.0000 0.1232
64.0000 0.1233
115.0000 0.1233
39.0000 0.1234
74.0000 0.1235
197.0000 0.1235
222.0000 0.1235
89.0000 0.1236
104.0000 0.1236
140.0000 0.1238
107.0000 0.1239
117.0000 0.1239
44.0000 0.1241
144.0000 0.1241
20.0000 0.1242
130.0000 0.1242
153.0000 0.1243
202.0000 0.1246
15.0000 0.1248
40.0000 0.1248
91.0000 0.1248
106.0000 0.1248
119.0000 0.1250
55.0000 0.1251
0.0000 0.1252
78.0000 0.1252
148.0000 0.1252
164.0000 0.1252
231.0000 0.1253
13.0000 0.1255
23.0000 0.1256
57.0000 0.1256
229.0000 0.1256
46.0000 0.1257
54.0000 0.1257
6.0000 0.1258
101.0000 0.1258
58.0000 0.1259
138.0000 0.1259
22.0000 0.1260
83.0000 0.1260
48.0000 0.1261
221.0000 0.1261
31.0000 0.1263
37.0000 0.1263
154.0000 0.1263
199.0000 0.1263
235.0000 0.1263
35.0000 0.1264
71.0000 0.1264
131.0000 0.1264
217.0000 0.1264
105.0000 0.1265
206.0000 0.1265
210.0000 0.1265
214.0000 0.1265
186.0000 0.1267
237.0000 0.1267
1.0000 0.1268
10.0000 0.1268
96.0000 0.1268
112.0000 0.1268
232.0000 0.1268
233.0000 0.1268
67.0000 0.1269
203.0000 0.1269
227.0000 0.1271
238.0000 0.1271
134.0000 0.1272
168.0000 0.1272
143.0000 0.1273
204.0000 0.1273
147.0000 0.1274
157.0000 0.1274
90.0000 0.1275
113.0000 0.1275
187.0000 0.1275
200.0000 0.1275
12.0000 0.1276
185.0000 0.1276
18.0000 0.1277
80.0000 0.1277
110.0000 0.1277
137.0000 0.1277
98.0000 0.1278
133.0000 0.1278
145.0000 0.1278
149.0000 0.1278
21.0000 0.1279
163.0000 0.1280
196.0000 0.1280
167.0000 0.1281
177.0000 0.1281
180.0000 0.1281
150.0000 0.1282
173.0000 0.1282
59.0000 0.1283
179.0000 0.1283
52.0000 0.1284
76.0000 0.1284
97.0000 0.1284
120.0000 0.1284
116.0000 0.1285
166.0000 0.1285
72.0000 0.1286
155.0000 0.1286
218.0000 0.1286
239.0000 0.1288
19.0000 0.1289
33.0000 0.1289
66.0000 0.1289
114.0000 0.1289
87.0000 0.1290
174.0000 0.1290
34.0000 0.1291
84.0000 0.1292
85.0000 0.1292
95.0000 0.1292
122.0000 0.1292
146.0000 0.1292
132.0000 0.1293
181.0000 0.1293
195.0000 0.1293
43.0000 0.1294
50.0000 0.1294
60.0000 0.1294
7.0000 0.1296
28.0000 0.1296
32.0000 0.1296
41.0000 0.1296
169.0000 0.1296
53.0000 0.1297
103.0000 0.1297
159.0000 0.1297
8.0000 0.1298
36.0000 0.1298
38.0000 0.1298
136.0000 0.1298
160.0000 0.1298
121.0000 0.1299
17.0000 0.1300
29.0000 0.1300
184.0000 0.1300
109.0000 0.1301
161.0000 0.1301
162.0000 0.1301
201.0000 0.1301
47.0000 0.1302
49.0000 0.1302
213.0000 0.1302
220.0000 0.1302
11.0000 0.1303
14.0000 0.1303
5.0000 0.1304
27.0000 0.1304
158.0000 0.1304
193.0000 0.1304
65.0000 0.1305
69.0000 0.1305
94.0000 0.1305
108.0000 0.1305
9.0000 0.1306
42.0000 0.1306
219.0000 0.1306
207.0000 0.1307
212.0000 0.1307
4.0000 0.1308
118.0000 0.1308
152.0000 0.1308
225.0000 0.1310
70.0000 0.1312
89.0000 0.1312
142.0000 0.1312
183.0000 0.1312
209.0000 0.1312
151.0000 0.1314
224.0000 0.1314
30.0000 0.1315
156.0000 0.1316
198.0000 0.1316
216.0000 0.1316
194.0000 0.1317
111.0000 0.1318
139.0000 0.1318
191.0000 0.1318
234.0000 0.1318
189.0000 0.1319
73.0000 0.1320
127.0000 0.1320
75.0000 0.1321
45.0000 0.1322
141.0000 0.1322
172.0000 0.1322
197.0000 0.1322
25.0000 0.1325
88.0000 0.1325
192.0000 0.1325
230.0000 0.1325
39.0000 0.1327
64.0000 0.1327
135.0000 0.1327
182.0000 0.1329
222.0000 0.1329
57.0000 0.1330
15.0000 0.1331
140.0000 0.1331
61.0000 0.1332
62.0000 0.1332
211.0000 0.1333
208.0000 0.1335
229.0000 0.1335
199.0000 0.1336
202.0000 0.1337
125.0000 0.1338
78.0000 0.1339
171.0000 0.1339
235.0000 0.1340
22.0000 0.1341
129.0000 0.1341
138.0000 0.1341
164.0000 0.1341
104.0000 0.1342
112.0000 0.1342
123.0000 0.1342
153.0000 0.1344
206.0000 0.1344
232.0000 0.1344
106.0000 0.1346
168.0000 0.1346
178.0000 0.1346
37.0000 0.1347
44.0000 0.1347
113.0000 0.1347
58.0000 0.1348
68.0000 0.1349
231.0000 0.1349
221.0000 0.1350
6.0000 0.1352
176.0000 0.1352
236.0000 0.1352
98.0000 0.1353
154.0000 0.1353
3.0000 0.1356
48.0000 0.1356
76.0000 0.1356
116.0000 0.1356
165.0000 0.1357
18.0000 0.1358
23.0000 0.1358
54.0000 0.1358
128.0000 0.1358
63.0000 0.1360
97.0000 0.1360
205.0000 0.1360
204.0000 0.1361
218.0000 0.1362
167.0000 0.1363
55.0000 0.1364
119.0000 0.1364
210.0000 0.1365
145.0000 0.1366
146.0000 0.1366
1.0000 0.1367
107.0000 0.1367
187.0000 0.1367
80.0000 0.1368
150.0000 0.1369
163.0000 0.1369
131.0000 0.1370
196.0000 0.1370
17.0000 0.1371
228.0000 0.1371
233.0000 0.1371
117.0000 0.1373
124.0000 0.1373
114.0000 0.1375
60.0000 0.1376
77.0000 0.1376
50.0000 0.1378
133.0000 0.1378
40.0000 0.1379
184.0000 0.1379
59.0000 0.1380
180.0000 0.1380
186.0000 0.1380
19.0000 0.1381
126.0000 0.1381
143.0000 0.1381
157.0000 0.1381
10.0000 0.1382
102.0000 0.1382
109.0000 0.1382
110.0000 0.1382
120.0000 0.1382
175.0000 0.1382
2.0000 0.1383
21.0000 0.1383
89.0000 0.1383
121.0000 0.1383
132.0000 0.1383
237.0000 0.1383
16.0000 0.1384
20.0000 0.1384
162.0000 0.1384
67.0000 0.1385
81.0000 0.1385
115.0000 0.1385
96.0000 0.1386
27.0000 0.1387
86.0000 0.1387
212.0000 0.1387
90.0000 0.1388
144.0000 0.1388
36.0000 0.1389
213.0000 0.1389
28.0000 0.1390
7.0000 0.1391
11.0000 0.1391
227.0000 0.1391
159.0000 0.1392
161.0000 0.1392
38.0000 0.1393
65.0000 0.1393
103.0000 0.1394
181.0000 0.1394
35.0000 0.1395
193.0000 0.1395
214.0000 0.1395
31.0000 0.1396
177.0000 0.1396
185.0000 0.1396
220.0000 0.1396
238.0000 0.1396
147.0000 0.1398
179.0000 0.1398
34.0000 0.1399
69.0000 0.1399
122.0000 0.1399
219.0000 0.1399
33.0000 0.1400
52.0000 0.1402
166.0000 0.1402
43.0000 0.1403
195.0000 0.1403
200.0000 0.1403
84.0000 0.1405
14.0000 0.1406
92.0000 0.1406
101.0000 0.1406
0.0000 0.1407
29.0000 0.1407
95.0000 0.1407
189.0000 0.1407
207.0000 0.1407
229.0000 0.1407
8.0000 0.1408
41.0000 0.1409
57.0000 0.1410
173.0000 0.1410
197.0000 0.1410
209.0000 0.1410
49.0000 0.1413
136.0000 0.1413
199.0000 0.1413
158.0000 0.1414
152.0000 0.1415
194.0000 0.1416
53.0000 0.1417
235.0000 0.1417
239.0000 0.1417
9.0000 0.1418
5.0000 0.1419
15.0000 0.1419
149.0000 0.1419
22.0000 0.1420
25.0000 0.1420
94.0000 0.1420
138.0000 0.1420
112.0000 0.1421
172.0000 0.1421
198.0000 0.1421
225.0000 0.1421
232.0000 0.1421
78.0000 0.1422
142.0000 0.1422
201.0000 0.1422
222.0000 0.1422
70.0000 0.1423
113.0000 0.1423
156.0000 0.1424
39.0000 0.1425
42.0000 0.1425
111.0000 0.1425
139.0000 0.1425
174.0000 0.1425
206.0000 0.1425
105.0000 0.1426
168.0000 0.1426
224.0000 0.1426
223.0000 0.1427
116.0000 0.1428
164.0000 0.1428
183.0000 0.1428
30.0000 0.1429
32.0000 0.1429
64.0000 0.1429
76.0000 0.1429
88.0000 0.1431
202.0000 0.1431
4.0000 0.1432
37.0000 0.1432
98.0000 0.1432
135.0000 0.1432
85.0000 0.1435
106.0000 0.1435
140.0000 0.1435
61.0000 0.1436
151.0000 0.1436
58.0000 0.1437
146.0000 0.1437
118.0000 0.1438
192.0000 0.1438
97.0000 0.1439
218.0000 0.1439
153.0000 0.1440
154.0000 0.1440
221.0000 0.1440
18.0000 0.1442
71.0000 0.1442
17.0000 0.1443
62.0000 0.1443
91.0000 0.1443
45.0000 0.1445
73.0000 0.1445
130.0000 0.1445
155.0000 0.1445
204.0000 0.1445
148.0000 0.1446
167.0000 0.1446
231.0000 0.1446
6.0000 0.1448
12.0000 0.1448
145.0000 0.1450
208.0000 0.1451
48.0000 0.1452
104.0000 0.1452
74.0000 0.1453
87.0000 0.1453
234.0000 0.1453
44.0000 0.1454
80.0000 0.1454
99.0000 0.1454
150.0000 0.1454
169.0000 0.1454
163.0000 0.1456
47.0000 0.1457
60.0000 0.1457
89.0000 0.1457
127.0000 0.1457
182.0000 0.1457
211.0000 0.1457
217.0000 0.1457
129.0000 0.1458
134.0000 0.1458
162.0000 0.1459
50.0000 0.1461
23.0000 0.1462
188.0000 0.1462
196.0000 0.1462
230.0000 0.1462
109.0000 0.1463
184.0000 0.1463
187.0000 0.1463
114.0000 0.1464
121.0000 0.1464
212.0000 0.1464
178.0000 0.1466
210.0000 0.1466
1.0000 0.1467
46.0000 0.1467
55.0000 0.1467
83.0000 0.1467
132.0000 0.1470
191.0000 0.1470
27.0000 0.1471
119.0000 0.1471
120.0000 0.1471
205.0000 0.1471
226.0000 0.1472
215.0000 0.1473
11.0000 0.1475
19.0000 0.1475
180.0000 0.1475
66.0000 0.1476
213.0000 0.1476
59.0000 0.1477
13.0000 0.1478
131.0000 0.1478
141.0000 0.1478
233.0000 0.1478
171.0000 0.1479
36.0000 0.1480
72.0000 0.1480
133.0000 0.1480
193.0000 0.1480
216.0000 0.1480
7.0000 0.1482
54.0000 0.1482
68.0000 0.1482
143.0000 0.1482
38.0000 0.1483
56.0000 0.1483
110.0000 0.1484
3.0000 0.1485
10.0000 0.1485
176.0000 0.1485
57.0000 0.1486
161.0000 0.1486
21.0000 0.1488
157.0000 0.1488
159.0000 0.1488
160.0000 0.1488
190.0000 0.1488
199.0000 0.1488
229.0000 0.1488
237.0000 0.1489
65.0000 0.1490
103.0000 0.1490
123.0000 0.1490
220.0000 0.1490
236.0000 0.1490
82.0000 0.1491
28.0000 0.1492
165.0000 0.1492
181.0000 0.1492
219.0000 0.1492
235.0000 0.1493
69.0000 0.1494
79.0000 0.1494
137.0000 0.1494
186.0000 0.1495
113.0000 0.1496
189.0000 0.1496
15.0000 0.1497
75.0000 0.1498
128.0000 0.1498
232.0000 0.1498
170.0000 0.1499
52.0000 0.1500
67.0000 0.1500
90.0000 0.1500
227.0000 0.1500
116.0000 0.1501
207.0000 0.1502
22.0000 0.1503
34.0000 0.1503
43.0000 0.1503
122.0000 0.1503
76.0000 0.1504
112.0000 0.1504
168.0000 0.1504
177.0000 0.1504
206.0000 0.1504
78.0000 0.1505
138.0000 0.1505
209.0000 0.1505
238.0000 0.1505
40.0000 0.1506
117.0000 0.1506
197.0000 0.1506
33.0000 0.1507
185.0000 0.1507
14.0000 0.1508
96.0000 0.1508
146.0000 0.1508
218.0000 0.1509
8.0000 0.1510
164.0000 0.1510
195.0000 0.1510
222.0000 0.1510
147.0000 0.1511
25.0000 0.1513
97.0000 0.1513
98.0000 0.1513
100.0000 0.1513
107.0000 0.1513
194.0000 0.1514
136.0000 0.1515
17.0000 0.1516
124.0000 0.1516
166.0000 0.1516
49.0000 0.1517
202.0000 0.1517
29.0000 0.1518
37.0000 0.1518
95.0000 0.1518
179.0000 0.1518
115.0000 0.1519
9.0000 0.1520
20.0000 0.1520
88.0000 0.1520
35.0000 0.1521
102.0000 0.1521
158.0000 0.1521
41.0000 0.1522
84.0000 0.1522
152.0000 0.1522
64.0000 0.1523
239.0000 0.1523
39.0000 0.1524
58.0000 0.1524
198.0000 0.1524
204.0000 0.1524
30.0000 0.1525
126.0000 0.1525
224.0000 0.1525
18.0000 0.1526
111.0000 0.1526
142.0000 0.1526
125.0000 0.1527
140.0000 0.1527
172.0000 0.1527
225.0000 0.1528
106.0000 0.1529
154.0000 0.1529
167.0000 0.1529
200.0000 0.1529
31.0000 0.1530
221.0000 0.1530
70.0000 0.1531
144.0000 0.1531
145.0000 0.1531
53.0000 0.1532
61.0000 0.1532
89.0000 0.1532
94.0000 0.1532
135.0000 0.1532
139.0000 0.1532
151.0000 0.1532
156.0000 0.1532
173.0000 0.1532
42.0000 0.1533
77.0000 0.1533
214.0000 0.1534
5.0000 0.1535
109.0000 0.1535
63.0000 0.1536
80.0000 0.1536
184.0000 0.1536
60.0000 0.1537
150.0000 0.1537
153.0000 0.1537
48.0000 0.1538
62.0000 0.1538
162.0000 0.1538
231.0000 0.1538
50.0000 0.1539
16.0000 0.1540
101.0000 0.1541
212.0000 0.1541
163.0000 0.1542
201.0000 0.1542
6.0000 0.1543
32.0000 0.1543
114.0000 0.1543
121.0000 0.1543
175.0000 0.1543
192.0000 0.1543
0.0000 0.1545
187.0000 0.1545
104.0000 0.1546
196.0000 0.1546
4.0000 0.1547
27.0000 0.1547
81.0000 0.1547
118.0000 0.1547
1.0000 0.1551
86.0000 0.1551
211.0000 0.1551
44.0000 0.1552
85.0000 0.1552
120.0000 0.1554
208.0000 0.1554
45.0000 0.1555
174.0000 0.1555
105.0000 0.1556
183.0000 0.1557
11.0000 0.1558
73.0000 0.1558
210.0000 0.1558
132.0000 0.1559
180.0000 0.1559
193.0000 0.1559
57.0000 0.1560
199.0000 0.1560
23.0000 0.1561
155.0000 0.1561
229.0000 0.1562
19.0000 0.1563
213.0000 0.1563
36.0000 0.1564
178.0000 0.1565
55.0000 0.1567
59.0000 0.1567
235.0000 0.1567
113.0000 0.1569
129.0000 0.1569
7.0000 0.1570
116.0000 0.1570
127.0000 0.1570
161.0000 0.1570
38.0000 0.1571
232.0000 0.1573
110.0000 0.1576
219.0000 0.1576
233.0000 0.1576
234.0000 0.1576
15.0000 0.1577
159.0000 0.1577
168.0000 0.1577
131.0000 0.1578
21.0000 0.1579
76.0000 0.1579
133.0000 0.1579
65.0000 0.1580
103.0000 0.1580
112.0000 0.1580
146.0000 0.1580
205.0000 0.1581
220.0000 0.1581
218.0000 0.1582
69.0000 0.1583
149.0000 0.1583
54.0000 0.1584
119.0000 0.1584
22.0000 0.1585
138.0000 0.1585
182.0000 0.1585
206.0000 0.1585
230.0000 0.1585
28.0000 0.1586
10.0000 0.1587
78.0000 0.1587
98.0000 0.1587
189.0000 0.1587
207.0000 0.1587
17.0000 0.1588
237.0000 0.1588
97.0000 0.1590
157.0000 0.1590
169.0000 0.1590
3.0000 0.1592
181.0000 0.1592
87.0000 0.1593
143.0000 0.1594
186.0000 0.1594
164.0000 0.1595
12.0000 0.1597
222.0000 0.1597
197.0000 0.1600
209.0000 0.1603
37.0000 0.1604
47.0000 0.1604
228.0000 0.1604
14.0000 0.1605
176.0000 0.1605
89.0000 0.1607
34.0000 0.1608
122.0000 0.1608
194.0000 0.1608
204.0000 0.1608
227.0000 0.1608
25.0000 0.1609
134.0000 0.1609
191.0000 0.1609
167.0000 0.1610
202.0000 0.1610
68.0000 0.1611
177.0000 0.1613
184.0000 0.1613
162.0000 0.1614
165.0000 0.1614
18.0000 0.1615
221.0000 0.1615
58.0000 0.1616
50.0000 0.1617
52.0000 0.1617
67.0000 0.1618
136.0000 0.1618
8.0000 0.1619
171.0000 0.1619
195.0000 0.1619
71.0000 0.1620
150.0000 0.1620
154.0000 0.1620
109.0000 0.1621
145.0000 0.1621
185.0000 0.1621
212.0000 0.1621
123.0000 0.1623
39.0000 0.1624
43.0000 0.1624
60.0000 0.1624
64.0000 0.1624
9.0000 0.1625
49.0000 0.1625
33.0000 0.1626
96.0000 0.1626
217.0000 0.1626
90.0000 0.1628
80.0000 0.1629
121.0000 0.1629
140.0000 0.1630
29.0000 0.1631
106.0000 0.1631
166.0000 0.1631
130.0000 0.1632
142.0000 0.1632
27.0000 0.1633
61.0000 0.1633
88.0000 0.1633
95.0000 0.1634
163.0000 0.1634
147.0000 0.1635
236.0000 0.1635
111.0000 0.1636
114.0000 0.1636
179.0000 0.1636
198.0000 0.1636
238.0000 0.1636
128.0000 0.1637
141.0000 0.1637
187.0000 0.1637
196.0000 0.1638
172.0000 0.1639
199.0000 0.1639
224.0000 0.1639
225.0000 0.1639
229.0000 0.1639
30.0000 0.1640
48.0000 0.1640
70.0000 0.1641
152.0000 0.1641
41.0000 0.1642
116.0000 0.1642
231.0000 0.1642
57.0000 0.1643
151.0000 0.1644
158.0000 0.1644
6.0000 0.1645
135.0000 0.1645
216.0000 0.1645
235.0000 0.1645
113.0000 0.1646
139.0000 0.1646
153.0000 0.1646
40.0000 0.1647
156.0000 0.1647
91.0000 0.1648
117.0000 0.1648
84.0000 0.1649
239.0000 0.1649
11.0000 0.1650
42.0000 0.1650
1.0000 0.1651
35.0000 0.1651
193.0000 0.1651
223.0000 0.1651
232.0000 0.1652
36.0000 0.1653
94.0000 0.1654
104.0000 0.1655
180.0000 0.1655
53.0000 0.1656
120.0000 0.1656
74.0000 0.1657
146.0000 0.1657
17.0000 0.1658
62.0000 0.1658
76.0000 0.1658
102.0000 0.1658
148.0000 0.1658
168.0000 0.1658
218.0000 0.1658
19.0000 0.1659
66.0000 0.1659
132.0000 0.1659
213.0000 0.1659
15.0000 0.1660
161.0000 0.1660
210.0000 0.1660
192.0000 0.1661
211.0000 0.1661
118.0000 0.1662
44.0000 0.1663
83.0000 0.1663
98.0000 0.1663
112.0000 0.1663
160.0000 0.1663
219.0000 0.1663
7.0000 0.1664
13.0000 0.1664
72.0000 0.1664
124.0000 0.1664
173.0000 0.1664
200.0000 0.1664
32.0000 0.1665
59.0000 0.1665
97.0000 0.1665
46.0000 0.1666
20.0000 0.1667
22.0000 0.1667
38.0000 0.1667
5.0000 0.1668
138.0000 0.1668
159.0000 0.1669
206.0000 0.1669
4.0000 0.1670
65.0000 0.1670
201.0000 0.1670
23.0000 0.1671
214.0000 0.1671
78.0000 0.1672
45.0000 0.1673
69.0000 0.1673
115.0000 0.1673
28.0000 0.1675
110.0000 0.1675
208.0000 0.1675
103.0000 0.1676
220.0000 0.1676
55.0000 0.1678
75.0000 0.1678
89.0000 0.1678
189.0000 0.1679
207.0000 0.1679
215.0000 0.1679
101.0000 0.1681
107.0000 0.1681
108.0000 0.1681
21.0000 0.1682
31.0000 0.1682
73.0000 0.1682
129.0000 0.1682
164.0000 0.1682
181.0000 0.1682
54.0000 0.1683
126.0000 0.1683
157.0000 0.1684
92.0000 0.1685
144.0000 0.1685
183.0000 0.1685
2.0000 0.1686
137.0000 0.1686
178.0000 0.1686
222.0000 0.1686
133.0000 0.1687
143.0000 0.1688
37.0000 0.1689
131.0000 0.1689
162.0000 0.1689
197.0000 0.1689
233.0000 0.1689
184.0000 0.1690
204.0000 0.1690
174.0000 0.1691
0.0000 0.1692
167.0000 0.1693
50.0000 0.1694
105.0000 0.1694
85.0000 0.1695
155.0000 0.1695
209.0000 0.1695
10.0000 0.1696
18.0000 0.1696
127.0000 0.1696
234.0000 0.1696
25.0000 0.1697
150.0000 0.1698
186.0000 0.1698
212.0000 0.1698
14.0000 0.1700
109.0000 0.1700
119.0000 0.1700
205.0000 0.1700
221.0000 0.1700
34.0000 0.1701
3.0000 0.1702
154.0000 0.1702
202.0000 0.1702
60.0000 0.1703
125.0000 0.1703
58.0000 0.1704
237.0000 0.1704
145.0000 0.1705
121.0000 0.1707
122.0000 0.1708
63.0000 0.1709
86.0000 0.1709
39.0000 0.1710
80.0000 0.1710
81.0000 0.1710
182.0000 0.1710
227.0000 0.1710
8.0000 0.1712
116.0000 0.1712
194.0000 0.1712
229.0000 0.1712
27.0000 0.1713
16.0000 0.1714
177.0000 0.1714
64.0000 0.1715
113.0000 0.1716
163.0000 0.1716
175.0000 0.1716
199.0000 0.1716
57.0000 0.1717
195.0000 0.1719
235.0000 0.1719
230.0000 0.1720
77.0000 0.1721
106.0000 0.1721
114.0000 0.1721
176.0000 0.1721
136.0000 0.1722
49.0000 0.1725
232.0000 0.1725
140.0000 0.1726
52.0000 0.1727
185.0000 0.1727
146.0000 0.1728
196.0000 0.1728
149.0000 0.1729
17.0000 0.1730
187.0000 0.1730
43.0000 0.1731
67.0000 0.1731
76.0000 0.1731
169.0000 0.1731
33.0000 0.1733
48.0000 0.1733
61.0000 0.1733
68.0000 0.1733
9.0000 0.1734
168.0000 0.1734
152.0000 0.1736
218.0000 0.1736
11.0000 0.1737
111.0000 0.1737
6.0000 0.1738
36.0000 0.1738
30.0000 0.1739
90.0000 0.1739
142.0000 0.1739
231.0000 0.1739
88.0000 0.1740
193.0000 0.1740
147.0000 0.1742
165.0000 0.1742
29.0000 0.1743
98.0000 0.1743
112.0000 0.1743
153.0000 0.1743
97.0000 0.1744
156.0000 0.1744
158.0000 0.1744
198.0000 0.1744
238.0000 0.1744
15.0000 0.1745
87.0000 0.1745
96.0000 0.1745
135.0000 0.1745
191.0000 0.1745
224.0000 0.1745
213.0000 0.1746
225.0000 0.1746
22.0000 0.1747
206.0000 0.1748
138.0000 0.1749
180.0000 0.1749
210.0000 0.1749
89.0000 0.1750
172.0000 0.1750
1.0000 0.1751
161.0000 0.1751
166.0000 0.1751
47.0000 0.1752
151.0000 0.1752
19.0000 0.1754
41.0000 0.1754
70.0000 0.1754
95.0000 0.1755
132.0000 0.1755
120.0000 0.1756
139.0000 0.1756
171.0000 0.1757
12.0000 0.1758
78.0000 0.1758
219.0000 0.1758
7.0000 0.1759
159.0000 0.1759
179.0000 0.1759
42.0000 0.1763
59.0000 0.1763
99.0000 0.1764
104.0000 0.1764
28.0000 0.1765
38.0000 0.1765
53.0000 0.1766
123.0000 0.1766
162.0000 0.1766
35.0000 0.1767
65.0000 0.1768
69.0000 0.1768
184.0000 0.1768
94.0000 0.1769
189.0000 0.1770
103.0000 0.1771
192.0000 0.1771
44.0000 0.1772
62.0000 0.1772
84.0000 0.1772
239.0000 0.1772
164.0000 0.1773
37.0000 0.1775
204.0000 0.1775
167.0000 0.1776
207.0000 0.1776
226.0000 0.1776
40.0000 0.1777
118.0000 0.1777
220.0000 0.1777
50.0000 0.1778
128.0000 0.1778
150.0000 0.1778
212.0000 0.1778
109.0000 0.1780
23.0000 0.1781
222.0000 0.1782
236.0000 0.1782
18.0000 0.1783
116.0000 0.1783
134.0000 0.1783
181.0000 0.1783
211.0000 0.1783
21.0000 0.1784
60.0000 0.1784
221.0000 0.1784
5.0000 0.1785
197.0000 0.1785
133.0000 0.1787
110.0000 0.1788
141.0000 0.1789
32.0000 0.1790
113.0000 0.1790
157.0000 0.1790
121.0000 0.1791
199.0000 0.1791
201.0000 0.1791
25.0000 0.1792
55.0000 0.1792
80.0000 0.1792
217.0000 0.1792
154.0000 0.1794
208.0000 0.1794
209.0000 0.1794
229.0000 0.1794
117.0000 0.1795
143.0000 0.1795
145.0000 0.1795
57.0000 0.1796
58.0000 0.1796
202.0000 0.1796
233.0000 0.1796
235.0000 0.1796
4.0000 0.1797
27.0000 0.1797
129.0000 0.1797
102.0000 0.1798
56.0000 0.1799
82.0000 0.1799
146.0000 0.1799
173.0000 0.1799
17.0000 0.1800
45.0000 0.1800
200.0000 0.1800
39.0000 0.1801
14.0000 0.1802
232.0000 0.1802
163.0000 0.1803
214.0000 0.1803
71.0000 0.1804
131.0000 0.1805
10.0000 0.1807
76.0000 0.1807
8.0000 0.1808
190.0000 0.1808
218.0000 0.1808
73.0000 0.1810
114.0000 0.1810
34.0000 0.1811
54.0000 0.1811
64.0000 0.1812
124.0000 0.1814
122.0000 0.1815
168.0000 0.1815
186.0000 0.1815
196.0000 0.1815
31.0000 0.1816
97.0000 0.1817
194.0000 0.1818
237.0000 0.1818
98.0000 0.1819
178.0000 0.1819
106.0000 0.1820
126.0000 0.1820
36.0000 0.1821
100.0000 0.1821
119.0000 0.1821
187.0000 0.1821
20.0000 0.1822
11.0000 0.1823
127.0000 0.1823
216.0000 0.1823
48.0000 0.1824
112.0000 0.1824
89.0000 0.1825
101.0000 0.1825
140.0000 0.1825
177.0000 0.1825
205.0000 0.1825
227.0000 0.1825
22.0000 0.1826
193.0000 0.1826
72.0000 0.1827
115.0000 0.1827
15.0000 0.1829
107.0000 0.1829
144.0000 0.1829
195.0000 0.1829
3.0000 0.1830
206.0000 0.1831
49.0000 0.1832
85.0000 0.1832
160.0000 0.1832
174.0000 0.1832
228.0000 0.1832
61.0000 0.1833
138.0000 0.1833
183.0000 0.1833
136.0000 0.1834
234.0000 0.1834
111.0000 0.1835
213.0000 0.1835
6.0000 0.1836
0.0000 0.1837
78.0000 0.1838
29.0000 0.1839
43.0000 0.1839
152.0000 0.1839
185.0000 0.1839
231.0000 0.1839
52.0000 0.1841
88.0000 0.1841
130.0000 0.1841
161.0000 0.1841
182.0000 0.1841
210.0000 0.1841
9.0000 0.1842
33.0000 0.1842
66.0000 0.1842
153.0000 0.1842
176.0000 0.1843
142.0000 0.1844
184.0000 0.1844
1.0000 0.1845
67.0000 0.1845
132.0000 0.1845
162.0000 0.1846
30.0000 0.1847
159.0000 0.1847
135.0000 0.1848
172.0000 0.1848
155.0000 0.1849
158.0000 0.1849
180.0000 0.1849
7.0000 0.1850
19.0000 0.1850
120.0000 0.1850
156.0000 0.1852
219.0000 0.1852
225.0000 0.1852
198.0000 0.1853
91.0000 0.1855
224.0000 0.1855
105.0000 0.1856
38.0000 0.1857
50.0000 0.1857
116.0000 0.1857
167.0000 0.1857
204.0000 0.1857
151.0000 0.1858
37.0000 0.1859
59.0000 0.1859
150.0000 0.1859
75.0000 0.1860
230.0000 0.1860
238.0000 0.1860
28.0000 0.1861
69.0000 0.1861
103.0000 0.1861
109.0000 0.1861
18.0000 0.1862
90.0000 0.1862
60.0000 0.1863
113.0000 0.1863
147.0000 0.1863
164.0000 0.1863
189.0000 0.1863
212.0000 0.1863
65.0000 0.1864
68.0000 0.1864
104.0000 0.1864
46.0000 0.1865
166.0000 0.1865
83.0000 0.1866
41.0000 0.1867
96.0000 0.1867
199.0000 0.1867
223.0000 0.1867
207.0000 0.1868
17.0000 0.1870
139.0000 0.1870
70.0000 0.1871
121.0000 0.1871
146.0000 0.1871
74.0000 0.1872
95.0000 0.1872
221.0000 0.1872
229.0000 0.1873
86.0000 0.1874
222.0000 0.1874
235.0000 0.1874
57.0000 0.1875
80.0000 0.1875
63.0000 0.1876
42.0000 0.1878
84.0000 0.1879
165.0000 0.1879
232.0000 0.1879
27.0000 0.1880
218.0000 0.1880
220.0000 0.1880
23.0000 0.1881
77.0000 0.1881
145.0000 0.1881
76.0000 0.1882
179.0000 0.1882
197.0000 0.1882
44.0000 0.1883
148.0000 0.1883
181.0000 0.1883
13.0000 0.1884
25.0000 0.1885
53.0000 0.1885
87.0000 0.1885
62.0000 0.1886
118.0000 0.1886
149.0000 0.1886
154.0000 0.1886
192.0000 0.1886
58.0000 0.1887
175.0000 0.1887
16.0000 0.1888
21.0000 0.1889
110.0000 0.1890
133.0000 0.1890
168.0000 0.1890
171.0000 0.1890
191.0000 0.1890
94.0000 0.1892
163.0000 0.1892
170.0000 0.1892
239.0000 0.1892
97.0000 0.1893
32.0000 0.1894
157.0000 0.1894
35.0000 0.1895
98.0000 0.1895
169.0000 0.1895
202.0000 0.1895
39.0000 0.1896
89.0000 0.1896
211.0000 0.1896
81.0000 0.1897
125.0000 0.1898
55.0000 0.1899
209.0000 0.1899
233.0000 0.1899
143.0000 0.1900
14.0000 0.1901
112.0000 0.1902
114.0000 0.1902
8.0000 0.1903
5.0000 0.1904
22.0000 0.1905
64.0000 0.1905
129.0000 0.1906
196.0000 0.1906
12.0000 0.1907
193.0000 0.1907
11.0000 0.1908
40.0000 0.1908
47.0000 0.1908
15.0000 0.1909
208.0000 0.1909
10.0000 0.1910
36.0000 0.1910
187.0000 0.1910
206.0000 0.1910
123.0000 0.1911
131.0000 0.1912
128.0000 0.1913
201.0000 0.1913
138.0000 0.1914
236.0000 0.1914
4.0000 0.1918
122.0000 0.1918
194.0000 0.1918
34.0000 0.1919
48.0000 0.1920
54.0000 0.1920
106.0000 0.1920
78.0000 0.1922
45.0000 0.1923
162.0000 0.1923
186.0000 0.1923
203.0000 0.1924
213.0000 0.1924
140.0000 0.1927
184.0000 0.1927
215.0000 0.1927
237.0000 0.1927
117.0000 0.1928
6.0000 0.1929
73.0000 0.1929
116.0000 0.1929
161.0000 0.1929
173.0000 0.1929
177.0000 0.1930
111.0000 0.1931
214.0000 0.1932
136.0000 0.1933
50.0000 0.1934
61.0000 0.1934
132.0000 0.1934
210.0000 0.1934
217.0000 0.1934
200.0000 0.1935
227.0000 0.1935
178.0000 0.1936
137.0000 0.1937
204.0000 0.1937
119.0000 0.1939
113.0000 0.1940
88.0000 0.1941
195.0000 0.1941
231.0000 0.1941
1.0000 0.1942
120.0000 0.1942
153.0000 0.1942
219.0000 0.1942
7.0000 0.1943
37.0000 0.1943
49.0000 0.1943
159.0000 0.1943
199.0000 0.1943
212.0000 0.1943
167.0000 0.1944
29.0000 0.1945
43.0000 0.1945
109.0000 0.1945
127.0000 0.1945
150.0000 0.1945
164.0000 0.1945
17.0000 0.1946
180.0000 0.1946
9.0000 0.1948
18.0000 0.1948
19.0000 0.1948
31.0000 0.1948
146.0000 0.1948
141.0000 0.1949
205.0000 0.1949
229.0000 0.1949
3.0000 0.1950
52.0000 0.1950
172.0000 0.1950
185.0000 0.1950
59.0000 0.1951
60.0000 0.1951
135.0000 0.1951
30.0000 0.1952
102.0000 0.1952
152.0000 0.1952
28.0000 0.1953
142.0000 0.1953
189.0000 0.1953
57.0000 0.1954
235.0000 0.1954
33.0000 0.1955
65.0000 0.1955
103.0000 0.1956
134.0000 0.1956
207.0000 0.1957
218.0000 0.1957
158.0000 0.1958
27.0000 0.1959
69.0000 0.1959
76.0000 0.1959
80.0000 0.1959
38.0000 0.1960
121.0000 0.1960
232.0000 0.1960
156.0000 0.1961
198.0000 0.1961
67.0000 0.1963
101.0000 0.1963
124.0000 0.1963
151.0000 0.1963
183.0000 0.1964
234.0000 0.1964
20.0000 0.1965
85.0000 0.1965
221.0000 0.1965
222.0000 0.1965
224.0000 0.1965
176.0000 0.1966
197.0000 0.1966
0.0000 0.1967
225.0000 0.1967
145.0000 0.1968
168.0000 0.1968
97.0000 0.1969
104.0000 0.1969
147.0000 0.1969
89.0000 0.1970
98.0000 0.1970
126.0000 0.1970
144.0000 0.1971
182.0000 0.1971
58.0000 0.1974
139.0000 0.1974
238.0000 0.1974
174.0000 0.1975
154.0000 0.1976
71.0000 0.1977
181.0000 0.1977
25.0000 0.1978
70.0000 0.1978
220.0000 0.1978
115.0000 0.1979
163.0000 0.1979
41.0000 0.1980
42.0000 0.1980
90.0000 0.1980
22.0000 0.1981
107.0000 0.1981
23.0000 0.1982
112.0000 0.1982
166.0000 0.1982
216.0000 0.1982
96.0000 0.1985
196.0000 0.1985
206.0000 0.1985
15.0000 0.1986
72.0000 0.1986
192.0000 0.1986
110.0000 0.1987
160.0000 0.1987
44.0000 0.1988
62.0000 0.1988
68.0000 0.1988
84.0000 0.1988
155.0000 0.1988
157.0000 0.1988
179.0000 0.1988
21.0000 0.1989
92.0000 0.1989
114.0000 0.1989
202.0000 0.1989
39.0000 0.1990
193.0000 0.1991
138.0000 0.1993
230.0000 0.1993
118.0000 0.1996
209.0000 0.1996
11.0000 0.1997
133.0000 0.1997
14.0000 0.1999
36.0000 0.1999
53.0000 0.1999
