15.0000 0.0035
4.0000 0.0038
8.0000 0.0039
47.0000 0.0044
49.0000 0.0044
3.0000 0.0048
17.0000 0.0048
20.0000 0.0048
11.0000 0.0052
52.0000 0.0056
25.0000 0.0057
58.0000 0.0057
6.0000 0.0058
44.0000 0.0058
38.0000 0.0059
22.0000 0.0060
31.0000 0.0060
33.0000 0.0060
59.0000 0.0060
42.0000 0.0061
5.0000 0.0062
9.0000 0.0062
16.0000 0.0062
7.0000 0.0063
34.0000 0.0065
19.0000 0.0068
23.0000 0.0072
48.0000 0.0072
56.0000 0.0073
51.0000 0.0074
54.0000 0.0074
24.0000 0.0076
0.0000 0.0080
35.0000 0.0080
55.0000 0.0086
30.0000 0.0089
40.0000 0.0096
45.0000 0.0099
26.0000 0.0104
32.0000 0.0127
27.0000 0.0145
2.0000 0.0147
41.0000 0.0148
10.0000 0.0157
36.0000 0.0162
12.0000 0.0171
53.0000 0.0190
52.0000 0.0197
8.0000 0.0198
11.0000 0.0214
25.0000 0.0226
16.0000 0.0227
57.0000 0.0234
7.0000 0.0237
5.0000 0.0239
48.0000 0.0242
3.0000 0.0251
1.0000 0.0254
39.0000 0.0255
56.0000 0.0259
23.0000 0.0260
49.0000 0.0262
35.0000 0.0263
59.0000 0.0269
6.0000 0.0271
38.0000 0.0272
4.0000 0.0283
17.0000 0.0284
42.0000 0.0285
34.0000 0.0286
15.0000 0.0288
51.0000 0.0290
24.0000 0.0298
40.0000 0.0313
52.0000 0.0314
47.0000 0.0315
32.0000 0.0320
45.0000 0.0323
20.0000 0.0324
55.0000 0.0324
11.0000 0.0326
0.0000 0.0331
37.0000 0.0333
12.0000 0.0335
9.0000 0.0337
25.0000 0.0342
27.0000 0.0344
8.0000 0.0345
43.0000 0.0349
29.0000 0.0354
30.0000 0.0354
14.0000 0.0356
16.0000 0.0357
5.0000 0.0367
13.0000 0.0383
44.0000 0.0384
23.0000 0.0391
3.0000 0.0399
48.0000 0.0407
56.0000 0.0408
22.0000 0.0415
7.0000 0.0421
38.0000 0.0424
52.0000 0.0432
2.0000 0.0439
35.0000 0.0446
28.0000 0.0447
59.0000 0.0452
31.0000 0.0468
25.0000 0.0474
49.0000 0.0485
53.0000 0.0485
39.0000 0.0490
11.0000 0.0491
51.0000 0.0496
10.0000 0.0505
34.0000 0.0505
24.0000 0.0509
12.0000 0.0545
41.0000 0.0545
54.0000 0.0547
5.0000 0.0553
16.0000 0.0566
52.0000 0.0568
42.0000 0.0569
32.0000 0.0573
56.0000 0.0609
23.0000 0.0622
27.0000 0.0635
25.0000 0.0636
11.0000 0.0693
