43.0000 0.0035
17.0000 0.0037
7.0000 0.0043
31.0000 0.0043
24.0000 0.0046
0.0000 0.0050
15.0000 0.0050
44.0000 0.0050
3.0000 0.0051
13.0000 0.0051
56.0000 0.0051
12.0000 0.0055
57.0000 0.0055
35.0000 0.0056
18.0000 0.0057
8.0000 0.0058
29.0000 0.0058
10.0000 0.0059
16.0000 0.0059
9.0000 0.0060
34.0000 0.0060
59.0000 0.0061
27.0000 0.0062
36.0000 0.0063
53.0000 0.0064
39.0000 0.0066
26.0000 0.0067
33.0000 0.0068
58.0000 0.0068
45.0000 0.0073
51.0000 0.0073
46.0000 0.0077
23.0000 0.0079
50.0000 0.0080
42.0000 0.0089
14.0000 0.0090
55.0000 0.0095
6.0000 0.0102
19.0000 0.0105
49.0000 0.0108
52.0000 0.0115
25.0000 0.0125
11.0000 0.0131
28.0000 0.0137
17.0000 0.0154
43.0000 0.0159
32.0000 0.0162
48.0000 0.0171
21.0000 0.0173
7.0000 0.0182
24.0000 0.0183
57.0000 0.0185
33.0000 0.0186
40.0000 0.0186
2.0000 0.0192
3.0000 0.0196
36.0000 0.0197
1.0000 0.0200
12.0000 0.0200
26.0000 0.0204
53.0000 0.0210
16.0000 0.0211
31.0000 0.0213
13.0000 0.0220
8.0000 0.0221
10.0000 0.0223
35.0000 0.0226
29.0000 0.0228
51.0000 0.0228
0.0000 0.0229
59.0000 0.0241
58.0000 0.0247
34.0000 0.0256
17.0000 0.0257
56.0000 0.0260
22.0000 0.0268
39.0000 0.0270
50.0000 0.0283
9.0000 0.0305
46.0000 0.0311
43.0000 0.0315
57.0000 0.0350
55.0000 0.0352
19.0000 0.0355
33.0000 0.0371
26.0000 0.0399
17.0000 0.0412
24.0000 0.0451
6.0000 0.0457
45.0000 0.0480
36.0000 0.0514
3.0000 0.0541
